1.000000000000000000e+00,-2.196787989944060423e-09,-1.905235400040855392e-09,5.708410808531815958e-14,2.196787989258483205e-09,1.000000000000000000e+00,-3.598386934837587548e-10,9.954526515459974832e-15,1.905235400831344754e-09,3.598386892983605129e-10,1.000000000000000000e+00,6.566430985514408612e-15,0.000000000000000000e+00,0.000000000000000000e+00,0.000000000000000000e+00,1.000000000000000056e-01
9.999475703884539435e-01,-1.009522725866634184e-02,-1.715476850285412459e-03,6.678065921139346717e-01,1.008916810154476991e-02,9.999429611006473984e-01,-3.504744254293017808e-03,1.864774557204729871e-02,1.750760191104600537e-03,3.487252767596358584e-03,9.999923869244645713e-01,1.149758372149432134e-02,0.000000000000000000e+00,0.000000000000000000e+00,0.000000000000000000e+00,1.000000000000000056e-01
9.998002094482103530e-01,-1.918920674922219849e-02,-5.596028203144760849e-03,1.362568085679447316e+00,1.916701363468641811e-02,9.998083228071125150e-01,-3.992897939654123200e-03,1.794288930347020389e-02,5.671576116260028735e-03,3.884841047501754688e-03,9.999763703380161184e-01,1.988920714305491416e-02,0.000000000000000000e+00,0.000000000000000000e+00,0.000000000000000000e+00,1.000000000000000056e-01
9.996372347078236187e-01,-2.528195299296853715e-02,-9.285571525589916483e-03,2.115654387893491251e+00,2.525028863863650747e-02,9.996749928832846521e-01,-3.511627467466560491e-03,3.128723702233311699e-02,9.371334449322638385e-03,3.275890209706461016e-03,9.999507221028308690e-01,2.255004725432238274e-02,0.000000000000000000e+00,0.000000000000000000e+00,0.000000000000000000e+00,1.000000000000000056e-01
9.993360195879962271e-01,-3.462237100098810444e-02,-1.134951013436503314e-02,2.868284100309197449e+00,3.459671876756379577e-02,9.993983540771333995e-01,-2.448860640134737070e-03,6.777354385950640214e-02,1.142746710947862079e-02,2.054578834369718329e-03,9.999325935788248021e-01,4.174118280528138492e-02,0.000000000000000000e+00,0.000000000000000000e+00,0.000000000000000000e+00,1.000000000000000056e-01
9.991064056227013657e-01,-4.030851788520009582e-02,-1.271273493724217087e-02,3.584198652762941251e+00,4.025081711460994083e-02,9.991782571383476252e-01,-4.762581608786969727e-03,1.005164291502730067e-01,1.289426094401292626e-02,4.246627823654485108e-03,9.999078478474079379e-01,5.592261311246186223e-02,0.000000000000000000e+00,0.000000000000000000e+00,0.000000000000000000e+00,1.000000000000000056e-01
9.988268237063692156e-01,-4.536770912956001461e-02,-1.693361192956985284e-02,4.320807388291727058e+00,4.529296186526327733e-02,9.989623492093492318e-01,-4.772050671361436833e-03,1.452851562682602460e-01,1.713253776057240690e-02,3.999478775274616094e-03,9.998452281825466192e-01,8.209508230755520330e-02,0.000000000000000000e+00,0.000000000000000000e+00,0.000000000000000000e+00,1.000000000000000056e-01
9.982470717794680315e-01,-5.563947440044150067e-02,-2.017504825670356564e-02,5.109957708781477592e+00,5.556578731273718180e-02,9.984462147130949150e-01,-4.195188363835866685e-03,1.796207591483593435e-01,2.037711863913437352e-02,3.066792059306251358e-03,9.997876613673684076e-01,1.034975021480313562e-01,0.000000000000000000e+00,0.000000000000000000e+00,0.000000000000000000e+00,1.000000000000000056e-01
9.977541538057647097e-01,-6.333594224568361852e-02,-2.179924272065281513e-02,5.893727303409747265e+00,6.324672720101745527e-02,9.979865763461365225e-01,-4.758669065734346879e-03,2.554834058027986021e-01,2.205674639883641389e-02,3.369251069381547573e-03,9.997510430529836789e-01,1.202274227467435425e-01,0.000000000000000000e+00,0.000000000000000000e+00,0.000000000000000000e+00,1.000000000000000056e-01
9.974548718057356655e-01,-6.834584265947089843e-02,-2.031316081190642428e-02,6.698498924858091286e+00,6.826770358486679291e-02,9.976568161565654291e-01,-4.516394977598028534e-03,3.247505872575698338e-01,2.057424016220981908e-02,3.118167332225149982e-03,9.997834653935000482e-01,1.551139934712660040e-01,0.000000000000000000e+00,0.000000000000000000e+00,0.000000000000000000e+00,1.000000000000000056e-01
9.970717299470280848e-01,-7.328921246451998439e-02,-2.183246840765161803e-02,7.506568053926899964e+00,7.316925089587798803e-02,9.972999866636633737e-01,-6.244783742693793029e-03,3.857998328056862491e-01,2.223119573429907861e-02,4.629031970876986042e-03,9.997421397536646603e-01,1.803112158374454155e-01,0.000000000000000000e+00,0.000000000000000000e+00,0.000000000000000000e+00,1.000000000000000056e-01
9.967571410475061233e-01,-7.713345691495472611e-02,-2.292665686816758655e-02,8.332285945752442302e+00,7.702095321693820662e-02,9.970128844325205630e-01,-5.751612043559527210e-03,4.625046333456860892e-01,2.330181401427985563e-02,3.967127410888867181e-03,9.997206046509943267e-01,2.113636864005868643e-01,0.000000000000000000e+00,0.000000000000000000e+00,0.000000000000000000e+00,1.000000000000000056e-01
9.960667914931907729e-01,-8.488873465820405417e-02,-2.539388927654355130e-02,9.187068411090200115e+00,8.475621402785200875e-02,9.963821029637102145e-01,-6.252125820823918254e-03,5.300083303265046286e-01,2.583275184964370016e-02,4.075244991837511863e-03,9.996579721635451277e-01,2.443661334282198616e-01,0.000000000000000000e+00,0.000000000000000000e+00,0.000000000000000000e+00,1.000000000000000056e-01
9.959547826915473578e-01,-8.534248566563401583e-02,-2.811993908677189874e-02,9.948702095273205259e+00,8.512976555484297325e-02,9.963320704865886723e-01,-8.679189851871157296e-03,6.110376973490601049e-01,2.875750076780282660e-02,6.250236820985665027e-03,9.995668765466727557e-01,2.848444414068478925e-01,0.000000000000000000e+00,0.000000000000000000e+00,0.000000000000000000e+00,1.000000000000000056e-01
9.958466053451051625e-01,-8.686613964820674716e-02,-2.727292439854402464e-02,1.071824531513732914e+01,8.674425356099388362e-02,9.962147434847534733e-01,-5.623107481881951461e-03,6.918895599941278229e-01,2.765814702355264346e-02,3.233983027945683698e-03,9.996122089375452102e-01,3.126662555186299763e-01,0.000000000000000000e+00,0.000000000000000000e+00,0.000000000000000000e+00,1.000000000000000056e-01
9.953180691901262200e-01,-9.227733804936129325e-02,-2.875472180639337960e-02,1.151906406627268353e+01,9.199489223122069015e-02,9.956987391047692482e-01,-1.099821569795057623e-02,8.067622339293624156e-01,2.964592631383387855e-02,8.301435279302814621e-03,9.995259902700370791e-01,3.371757513005703144e-01,0.000000000000000000e+00,0.000000000000000000e+00,0.000000000000000000e+00,1.000000000000000056e-01
9.948734522399503843e-01,-9.638888052278758722e-02,-3.059408014186608751e-02,1.236784981604414746e+01,9.610844087607979536e-02,9.953153624821158285e-01,-1.051174578571254133e-02,9.056661650066591962e-01,3.146397337483330947e-02,7.517507476428002613e-03,9.994766157648760085e-01,3.771749910921545212e-01,0.000000000000000000e+00,0.000000000000000000e+00,0.000000000000000000e+00,1.000000000000000056e-01
9.943617432653796273e-01,-9.987703797964865571e-02,-3.562724820481024540e-02,1.325427648812054748e+01,9.966483901933766154e-02,9.949913672474003379e-01,-7.687585212436688284e-03,1.011778672743297580e+00,3.621661764280096479e-02,4.093456676305298747e-03,9.993355793820984934e-01,4.283948955547723925e-01,0.000000000000000000e+00,0.000000000000000000e+00,0.000000000000000000e+00,1.000000000000000056e-01
9.943353895749064142e-01,-9.874691512310948549e-02,-3.932149275635958563e-02,1.416597008274004033e+01,9.872334497679838283e-02,9.951116629789663603e-01,-2.545458667548558540e-03,1.120137580814411615e+00,3.938063223859016027e-02,-1.350909658545046367e-03,9.992233688458168617e-01,4.722261030681018101e-01,0.000000000000000000e+00,0.000000000000000000e+00,0.000000000000000000e+00,1.000000000000000056e-01
9.920849122367915163e-01,-1.186300629298753934e-01,-4.116351638734907364e-02,1.506687062532291677e+01,1.184394593148501568e-01,9.929362669290096033e-01,-7.047289854152902905e-03,1.329689651246625637e+00,4.170876873420873571e-02,2.116125312048915737e-03,9.991275697448950277e-01,5.038162125542010594e-01,0.000000000000000000e+00,0.000000000000000000e+00,0.000000000000000000e+00,1.000000000000000056e-01
9.915385716089291090e-01,-1.236334630095521775e-01,-3.957306958008510733e-02,1.601536840305029585e+01,1.234162637514844424e-01,9.923235865057337124e-01,-7.894650468617507230e-03,1.469997518264262393e+00,4.024533331143617665e-02,2.943890056253138220e-03,9.991854916170410661e-01,5.546663738973642843e-01,0.000000000000000000e+00,0.000000000000000000e+00,0.000000000000000000e+00,1.000000000000000056e-01
9.910721608773778168e-01,-1.272645324999511496e-01,-3.974557461421168725e-02,1.693184391032068348e+01,1.270209083022255936e-01,9.918627035424945060e-01,-8.606170777486887163e-03,1.594634296225770465e+00,4.051741339131355313e-02,3.480817280832626016e-03,9.991727694063399223e-01,6.004865550875467806e-01,0.000000000000000000e+00,0.000000000000000000e+00,0.000000000000000000e+00,1.000000000000000056e-01
9.904681583043615234e-01,-1.315675671623560417e-01,-4.077747731462937758e-02,1.779396918129295813e+01,1.312865977676561380e-01,9.912988878123707437e-01,-9.504960207727912794e-03,1.741154261254898472e+00,4.167321240029204371e-02,4.060824169519038768e-03,9.991230420099941334e-01,6.565321004025546081e-01,0.000000000000000000e+00,0.000000000000000000e+00,0.000000000000000000e+00,1.000000000000000056e-01
9.902297310713219503e-01,-1.326877703506536277e-01,-4.288397488327790052e-02,1.869487467985285534e+01,1.323435495423318786e-01,9.911452726794223178e-01,-1.078115669907262972e-02,1.855225248737524923e+00,4.393477662346492729e-02,5.000404444223265771e-03,9.990218873270196864e-01,6.877733425677284851e-01,0.000000000000000000e+00,0.000000000000000000e+00,0.000000000000000000e+00,1.000000000000000056e-01
9.898536104562695170e-01,-1.355512965539411030e-01,-4.261074828295455252e-02,1.961325525881522580e+01,1.351369757636383118e-01,9.907484364195332516e-01,-1.247130761820943769e-02,1.979132292437074669e+00,4.390703415337486593e-02,6.586481215011269139e-03,9.990139091209184752e-01,7.470804642059722944e-01,0.000000000000000000e+00,0.000000000000000000e+00,0.000000000000000000e+00,1.000000000000000056e-01
9.878872811096677253e-01,-1.495238693236960181e-01,-4.148894219208919265e-02,2.053211168854630486e+01,1.491096984963257432e-01,9.887362322175797802e-01,-1.292133563216304841e-02,2.145923913079506029e+00,4.295366848225040668e-02,6.578419464769115835e-03,9.990554072529023166e-01,7.893386621798207381e-01,0.000000000000000000e+00,0.000000000000000000e+00,0.000000000000000000e+00,1.000000000000000056e-01
9.878942108363545360e-01,-1.497555410731290504e-01,-4.047599429180962632e-02,2.144660161760924666e+01,1.493304623941736353e-01,9.886972718280521155e-01,-1.334607361395309666e-02,2.285386217253258856e+00,4.201715360609934585e-02,7.140209917160227765e-03,9.990913753031702704e-01,8.339780184866535384e-01,0.000000000000000000e+00,0.000000000000000000e+00,0.000000000000000000e+00,1.000000000000000056e-01
9.878218351100132022e-01,-1.510736458625300260e-01,-3.721257322046839927e-02,2.239725492973708754e+01,1.506919824064935076e-01,9.884969561640015723e-01,-1.287222175481040481e-02,2.452894493062366177e+00,3.872916883031323615e-02,7.107825286740671912e-03,9.992244644229875128e-01,8.807216092670100416e-01,0.000000000000000000e+00,0.000000000000000000e+00,0.000000000000000000e+00,1.000000000000000056e-01
9.876482082628802450e-01,-1.522622303528229915e-01,-3.697607230502220066e-02,2.335812709418544841e+01,1.518928069357175503e-01,9.883164142976291755e-01,-1.261905032345035128e-02,2.612004119538751556e+00,3.846546394249247824e-02,6.846783030066987477e-03,9.992364733364310636e-01,9.328777388526818815e-01,0.000000000000000000e+00,0.000000000000000000e+00,0.000000000000000000e+00,1.000000000000000056e-01
9.878128295475441245e-01,-1.512053810369007045e-01,-3.691539687935462694e-02,2.429693451884797284e+01,1.507669591912475238e-01,9.884644381551564996e-01,-1.440064300076302622e-02,2.753723296370237161e+00,3.866701174773263389e-02,8.659517775049394711e-03,9.992146290734560399e-01,9.824256744759080062e-01,0.000000000000000000e+00,0.000000000000000000e+00,0.000000000000000000e+00,1.000000000000000056e-01
9.877010369862899708e-01,-1.511865915582812636e-01,-3.986572549442515823e-02,2.524710928724961079e+01,1.506839487241170283e-01,9.884629225512299167e-01,-1.534269658140338319e-02,2.910132874271335268e+00,4.172540153329983015e-02,9.146872387366444812e-03,9.990872462364907003e-01,1.032161570985540733e+00,0.000000000000000000e+00,0.000000000000000000e+00,0.000000000000000000e+00,1.000000000000000056e-01
9.880008575477351451e-01,-1.482103583078633602e-01,-4.345106644484925812e-02,2.619882789659709488e+01,1.476357155995857984e-01,9.889096751982977551e-01,-1.616631617269410556e-02,3.059858379321921173e+00,4.536519551746873852e-02,9.557404953859123878e-03,9.989247494412227812e-01,1.079409244396957623e+00,0.000000000000000000e+00,0.000000000000000000e+00,0.000000000000000000e+00,1.000000000000000056e-01
9.875732280944996555e-01,-1.490328709530165385e-01,-4.988308858231389059e-02,2.716410745848341435e+01,1.484371106421193409e-01,9.888009548249950820e-01,-1.546272684222459171e-02,3.212136497120561263e+00,5.162890019387079282e-02,7.866073523655640887e-03,9.986353596544095268e-01,1.144061199836754694e+00,0.000000000000000000e+00,0.000000000000000000e+00,0.000000000000000000e+00,1.000000000000000056e-01
9.872672512437072889e-01,-1.518362666806827577e-01,-4.742491689151526885e-02,2.812003637960968661e+01,1.510632627736212263e-01,9.883317444823042086e-01,-1.950008945500403962e-02,3.334157095590608133e+00,4.983237162610674315e-02,1.208763703284812356e-02,9.986844465440921637e-01,1.213616489561802902e+00,0.000000000000000000e+00,0.000000000000000000e+00,0.000000000000000000e+00,1.000000000000000056e-01
9.873107275183203857e-01,-1.529997290612827299e-01,-4.252775839870860664e-02,2.911886662601915177e+01,1.523425403619970142e-01,9.881582062035094705e-01,-1.830600744880538089e-02,3.486945214133082338e+00,4.482496763298518538e-02,1.159493078187530737e-02,9.989275648698785481e-01,1.288207200243510542e+00,0.000000000000000000e+00,0.000000000000000000e+00,0.000000000000000000e+00,1.000000000000000056e-01
9.875320899108296357e-01,-1.518735354821061645e-01,-4.141015112885505084e-02,3.006407754246307462e+01,1.510474820432609888e-01,9.882723588048502039e-01,-2.241434787559571165e-02,3.613907970967752625e+00,4.432865399197146589e-02,1.587998874253094064e-02,9.988907830152389256e-01,1.337935950222012504e+00,0.000000000000000000e+00,0.000000000000000000e+00,0.000000000000000000e+00,1.000000000000000056e-01
9.868991933113998583e-01,-1.554051795723148666e-01,-4.334988354545861455e-02,3.099284865966182778e+01,1.541861138804044296e-01,9.875803298646154138e-01,-3.019493916132761496e-02,3.746304338503021025e+00,4.750394223395792981e-02,2.311541101935866982e-02,9.986035515887368152e-01,1.401330745840888348e+00,0.000000000000000000e+00,0.000000000000000000e+00,0.000000000000000000e+00,1.000000000000000056e-01
9.864820884614684537e-01,-1.571345052025901468e-01,-4.649555268449652445e-02,3.195445559573266436e+01,1.557895201959097475e-01,9.872947967916329004e-01,-3.128273685751535582e-02,3.896685184368353649e+00,5.082041461684315420e-02,2.361633974403094804e-02,9.984285422378842423e-01,1.452471772563453278e+00,0.000000000000000000e+00,0.000000000000000000e+00,0.000000000000000000e+00,1.000000000000000056e-01
9.861237527860023944e-01,-1.582503291946918689e-01,-5.016749446626620618e-02,3.292971237094906911e+01,1.568178823308415126e-01,9.871304003374744562e-01,-3.133248331760120353e-02,4.051420647327202751e+00,5.448023469591097706e-02,2.303054578921363837e-02,9.982492163724093759e-01,1.503281666667784400e+00,0.000000000000000000e+00,0.000000000000000000e+00,0.000000000000000000e+00,1.000000000000000056e-01
9.861045352593331703e-01,-1.576849510172685098e-01,-5.228098854895682490e-02,3.389108139043388235e+01,1.561354314288878331e-01,9.871998404827776463e-01,-3.253001695808726418e-02,4.210325937524661555e+00,5.674127768643900949e-02,2.391508255181275244e-02,9.981024477642815862e-01,1.562217369385067389e+00,0.000000000000000000e+00,0.000000000000000000e+00,0.000000000000000000e+00,1.000000000000000056e-01
9.854481822080447539e-01,-1.621858156770368542e-01,-5.086886450506263035e-02,3.484637871852654456e+01,1.606210189783754683e-01,9.864474888177250378e-01,-3.349985175418789679e-02,4.359404882884539312e+00,5.561266443184091635e-02,2.484175916432736567e-02,9.981433356770023080e-01,1.636153473255802293e+00,0.000000000000000000e+00,0.000000000000000000e+00,0.000000000000000000e+00,1.000000000000000056e-01
9.849104012071645542e-01,-1.649530791303323030e-01,-5.236395018869831330e-02,3.583006128989975281e+01,1.633049325593043388e-01,9.859771178147753723e-01,-3.436018258783979373e-02,4.546270961053125781e+00,5.729747460179382412e-02,2.529040986403656779e-02,9.980367701508626732e-01,1.697219806114442120e+00,0.000000000000000000e+00,0.000000000000000000e+00,0.000000000000000000e+00,1.000000000000000056e-01
9.845342262665246480e-01,-1.673377120110704774e-01,-5.186952331259408328e-02,3.680644633142004096e+01,1.656260850247366079e-01,9.855409326752578858e-01,-3.573611591879320704e-02,4.703275567712871030e+00,5.709953825692825474e-02,2.659248315751564298e-02,9.980142697228145954e-01,1.775715473545042222e+00,0.000000000000000000e+00,0.000000000000000000e+00,0.000000000000000000e+00,1.000000000000000056e-01
9.842910951199407288e-01,-1.688385830329544035e-01,-5.161950161530040604e-02,3.780582286249835278e+01,1.671295327459507152e-01,9.852835146347155293e-01,-3.583455138804442913e-02,4.875653526001316962e+00,5.691009885519457412e-02,2.664448664332604022e-02,9.980237031152143778e-01,1.843697211713879902e+00,0.000000000000000000e+00,0.000000000000000000e+00,0.000000000000000000e+00,1.000000000000000056e-01
9.844016236036371437e-01,-1.690423646842232897e-01,-4.876599623189414173e-02,3.878086577381371569e+01,1.674707524016035842e-01,9.852655000988939094e-01,-3.471946723262529094e-02,5.042035445877434796e+00,5.391651450681734375e-02,2.601102183388053629e-02,9.982066099794137948e-01,1.922029713383409444e+00,0.000000000000000000e+00,0.000000000000000000e+00,0.000000000000000000e+00,1.000000000000000056e-01
9.841311031487413041e-01,-1.705877085713612407e-01,-4.884470800008702124e-02,3.977892789176372190e+01,1.692141174153824479e-01,9.850908098649683309e-01,-3.102706539320063128e-02,5.231930077666245182e+00,5.340930895054350064e-02,2.226948593823187966e-02,9.983243539619136575e-01,1.981304914428757113e+00,0.000000000000000000e+00,0.000000000000000000e+00,0.000000000000000000e+00,1.000000000000000056e-01
9.831287460599832384e-01,-1.748423181437364637e-01,-5.374041734718314894e-02,4.077681064373795294e+01,1.730929749461922462e-01,9.842589985730333391e-01,-3.567976670728573163e-02,5.425116274184381027e+00,5.913282248296489879e-02,2.577571558917267705e-02,9.979172920593490925e-01,2.066778660322231342e+00,0.000000000000000000e+00,0.000000000000000000e+00,0.000000000000000000e+00,1.000000000000000056e-01
9.829615587580794456e-01,-1.755283925810541268e-01,-5.455600243601131660e-02,4.179449207403552435e+01,1.739569335988266907e-01,9.842212113625895542e-01,-3.236653143063342175e-02,5.601982131602651904e+00,5.937642004011470243e-02,2.232466129346915434e-02,9.979859970166674588e-01,2.157932677906816199e+00,0.000000000000000000e+00,0.000000000000000000e+00,0.000000000000000000e+00,1.000000000000000056e-01
9.821957660040204763e-01,-1.786993220333037702e-01,-5.794850773413486034e-02,4.281068952555804685e+01,1.769603541160849891e-01,9.836336862680425952e-01,-3.390876449904444562e-02,5.784269173443979284e+00,6.305957750322545297e-02,2.305045647225769864e-02,9.977435372587162288e-01,2.237622144290998705e+00,0.000000000000000000e+00,0.000000000000000000e+00,0.000000000000000000e+00,1.000000000000000056e-01
9.829372860818421653e-01,-1.738366385989321972e-01,-6.012582399175057241e-02,4.381669455943033853e+01,1.720023140053166533e-01,9.844927650999623081e-01,-3.448477116999376646e-02,5.910712752952006710e+00,6.518815541859726559e-02,2.355458652692954055e-02,9.975949507924878334e-01,2.320931678053747227e+00,0.000000000000000000e+00,0.000000000000000000e+00,0.000000000000000000e+00,1.000000000000000056e-01
9.826117936442940737e-01,-1.765822484337972176e-01,-5.738268492505306517e-02,4.480892488047657451e+01,1.746655070903994633e-01,9.839362397683134587e-01,-3.689765173348643484e-02,6.097413756529443951e+00,6.297637353799283300e-02,2.623329199046058741e-02,9.976701813562167676e-01,2.415378899669851531e+00,0.000000000000000000e+00,0.000000000000000000e+00,0.000000000000000000e+00,1.000000000000000056e-01
9.826153446960357307e-01,-1.768472642060542888e-01,-5.649893371316756091e-02,4.578829863316911997e+01,1.749879415680412054e-01,9.838991382311987888e-01,-3.635527600891078071e-02,6.260010579567232725e+00,6.201858329299906464e-02,2.583661995575898748e-02,9.977405295945389607e-01,2.490077889885003337e+00,0.000000000000000000e+00,0.000000000000000000e+00,0.000000000000000000e+00,1.000000000000000056e-01
9.816156664779032148e-01,-1.810816400349555821e-01,-6.033343158972978570e-02,4.670514856077078036e+01,1.792244995022074794e-01,9.831877772701455021e-01,-3.493384325799374357e-02,6.438640310223948227e+00,6.564497012966838407e-02,2.347837875241014227e-02,9.975667915622659088e-01,2.575573188786212775e+00,0.000000000000000000e+00,0.000000000000000000e+00,0.000000000000000000e+00,1.000000000000000056e-01
9.814532114858156575e-01,-1.800354875383552156e-01,-6.585451306482785483e-02,4.766621849410017830e+01,1.779894832338869415e-01,9.833821977805055070e-01,-3.576586286553902483e-02,6.602283746528629038e+00,7.119928034968271702e-02,2.338111022191658589e-02,9.971880395203693848e-01,2.636251480360294330e+00,0.000000000000000000e+00,0.000000000000000000e+00,0.000000000000000000e+00,1.000000000000000056e-01
9.813746433058867513e-01,-1.805560433283510402e-01,-6.559973089772758170e-02,4.861722858456494123e+01,1.782760608091864263e-01,9.832018498185006727e-01,-3.913781618636402726e-02,6.779852463402285423e+00,7.156434600136379887e-02,2.671399878507481340e-02,9.970781848231903277e-01,2.722535483465061024e+00,0.000000000000000000e+00,0.000000000000000000e+00,0.000000000000000000e+00,1.000000000000000056e-01
9.819023075726360794e-01,-1.783886924160368037e-01,-6.360293076289010028e-02,4.958705325376405426e+01,1.761514278878667794e-01,9.835804288173777277e-01,-3.924556663483139141e-02,6.983920555316002421e+00,6.955956322891944377e-02,2.733156536900037403e-02,9.972033156272004373e-01,2.810721729467136942e+00,0.000000000000000000e+00,0.000000000000000000e+00,0.000000000000000000e+00,1.000000000000000056e-01
9.827943072777518552e-01,-1.738187511233446614e-01,-6.246912309585126583e-02,5.058398889550858257e+01,1.716011655851489293e-01,9.843820773368830990e-01,-3.930605281303446025e-02,7.171463533159074366e+00,6.832561417405741411e-02,2.790999060987870567e-02,9.972726020862572316e-01,2.910432857853847644e+00,0.000000000000000000e+00,0.000000000000000000e+00,0.000000000000000000e+00,1.000000000000000056e-01
9.826962382403015006e-01,-1.746149125105851130e-01,-6.178782790551370918e-02,5.151714079592833428e+01,1.720527132814176074e-01,9.840754233734435585e-01,-4.464778790578637080e-02,7.352559915351498887e+00,6.860005248440392833e-02,3.324444978185817079e-02,9.970901861706585878e-01,2.990315300232436080e+00,0.000000000000000000e+00,0.000000000000000000e+00,0.000000000000000000e+00,1.000000000000000056e-01
9.831875731106682892e-01,-1.716928029644619325e-01,-6.215929126816709810e-02,5.245383054779421172e+01,1.691117964138046936e-01,9.845835989761436702e-01,-4.468038653458886178e-02,7.521020460197282986e+00,6.887231950827750471e-02,3.341733139242034079e-02,9.970656375425636098e-01,3.068091258131210530e+00,0.000000000000000000e+00,0.000000000000000000e+00,0.000000000000000000e+00,1.000000000000000056e-01
9.834087273965737008e-01,-1.710447317960616387e-01,-6.042329521852341651e-02,5.343515746961374191e+01,1.684105548034313393e-01,9.846278715792327052e-01,-4.632320736035439729e-02,7.693031336304960277e+00,6.741780114370350685e-02,3.537872572837066215e-02,9.970973803269090885e-01,3.163863712868447031e+00,0.000000000000000000e+00,0.000000000000000000e+00,0.000000000000000000e+00,1.000000000000000056e-01
9.820116406946017840e-01,-1.791890891961924748e-01,-5.953492969119299899e-02,5.440081780026227420e+01,1.764461533998140652e-01,9.831119481334368304e-01,-4.855566277673478010e-02,7.870694592952387048e+00,6.723014569897650672e-02,3.717751673145574393e-02,9.970446026928668770e-01,3.240292844434276454e+00,0.000000000000000000e+00,0.000000000000000000e+00,0.000000000000000000e+00,1.000000000000000056e-01
9.822429006529965756e-01,-1.793802150998050904e-01,-5.496928731150835246e-02,5.531908113509357605e+01,1.767683107658855890e-01,9.830214125843845796e-01,-4.921246498171385347e-02,8.034121840038018547e+00,6.286372901572728766e-02,3.862176628986267041e-02,9.972745413089058042e-01,3.319693768890825680e+00,0.000000000000000000e+00,0.000000000000000000e+00,0.000000000000000000e+00,1.000000000000000056e-01
9.822540470618245090e-01,-1.807013726121967923e-01,-5.023943636960007120e-02,5.623655552189417506e+01,1.782879766063177607e-01,9.827577000524128081e-01,-4.899694261193142386e-02,8.222703178135734703e+00,5.822700772229474908e-02,3.917035771804776301e-02,9.975346102506659207e-01,3.405671024733378349e+00,0.000000000000000000e+00,0.000000000000000000e+00,0.000000000000000000e+00,1.000000000000000056e-01
9.823154807940562838e-01,-1.812430213981371385e-01,-4.698152175926654378e-02,5.714634584010807572e+01,1.793801192766255603e-01,9.829142160289416896e-01,-4.126035308276728569e-02,8.402190537174979212e+00,5.365695668453081962e-02,3.210313259925646340e-02,9.980432454942365084e-01,3.489884203116452976e+00,0.000000000000000000e+00,0.000000000000000000e+00,0.000000000000000000e+00,1.000000000000000056e-01
9.815536355492013865e-01,-1.847250986804545581e-01,-4.928588497371193256e-02,5.800441755399965871e+01,1.828506662308985731e-01,9.823185874214959146e-01,-4.019734649393456871e-02,8.575398188926712351e+00,5.583989970497951760e-02,3.044389468732976167e-02,9.979754881144148326e-01,3.574541486294583237e+00,0.000000000000000000e+00,0.000000000000000000e+00,0.000000000000000000e+00,1.000000000000000056e-01
9.810677184787813809e-01,-1.857809441562756625e-01,-5.469526987995717432e-02,5.891134677925465724e+01,1.837781323387771559e-01,9.821673599766908014e-01,-3.965948903463605707e-02,8.773892852570611467e+00,6.108788613882030344e-02,2.885684987694074263e-02,9.977151659578350484e-01,3.640788703655559289e+00,0.000000000000000000e+00,0.000000000000000000e+00,0.000000000000000000e+00,1.000000000000000056e-01
9.804545373484501170e-01,-1.870786019275460510e-01,-6.091384812726429593e-02,5.988160451983937094e+01,1.849374365738973292e-01,9.819712921900781710e-01,-3.912193589309913289e-02,8.955470755696717688e+00,6.713452722937995887e-02,2.709202863173627851e-02,9.973760460519918158e-01,3.715799736535081443e+00,0.000000000000000000e+00,0.000000000000000000e+00,0.000000000000000000e+00,1.000000000000000056e-01
9.810249985002867934e-01,-1.842315928476143949e-01,-6.040424251940576528e-02,6.079042648148625716e+01,1.823047970276121255e-01,9.825813389618932581e-01,-3.603988491344245482e-02,9.163647813227731476e+00,6.599176689734484458e-02,2.434404487105347112e-02,9.975231597216590584e-01,3.791945339035203588e+00,0.000000000000000000e+00,0.000000000000000000e+00,0.000000000000000000e+00,1.000000000000000056e-01
9.806679282811483489e-01,-1.871427967552725113e-01,-5.716631930932134648e-02,6.172628359258447972e+01,1.853911572654330930e-01,9.820557573066344137e-01,-3.459202724149242070e-02,9.364337026560408006e+00,6.261416172515592293e-02,2.332516159659905886e-02,9.977652046388211238e-01,3.871127036903073471e+00,0.000000000000000000e+00,0.000000000000000000e+00,0.000000000000000000e+00,1.000000000000000056e-01
9.800154458438552485e-01,-1.907949104029347809e-01,-5.627635446442515177e-02,6.261376518627499621e+01,1.889715267283265110e-01,9.813164335350013090e-01,-3.616378520164606480e-02,9.556823503426631561e+00,6.212477761276027910e-02,2.480643945594569397e-02,9.977600676355431464e-01,3.951706540591653383e+00,0.000000000000000000e+00,0.000000000000000000e+00,0.000000000000000000e+00,1.000000000000000056e-01
9.793953254022902399e-01,-1.942953676379348682e-01,-5.508272591822042236e-02,6.344064865140953202e+01,1.925820305243866049e-01,9.806592672208752637e-01,-3.492224409914424649e-02,9.725557089718607884e+00,6.080261589147527984e-02,2.359473941911044426e-02,9.978708985497563022e-01,4.019046502256139242e+00,0.000000000000000000e+00,0.000000000000000000e+00,0.000000000000000000e+00,1.000000000000000056e-01
9.785888489198018014e-01,-1.983738750102443382e-01,-5.487868878934028249e-02,6.426765288461862724e+01,1.966651722839989347e-01,9.798453991364902693e-01,-3.501148099634025096e-02,9.881210724686710023e+00,6.071799387596990560e-02,2.346911810171056073e-02,9.978790135658759386e-01,4.080509166168763358e+00,0.000000000000000000e+00,0.000000000000000000e+00,0.000000000000000000e+00,1.000000000000000056e-01
9.780123301041493411e-01,-2.012521509053152302e-01,-5.467589889738212749e-02,6.507497381727343111e+01,1.996514350870835508e-01,9.792986830807444143e-01,-3.336755585876450408e-02,1.004222759930211240e+01,6.025932817349184678e-02,2.171775937577200000e-02,9.979464676503321252e-01,4.144276044205621901e+00,0.000000000000000000e+00,0.000000000000000000e+00,0.000000000000000000e+00,1.000000000000000056e-01
9.773471321957692970e-01,-2.039673760075743636e-01,-5.647913520310163943e-02,6.587268172213667583e+01,2.022029633219936118e-01,9.787026335294459756e-01,-3.542762687975962999e-02,1.020850338365750254e+01,6.250235845558119174e-02,2.320484102750414515e-02,9.977750200021938687e-01,4.216456377861288907e+00,0.000000000000000000e+00,0.000000000000000000e+00,0.000000000000000000e+00,1.000000000000000056e-01
9.764989448559718843e-01,-2.082616551608625632e-01,-5.546975468515728813e-02,6.662965322909964527e+01,2.065739735541630984e-01,9.778169412852305564e-01,-3.465866104799618375e-02,1.036332054705899175e+01,6.145733597559759065e-02,2.238553830610145318e-02,9.978586490728676983e-01,4.283538280330420278e+00,0.000000000000000000e+00,0.000000000000000000e+00,0.000000000000000000e+00,1.000000000000000056e-01
9.757167054577083887e-01,-2.126807266380720263e-01,-5.238147771356992805e-02,6.741832547470795589e+01,2.110679166198904944e-01,9.768563722456703458e-01,-3.466933193425093124e-02,1.053402749452188480e+01,5.854267899997835783e-02,2.277139696483261588e-02,9.980251591096165331e-01,4.354608638716692681e+00,0.000000000000000000e+00,0.000000000000000000e+00,0.000000000000000000e+00,1.000000000000000056e-01
9.716977942919445832e-01,-2.305482100781527655e-01,-5.148707991263256484e-02,6.822538023462126944e+01,2.292104954825113505e-01,9.728954846329300743e-01,-3.060922641162074770e-02,1.074282521199557827e+01,5.714844992501113413e-02,1.794153869143244595e-02,9.982044659590300073e-01,4.420537064747604994e+00,0.000000000000000000e+00,0.000000000000000000e+00,0.000000000000000000e+00,1.000000000000000056e-01
9.708035440668588700e-01,-2.347293557994528101e-01,-4.942275137221993631e-02,6.896240059230326835e+01,2.334907697374272173e-01,9.719090007449028290e-01,-2.957963350800899699e-02,1.090561207914282704e+01,5.497762521835691807e-02,1.717625678133283262e-02,9.983398403992157499e-01,4.489164508159470657e+00,0.000000000000000000e+00,0.000000000000000000e+00,0.000000000000000000e+00,1.000000000000000056e-01
9.705838652585950799e-01,-2.348683856304678574e-01,-5.295093890596418162e-02,6.963748762645423085e+01,2.337435643493026016e-01,9.719341567676440530e-01,-2.660716132269889955e-02,1.107858963518095052e+01,5.771400718169504562e-02,1.344754028462186168e-02,9.982425842626253543e-01,4.544943931233006218e+00,0.000000000000000000e+00,0.000000000000000000e+00,0.000000000000000000e+00,1.000000000000000056e-01
9.696000070851241714e-01,-2.380501127484598023e-01,-5.663894491401485348e-02,7.030240547659656158e+01,2.367662077896100226e-01,9.711488781183637009e-01,-2.848893431441003321e-02,1.126121797805659952e+01,6.178664183668209492e-02,1.421268271260368865e-02,9.979881815636176823e-01,4.597769819407990788e+00,0.000000000000000000e+00,0.000000000000000000e+00,0.000000000000000000e+00,1.000000000000000056e-01
9.683899839187511960e-01,-2.415979030170825603e-01,-6.205878103531439760e-02,7.102298967906136795e+01,2.400237423149325089e-01,9.702463368487084239e-01,-3.179070550959143399e-02,1.144746703097869833e+01,6.789287275536079469e-02,1.589021992959988722e-02,9.975660673557482649e-01,4.658178117062750090e+00,0.000000000000000000e+00,0.000000000000000000e+00,0.000000000000000000e+00,1.000000000000000056e-01
9.668059639088039114e-01,-2.473067013407926618e-01,-6.423101760290444995e-02,7.173900818784505873e+01,2.457055365393473745e-01,9.688208405231495401e-01,-3.185856685303679880e-02,1.163391371320141587e+01,7.010718553957276389e-02,1.501913579251340849e-02,9.974263923196368120e-01,4.716768342656174617e+00,0.000000000000000000e+00,0.000000000000000000e+00,0.000000000000000000e+00,1.000000000000000056e-01
9.664954736095430210e-01,-2.492370277662516453e-01,-6.137917792305267600e-02,7.240852862662664791e+01,2.477606551193196893e-01,9.683342910249144175e-01,-3.071414332391397481e-02,1.179960732188545869e+01,6.709066453025026855e-02,1.447773516545680997e-02,9.976418384958443131e-01,4.789318075323249602e+00,0.000000000000000000e+00,0.000000000000000000e+00,0.000000000000000000e+00,1.000000000000000056e-01
9.648427705151727540e-01,-2.562794001900403629e-01,-5.830349237257363704e-02,7.297593533926463749e+01,2.547699607953884948e-01,9.664679924783772247e-01,-3.212299162798413349e-02,1.196048974261129949e+01,6.458092025452909224e-02,1.613965777358510045e-02,9.977819482161569553e-01,4.837485844438688787e+00,0.000000000000000000e+00,0.000000000000000000e+00,0.000000000000000000e+00,1.000000000000000056e-01
9.651401534463194265e-01,-2.543912447439367064e-01,-6.155955493053476973e-02,7.350801643915271200e+01,2.526211094251616940e-01,9.669270803385469071e-01,-3.513682371492553996e-02,1.208387605498364792e+01,6.846210103711056205e-02,1.836071636956863873e-02,9.974847491646079423e-01,4.888102831686882865e+00,0.000000000000000000e+00,0.000000000000000000e+00,0.000000000000000000e+00,1.000000000000000056e-01
9.641721561504490445e-01,-2.580063664005301516e-01,-6.168280312201637056e-02,7.412997022860820096e+01,2.556749666191621695e-01,9.657956359382718903e-01,-4.323310128685240589e-02,1.223782130979598470e+01,7.072739743892988984e-02,2.591340385561734933e-02,9.971590298202847036e-01,4.952716643118510120e+00,0.000000000000000000e+00,0.000000000000000000e+00,0.000000000000000000e+00,1.000000000000000056e-01
9.637782334417968055e-01,-2.580420475154704962e-01,-6.742268503873904972e-02,7.471553013747706018e+01,2.551550315478919306e-01,9.656805306889717500e-01,-4.854917634790799352e-02,1.238407768638081663e+01,7.763650313868875052e-02,2.958740208753798950e-02,9.965426027110465546e-01,5.009502744236804972e+00,0.000000000000000000e+00,0.000000000000000000e+00,0.000000000000000000e+00,1.000000000000000056e-01
9.646332870484934929e-01,-2.548099436906106074e-01,-6.748714036323301413e-02,7.529145611154888229e+01,2.521753861429975041e-01,9.666261831728423237e-01,-4.518181745274044842e-02,1.251612296717597417e+01,7.674761326353403412e-02,2.656528940347705620e-02,9.966965883644132163e-01,5.073027429749646267e+00,0.000000000000000000e+00,0.000000000000000000e+00,0.000000000000000000e+00,1.000000000000000056e-01
9.647479605675844949e-01,-2.551269708920964052e-01,-6.458793466360267244e-02,7.586064140426978497e+01,2.525528881114794122e-01,9.665158752965686828e-01,-4.543238389363142560e-02,1.268334239086083137e+01,7.401629068817856816e-02,2.751893026865610825e-02,9.968772728824907281e-01,5.114210379246842741e+00,0.000000000000000000e+00,0.000000000000000000e+00,0.000000000000000000e+00,1.000000000000000056e-01
9.653399041607116926e-01,-2.533306656068692320e-01,-6.278887877776236082e-02,7.644403072874054317e+01,2.506117290403012676e-01,9.668934916732263574e-01,-4.807012614282520080e-02,1.280990990689373277e+01,7.288779529124565781e-02,3.066838148871130210e-02,9.968685067121161314e-01,5.167763324511740031e+00,0.000000000000000000e+00,0.000000000000000000e+00,0.000000000000000000e+00,1.000000000000000056e-01
9.659602570054224291e-01,-2.521201589608889071e-01,-5.793278287424505346e-02,7.703637241249896306e+01,2.492603373452925153e-01,9.670228148214280450e-01,-5.230831522189515609e-02,1.294451773751270451e+01,6.921030351421156301e-02,3.608740861267658445e-02,9.969491626091535608e-01,5.229078529297957800e+00,0.000000000000000000e+00,0.000000000000000000e+00,0.000000000000000000e+00,1.000000000000000056e-01
9.676699094155580827e-01,-2.462605375005885444e-01,-5.450407399091199145e-02,7.760903401997158824e+01,2.434682269801990706e-01,9.684534179390960063e-01,-5.311496712981202822e-02,1.305990772079583806e+01,6.586477710281769815e-02,3.812774517335062313e-02,9.970998476507717534e-01,5.300201356768830863e+00,0.000000000000000000e+00,0.000000000000000000e+00,0.000000000000000000e+00,1.000000000000000056e-01
9.698179241512201454e-01,-2.380263820156306442e-01,-5.288322474629621878e-02,7.810761573741018537e+01,2.354878410940988154e-01,9.705890064320120691e-01,-5.002456686629143390e-02,1.320680863517438119e+01,6.323504322651078702e-02,3.606136516923134916e-02,9.973469342461893650e-01,5.354477880453151428e+00,0.000000000000000000e+00,0.000000000000000000e+00,0.000000000000000000e+00,1.000000000000000056e-01
9.728663188151045471e-01,-2.249931085379039963e-01,-5.393724896208954012e-02,7.861121426992632166e+01,2.225071352482881348e-01,9.737273675885284030e-01,-4.843127473766266344e-02,1.331824797223999113e+01,6.341687850050251041e-02,3.511573321982459917e-02,9.973691316667498974e-01,5.398076897432744659e+00,0.000000000000000000e+00,0.000000000000000000e+00,0.000000000000000000e+00,1.000000000000000056e-01
9.768501512936543785e-01,-2.070643073580825944e-01,-5.374155315844618419e-02,7.907936232116831832e+01,2.051532160235665925e-01,9.779530523943983367e-01,-3.898698844059527574e-02,1.343112745859241564e+01,6.062952970914770034e-02,2.705919309212275609e-02,9.977934957677619954e-01,5.439901391129263075e+00,0.000000000000000000e+00,0.000000000000000000e+00,0.000000000000000000e+00,1.000000000000000056e-01
9.813238157092164515e-01,-1.853641543358830190e-01,-5.141691364956376548e-02,7.956247430945278154e+01,1.833521253067143808e-01,9.821725930718493425e-01,-4.146077138730527856e-02,1.350817970735362117e+01,5.818562423326462812e-02,3.125904198567859560e-02,9.978162683714486558e-01,5.489233494641140076e+00,0.000000000000000000e+00,0.000000000000000000e+00,0.000000000000000000e+00,1.000000000000000056e-01
9.850363437384775933e-01,-1.646137955685220144e-01,-5.104605589912512148e-02,8.011627433235916840e+01,1.625812189459208690e-01,9.858125158315214076e-01,-4.172566207964637647e-02,1.365542410884820690e+01,5.719046039673315179e-02,3.280216362454072693e-02,9.978242677451568676e-01,5.544534855916483096e+00,0.000000000000000000e+00,0.000000000000000000e+00,0.000000000000000000e+00,1.000000000000000056e-01
9.892655506700898105e-01,-1.374513755540588134e-01,-4.960634652643772929e-02,8.061141341474632327e+01,1.355213574240145824e-01,9.899508928444396005e-01,-4.038801107320538764e-02,1.376757922287657721e+01,5.465923471250232896e-02,3.323174859669532355e-02,9.979519121409856641e-01,5.584258716001299305e+00,0.000000000000000000e+00,0.000000000000000000e+00,0.000000000000000000e+00,1.000000000000000056e-01
9.929165183308150677e-01,-1.075653361484557036e-01,-5.046271975510258079e-02,8.109095940442530548e+01,1.054588710252010453e-01,9.935062935387207750e-01,-4.270446371333026098e-02,1.380476176118552090e+01,5.472854966013904199e-02,3.708022597319027974e-02,9.978125288318817621e-01,5.612140003480162953e+00,0.000000000000000000e+00,0.000000000000000000e+00,0.000000000000000000e+00,1.000000000000000056e-01
