9.999999999999998890e-01,-5.361994389805169521e-09,1.250634435916279813e-08,6.536926603697313718e-14,5.361994409902260348e-09,1.000000000000000000e+00,-1.606951677942007264e-09,4.813263692139927286e-14,-1.250634435054633232e-08,1.606951745000955534e-09,9.999999999999998890e-01,-1.506353069552576349e-14,0.000000000000000000e+00,0.000000000000000000e+00,0.000000000000000000e+00,1.000000000000000056e-01
9.998388278096290716e-01,-1.285674256302797580e-02,1.253086489173385262e-02,6.670771236658842307e-01,1.289227298033446961e-02,9.999130854203919228e-01,-2.758786412994750428e-03,1.477061072016175834e-02,-1.249430677018140839e-02,2.919893104209724845e-03,9.999176798729946247e-01,4.753886452828239018e-03,0.000000000000000000e+00,0.000000000000000000e+00,0.000000000000000000e+00,1.000000000000000056e-01
9.994770120391379686e-01,-1.964377081439161107e-02,2.568705264347421677e-02,1.366059523075533022e+00,1.973414805146762527e-02,9.997999164750059897e-01,-3.269620353165756180e-03,1.980108206724428763e-02,-2.561768541456694789e-02,3.774822480956624079e-03,9.996646862369589215e-01,-9.969541559544211479e-03,0.000000000000000000e+00,0.000000000000000000e+00,0.000000000000000000e+00,1.000000000000000056e-01
9.989544521959289325e-01,-2.733458737861913998e-02,3.664454626233258627e-02,2.112239420459878225e+00,2.757492473493463811e-02,9.996013144818280960e-01,-6.069234882930837557e-03,5.258226745511004885e-02,-3.646403658118897717e-02,7.073359812856248874e-03,9.993099327121509612e-01,-3.387314429686627548e-02,0.000000000000000000e+00,0.000000000000000000e+00,0.000000000000000000e+00,1.000000000000000056e-01
9.981441809322658676e-01,-3.585187114870378583e-02,4.922232629806042731e-02,2.858558861771558934e+00,3.627902883287170005e-02,9.993111648627981403e-01,-7.812032226071438483e-03,1.131302338076613928e-01,-4.890834425739287034e-02,9.583272702696894046e-03,9.987572952155624462e-01,-7.648280236435008039e-02,0.000000000000000000e+00,0.000000000000000000e+00,0.000000000000000000e+00,1.000000000000000056e-01
9.972487029213622511e-01,-4.429134676098336193e-02,5.944157739965231363e-02,3.623743928259373970e+00,4.487610218419849778e-02,9.989560722860632014e-01,-8.538213838676471379e-03,1.510376285172228827e-01,-5.900135569979645528e-02,1.118222897726207574e-02,9.981952703658167891e-01,-1.145393330133843285e-01,0.000000000000000000e+00,0.000000000000000000e+00,0.000000000000000000e+00,1.000000000000000056e-01
9.960591803616102302e-01,-5.259049084841808941e-02,7.141673116070039462e-02,4.396583184067180738e+00,5.338139388041082678e-02,9.985317226612435704e-01,-9.210082874430919678e-03,2.173394242781239161e-01,-7.082750881360815043e-02,1.298611225470892340e-02,9.974040429453684409e-01,-1.510581098535013767e-01,0.000000000000000000e+00,0.000000000000000000e+00,0.000000000000000000e+00,1.000000000000000056e-01
9.945540359520618212e-01,-6.117377367574439867e-02,8.438032345122764566e-02,5.214605895201581021e+00,6.203384512055431371e-02,9.980450616741620706e-01,-7.606374128132272969e-03,2.957684093785646895e-01,-8.375005451355882480e-02,1.279938600429103047e-02,9.964045885517032186e-01,-2.086768590063281525e-01,0.000000000000000000e+00,0.000000000000000000e+00,0.000000000000000000e+00,1.000000000000000056e-01
9.930901349165878189e-01,-6.444937985963573868e-02,9.807273508504700532e-02,6.003519499013704852e+00,6.532789789779959444e-02,9.978471702705644653e-01,-5.769795428076368929e-03,3.729849898283645326e-01,-9.748974144805237774e-02,1.213681254430337177e-02,9.951625234571770395e-01,-2.661112042815790835e-01,0.000000000000000000e+00,0.000000000000000000e+00,0.000000000000000000e+00,1.000000000000000056e-01
9.911971795698067966e-01,-7.126079371154606101e-02,1.115797942840044132e-01,6.821019752909867506e+00,7.256864631559456491e-02,9.973337043782930511e-01,-7.698940381231061079e-03,4.414859167495027159e-01,-1.107336569647296154e-01,1.572836261891503648e-02,9.937256542046931651e-01,-3.414900398554086003e-01,0.000000000000000000e+00,0.000000000000000000e+00,0.000000000000000000e+00,1.000000000000000056e-01
9.892192578974479122e-01,-7.696578525457746511e-02,1.245854233245954207e-01,7.666740912655183315e+00,7.891679133929870027e-02,9.968227684812898115e-01,-1.079390022218589158e-02,5.163109788440615189e-01,-1.233588255842765630e-01,2.050941582403512098e-02,9.921501721075418612e-01,-4.259920029219509408e-01,0.000000000000000000e+00,0.000000000000000000e+00,0.000000000000000000e+00,1.000000000000000056e-01
9.872047819290320492e-01,-8.122501304537119160e-02,1.372195896810346205e-01,8.518892546875534322e+00,8.358258348174024688e-02,9.964345201957141018e-01,-1.149776938605355514e-02,6.126876668757746947e-01,-1.357964295368996044e-01,2.281982072927452032e-02,9.904739196500398357e-01,-5.308945464766587907e-01,0.000000000000000000e+00,0.000000000000000000e+00,0.000000000000000000e+00,1.000000000000000056e-01
9.852774563710536837e-01,-8.537261205274632170e-02,1.481210689884381870e-01,9.381118692693116046e+00,8.810990523070164060e-02,9.960384063065249594e-01,-1.200573873590150831e-02,7.279346491905694938e-01,-1.465093122201560627e-01,2.487991707480597531e-02,9.888963601708359308e-01,-6.419622023469464533e-01,0.000000000000000000e+00,0.000000000000000000e+00,0.000000000000000000e+00,1.000000000000000056e-01
9.832536541326003521e-01,-8.754808899419971868e-02,1.598361152817236730e-01,1.017560709169325150e+01,9.116263475462538235e-02,9.957167977535827941e-01,-1.540885122082532969e-02,8.309455183010326929e-01,-1.578024893957112040e-01,2.972189066688805253e-02,9.870232943328652864e-01,-7.482718661555909367e-01,0.000000000000000000e+00,0.000000000000000000e+00,0.000000000000000000e+00,1.000000000000000056e-01
9.807596137715448581e-01,-9.176709045000980280e-02,1.723060681027511754e-01,1.101731912527358048e+01,9.592472152786754580e-02,9.952609216670595949e-01,-1.594194474448298524e-02,9.361837139139981279e-01,-1.700265502634552561e-01,3.216362717068463328e-02,9.849144497329369585e-01,-8.853936335837830907e-01,0.000000000000000000e+00,0.000000000000000000e+00,0.000000000000000000e+00,1.000000000000000056e-01
9.785754657891534425e-01,-9.326588681026112826e-02,1.835525322980776919e-01,1.183762750835693467e+01,9.805785960623855657e-02,9.950323182588386439e-01,-1.718551104519298184e-02,1.042955386131545703e+00,-1.810378798069191275e-01,3.481608791832883215e-02,9.828596675502961899e-01,-1.001312633424953580e+00,0.000000000000000000e+00,0.000000000000000000e+00,0.000000000000000000e+00,1.000000000000000056e-01
9.764410135677985547e-01,-9.507476397442547744e-02,1.937104444212999765e-01,1.271364696487701806e+01,9.988552514027952689e-02,9.948828540689644839e-01,-1.519830737424629832e-02,1.169945161670959077e+00,-1.912742243224131999e-01,3.418912012320247940e-02,9.809410151354975849e-01,-1.155766085590891334e+00,0.000000000000000000e+00,0.000000000000000000e+00,0.000000000000000000e+00,1.000000000000000056e-01
9.743150509704303630e-01,-9.842945036678167614e-02,2.025384525293431881e-01,1.362977168850727949e+01,1.035048950215980562e-01,9.945218498413767039e-01,-1.459544088590976514e-02,1.286746041595473899e+00,-1.999922952492313166e-01,3.518427899757766569e-02,9.791655367466549631e-01,-1.329293797332530502e+00,0.000000000000000000e+00,0.000000000000000000e+00,0.000000000000000000e+00,1.000000000000000056e-01
9.728697358138116424e-01,-9.256424195303412927e-02,2.120290976475270039e-01,1.451133916136035928e+01,9.730126483514921210e-02,9.951826980683273760e-01,-1.199422056343885622e-02,1.404661109779226535e+00,-2.098974535315865919e-01,3.229951357380508176e-02,9.771897463767469372e-01,-1.496092723906725208e+00,0.000000000000000000e+00,0.000000000000000000e+00,0.000000000000000000e+00,1.000000000000000056e-01
9.685199228414781425e-01,-1.092379766614913761e-01,2.236877813248653313e-01,1.549806206726854185e+01,1.145122219886486603e-01,9.933641743457667372e-01,-1.070365085266081207e-02,1.619063994515349547e+00,-2.210341830449755740e-01,3.598168396916245210e-02,9.746020769239021053e-01,-1.700792836301330047e+00,0.000000000000000000e+00,0.000000000000000000e+00,0.000000000000000000e+00,1.000000000000000056e-01
9.663708887820441351e-01,-1.061380959800123092e-01,2.342264073419982884e-01,1.643335516650959605e+01,1.119016117992157611e-01,9.936537135491726458e-01,-1.141607755213269737e-02,1.760086632770999859e+00,-2.315282587317142871e-01,3.724247751796849054e-02,9.721150463175559642e-01,-1.905100210329492505e+00,0.000000000000000000e+00,0.000000000000000000e+00,0.000000000000000000e+00,1.000000000000000056e-01
9.628109318753348411e-01,-1.082603459899897230e-01,2.475374859440020725e-01,1.732788400741152657e+01,1.155252870600477905e-01,9.931917215799408449e-01,-1.497037857793607173e-02,1.894314445282076598e+00,-2.442314834558453607e-01,4.301048327095256113e-02,9.687626545329646177e-01,-2.108559816945321241e+00,0.000000000000000000e+00,0.000000000000000000e+00,0.000000000000000000e+00,1.000000000000000056e-01
9.598113148526304927e-01,-1.094051043332930767e-01,2.584429589419797724e-01,1.816666906573263063e+01,1.176507213489997733e-01,9.929161389976445262e-01,-1.660869302715162893e-02,2.005068609736475160e+00,-2.547951091503222187e-01,4.634721203946797624e-02,9.658837343538009268e-01,-2.306940745378610380e+00,0.000000000000000000e+00,0.000000000000000000e+00,0.000000000000000000e+00,1.000000000000000056e-01
9.569012357582231676e-01,-1.079283331072926899e-01,2.696136122621902165e-01,1.904943322216338331e+01,1.179310974394775224e-01,9.927969033022521206e-01,-2.113208579811881593e-02,2.114476044063628546e+00,-2.653908085467652778e-01,5.201714819307055870e-02,9.627366903950188570e-01,-2.533483949031130056e+00,0.000000000000000000e+00,0.000000000000000000e+00,0.000000000000000000e+00,1.000000000000000056e-01
9.530174220967054799e-01,-1.075146132581398101e-01,2.831932222283974343e-01,1.996068965259675210e+01,1.186115885737194092e-01,9.926906852722843233e-01,-2.228215495999586945e-02,2.244732849201636515e+00,-2.787276165652922688e-01,5.482527984055514392e-02,9.588039968910414546e-01,-2.774091692421322808e+00,0.000000000000000000e+00,0.000000000000000000e+00,0.000000000000000000e+00,1.000000000000000056e-01
9.494285057918686599e-01,-1.043413425788534549e-01,2.961391507698060699e-01,2.086520626982784776e+01,1.166837191782004041e-01,9.928727129913862415e-01,-2.426284146317454413e-02,2.354527765535540773e+00,-2.914968645947370596e-01,5.759045082274159844e-02,9.548365922530781535e-01,-3.030367374486083953e+00,0.000000000000000000e+00,0.000000000000000000e+00,0.000000000000000000e+00,1.000000000000000056e-01
9.462794524771606097e-01,-9.639446169625676131e-02,3.086475426336875993e-01,2.175443731382655344e+01,1.109302292042947391e-01,9.933796646639566630e-01,-2.985508467259068849e-02,2.491224069806643016e+00,-3.037263275848963162e-01,6.248959582533567675e-02,9.507078249101447165e-01,-3.288799349590745713e+00,0.000000000000000000e+00,0.000000000000000000e+00,0.000000000000000000e+00,1.000000000000000056e-01
9.421441170729873971e-01,-9.132986463512794695e-02,3.225264616903397719e-01,2.266712368236021646e+01,1.074382803944167880e-01,9.936816893518848337e-01,-3.246099432665101869e-02,2.637944040219596165e+00,-3.175239810953681130e-01,6.523462326489973262e-02,9.460036814710791608e-01,-3.567737251515227026e+00,0.000000000000000000e+00,0.000000000000000000e+00,0.000000000000000000e+00,1.000000000000000056e-01
9.386180717903961357e-01,-8.070506785969205898e-02,3.353845663268380517e-01,2.359091391889136702e+01,9.743393826659332846e-02,9.946838519680738511e-01,-3.332660060397242552e-02,2.768705245182344399e+00,-3.309119867613447563e-01,6.395878872928657810e-02,9.414916517749597480e-01,-3.857832877386887294e+00,0.000000000000000000e+00,0.000000000000000000e+00,0.000000000000000000e+00,1.000000000000000056e-01
9.361446796783252644e-01,-6.622095987562842678e-02,3.453229259448554744e-01,2.447503745545327902e+01,8.350829758798020142e-02,9.958777533574261209e-01,-3.540995060322627008e-02,2.878241066625569999e+00,-3.415545387546812250e-01,6.198616652863761511e-02,9.378156600394135234e-01,-4.154645709839376089e+00,0.000000000000000000e+00,0.000000000000000000e+00,0.000000000000000000e+00,1.000000000000000056e-01
9.334452342473932296e-01,-6.061018671889402409e-02,3.535624413406066591e-01,2.537784324471551045e+01,7.923264490378208180e-02,9.961154221361859795e-01,-3.842204788918858471e-02,2.968092685924793361e+00,-3.498602330108129266e-01,6.387856485824276731e-02,9.346214989552031893e-01,-4.455997161818595842e+00,0.000000000000000000e+00,0.000000000000000000e+00,0.000000000000000000e+00,1.000000000000000056e-01
9.323304247305729264e-01,-5.126315053437661973e-02,3.579554001813625153e-01,2.625148794479581937e+01,7.015397147935494016e-02,9.967346939687058427e-01,-3.997962136869313843e-02,3.063109107581057255e+00,-3.547370849056853404e-01,6.238621030644554699e-02,9.328823941720717494e-01,-4.773551371552928302e+00,0.000000000000000000e+00,0.000000000000000000e+00,0.000000000000000000e+00,1.000000000000000056e-01
9.281635941538418644e-01,-4.243414873706767565e-02,3.697454333840821117e-01,2.714438754739978066e+01,6.350537251367717462e-02,9.969665051584213344e-01,-4.499839168351035812e-02,3.146176985035477269e+00,-3.667143440735873283e-01,6.524669043839646798e-02,9.280428111016832959e-01,-5.094904665210251871e+00,0.000000000000000000e+00,0.000000000000000000e+00,0.000000000000000000e+00,1.000000000000000056e-01
9.241931102296472300e-01,-3.356903827369982218e-02,3.804473875234656854e-01,2.805179394544924776e+01,5.657171559668984495e-02,9.971737076015475543e-01,-4.943923404170622732e-02,3.200400086966792124e+00,-3.777125044243286323e-01,6.721396088285708226e-02,9.234801283535771788e-01,-5.437860368427960722e+00,0.000000000000000000e+00,0.000000000000000000e+00,0.000000000000000000e+00,1.000000000000000056e-01
9.178186463618307478e-01,-2.394461263825660435e-02,3.962771604775380263e-01,2.898911332319759282e+01,4.962428960621485807e-02,9.972702569400693218e-01,-5.467599568153039963e-02,3.265791467049196317e+00,-3.938862301117102005e-01,6.984762092077335949e-02,9.165014716737190925e-01,-5.805296942085347744e+00,0.000000000000000000e+00,0.000000000000000000e+00,0.000000000000000000e+00,1.000000000000000056e-01
9.117008400391991563e-01,-1.438617516810899999e-02,4.106027474772314112e-01,2.988895521032418046e+01,4.325275058813671247e-02,9.971940681811848339e-01,-6.109983593119432121e-02,3.317003278126061883e+00,-4.085716312207433032e-01,7.346446997216347918e-02,9.097649112893561041e-01,-6.175478780858997929e+00,0.000000000000000000e+00,0.000000000000000000e+00,0.000000000000000000e+00,1.000000000000000056e-01
9.051012687511597044e-01,-2.421798984336247240e-03,4.251891675416018535e-01,3.076042453629642992e+01,3.492656784195975750e-02,9.970279083778080809e-01,-6.866938746307592323e-02,3.358332814971032310e+00,-4.237591629260916148e-01,7.700314802300316230e-02,9.024958099795952204e-01,-6.536252115520451156e+00,0.000000000000000000e+00,0.000000000000000000e+00,0.000000000000000000e+00,1.000000000000000056e-01
9.023687773860773476e-01,5.621400616833367725e-03,4.309280560068711741e-01,3.165977550831484777e+01,2.882210265680023448e-02,9.968890963515230075e-01,-7.335813502185546675e-02,3.387619038208159683e+00,-4.299998558106698510e-01,7.861634327891990626e-02,8.993995744785818758e-01,-6.933988405734486271e+00,0.000000000000000000e+00,0.000000000000000000e+00,0.000000000000000000e+00,1.000000000000000056e-01
8.989535262539205540e-01,1.232127377607173876e-02,4.378706930683724519e-01,3.258720859788995483e+01,2.270624734976297784e-02,9.969497998461401833e-01,-7.466942425137834682e-02,3.421404172630015506e+00,-4.374551222319075228e-01,7.706674249814918221e-02,8.959317681798044664e-01,-7.364068203119992440e+00,0.000000000000000000e+00,0.000000000000000000e+00,0.000000000000000000e+00,1.000000000000000056e-01
8.922189037784532539e-01,2.242572803937583487e-02,4.510460225545493418e-01,3.349254735815490136e+01,1.443533132173963063e-02,9.968396893274703574e-01,-7.811693152667990858e-02,3.472158984097637013e+00,-4.513724060573560126e-01,7.620840179019862382e-02,8.890754920402299533e-01,-7.802236874167136627e+00,0.000000000000000000e+00,0.000000000000000000e+00,0.000000000000000000e+00,1.000000000000000056e-01
8.869570397275150508e-01,3.111231575475417385e-02,4.608028141040155234e-01,3.439886618005180452e+01,6.758367228742078597e-03,9.967472988039018933e-01,-8.030658005124227672e-02,3.500733154083999654e+00,-4.618024839151527172e-01,7.434276115064325507e-02,8.838617650482984978e-01,-8.225871868101927831e+00,0.000000000000000000e+00,0.000000000000000000e+00,0.000000000000000000e+00,1.000000000000000056e-01
8.814815322911004891e-01,4.042103942099320446e-02,4.704853321856697912e-01,3.527992836334122728e+01,-2.145726093228859238e-03,9.966623092136789319e-01,-8.160660054425668275e-02,3.534591060676953944e+00,-4.722136212449471460e-01,7.092517863906690201e-02,8.786261519814614340e-01,-8.663193918319597842e+00,0.000000000000000000e+00,0.000000000000000000e+00,0.000000000000000000e+00,1.000000000000000056e-01
8.740211277336911166e-01,5.128129082853553206e-02,4.831741895901373596e-01,3.616672629180948917e+01,-1.208458740521339142e-02,9.964015516094947289e-01,-8.389225648078157960e-02,3.537717046091516604e+00,-4.857376154081260999e-01,6.748464389141162201e-02,8.714957210545997146e-01,-9.122883047812996082e+00,0.000000000000000000e+00,0.000000000000000000e+00,0.000000000000000000e+00,1.000000000000000056e-01
8.671722481813614047e-01,6.225278811098431536e-02,4.941020970978490801e-01,3.707224583858051403e+01,-2.065625685809525242e-02,9.957986468196307062e-01,-8.920971945256118973e-02,3.538460051401378870e+00,-4.975797534433005764e-01,6.715389314552931699e-02,8.648148608798897907e-01,-9.614152675406433701e+00,0.000000000000000000e+00,0.000000000000000000e+00,0.000000000000000000e+00,1.000000000000000056e-01
8.585158708080392609e-01,7.094792076110667534e-02,5.078551881298346560e-01,3.797487007564022576e+01,-2.969734774924955717e-02,9.955991941267794409e-01,-8.888370036608167490e-02,3.528206983651261730e+00,-5.119263297656940770e-01,6.122611529227520166e-02,8.568446741964630409e-01,-1.008477033621498897e+01,0.000000000000000000e+00,0.000000000000000000e+00,0.000000000000000000e+00,1.000000000000000056e-01
8.505224132478372834e-01,8.062032301880155127e-02,5.197229916786625381e-01,3.886439169413444716e+01,-3.993973389396712759e-02,9.952286980861581034e-01,-8.902053786744854036e-02,3.507738645456452531e+00,-5.244201008919797680e-01,5.495636470942053681e-02,8.496842682775590516e-01,-1.059584394239446326e+01,0.000000000000000000e+00,0.000000000000000000e+00,0.000000000000000000e+00,1.000000000000000056e-01
8.427344431773020617e-01,9.083369357595713622e-02,5.306108728569287614e-01,3.975882378593275490e+01,-4.744134311690789002e-02,9.943582776065550410e-01,-9.487325607666785565e-02,3.490876100991696429e+00,-5.362350018843478061e-01,5.478006815142072439e-02,8.422892418210143894e-01,-1.110584902535868501e+01,0.000000000000000000e+00,0.000000000000000000e+00,0.000000000000000000e+00,1.000000000000000056e-01
8.353836844148090357e-01,9.924589449830417687e-02,5.406332881341753271e-01,4.063715560660323689e+01,-5.600237258402052110e-02,9.938140166694703348e-01,-9.590325612957147083e-02,3.459013882706422738e+00,-5.468069440657272740e-01,4.983926861948433096e-02,8.357740204295509567e-01,-1.161942162338433882e+01,0.000000000000000000e+00,0.000000000000000000e+00,0.000000000000000000e+00,1.000000000000000056e-01
8.280736236176561293e-01,1.128023017200423667e-01,5.491536347830040521e-01,4.152602544206551016e+01,-6.938047679594509798e-02,9.926378655704171106e-01,-9.927949070867454762e-02,3.415307216832060622e+00,-5.563096469667695443e-01,4.411018660657643753e-02,8.298035117600077726e-01,-1.217400807009325625e+01,0.000000000000000000e+00,0.000000000000000000e+00,0.000000000000000000e+00,1.000000000000000056e-01
8.195283835427678021e-01,1.246819201582825554e-01,5.593099743017478920e-01,4.242561711097087596e+01,-8.132772269229501805e-02,9.914694013715605880e-01,-1.018539526263193273e-01,3.335701864423270102e+00,-5.672380717912571813e-01,3.798479866424192553e-02,8.226774124655262810e-01,-1.274460125276644717e+01,0.000000000000000000e+00,0.000000000000000000e+00,0.000000000000000000e+00,1.000000000000000056e-01
8.087880579835311501e-01,1.389856931111723704e-01,5.714410331553336775e-01,4.330879281771697009e+01,-9.272285367453904359e-02,9.896560417931447029e-01,-1.094686774779679850e-01,3.276690697706103439e+00,-5.807446510039315779e-01,3.555131576654183001e-02,8.133091381987476165e-01,-1.331562598545005471e+01,0.000000000000000000e+00,0.000000000000000000e+00,0.000000000000000000e+00,1.000000000000000056e-01
7.967688710055166323e-01,1.568560466885563776e-01,5.835713725105369232e-01,4.414525256078357529e+01,-1.105039351061165298e-01,9.872596040830562414e-01,-1.144873550739568813e-01,3.190412062124651005e+00,-5.940944760916884171e-01,2.673302756899261640e-02,8.039509305388842231e-01,-1.388760162937933984e+01,0.000000000000000000e+00,0.000000000000000000e+00,0.000000000000000000e+00,1.000000000000000056e-01
7.891266031951631454e-01,1.612549206356104770e-01,5.926854601729880656e-01,4.488340510660158600e+01,-1.126607608818485096e-01,9.865523077892932591e-01,-1.184149355155107997e-01,3.118166725264159833e+00,-6.038101995554452373e-01,2.667198092423197359e-02,7.966817735748639162e-01,-1.440223638763501768e+01,0.000000000000000000e+00,0.000000000000000000e+00,0.000000000000000000e+00,1.000000000000000056e-01
7.808698159434097619e-01,1.762675571356568938e-01,5.993096685770498144e-01,4.564805903105582985e+01,-1.277392008645026333e-01,9.841490115037999642e-01,-1.230179650237786804e-01,3.016248948262089780e+00,-6.114940940933146774e-01,1.950567757144861664e-02,7.910085343607078379e-01,-1.496530004433704342e+01,0.000000000000000000e+00,0.000000000000000000e+00,0.000000000000000000e+00,1.000000000000000056e-01
7.820105845919667065e-01,1.740127047240992986e-01,5.984805963276788043e-01,4.637341071992546659e+01,-1.252972465034322691e-01,9.845229317091851451e-01,-1.225365127519515845e-01,2.898398595368369968e+00,-6.105407812790138999e-01,2.083687916542432961e-02,7.917106661286412717e-01,-1.552766494782562035e+01,0.000000000000000000e+00,0.000000000000000000e+00,0.000000000000000000e+00,1.000000000000000056e-01
7.808716045508244941e-01,1.698422223224922700e-01,6.011598429060094340e-01,4.710857816952624688e+01,-1.201051524068541126e-01,9.851952348515604641e-01,-1.223319320173807401e-01,2.804837912109962694e+00,-6.130369398099491107e-01,2.332313748910776890e-02,7.897099098315261134e-01,-1.609569013100545476e+01,0.000000000000000000e+00,0.000000000000000000e+00,0.000000000000000000e+00,1.000000000000000056e-01
7.804758043800181788e-01,1.715281908486219475e-01,6.011951417980375689e-01,4.788413291344571832e+01,-1.192052429002804087e-01,9.848132414332679829e-01,-1.262259464721301738e-01,2.698916142068096491e+00,-6.137162445645779618e-01,2.685068419796134837e-02,7.890699664260784063e-01,-1.668523415556035872e+01,0.000000000000000000e+00,0.000000000000000000e+00,0.000000000000000000e+00,1.000000000000000056e-01
7.790144190170515959e-01,1.700419357170725732e-01,6.035083057101339188e-01,4.859323111044891874e+01,-1.143361332438580097e-01,9.849104359457424573e-01,-1.299179810496235987e-01,2.587146547215167125e+00,-6.164931334559763387e-01,3.220517447179195580e-02,7.867013684612942370e-01,-1.724068330487980560e+01,0.000000000000000000e+00,0.000000000000000000e+00,0.000000000000000000e+00,1.000000000000000056e-01
7.815549727861055285e-01,1.652929917376533830e-01,6.015397338461742072e-01,4.934792309278234512e+01,-1.076118078335570744e-01,9.855258473021092369e-01,-1.309904695550532239e-01,2.502543613223703556e+00,-6.144847624865107383e-01,3.764347462543527617e-02,7.880301044313096082e-01,-1.781486706367892126e+01,0.000000000000000000e+00,0.000000000000000000e+00,0.000000000000000000e+00,1.000000000000000056e-01
7.833037457683953431e-01,1.622272595414441243e-01,6.000979571093988385e-01,5.015672296654467033e+01,-1.042644204158847399e-01,9.859581896167951554e-01,-1.304430104026710058e-01,2.397186189920887056e+00,-6.128329074882815641e-01,3.960763296695004460e-02,7.892192742896075863e-01,-1.839751855503484634e+01,0.000000000000000000e+00,0.000000000000000000e+00,0.000000000000000000e+00,1.000000000000000056e-01
7.842639723596758206e-01,1.557443328916376379e-01,6.005611745948620239e-01,5.092815492444313463e+01,-9.582204641336690421e-02,9.867714147562155480e-01,-1.307681553023187782e-01,2.317014399438312555e+00,-6.129829990136563822e-01,4.500975218944850559e-02,7.888130102426482715e-01,-1.898973854577988973e+01,0.000000000000000000e+00,0.000000000000000000e+00,0.000000000000000000e+00,1.000000000000000056e-01
7.839752223401454945e-01,1.518525010082855675e-01,6.019332759486287765e-01,5.167329697568709435e+01,-9.087670914476925210e-02,9.872485165168746191e-01,-1.306973235007031220e-01,2.233047231499051488e+00,-6.141044491710970776e-01,4.776174800778400925e-02,7.877782308083313145e-01,-1.955405185799028445e+01,0.000000000000000000e+00,0.000000000000000000e+00,0.000000000000000000e+00,1.000000000000000056e-01
7.817918480269133719e-01,1.476669734675864487e-01,6.058019241514397413e-01,5.242396067887502653e+01,-8.520649218358788968e-02,9.877396091989423255e-01,-1.308064146335679578e-01,2.134522617677028666e+00,-6.176903431723955729e-01,5.064513171513963796e-02,7.847889592655623581e-01,-2.011141273019848441e+01,0.000000000000000000e+00,0.000000000000000000e+00,0.000000000000000000e+00,1.000000000000000056e-01
7.832464653508290908e-01,1.384498454259924516e-01,6.060995090057007539e-01,5.317552653250430694e+01,-8.015825043666438554e-02,9.892405922531269935e-01,-1.223834364839274103e-01,2.088285009608016551e+00,-6.165222051170303752e-01,4.727251781110558548e-02,7.859170946463965857e-01,-2.068177928367097351e+01,0.000000000000000000e+00,0.000000000000000000e+00,0.000000000000000000e+00,1.000000000000000056e-01
7.876220299473933872e-01,1.322448929864415146e-01,6.017996562150498274e-01,5.390667492440945097e+01,-7.324194136659564758e-02,9.898653252478499809e-01,-1.216645219314999166e-01,2.011529760161511415e+00,-6.117901241164322990e-01,5.174868260132704789e-02,7.893256095443930143e-01,-2.123561895259532051e+01,0.000000000000000000e+00,0.000000000000000000e+00,0.000000000000000000e+00,1.000000000000000056e-01
7.919161073930220951e-01,1.233591795016162618e-01,5.980396238412397647e-01,5.464766654978449623e+01,-6.667353160405015133e-02,9.909940608826586228e-01,-1.161267044169481122e-01,1.960112571655391323e+00,-6.069790103742691567e-01,5.208919396559646281e-02,7.930089512969492604e-01,-2.177581986107810508e+01,0.000000000000000000e+00,0.000000000000000000e+00,0.000000000000000000e+00,1.000000000000000056e-01
7.982110876626351548e-01,1.137093096345199034e-01,5.915481826824202649e-01,5.540808975370265443e+01,-5.471778969086145417e-02,9.916488600655456453e-01,-1.167839964295220023e-01,1.906782775138247343e+00,-5.998875086412283064e-01,6.085007175957010683e-02,7.977670372628060669e-01,-2.235077325984217467e+01,0.000000000000000000e+00,0.000000000000000000e+00,0.000000000000000000e+00,1.000000000000000056e-01
8.025242294209983251e-01,1.008247276958991190e-01,5.880384642838260012e-01,5.616293934563714885e+01,-4.327016501181491642e-02,9.928576302307425827e-01,-1.111819181002210444e-01,1.861174021465634043e+00,-5.950483627505273043e-01,6.378166176607305560e-02,8.011550072303581516e-01,-2.291176418479559018e+01,0.000000000000000000e+00,0.000000000000000000e+00,0.000000000000000000e+00,1.000000000000000056e-01
8.027156338524447099e-01,8.862201172835672269e-02,5.897404091683788874e-01,5.696340371432624039e+01,-2.973537171112027380e-02,9.936144950871322878e-01,-1.088395278469392602e-01,1.830371404927121359e+00,-5.956201968016778814e-01,6.983104030416675823e-02,8.002250976893742207e-01,-2.346341494817326989e+01,0.000000000000000000e+00,0.000000000000000000e+00,0.000000000000000000e+00,1.000000000000000056e-01
8.059298938257217770e-01,7.748833516524220033e-02,5.869178512802111225e-01,5.772526646579480314e+01,-1.690645023835347927e-02,9.940050450786702685e-01,-1.080191756054859759e-01,1.817864886593810514e+00,-5.917695313028534798e-01,7.713318528020106368e-02,8.024084331250085356e-01,-2.399283128109085084e+01,0.000000000000000000e+00,0.000000000000000000e+00,0.000000000000000000e+00,1.000000000000000056e-01
8.097751451276768986e-01,6.460603258220336265e-02,5.831725944241868964e-01,5.840749794155106400e+01,-3.552368548880305982e-03,9.944410183439118533e-01,-1.052351733633599962e-01,1.808625684871837169e+00,-5.867295757085565500e-01,8.314518379984967011e-02,8.055031243885690806e-01,-2.448309724525190134e+01,0.000000000000000000e+00,0.000000000000000000e+00,0.000000000000000000e+00,1.000000000000000056e-01
8.127261158345600034e-01,5.008423779608087850e-02,5.804893020244689117e-01,5.908705586789917419e+01,1.145494842402981078e-02,9.947325231602999196e-01,-1.018626110196781676e-01,1.813131544401038520e+00,-5.825332993032005247e-01,8.943587921818105246e-02,8.078713874815710572e-01,-2.496342637823558519e+01,0.000000000000000000e+00,0.000000000000000000e+00,0.000000000000000000e+00,1.000000000000000056e-01
8.162563425619417945e-01,4.066442284311962141e-02,5.762568766984371704e-01,5.975119882063601295e+01,2.175251554562724482e-02,9.946485086114753571e-01,-1.010008533845383194e-01,1.831022258084277210e+00,-5.772801843947522604e-01,9.497762384795552237e-02,8.110036002838441060e-01,-2.543108644048216505e+01,0.000000000000000000e+00,0.000000000000000000e+00,0.000000000000000000e+00,1.000000000000000056e-01
8.209895305989179937e-01,2.797426296307384957e-02,5.702575131102096684e-01,6.042329925503191390e+01,3.571110969477219593e-02,9.943272644838113683e-01,-1.001898585112715873e-01,1.853180149121109732e+00,-5.698253305104434840e-01,1.026193535148875596e-01,8.153332821569657662e-01,-2.589618626456192274e+01,0.000000000000000000e+00,0.000000000000000000e+00,0.000000000000000000e+00,1.000000000000000056e-01
8.219701312681707561e-01,1.679721419801395027e-02,5.692828443736664967e-01,6.106197497119755724e+01,4.780227307443125212e-02,9.940032057374522667e-01,-9.834922304007094607e-02,1.891286850105693862e+00,-5.675209652443718999e-01,1.080531377557086697e-01,8.162380004810130263e-01,-2.632726424333408133e+01,0.000000000000000000e+00,0.000000000000000000e+00,0.000000000000000000e+00,1.000000000000000056e-01
8.237162392792605203e-01,3.520943676881882478e-03,5.669913227759806329e-01,6.171476472004106739e+01,6.169091506189913754e-02,9.934877575028170371e-01,-9.579304093121449037e-02,1.948359310398924960e+00,-5.636362196900208676e-01,1.138844969591911449e-01,8.181347891428981667e-01,-2.675904982779038832e+01,0.000000000000000000e+00,0.000000000000000000e+00,0.000000000000000000e+00,1.000000000000000056e-01
8.232711371840345516e-01,-9.799552636735445188e-03,5.675637439511322935e-01,6.234795890180011213e+01,7.790611099519917371e-02,9.923402815947305333e-01,-9.587180708683155916e-02,1.995249353668098413e+00,-5.622768646754998656e-01,1.231451756773719181e-01,8.177285571374396378e-01,-2.717554548606772613e+01,0.000000000000000000e+00,0.000000000000000000e+00,0.000000000000000000e+00,1.000000000000000056e-01
8.253611769541947529e-01,-2.083868024914309336e-02,5.642204152476765211e-01,6.294297904338613137e+01,8.863076738001310351e-02,9.917111421938006321e-01,-9.302471457788699660e-02,2.062301617961089129e+00,-5.576051601719774764e-01,1.267862762847040692e-01,8.203668237413322961e-01,-2.755597770455196738e+01,0.000000000000000000e+00,0.000000000000000000e+00,0.000000000000000000e+00,1.000000000000000056e-01
8.296859988808024111e-01,-3.572149164719837927e-02,5.570862754508176806e-01,6.351127960977084541e+01,1.008685270508065113e-01,9.911171062730679271e-01,-8.667422860055302991e-02,2.136343361189721790e+00,-5.490416045362735975e-01,1.281048659786166999e-01,8.259191605725313412e-01,-2.791403758313719763e+01,0.000000000000000000e+00,0.000000000000000000e+00,0.000000000000000000e+00,1.000000000000000056e-01
8.343034169826575308e-01,-4.367711005068939528e-02,5.495726689607861593e-01,6.407659877853676278e+01,1.091016388466706788e-01,9.902222856994855604e-01,-8.692903602972364141e-02,2.198878626258837787e+00,-5.404022953430457354e-01,1.324844706435675534e-01,8.309110808180747432e-01,-2.827322917343795439e+01,0.000000000000000000e+00,0.000000000000000000e+00,0.000000000000000000e+00,1.000000000000000056e-01
8.377248749968870811e-01,-5.240435428353405062e-02,5.435722743698172543e-01,6.469836962982917328e+01,1.175693322715466727e-01,9.893502516272461023e-01,-8.581102326815286119e-02,2.288775228743155310e+00,-5.332864951605962300e-01,1.357934580796536783e-01,8.349644608138101498e-01,-2.865967457186000900e+01,0.000000000000000000e+00,0.000000000000000000e+00,0.000000000000000000e+00,1.000000000000000056e-01
8.403648148405238327e-01,-6.442493495330681164e-02,5.381787860314769523e-01,6.528563842841815301e+01,1.285725322664110770e-01,9.882657804796055601e-01,-8.246120954508714962e-02,2.375734974463998395e+00,-5.265511199538509546e-01,1.384925084230128056e-01,8.387870666540150344e-01,-2.902674967090882063e+01,0.000000000000000000e+00,0.000000000000000000e+00,0.000000000000000000e+00,1.000000000000000056e-01
8.400956874415297371e-01,-7.527463515420296236e-02,5.371898782037365372e-01,6.586425342864249899e+01,1.393719506800823738e-01,9.870315543004237746e-01,-7.965029930212655374e-02,2.475033178568586845e+00,-5.242277132179986587e-01,1.417830741579942100e-01,8.396921248746688216e-01,-2.937330765276246325e+01,0.000000000000000000e+00,0.000000000000000000e+00,0.000000000000000000e+00,1.000000000000000056e-01
8.415322784975765025e-01,-8.968169492871055914e-02,5.327106323712633706e-01,6.639056978798708997e+01,1.548768359599865529e-01,9.847801956656102584e-01,-7.887415234299410827e-02,2.550826277538146059e+00,-5.175293131115386025e-01,1.488796823596696128e-01,8.426139390318575506e-01,-2.969533467484894729e+01,0.000000000000000000e+00,0.000000000000000000e+00,0.000000000000000000e+00,1.000000000000000056e-01
8.439390570713501960e-01,-1.036568818642409073e-01,5.263289074254834388e-01,6.688201848834961538e+01,1.695775957978084281e-01,9.823908048896116130e-01,-7.843306363885124699e-02,2.633970924556778392e+00,-5.089305521905277407e-01,1.554463164906900730e-01,8.466558543685390736e-01,-2.996762755436140324e+01,0.000000000000000000e+00,0.000000000000000000e+00,0.000000000000000000e+00,1.000000000000000056e-01
8.469934906504694716e-01,-1.096439769022751892e-01,5.201732645232609586e-01,6.740953019914466893e+01,1.786434555355684850e-01,9.802999773861814647e-01,-8.425241914012657207e-02,2.722951652510147369e+00,-5.006880691508880377e-01,1.642868000348949031e-01,8.498948786433826452e-01,-3.027189091730349091e+01,0.000000000000000000e+00,0.000000000000000000e+00,0.000000000000000000e+00,1.000000000000000056e-01
8.504779401784878790e-01,-1.148859371942187457e-01,5.133113038934193906e-01,6.794058598004279759e+01,1.853992052101262611e-01,9.787032452659104598e-01,-8.813110922613261178e-02,2.818358851737337023e+00,-4.922544138727552032e-01,1.701210720075001515e-01,8.536652815253816806e-01,-3.056553985372045545e+01,0.000000000000000000e+00,0.000000000000000000e+00,0.000000000000000000e+00,1.000000000000000056e-01
8.534656345817819290e-01,-1.244812893053853092e-01,5.060640465403417609e-01,6.844084845972791697e+01,1.929312549310547298e-01,9.775304566720388610e-01,-8.492194739455537211e-02,2.928598643014369340e+00,-4.841218250178818128e-01,1.701135352975307047e-01,8.583049828877444831e-01,-3.084082950696829073e+01,0.000000000000000000e+00,0.000000000000000000e+00,0.000000000000000000e+00,1.000000000000000056e-01
8.547835669642710466e-01,-1.317646993944987244e-01,5.019792004070636748e-01,6.893446357691688320e+01,1.960640570647424752e-01,9.775421136975883663e-01,-7.726772595957852319e-02,3.063045328781823340e+00,-4.805246499141860306e-01,1.644672610008706681e-01,8.614212563454192173e-01,-3.111816964223398330e+01,0.000000000000000000e+00,0.000000000000000000e+00,0.000000000000000000e+00,1.000000000000000056e-01
8.548415691552885276e-01,-1.357827795504898960e-01,5.008082751130088495e-01,6.941375459095446843e+01,2.015194510404699768e-01,9.762703653556683570e-01,-7.928483197092311974e-02,3.153774516569833430e+00,-4.781587628565137638e-01,1.686985788495355132e-01,8.619193622362102403e-01,-3.138296175342470562e+01,0.000000000000000000e+00,0.000000000000000000e+00,0.000000000000000000e+00,1.000000000000000056e-01
8.559731516156539044e-01,-1.399331897957282189e-01,4.977234835797458290e-01,6.993010964709436905e+01,2.061533652176565923e-01,9.752143952718994591e-01,-8.035964947595858332e-02,3.256288805432236533e+00,-4.741421239698074830e-01,1.713930735124851168e-01,8.636050374038722888e-01,-3.164832850796479846e+01,0.000000000000000000e+00,0.000000000000000000e+00,0.000000000000000000e+00,1.000000000000000056e-01
8.562660368554847468e-01,-1.431138095600504312e-01,4.963133200318234906e-01,7.041571059855590420e+01,2.088332452708167586e-01,9.747372484202133647e-01,-7.922103389788653915e-02,3.343384136211293711e+00,-4.724374559637080084e-01,1.714810020247165001e-01,8.645213219736912480e-01,-3.190566873195578879e+01,0.000000000000000000e+00,0.000000000000000000e+00,0.000000000000000000e+00,1.000000000000000056e-01
8.599397622960394116e-01,-1.454046465659837306e-01,4.892454332737841138e-01,7.086459803787757039e+01,2.086573613383535530e-01,9.749531734754779411e-01,-7.699620178561003558e-02,3.460465446066684603e+00,-4.657957822711011886e-01,1.682967566149626837e-01,8.687407501270657528e-01,-3.213196569213627640e+01,0.000000000000000000e+00,0.000000000000000000e+00,0.000000000000000000e+00,1.000000000000000056e-01
8.644015102755792102e-01,-1.460055583199019458e-01,4.811365772553480857e-01,7.131244382337349919e+01,2.056627730907682194e-01,9.758699568145865477e-01,-7.335292190030477666e-02,3.583600027112075370e+00,-4.588167965516443125e-01,1.623582591874855874e-01,8.735713725138297692e-01,-3.236727745898427600e+01,0.000000000000000000e+00,0.000000000000000000e+00,0.000000000000000000e+00,1.000000000000000056e-01
8.695400699820199364e-01,-1.388904227232847233e-01,4.739298652452820226e-01,7.175363839761411100e+01,1.931997357480406130e-01,9.788268175682820482e-01,-6.761599896501102602e-02,3.668771019223477037e+00,-4.545040470694966528e-01,1.503579452004328576e-01,8.779627324166741076e-01,-3.259763439465750423e+01,0.000000000000000000e+00,0.000000000000000000e+00,0.000000000000000000e+00,1.000000000000000056e-01
8.727732921406989863e-01,-1.330681531628419845e-01,4.696377829132963866e-01,7.221384106202998510e+01,1.864424374739797052e-01,9.800544349463921057e-01,-6.879332853314586160e-02,3.747792079746040450e+00,-4.511163907847366428e-01,1.476013927974210715e-01,8.801748864910963199e-01,-3.281443496698273776e+01,0.000000000000000000e+00,0.000000000000000000e+00,0.000000000000000000e+00,1.000000000000000056e-01
8.765172241044291157e-01,-1.193613881648784014e-01,4.663372329801892535e-01,7.266420186066820008e+01,1.721292067650631030e-01,9.824343631789933529e-01,-7.207120245643193479e-02,3.828044423276377284e+00,-4.495432037376343448e-01,1.434419083128743999e-01,8.816662219416511181e-01,-3.304443881701233465e+01,0.000000000000000000e+00,0.000000000000000000e+00,0.000000000000000000e+00,1.000000000000000056e-01
8.803571656053390537e-01,-1.037432506333689497e-01,4.628267482712679071e-01,7.310328634008514825e+01,1.543494180947012351e-01,9.853358976497144095e-01,-7.272843966880200572e-02,3.935923126840741748e+00,-4.484947247194338571e-01,1.354640422800584276e-01,8.834602283906083375e-01,-3.325224114761390837e+01,0.000000000000000000e+00,0.000000000000000000e+00,0.000000000000000000e+00,1.000000000000000056e-01
8.856707428497778700e-01,-8.410713365394410779e-02,4.566325933706882334e-01,7.351161305561063841e+01,1.328277931504263099e-01,9.882514852111979886e-01,-7.560277339257436002e-02,3.954252375306400946e+00,-4.449091060280855880e-01,1.276126641300892595e-01,8.864371919808592404e-01,-3.346659899521999648e+01,0.000000000000000000e+00,0.000000000000000000e+00,0.000000000000000000e+00,1.000000000000000056e-01
