9.999999999999998890e-01,-4.709100375262454811e-09,1.144614441755691852e-08,7.752957451451262013e-15,4.709100393659586909e-09,1.000000000000000000e+00,-1.607277577809400362e-09,6.000960092779880726e-15,-1.144614440998808688e-08,1.607277631710443290e-09,9.999999999999998890e-01,-2.197601614015779032e-14,0.000000000000000000e+00,0.000000000000000000e+00,0.000000000000000000e+00,1.000000000000000056e-01
9.998568080003544800e-01,-1.247874368560716180e-02,1.142998037492955893e-02,6.526541098110122396e-01,1.251106559277991720e-02,9.999179225425637307e-01,-2.760691199063994902e-03,4.273085155526608336e-03,-1.139459227333360775e-02,2.903297124365728215e-03,9.999308646765195929e-01,2.943605986859617642e-03,0.000000000000000000e+00,0.000000000000000000e+00,0.000000000000000000e+00,1.000000000000000056e-01
9.995414077663965502e-01,-1.917955036360612445e-02,2.343328846363780180e-02,1.337224189450879175e+00,1.926163988507118355e-02,9.998090892546103170e-01,-3.282418743012093746e-03,-1.456852462982563545e-03,-2.336585948147423472e-02,3.732277014978698394e-03,9.997200141634533521e-01,-1.283899852326722719e-02,0.000000000000000000e+00,0.000000000000000000e+00,0.000000000000000000e+00,1.000000000000000056e-01
9.990823347178936498e-01,-2.708815804314218534e-02,3.317710277393789986e-02,2.069037849650751326e+00,2.730496665500505016e-02,9.996085423135222525e-01,-6.099256496018236849e-03,2.047654768955836646e-02,-3.299889771813217798e-02,6.999559105037228730e-03,9.994308775106577336e-01,-3.690824130232997491e-02,0.000000000000000000e+00,0.000000000000000000e+00,0.000000000000000000e+00,1.000000000000000056e-01
9.983579408122544852e-01,-3.610503183457824256e-02,4.447301084184630132e-02,2.801082865148340151e+00,3.648981876317122092e-02,9.993030299173938369e-01,-7.870674974059490431e-03,7.032229057577547848e-02,-4.415784351330807184e-02,9.480562965376096440e-03,9.989795812638583294e-01,-7.879537744689847634e-02,0.000000000000000000e+00,0.000000000000000000e+00,0.000000000000000000e+00,1.000000000000000056e-01
9.975462661337909376e-01,-4.534285902640691757e-02,5.334296633899628798e-02,3.552001039604821386e+00,4.586617597123994472e-02,9.989103420039153747e-01,-8.626849911530757795e-03,9.787987972652750779e-02,-5.289367470980962244e-02,1.105231979867646493e-02,9.985389854195781956e-01,-1.150988210562637615e-01,0.000000000000000000e+00,0.000000000000000000e+00,0.000000000000000000e+00,1.000000000000000056e-01
9.964542154013275033e-01,-5.473011383867999041e-02,6.390313957960104541e-02,4.310558194988853842e+00,5.543595727744483198e-02,9.984187099374888241e-01,-9.323855827597126930e-03,1.544207423150351921e-01,-6.329179448916073814e-02,1.283332715883274584e-02,9.979125485053167433e-01,-1.487933580535573952e-01,0.000000000000000000e+00,0.000000000000000000e+00,0.000000000000000000e+00,1.000000000000000056e-01
9.950559043609035204e-01,-6.468381050821489509e-02,7.536412843416860630e-02,5.114414310943369735e+00,6.545005172929263537e-02,9.978258316501060765e-01,-7.739536188112242782e-03,2.239897582074300286e-01,-7.469965143919636563e-02,1.263385728554535653e-02,9.971260440510772982e-01,-2.021541927927734128e-01,0.000000000000000000e+00,0.000000000000000000e+00,0.000000000000000000e+00,1.000000000000000056e-01
9.937322824717197411e-01,-6.960842658736682287e-02,8.746895290088611830e-02,5.889145431319096069e+00,7.039240436284707747e-02,9.975018888732151146e-01,-5.906869084837153283e-03,2.933400692435919055e-01,-8.683927787334312642e-02,1.202699639973086460e-02,9.961497333112312447e-01,-2.543666307438338658e-01,0.000000000000000000e+00,0.000000000000000000e+00,0.000000000000000000e+00,1.000000000000000056e-01
9.919611995834320961e-01,-7.841669818822583071e-02,9.931666509833662893e-02,6.692660106101676831e+00,7.958238402831499525e-02,9.967975862258532382e-01,-7.824081203719173566e-03,3.554046050732389550e-01,-9.838507342767117969e-02,1.566504195874682606e-02,9.950251171639148406e-01,-3.229685954258775249e-01,0.000000000000000000e+00,0.000000000000000000e+00,0.000000000000000000e+00,1.000000000000000056e-01
9.900994462671552920e-01,-8.645431572931461250e-02,1.105836235310115045e-01,7.524450691173321104e+00,8.818969758603736886e-02,9.960441684587174604e-01,-1.088998250987116209e-02,4.255673408650773593e-01,-1.092046873589030964e-01,2.053450197005055392e-02,9.938071596077813208e-01,-3.989570636622799538e-01,0.000000000000000000e+00,0.000000000000000000e+00,0.000000000000000000e+00,1.000000000000000056e-01
9.882123757178297163e-01,-9.332192083770375624e-02,1.213561682374831030e-01,8.362732763821021820e+00,9.541661490522489186e-02,9.953703845433593544e-01,-1.155279940243212136e-02,5.192516056404695712e-01,-1.197162064139645210e-01,2.299601411475857629e-02,9.925417942115499770e-01,-4.937045101062743080e-01,0.000000000000000000e+00,0.000000000000000000e+00,0.000000000000000000e+00,1.000000000000000056e-01
9.863835853026684530e-01,-1.003716679205853141e-01,1.302802783397897235e-01,9.210899186691019480e+00,1.027993855456023203e-01,9.946293845567308889e-01,-1.202803839972768629e-02,6.340959841246825990e-01,-1.283733187889911642e-01,2.525699220292199065e-02,9.914042441748782686e-01,-5.927756240112747044e-01,0.000000000000000000e+00,0.000000000000000000e+00,0.000000000000000000e+00,1.000000000000000056e-01
9.844889360382679255e-01,-1.057831034150237826e-01,1.399695318636365315e-01,9.991305731400569101e+00,1.089821444894883140e-01,9.939248823323063586e-01,-1.536946528618284534e-02,7.381494749385386633e-01,-1.374933707518710690e-01,3.038524827276011669e-02,9.900365193702155286e-01,-6.865554397305970724e-01,0.000000000000000000e+00,0.000000000000000000e+00,0.000000000000000000e+00,1.000000000000000056e-01
9.821123738706338813e-01,-1.134875636452396946e-01,1.502526471915084649e-01,1.081937523090821784e+01,1.171629544032458808e-01,9.929868471783011019e-01,-1.581023233226293984e-02,8.478158880088701999e-01,-1.474046376668358971e-01,3.313146885915069922e-02,9.885212079493004289e-01,-8.084265944526710657e-01,0.000000000000000000e+00,0.000000000000000000e+00,0.000000000000000000e+00,1.000000000000000056e-01
9.800729920905599801e-01,-1.187690733109566799e-01,1.592194630047272519e-01,1.162543520626356219e+01,1.230010739018630728e-01,9.922616408519161491e-01,-1.695794541952127740e-02,9.613646619153783934e-01,-1.559732861538973003e-01,3.620418924267802818e-02,9.870975588500028319e-01,-9.076043505648885290e-01,0.000000000000000000e+00,0.000000000000000000e+00,0.000000000000000000e+00,1.000000000000000056e-01
9.780773566201579339e-01,-1.245729214337891466e-01,1.668720219580723529e-01,1.248744703384929267e+01,1.288304093754289725e-01,9.915548011355408420e-01,-1.489301733086599924e-02,1.099686395128993244e+00,-1.636074878698519919e-01,3.606471392523565023e-02,9.858660793040843195e-01,-1.041785401880900297e+00,0.000000000000000000e+00,0.000000000000000000e+00,0.000000000000000000e+00,1.000000000000000056e-01
9.759879546219869528e-01,-1.322702005160599215e-01,1.730667688732637211e-01,1.339013664229342560e+01,1.367637369619904564e-01,9.905012148348204537e-01,-1.424863723084611282e-02,1.232581750299525547e+00,-1.695381747129002248e-01,3.757575636212882181e-02,9.848070216285178535e-01,-1.191624050945847779e+00,0.000000000000000000e+00,0.000000000000000000e+00,0.000000000000000000e+00,1.000000000000000056e-01
9.749646044424564728e-01,-1.309651292125791899e-01,1.797001808977853055e-01,1.425788976479232595e+01,1.352197512753469666e-01,9.907479540045276423e-01,-1.158060883009501621e-02,1.369389179522648714e+00,-1.765209306269305556e-01,3.558969747236978565e-02,9.836532592760660609e-01,-1.333179809228516310e+00,0.000000000000000000e+00,0.000000000000000000e+00,0.000000000000000000e+00,1.000000000000000056e-01
9.701735001324796048e-01,-1.525745160722115079e-01,1.883730253672860067e-01,1.522806493685927265e+01,1.572690525708566045e-01,9.875037201149683419e-01,-1.014139352177524135e-02,1.610928077203997555e+00,-1.844717451106235306e-01,3.946415847866054788e-02,9.820451901269169337e-01,-1.505795395236861678e+00,0.000000000000000000e+00,0.000000000000000000e+00,0.000000000000000000e+00,1.000000000000000056e-01
9.683499956800276642e-01,-1.547506257273866537e-01,1.958329127176345053e-01,1.614933650219033723e+01,1.599136164504930402e-01,9.870726406001680830e-01,-1.073487085791262688e-02,1.781869407689420370e+00,-1.916400822902530610e-01,4.171146144159602887e-02,9.805785194690893602e-01,-1.677155900411712475e+00,0.000000000000000000e+00,0.000000000000000000e+00,0.000000000000000000e+00,1.000000000000000056e-01
9.649313968898649563e-01,-1.625943734515119532e-01,2.060836456832132457e-01,1.702987165500725197e+01,1.690505565195821736e-01,9.855080165066126829e-01,-1.399495414860768908e-02,1.949038652625826540e+00,-2.008215840904395422e-01,4.834272564835721819e-02,9.784342963328167553e-01,-1.846099730226446578e+00,0.000000000000000000e+00,0.000000000000000000e+00,0.000000000000000000e+00,1.000000000000000056e-01
9.620559955059070356e-01,-1.696736652048937144e-01,2.136799214879014919e-01,1.785547349089601354e+01,1.769876369529138904e-01,9.840920841289449994e-01,-1.543199016890158329e-02,2.094785779527001512e+00,-2.076623169401748958e-01,5.266514303300784405e-02,9.767818307239090059e-01,-2.009330498046623337e+00,0.000000000000000000e+00,0.000000000000000000e+00,0.000000000000000000e+00,1.000000000000000056e-01
9.593862275723900046e-01,-1.745874108762901500e-01,2.215791107210509092e-01,1.872605836168585114e+01,1.834055271905447038e-01,9.828399134477979748e-01,-1.970068856368593566e-02,2.247110315484541765e+00,-2.143373017941036518e-01,5.953940289789957929e-02,9.749433730028554956e-01,-2.195369926461401722e+00,0.000000000000000000e+00,0.000000000000000000e+00,0.000000000000000000e+00,1.000000000000000056e-01
9.558847518666919729e-01,-1.807498732472236636e-01,2.315465924384666196e-01,1.962416561122794434e+01,1.905271895337966870e-01,9.814701232029585665e-01,-2.039086335401099973e-02,2.427832716221941300e+00,-2.235704166411681404e-01,6.360723686092492613e-02,9.726100905408151531e-01,-2.390089308557950876e+00,0.000000000000000000e+00,0.000000000000000000e+00,0.000000000000000000e+00,1.000000000000000056e-01
9.528816970006257492e-01,-1.845173238638646018e-01,2.407692437071755343e-01,2.051748567308443327e+01,1.953932314179578356e-01,9.804806041851349407e-01,-2.189223453193238009e-02,2.593980205701917896e+00,-2.320300770099772147e-01,6.790539014592625322e-02,9.703354581544846313e-01,-2.597127045205068541e+00,0.000000000000000000e+00,0.000000000000000000e+00,0.000000000000000000e+00,1.000000000000000056e-01
9.506761305416469021e-01,-1.840181780001476919e-01,2.497042350138808098e-01,2.139337516571049136e+01,1.967922348709248426e-01,9.800742339320532848e-01,-2.696872776023395007e-02,2.792128489810346892e+00,-2.397659506953983832e-01,7.477838021784655176e-02,9.679465288636180942e-01,-2.802600519143338520e+00,0.000000000000000000e+00,0.000000000000000000e+00,0.000000000000000000e+00,1.000000000000000056e-01
9.475111366137722868e-01,-1.865775869065744719e-01,2.596371507642868948e-01,2.229254709274193047e+01,2.007351109732474492e-01,9.792197749168912724e-01,-2.887988286456046744e-02,3.009188050438344142e+00,-2.488534934764537465e-01,7.948230290971919354e-02,9.652743145389979240e-01,-3.022424231081142665e+00,0.000000000000000000e+00,0.000000000000000000e+00,0.000000000000000000e+00,1.000000000000000056e-01
9.456785184659184385e-01,-1.837477623581287856e-01,2.681956366917370160e-01,2.320441026021251218e+01,1.985971560733348351e-01,9.796495250901906537e-01,-2.908569390864493287e-02,3.218629843853819228e+00,-2.573932969439745588e-01,8.076860664233682929e-02,9.629252945422954735e-01,-3.248129284064444455e+00,0.000000000000000000e+00,0.000000000000000000e+00,0.000000000000000000e+00,1.000000000000000056e-01
9.453080752787016428e-01,-1.773913284924101552e-01,2.737242396803292177e-01,2.407901545080379080e+01,1.929479959772918141e-01,9.807263512229057456e-01,-3.077165685095301084e-02,3.410674693520378220e+00,-2.629899497342502723e-01,8.190323920763847854e-02,9.613158407859889731e-01,-3.478878079455375527e+00,0.000000000000000000e+00,0.000000000000000000e+00,0.000000000000000000e+00,1.000000000000000056e-01
9.436536244075603985e-01,-1.803877328082938991e-01,2.774492800400797377e-01,2.497426559675941959e+01,1.971640758538795168e-01,9.797958952294133494e-01,-3.356085344978695234e-02,3.592693527565933298e+00,-2.657896994527076950e-01,8.637285189152896225e-02,9.601539283474099795e-01,-3.708018371360346510e+00,0.000000000000000000e+00,0.000000000000000000e+00,0.000000000000000000e+00,1.000000000000000056e-01
9.439331799410437540e-01,-1.797933421008250654e-01,2.768835602606350976e-01,2.584111426722096283e+01,1.970137511497423166e-01,9.797598649748878730e-01,-3.544275444003937292e-02,3.785063747501256071e+00,-2.649070283406925741e-01,8.800546074309935352e-02,9.602496056833860205e-01,-3.950185975003799310e+00,0.000000000000000000e+00,0.000000000000000000e+00,0.000000000000000000e+00,1.000000000000000056e-01
9.416512059528459044e-01,-1.804169272551097158e-01,2.841526679223255192e-01,2.672852715762398645e+01,1.995788405816671940e-01,9.790756499233146393e-01,-3.973862251407901669e-02,3.976086903115039650e+00,-2.710374378561537512e-01,9.413078182541263772e-02,9.579551676322374254e-01,-4.189107338749447962e+00,0.000000000000000000e+00,0.000000000000000000e+00,0.000000000000000000e+00,1.000000000000000056e-01
9.396635592814688298e-01,-1.813348228558299691e-01,2.900863274584418727e-01,2.763581146429030255e+01,2.022472514845001235e-01,9.783658059122675166e-01,-4.354766455970640604e-02,4.149912316446289218e+00,-2.759138355092889405e-01,9.958931590027172986e-02,9.560091649838242667e-01,-4.443038894031003494e+00,0.000000000000000000e+00,0.000000000000000000e+00,0.000000000000000000e+00,1.000000000000000056e-01
9.360157976094690691e-01,-1.819859535731617184e-01,3.012566004713863599e-01,2.857335345508348112e+01,2.052582096707966097e-01,9.775687455806971737e-01,-4.720609098963247929e-02,4.349235017971925465e+00,-2.859081915375086824e-01,1.060210373739532558e-01,9.523739001284642347e-01,-4.711373969897008962e+00,0.000000000000000000e+00,0.000000000000000000e+00,0.000000000000000000e+00,1.000000000000000056e-01
9.325948170443881802e-01,-1.832178395232245960e-01,3.109632301452795455e-01,2.947631692108195622e+01,2.092144289946095970e-01,9.764804584167754431e-01,-5.210793634969091565e-02,4.539025167763300672e+00,-2.941024140030197853e-01,1.136535859997646614e-01,9.489924301420904484e-01,-4.980224320645871394e+00,0.000000000000000000e+00,0.000000000000000000e+00,0.000000000000000000e+00,1.000000000000000056e-01
9.293036681751226658e-01,-1.825150678891064304e-01,3.210653240536828767e-01,3.035192779553800335e+01,2.116168277579567603e-01,9.756364783776266814e-01,-5.789456164927712922e-02,4.723934561872076721e+00,-3.026764122390788736e-01,1.217444538873847931e-01,9.452858178465081140e-01,-5.236530410083610754e+00,0.000000000000000000e+00,0.000000000000000000e+00,0.000000000000000000e+00,1.000000000000000056e-01
9.285255307237489930e-01,-1.858859143824598548e-01,3.213825845131890735e-01,3.126113543945104567e+01,2.166752460880280451e-01,9.742401191068230659e-01,-6.251422282501505057e-02,4.913919540701292554e+00,-3.014832939432511849e-01,1.276817025141814832e-01,9.448836998891489980e-01,-5.519323382091543273e+00,0.000000000000000000e+00,0.000000000000000000e+00,0.000000000000000000e+00,1.000000000000000056e-01
9.273212069986015438e-01,-1.906433373838700707e-01,3.220721921585231740e-01,3.220099930214305317e+01,2.221221093785150091e-01,9.729402815365668644e-01,-6.363157304974534356e-02,5.126278679857260379e+00,-3.012260738646238001e-01,1.305462618181231216e-01,9.445742564507134675e-01,-5.822348499362716368e+00,0.000000000000000000e+00,0.000000000000000000e+00,0.000000000000000000e+00,1.000000000000000056e-01
9.243338036833326221e-01,-1.925601994361299529e-01,3.294352576173657510e-01,3.311715585989026067e+01,2.257934417316544984e-01,9.719776036056813062e-01,-6.539770454634483143e-02,5.363388816344921040e+00,-3.076106972120382088e-01,1.348336296406609514e-01,9.419105856070675298e-01,-6.127204915126841733e+00,0.000000000000000000e+00,0.000000000000000000e+00,0.000000000000000000e+00,1.000000000000000056e-01
9.223829495166429027e-01,-1.961463630039710082e-01,3.327706398126081822e-01,3.403652567044791510e+01,2.304850208966377767e-01,9.707907857717301692e-01,-6.664762113521491282e-02,5.589456319005569718e+00,-3.099779824169042741e-01,1.381732772319637925e-01,9.406496669194777116e-01,-6.410043287867440931e+00,0.000000000000000000e+00,0.000000000000000000e+00,0.000000000000000000e+00,1.000000000000000056e-01
9.206843272742579742e-01,-1.993102956655652402e-01,3.355827402493339329e-01,3.493207788781365508e+01,2.343770838631817344e-01,9.698330609521641499e-01,-6.701653858523931584e-02,5.828808459709637013e+00,-3.121021500588197495e-01,1.403539807980548615e-01,9.396238651730814961e-01,-6.701029774935853389e+00,0.000000000000000000e+00,0.000000000000000000e+00,0.000000000000000000e+00,1.000000000000000056e-01
9.180476941194175566e-01,-2.013671060252573974e-01,3.415255772750164232e-01,3.584322905486526878e+01,2.376314495974401753e-01,9.690119570412292216e-01,-6.743234589828739356e-02,6.053954078225591395e+00,-3.173637116688668991e-01,1.430633276634504236e-01,9.374503500418678303e-01,-7.005595651784804367e+00,0.000000000000000000e+00,0.000000000000000000e+00,0.000000000000000000e+00,1.000000000000000056e-01
9.156662022792645406e-01,-2.042136304400860858e-01,3.461967636272022530e-01,3.677792192824849593e+01,2.426642289012730103e-01,9.674996010823573300e-01,-7.112379290525765174e-02,6.297287083100651550e+00,-3.204207827454698676e-01,1.491352240349654856e-01,9.354620285916586120e-01,-7.328035726761006785e+00,0.000000000000000000e+00,0.000000000000000000e+00,0.000000000000000000e+00,1.000000000000000056e-01
9.123759636273576223e-01,-2.088358086612581710e-01,3.520762786895036411e-01,3.770903390440338399e+01,2.476133142615508653e-01,9.664400207354612027e-01,-6.842026688965677228e-02,6.540599818481073413e+00,-3.259720043124273436e-01,1.496037811742730317e-01,9.334671719256650846e-01,-7.621006990456262287e+00,0.000000000000000000e+00,0.000000000000000000e+00,0.000000000000000000e+00,1.000000000000000056e-01
9.100100203948872091e-01,-2.128424505903115660e-01,3.557806262398330310e-01,3.863729056205471579e+01,2.518586592423207593e-01,9.654684446977672696e-01,-6.661755067198818492e-02,6.789864466114529762e+00,-3.293159251320190717e-01,1.502290701548309737e-01,9.321921732855609211e-01,-7.945910442638631999e+00,0.000000000000000000e+00,0.000000000000000000e+00,0.000000000000000000e+00,1.000000000000000056e-01
9.072017919530442898e-01,-2.178097492706811689e-01,3.599219662646728768e-01,3.956885690916178788e+01,2.591984693408181384e-01,9.632547886961235761e-01,-7.040145982409268255e-02,7.058227702513212520e+00,-3.313624332487952184e-01,1.571595532464679090e-01,9.303224240309422299e-01,-8.256947438879535639e+00,0.000000000000000000e+00,0.000000000000000000e+00,0.000000000000000000e+00,1.000000000000000056e-01
9.050806906766605264e-01,-2.241126091510245999e-01,3.613896536756127098e-01,4.048996649300395489e+01,2.659688780991948387e-01,9.614460040536826346e-01,-6.987229187497462357e-02,7.323428167815710488e+00,-3.317973767932995699e-01,1.593584629341225078e-01,9.297931926210037945e-01,-8.564267140631816488e+00,0.000000000000000000e+00,0.000000000000000000e+00,0.000000000000000000e+00,1.000000000000000056e-01
9.045315860581925049e-01,-2.257609968820926127e-01,3.617382784691916542e-01,4.143240663552469272e+01,2.685633441815937772e-01,9.605630033076009155e-01,-7.205863472673235126e-02,7.601958340512427803e+00,-3.312043779678183753e-01,1.623289529427378863e-01,9.294907051990702884e-01,-8.897276983471693157e+00,0.000000000000000000e+00,0.000000000000000000e+00,0.000000000000000000e+00,1.000000000000000056e-01
9.030072540974087847e-01,-2.293990305830429510e-01,3.632547092812672962e-01,4.239936761885228833e+01,2.729701398560055448e-01,9.592651542262358166e-01,-7.278507150720356367e-02,7.868660841587297838e+00,-3.317607598774314215e-01,1.648831363568636077e-01,9.288424783302458021e-01,-9.232959108083623079e+00,0.000000000000000000e+00,0.000000000000000000e+00,0.000000000000000000e+00,1.000000000000000056e-01
9.002156468846590487e-01,-2.319697335375095204e-01,3.685130008921961853e-01,4.334430882565201415e+01,2.782695900952323886e-01,9.574032096254067037e-01,-7.710466540489510634e-02,8.166857937248760635e+00,-3.349295811544066304e-01,1.719567879483282491e-01,9.264194723483674121e-01,-9.557446541236791049e+00,0.000000000000000000e+00,0.000000000000000000e+00,0.000000000000000000e+00,1.000000000000000056e-01
8.989804733235691181e-01,-2.301902634603131825e-01,3.726211899382578796e-01,4.425602468813973900e+01,2.778159462179916050e-01,9.573957289548984395e-01,-7.881445429564765126e-02,8.442377760664339093e+00,-3.386036157661841406e-01,1.743727638910111954e-01,9.246305914272336945e-01,-9.884182572475046058e+00,0.000000000000000000e+00,0.000000000000000000e+00,0.000000000000000000e+00,1.000000000000000056e-01
8.953102672707441423e-01,-2.437054872643202863e-01,3.728634613324950386e-01,4.506018058755439171e+01,2.929781211339144154e-01,9.526986510406150188e-01,-8.080285169617387742e-02,8.704404362828112696e+00,-3.355344182888398974e-01,1.815844590890220711e-01,9.243612596603760778e-01,-1.016977914652746584e+01,0.000000000000000000e+00,0.000000000000000000e+00,0.000000000000000000e+00,1.000000000000000056e-01
8.957075525022698548e-01,-2.458755088701884417e-01,3.704770094462265240e-01,4.591079857094348426e+01,2.961510188534835497e-01,9.513872117336881207e-01,-8.459874338098759272e-02,8.974108975782975506e+00,-3.316663299499018613e-01,1.854928771878436300e-01,9.249809933669655981e-01,-1.048264960158461534e+01,0.000000000000000000e+00,0.000000000000000000e+00,0.000000000000000000e+00,1.000000000000000056e-01
8.950200352915325119e-01,-2.467208790597921475e-01,3.715749510700464553e-01,4.674416044996586805e+01,2.982118516032881694e-01,9.505097775045938668e-01,-8.718287923386025540e-02,9.252318266426502902e+00,-3.316757874643284643e-01,1.888384778167067624e-01,9.243003847807198525e-01,-1.078670043405358214e+01,0.000000000000000000e+00,0.000000000000000000e+00,0.000000000000000000e+00,1.000000000000000056e-01
8.921410788005055270e-01,-2.495841722692804243e-01,3.765528335696445295e-01,4.757748158171817465e+01,3.027063333155707303e-01,9.489964030685937857e-01,-8.817427478303235810e-02,9.556977878257031378e+00,-3.353403812357123037e-01,1.926488201768421504e-01,9.221893844526501960e-01,-1.109154608947924991e+01,0.000000000000000000e+00,0.000000000000000000e+00,0.000000000000000000e+00,1.000000000000000056e-01
8.911874649734299325e-01,-2.470401522362170588e-01,3.804682187217984790e-01,4.845645235868109069e+01,3.030572949714067099e-01,9.483131418341770313e-01,-9.411939751828982126e-02,9.868910709359406397e+00,-3.375517415728221948e-01,1.991816964675689750e-01,9.199921051582213849e-01,-1.140631283988229505e+01,0.000000000000000000e+00,0.000000000000000000e+00,0.000000000000000000e+00,1.000000000000000056e-01
8.882659386665412438e-01,-2.478496886907670671e-01,3.867223215961786975e-01,4.927016693711405537e+01,3.070802113353940932e-01,9.465525708180335673e-01,-9.869130906002497594e-02,1.014421196607688813e+01,-3.415923974725697532e-01,2.064189005243015629e-01,9.169001425974806496e-01,-1.171282911921705150e+01,0.000000000000000000e+00,0.000000000000000000e+00,0.000000000000000000e+00,1.000000000000000056e-01
8.869795653216132614e-01,-2.516756643404349236e-01,3.872035778252607141e-01,5.011776085366271616e+01,3.129514759881497077e-01,9.441446057300868500e-01,-1.032101600987880008e-01,1.046365452999870449e+01,-3.396006837135646661e-01,2.127212341295048603e-01,9.161992426168555914e-01,-1.202033605560701979e+01,0.000000000000000000e+00,0.000000000000000000e+00,0.000000000000000000e+00,1.000000000000000056e-01
8.864657241202683613e-01,-2.529860826940371621e-01,3.875262080466997383e-01,5.102325151849971974e+01,3.154746163655055002e-01,9.429904016973218450e-01,-1.060418254075286282e-01,1.078387828213869071e+01,-3.386063885826216535e-01,2.162571253620315936e-01,9.157393566627926029e-01,-1.232249853470701417e+01,0.000000000000000000e+00,0.000000000000000000e+00,0.000000000000000000e+00,1.000000000000000056e-01
8.837461979510563559e-01,-2.582457333688098489e-01,3.902586306590256626e-01,5.188790781483934467e+01,3.227285971558399025e-01,9.402357511955125036e-01,-1.086415424763191862e-01,1.111591497488298685e+01,-3.388789019471053487e-01,2.219591705035316997e-01,9.142730535482866960e-01,-1.264392565507218968e+01,0.000000000000000000e+00,0.000000000000000000e+00,0.000000000000000000e+00,1.000000000000000056e-01
8.815641545766348397e-01,-2.603493141540484390e-01,3.937802381850817324e-01,5.272365019994198576e+01,3.265504227095558654e-01,9.387071004146249065e-01,-1.104255453207165505e-01,1.142816363678185532e+01,-3.408950905979631352e-01,2.259363057383293738e-01,9.125477099612505638e-01,-1.294948959011691336e+01,0.000000000000000000e+00,0.000000000000000000e+00,0.000000000000000000e+00,1.000000000000000056e-01
8.780444731368555189e-01,-2.626775226389475026e-01,4.000480249846099512e-01,5.356807152007719708e+01,3.309489932055311723e-01,9.370884802280595727e-01,-1.110762986424686516e-01,1.172642808166624739e+01,-3.457031487997573316e-01,2.299254212220362414e-01,9.097382225595459504e-01,-1.325019820994490516e+01,0.000000000000000000e+00,0.000000000000000000e+00,0.000000000000000000e+00,1.000000000000000056e-01
8.768851288917722808e-01,-2.683148452576811782e-01,3.988478588920925660e-01,5.439604325599593437e+01,3.347698536917207979e-01,9.363040025901000485e-01,-1.061318038713267020e-01,1.207489188543355141e+01,-3.449661081725041156e-01,2.265876398837865513e-01,9.108547774833327670e-01,-1.355715846450676487e+01,0.000000000000000000e+00,0.000000000000000000e+00,0.000000000000000000e+00,1.000000000000000056e-01
8.768165064440810452e-01,-2.727627738860903261e-01,3.959713161444429197e-01,5.521350196994021786e+01,3.402983278447944682e-01,9.338290334525536363e-01,-1.102741327198099863e-01,1.238379569147475756e+01,-3.396908331015624505e-01,2.314385565609910766e-01,9.116174265796652687e-01,-1.386065465618015224e+01,0.000000000000000000e+00,0.000000000000000000e+00,0.000000000000000000e+00,1.000000000000000056e-01
8.768633139032275814e-01,-2.787614910025068560e-01,3.916666437989187455e-01,5.602668361320258583e+01,3.453800413675480185e-01,9.320058186961844848e-01,-1.098989578722464888e-01,1.271464480614064030e+01,-3.343999936537090378e-01,2.316402060319285028e-01,9.135203660531521219e-01,-1.414608647381424156e+01,0.000000000000000000e+00,0.000000000000000000e+00,0.000000000000000000e+00,1.000000000000000056e-01
8.777358680325778595e-01,-2.809479212971668916e-01,3.881340122791328007e-01,5.686270815571823078e+01,3.491350215985326577e-01,9.298007332690971793e-01,-1.165132314616733611e-01,1.305181009929094849e+01,-3.281531390410415971e-01,2.377790191144926735e-01,9.142082122834275237e-01,-1.446085787667249001e+01,0.000000000000000000e+00,0.000000000000000000e+00,0.000000000000000000e+00,1.000000000000000056e-01
8.777123807317859239e-01,-2.850072397318650919e-01,3.852166273807032804e-01,5.768895919620865698e+01,3.524631288234386095e-01,9.286027877921512186e-01,-1.160457036026630862e-01,1.338377879210856491e+01,-3.246393684230741705e-01,2.376294085442040016e-01,9.155007070804475067e-01,-1.476698904069016827e+01,0.000000000000000000e+00,0.000000000000000000e+00,0.000000000000000000e+00,1.000000000000000056e-01
8.746055806942336641e-01,-2.891507926230993952e-01,3.891746360490824785e-01,5.855016767939770261e+01,3.578987774681815504e-01,9.265377478144291024e-01,-1.159149125943096104e-01,1.373424626683346617e+01,-3.270681019379350629e-01,2.406649559042585984e-01,9.138418001461291462e-01,-1.505217272237737802e+01,0.000000000000000000e+00,0.000000000000000000e+00,0.000000000000000000e+00,1.000000000000000056e-01
8.736167506484143752e-01,-2.926068696968875948e-01,3.888122847759504785e-01,5.936637555187418513e+01,3.626703625472545434e-01,9.242469625363382013e-01,-1.193220866905852079e-01,1.407752593240840966e+01,-3.244441109287531932e-01,2.452524659377378069e-01,9.135574677244501229e-01,-1.532904768532957895e+01,0.000000000000000000e+00,0.000000000000000000e+00,0.000000000000000000e+00,1.000000000000000056e-01
8.729159042571867921e-01,-2.974925889624644437e-01,3.866729672569160781e-01,6.010165632712080708e+01,3.679474928399316669e-01,9.218912018527791741e-01,-1.213723793094903664e-01,1.438444273511427873e+01,-3.203630231591441668e-01,2.482232290879493597e-01,9.141951443392625221e-01,-1.559549277683731816e+01,0.000000000000000000e+00,0.000000000000000000e+00,0.000000000000000000e+00,1.000000000000000056e-01
8.712104763878001368e-01,-3.040168724105075659e-01,3.854426638579017683e-01,6.082888323227228966e+01,3.748255763786442207e-01,9.189843635655271514e-01,-1.223663630843057487e-01,1.469509943390269946e+01,-3.170143421433160857e-01,2.510806261179785448e-01,9.145821046049634750e-01,-1.585445177648315784e+01,0.000000000000000000e+00,0.000000000000000000e+00,0.000000000000000000e+00,1.000000000000000056e-01
8.715195523348169271e-01,-3.056887877232596917e-01,3.834162685103544854e-01,6.153605755120288734e+01,3.773452346778988220e-01,9.174223645959748152e-01,-1.262805559261275246e-01,1.500517082718836193e+01,-3.131521096272573690e-01,2.547362753896943999e-01,9.149017358364689434e-01,-1.610691448259376912e+01,0.000000000000000000e+00,0.000000000000000000e+00,0.000000000000000000e+00,1.000000000000000056e-01
8.714233705348699566e-01,-3.108662148685789051e-01,3.794515855006133642e-01,6.224995998258448537e+01,3.831971142178045575e-01,9.143364141974488213e-01,-1.309537831744397862e-01,1.531526924936667911e+01,-3.062372951500088036e-01,2.595209396673684443e-01,9.158971563081591549e-01,-1.635704639562492346e+01,0.000000000000000000e+00,0.000000000000000000e+00,0.000000000000000000e+00,1.000000000000000056e-01
8.697409127464197365e-01,-3.142724227254915514e-01,3.805043876347218301e-01,6.292186715717591028e+01,3.876062655895358700e-01,9.122509117089504516e-01,-1.325128558364163101e-01,1.561804272526815218e+01,-3.054703382830465941e-01,2.627377369173271582e-01,9.152359007538999336e-01,-1.658472027240135915e+01,0.000000000000000000e+00,0.000000000000000000e+00,0.000000000000000000e+00,1.000000000000000056e-01
8.680115115667210723e-01,-3.197656023526521674e-01,3.798762631959273772e-01,6.360253246999118915e+01,3.936596735050261753e-01,9.094412213176784610e-01,-1.339728570424827958e-01,1.593730360680877567e+01,-3.026352214194047985e-01,2.658319478923758528e-01,9.152842718173261893e-01,-1.680897762062278034e+01,0.000000000000000000e+00,0.000000000000000000e+00,0.000000000000000000e+00,1.000000000000000056e-01
8.642551931032147472e-01,-3.259622188071273352e-01,3.831600097928531956e-01,6.426626522938150288e+01,4.020612597863281734e-01,9.053527405480444878e-01,-1.366863510419967231e-01,1.623345166163842279e+01,-3.023403786680761152e-01,2.721856849514310839e-01,9.135125879452152819e-01,-1.702836668804851428e+01,0.000000000000000000e+00,0.000000000000000000e+00,0.000000000000000000e+00,1.000000000000000056e-01
8.639089794890073559e-01,-3.290947690165397788e-01,3.812583220917443727e-01,6.488216997939301223e+01,4.052761562906818105e-01,9.036728256383107505e-01,-1.382991733349194230e-01,1.652617927262748054e+01,-2.990192507189340931e-01,2.739928050311204455e-01,9.140653316315336951e-01,-1.722309088206668548e+01,0.000000000000000000e+00,0.000000000000000000e+00,0.000000000000000000e+00,1.000000000000000056e-01
8.645420153738476721e-01,-3.354591650317741425e-01,3.742115073718478291e-01,6.546778072275981231e+01,4.096599903668871057e-01,9.017254936873250193e-01,-1.380935419451317647e-01,1.680960931034481476e+01,-2.911113119511633540e-01,2.726871515684866631e-01,9.170037739418184231e-01,-1.740484754710264070e+01,0.000000000000000000e+00,0.000000000000000000e+00,0.000000000000000000e+00,1.000000000000000056e-01
8.666824907459380611e-01,-3.359896284956501167e-01,3.687443962662645403e-01,6.605539360938895754e+01,4.103653482145453446e-01,9.004773277805773191e-01,-1.440168849055751821e-01,1.707745750545418417e+01,-2.836577889273832476e-01,2.761368350954029327e-01,9.183064341952104082e-01,-1.759256306322504670e+01,0.000000000000000000e+00,0.000000000000000000e+00,0.000000000000000000e+00,1.000000000000000056e-01
8.680512304608365426e-01,-3.371226962086290579e-01,3.644658406441568244e-01,6.669554475520818926e+01,4.114265747946524443e-01,8.993421184630979726e-01,-1.480267797091028292e-01,1.738574959175253198e+01,-2.778762941457363911e-01,2.784457607135210067e-01,9.193762687238020703e-01,-1.778957619393484180e+01,0.000000000000000000e+00,0.000000000000000000e+00,0.000000000000000000e+00,1.000000000000000056e-01
8.682071747056178124e-01,-3.412826427196943846e-01,3.601978061675977782e-01,6.730143140256426193e+01,4.148862708031305080e-01,8.974774791012849473e-01,-1.496781774510703156e-01,1.767494457609740977e+01,-2.721868550991403124e-01,2.793927921122233426e-01,9.207898694202578671e-01,-1.797968998655061768e+01,0.000000000000000000e+00,0.000000000000000000e+00,0.000000000000000000e+00,1.000000000000000056e-01
8.666674318869149740e-01,-3.445232511670305864e-01,3.608203041845604031e-01,6.789316935590395019e+01,4.186026095950914905e-01,8.956531566160467195e-01,-1.502573734759483914e-01,1.796532621269611951e+01,-2.714026855923112325e-01,2.812634929190249711e-01,9.204517531105422812e-01,-1.815255862514573337e+01,0.000000000000000000e+00,0.000000000000000000e+00,0.000000000000000000e+00,1.000000000000000056e-01
8.648413426917207492e-01,-3.517494812218243116e-01,3.582202596606718359e-01,6.843764931689715070e+01,4.263018523781810232e-01,8.913893455545039979e-01,-1.539212957678199878e-01,1.821317346157332295e+01,-2.651719868879690578e-01,2.858274603534282643e-01,9.208618138883792881e-01,-1.832087215109170941e+01,0.000000000000000000e+00,0.000000000000000000e+00,0.000000000000000000e+00,1.000000000000000056e-01
8.639411801135723490e-01,-3.585329463620754442e-01,3.536378990958085056e-01,6.893847947200308113e+01,4.330987612449110902e-01,8.873050458031154220e-01,-1.584778176921134152e-01,1.844664419461136973e+01,-2.569651733447386177e-01,2.900756488663955857e-01,9.218595433267738892e-01,-1.845079059775792985e+01,0.000000000000000000e+00,0.000000000000000000e+00,0.000000000000000000e+00,1.000000000000000056e-01
8.651889412149200709e-01,-3.583075531868131769e-01,3.508044944533701415e-01,6.947969770759249286e+01,4.347701391300071716e-01,8.845859963965656547e-01,-1.687677134406024293e-01,1.869609252605168592e+01,-2.498459968065924741e-01,2.985352781638613839e-01,9.211154463862529784e-01,-1.860346486698376367e+01,0.000000000000000000e+00,0.000000000000000000e+00,0.000000000000000000e+00,1.000000000000000056e-01
8.674223701065513215e-01,-3.569587392271443838e-01,3.466394240822884276e-01,7.002193564547332016e+01,4.343114885863780250e-01,8.831211172010591248e-01,-1.773996145301269811e-01,1.894644209406282798e+01,-2.428002527194267346e-01,3.044298783676148146e-01,9.210702939713459880e-01,-1.874593379356860368e+01,0.000000000000000000e+00,0.000000000000000000e+00,0.000000000000000000e+00,1.000000000000000056e-01
8.691462524955122504e-01,-3.588210207725307521e-01,3.403413974596188885e-01,7.052912425833720533e+01,4.346166793658466920e-01,8.825631077720912376e-01,-1.794176769905149738e-01,1.919805234580946873e+01,-2.359939274430850054e-01,3.038582496023877755e-01,9.230260182457268314e-01,-1.887725599170196134e+01,0.000000000000000000e+00,0.000000000000000000e+00,0.000000000000000000e+00,1.000000000000000056e-01
8.710998137638016336e-01,-3.577370389452075861e-01,3.364659350177742758e-01,7.102641687510164559e+01,4.314236381654072972e-01,8.847670554245352648e-01,-1.762410340060483749e-01,1.946892923785916096e+01,-2.346460289303738400e-01,2.986828897043022346e-01,9.250566320529213238e-01,-1.900957221941130726e+01,0.000000000000000000e+00,0.000000000000000000e+00,0.000000000000000000e+00,1.000000000000000056e-01
8.716031608511199957e-01,-3.551742112159483877e-01,3.378745472530677030e-01,7.151788510735127602e+01,4.305801318624973284e-01,8.841485269104459865e-01,-1.813343111696262000e-01,1.968945576639849904e+01,-2.343260122982743776e-01,3.035336258954142163e-01,9.235576094165277583e-01,-1.914233623574821763e+01,0.000000000000000000e+00,0.000000000000000000e+00,0.000000000000000000e+00,1.000000000000000056e-01
8.730123089192874941e-01,-3.525509788551912660e-01,3.369826639215451891e-01,7.204378566281816632e+01,4.288226230873412037e-01,8.840160087386568222e-01,-1.860829229732465229e-01,1.992415130317591831e+01,-2.322943529315913691e-01,3.069584721131207727e-01,9.229386924352406263e-01,-1.926701380917831941e+01,0.000000000000000000e+00,0.000000000000000000e+00,0.000000000000000000e+00,1.000000000000000056e-01
8.744059351679103198e-01,-3.486784952289782025e-01,3.373982328169304323e-01,7.254259461931556530e+01,4.255968226830636469e-01,8.851085679799222117e-01,-1.882821484119309441e-01,2.013427870660242647e+01,-2.329841305007984420e-01,3.082306439233238882e-01,9.223406448169786387e-01,-1.939513539797844999e+01,0.000000000000000000e+00,0.000000000000000000e+00,0.000000000000000000e+00,1.000000000000000056e-01
8.786704395453467376e-01,-3.435303496320426531e-01,3.315496305998148485e-01,7.299570285575155992e+01,4.190814186127734819e-01,8.876481652143812795e-01,-1.909227575881091987e-01,2.035838374340080748e+01,-2.287116596124746937e-01,3.067044728614650162e-01,9.239173897508794475e-01,-1.949757287563742025e+01,0.000000000000000000e+00,0.000000000000000000e+00,0.000000000000000000e+00,1.000000000000000056e-01
8.840899856720619843e-01,-3.364262600730891783e-01,3.243489922407768455e-01,7.344942940126577469e+01,4.098758030289034737e-01,8.916201851478351426e-01,-1.923935329691506546e-01,2.058729278035503896e+01,-2.244698717551752987e-01,3.030359994623977871e-01,9.261654602197388897e-01,-1.960923172360300271e+01,0.000000000000000000e+00,0.000000000000000000e+00,0.000000000000000000e+00,1.000000000000000056e-01
8.921173693655274350e-01,-3.211519126400669277e-01,3.177861675466033820e-01,7.390336579069334277e+01,3.921309077004752064e-01,8.997456036867758078e-01,-1.915494710833752778e-01,2.077472795371605230e+01,-2.244102281589064052e-01,2.954983885809638333e-01,9.286122720725379365e-01,-1.972581604364846086e+01,0.000000000000000000e+00,0.000000000000000000e+00,0.000000000000000000e+00,1.000000000000000056e-01
8.973572291492379893e-01,-3.084842866631853364e-01,3.155747901457080506e-01,7.437517186716381445e+01,3.798583446544175346e-01,9.039254400759167973e-01,-1.965360953615541140e-01,2.095297066491594862e+01,-2.246277838781474689e-01,2.962368033608684392e-01,9.283243587478067216e-01,-1.982805068113901825e+01,0.000000000000000000e+00,0.000000000000000000e+00,0.000000000000000000e+00,1.000000000000000056e-01
9.044059817907382781e-01,-2.880854490265140067e-01,3.147325756262332463e-01,7.484025468433722494e+01,3.606919050548760275e-01,9.102633030175263373e-01,-2.032783038287836463e-01,2.113117869994476195e+01,-2.279279924208852393e-01,2.973676062364809525e-01,9.271576656816089557e-01,-1.994623392644477633e+01,0.000000000000000000e+00,0.000000000000000000e+00,0.000000000000000000e+00,1.000000000000000056e-01
9.118965467355878429e-01,-2.652376116033597353e-01,3.131991338472301378e-01,7.528712215193732504e+01,3.382639656471914669e-01,9.178769790988930977e-01,-2.075556329877026873e-01,2.132750634167365078e+01,-2.324267144636036897e-01,2.952132460294347172e-01,9.267291739081158219e-01,-2.004159135029294703e+01,0.000000000000000000e+00,0.000000000000000000e+00,0.000000000000000000e+00,1.000000000000000056e-01
9.206339535347652925e-01,-2.384778590973162249e-01,3.091301252212541595e-01,7.571881446183273567e+01,3.117924340257965943e-01,9.256233187195315182e-01,-2.144923073839944683e-01,2.143228655618306533e+01,-2.349863861657031094e-01,2.938533351231550350e-01,9.265158475459455145e-01,-2.016738727204720760e+01,0.000000000000000000e+00,0.000000000000000000e+00,0.000000000000000000e+00,1.000000000000000056e-01
