1.000000000000000000e+00,-9.019450007038093559e-14,3.739876955301085426e-14,5.956314186085732005e-21,9.019450007038128900e-14,1.000000000000000000e+00,-9.262496549528616131e-15,2.079717313395625910e-20,-3.739876955301002122e-14,9.262496549531989301e-15,1.000000000000000000e+00,-1.174102159672701581e-20,0.000000000000000000e+00,0.000000000000000000e+00,0.000000000000000000e+00,1.000000000000000056e-01
9.999970979583125974e-01,-2.266474248295045207e-03,-8.168044042730404674e-04,6.462950336835536769e-01,2.265282754757627463e-03,9.999963732377621373e-01,-1.456710459645709031e-03,1.709475349782026490e-02,8.201030386616804972e-04,1.454855939280218832e-03,9.999986054116285494e-01,6.593484339291429304e-03,0.000000000000000000e+00,0.000000000000000000e+00,0.000000000000000000e+00,1.000000000000000056e-01
9.999758306516346451e-01,-6.895599790124710970e-03,-8.881532006137220648e-04,1.299010191164080563e+00,6.894930358190528089e-03,9.999759449647113163e-01,-7.546040606669865989e-04,1.889582562572442170e-02,8.933352836595020129e-04,7.484620679129306816e-04,9.999993208780713072e-01,1.042917416193931031e-02,0.000000000000000000e+00,0.000000000000000000e+00,0.000000000000000000e+00,1.000000000000000056e-01
9.999237801727839381e-01,-1.193634283091734097e-02,-3.155560931587228328e-03,2.001015354248571132e+00,1.193589373072878601e-02,9.999287517032606765e-01,-1.611148893662770105e-04,2.351824653831947887e-02,3.157259225800236949e-03,1.234381692769828860e-04,9.999950082261408468e-01,1.659119530391702652e-02,0.000000000000000000e+00,0.000000000000000000e+00,0.000000000000000000e+00,1.000000000000000056e-01
9.998456300255665896e-01,-1.707132604536607673e-02,-4.157637048929729677e-03,2.705494402901814421e+00,1.706784367374770961e-02,9.998539538196722365e-01,-8.716326618257541452e-04,3.301887255763232693e-02,4.171909767281362265e-03,8.005362087107183253e-04,9.999909771146299198e-01,1.898338094986039629e-02,0.000000000000000000e+00,0.000000000000000000e+00,0.000000000000000000e+00,1.000000000000000056e-01
9.997468986924286094e-01,-2.212928431751909342e-02,-4.053804443400859693e-03,3.417110376454356224e+00,2.212811677397447802e-02,9.997550879073830998e-01,-3.326429586601257473e-04,3.936995091007849251e-02,4.060172768279977744e-03,2.428557081899036568e-04,9.999917279748851140e-01,3.633485526978082192e-02,0.000000000000000000e+00,0.000000000000000000e+00,0.000000000000000000e+00,1.000000000000000056e-01
9.996154063683226898e-01,-2.738611582605705516e-02,-4.363486112610307985e-03,4.159164071345824887e+00,2.739219065411866924e-02,9.996238673391343310e-01,1.338557851232068758e-03,6.777586466526502873e-02,4.325186962614401345e-03,-1.457568493920073692e-03,9.999895840716661599e-01,4.717205686084891686e-02,0.000000000000000000e+00,0.000000000000000000e+00,0.000000000000000000e+00,1.000000000000000056e-01
9.994664693615862294e-01,-3.231956562471434424e-02,-4.714053427273701830e-03,4.927043503433331750e+00,3.233562409446849584e-02,9.994713821330125647e-01,3.371010463749581076e-03,1.001079017534004384e-01,4.602611900501358752e-03,-3.521643785970320593e-03,9.999832068533641705e-01,5.711978135730556155e-02,0.000000000000000000e+00,0.000000000000000000e+00,0.000000000000000000e+00,1.000000000000000056e-01
9.993097732641137432e-01,-3.688021529622156208e-02,-4.452727089098853369e-03,5.697602330853204222e+00,3.689759958780835375e-02,9.993114911293280445e-01,3.887266589361753309e-03,1.416071756073123966e-01,4.306298118269857519e-03,-4.048878435239614861e-03,9.999825310373843257e-01,6.517086640596703173e-02,0.000000000000000000e+00,0.000000000000000000e+00,0.000000000000000000e+00,1.000000000000000056e-01
9.991994805333540564e-01,-3.995770888408704119e-02,-1.944120009172615494e-03,6.491116774286633806e+00,3.996583381523293593e-02,9.991916338509228002e-01,4.337161488416014198e-03,1.838504976287772541e-01,1.769245412230056099e-03,-4.411387883418012475e-03,9.999887046500142151e-01,7.641354946392363290e-02,0.000000000000000000e+00,0.000000000000000000e+00,0.000000000000000000e+00,1.000000000000000056e-01
9.990592696757739644e-01,-4.336484361691188283e-02,-2.569299318563580611e-04,7.288510186689926229e+00,4.336532355379980885e-02,9.990565927158436832e-01,2.318030216193520555e-03,2.203252695687411555e-01,1.561665244626184981e-04,-2.326991424502281459e-03,9.999972803577652503e-01,8.320158118365229838e-02,0.000000000000000000e+00,0.000000000000000000e+00,0.000000000000000000e+00,1.000000000000000056e-01
9.989371537781720489e-01,-4.609037357950252628e-02,4.901682022472197585e-04,8.096948901437043489e+00,4.608889206587703929e-02,9.989337066910493057e-01,2.695118665416251866e-03,2.712306202534719990e-01,-6.138645653030284444e-04,-2.669662859357839393e-03,9.999962480282177379e-01,9.759270239760160781e-02,0.000000000000000000e+00,0.000000000000000000e+00,0.000000000000000000e+00,1.000000000000000056e-01
9.988151716852012862e-01,-4.866437425714018744e-02,-1.774531565914841066e-04,8.927478405972086861e+00,4.866461214705970068e-02,9.988136146495897316e-01,1.765988447640150227e-03,3.059536123531841345e-01,9.130190601637361834e-05,-1.772531743563574794e-03,9.999984248963494915e-01,1.009918938675184868e-01,0.000000000000000000e+00,0.000000000000000000e+00,0.000000000000000000e+00,1.000000000000000056e-01
9.987078804443308977e-01,-5.080930825972099912e-02,-9.918329297991634440e-04,9.700704828296387916e+00,5.081140083011157632e-02,9.987058148753107378e-01,2.212889496401253871e-03,3.768598387204858957e-01,8.781139298078904313e-04,-2.260426599160948128e-03,9.999970596894353081e-01,1.185626122116023307e-01,0.000000000000000000e+00,0.000000000000000000e+00,0.000000000000000000e+00,1.000000000000000056e-01
9.985771040734597870e-01,-5.331332293229675001e-02,-1.206987232490368397e-03,1.050317296868159467e+01,5.331371231631312768e-02,9.985777698210300812e-01,2.927427388810674653e-04,4.394101387916983237e-01,1.189663530648637753e-03,-3.566751665128437519e-04,9.999992287414573022e-01,1.270783435632840408e-01,0.000000000000000000e+00,0.000000000000000000e+00,0.000000000000000000e+00,1.000000000000000056e-01
9.984431314323005680e-01,-5.576891540428062510e-02,-1.068349330447558761e-03,1.131010718776587787e+01,5.576874601845631385e-02,9.984436948229981068e-01,-1.877118235396273540e-04,4.967632923743080520e-01,1.077155137661101481e-03,1.278390784330552237e-04,9.999994116968167202e-01,1.503506482791467647e-01,0.000000000000000000e+00,0.000000000000000000e+00,0.000000000000000000e+00,1.000000000000000056e-01
9.982861479793539994e-01,-5.848485260929559698e-02,-2.070934043419464174e-03,1.216418250750894181e+01,5.848543758044828095e-02,9.982882368664314221e-01,2.229913344258646255e-04,5.461642939936691699e-01,2.054347479544839372e-03,-3.437286440064067010e-04,9.999978307511734332e-01,1.549268315122023232e-01,0.000000000000000000e+00,0.000000000000000000e+00,0.000000000000000000e+00,1.000000000000000056e-01
9.981981319421142640e-01,-5.989012993601255941e-02,-3.696176879016503485e-03,1.304150619483717755e+01,5.990308275713052133e-02,9.981980648034025627e-01,3.499156889085628264e-03,6.073765520788017014e-01,3.479951647051521962e-03,-3.714264259526372288e-03,9.999870470048822790e-01,1.697361051330583959e-01,0.000000000000000000e+00,0.000000000000000000e+00,0.000000000000000000e+00,1.000000000000000056e-01
9.983669197671161122e-01,-5.697581340922742293e-02,-4.153336138279764903e-03,1.392821248513292076e+01,5.700520953261088014e-02,9.983468923018149477e-01,7.340893504980396285e-03,6.695209492756194480e-01,3.728216847739652257e-03,-7.565667033727710607e-03,9.999644299081197341e-01,1.875838325669654805e-01,0.000000000000000000e+00,0.000000000000000000e+00,0.000000000000000000e+00,1.000000000000000056e-01
9.975289681736372316e-01,-7.011930997531744258e-02,-4.386345064387591440e-03,1.488594241640466542e+01,7.014096370332960351e-02,9.975245864053456923e-01,4.994469702811984470e-03,7.611602357080390346e-01,4.025278276930555933e-03,-5.289790679172020650e-03,9.999779073806399632e-01,1.915908526234667009e-01,0.000000000000000000e+00,0.000000000000000000e+00,0.000000000000000000e+00,1.000000000000000056e-01
9.972744928435665068e-01,-7.371018280123696476e-02,-3.224108406294208615e-03,1.582627563579243812e+01,7.371360102409373061e-02,9.972789951530640629e-01,9.543849095824541310e-04,8.417272693192313637e-01,3.144987705545570448e-03,-1.189444367401392951e-03,9.999943471212369150e-01,1.890884479260341311e-01,0.000000000000000000e+00,0.000000000000000000e+00,0.000000000000000000e+00,1.000000000000000056e-01
9.970696024653966649e-01,-7.648611654265853599e-02,-1.442849860051146575e-03,1.673085176269961494e+01,7.648921330768128357e-02,9.970679165298799163e-01,2.229366353100618609e-03,9.258559429925735662e-01,1.268103729127089893e-03,-2.333195874152175272e-03,9.999964740487563564e-01,2.048256715172558917e-01,0.000000000000000000e+00,0.000000000000000000e+00,0.000000000000000000e+00,1.000000000000000056e-01
9.970262918965419052e-01,-7.705403686566733579e-02,-1.117438918261488227e-03,1.760297627282296418e+01,7.705591309855913673e-02,9.970252436999614831e-01,1.746333753826147424e-03,1.001522580340291624e+00,9.795527443524024852e-04,-1.827245943169557556e-03,9.999978508220326301e-01,2.213477303097325377e-01,0.000000000000000000e+00,0.000000000000000000e+00,0.000000000000000000e+00,1.000000000000000056e-01
9.969717099061221610e-01,-7.774222955925175205e-02,-1.885574188283249556e-03,1.850193260518304328e+01,7.774392833201701491e-02,9.969730025113467953e-01,8.449088804429944529e-04,1.074984881771029688e+00,1.814181459810597146e-03,-9.889421958087136772e-04,9.999978653672038087e-01,2.241829663551260787e-01,0.000000000000000000e+00,0.000000000000000000e+00,0.000000000000000000e+00,1.000000000000000056e-01
9.968034557959428721e-01,-7.989179976208168887e-02,-4.133328456195786249e-04,1.941986066289480561e+01,7.989180812518775765e-02,9.968035408146045384e-01,3.735679717735161583e-06,1.150974031131915654e+00,4.117131938725877090e-04,-3.674564684646243517e-05,9.999999145709980164e-01,2.341758557613755343e-01,0.000000000000000000e+00,0.000000000000000000e+00,0.000000000000000000e+00,1.000000000000000056e-01
9.966383077780428534e-01,-8.192045511994275331e-02,1.059482071871054292e-03,2.034523900939698748e+01,8.192282142634502162e-02,9.966357245053131253e-01,-2.425689451847987382e-03,1.214461504650881540e+00,-8.572040984245668646e-04,2.504330791063132892e-03,9.999964967580748931e-01,2.501941471291813657e-01,0.000000000000000000e+00,0.000000000000000000e+00,0.000000000000000000e+00,1.000000000000000056e-01
9.966628224299212135e-01,-8.152690078160058917e-02,4.072202717264839129e-03,2.127860517346332259e+01,8.153379387126512279e-02,9.966693628918454895e-01,-1.556126511844977117e-03,1.304087279864850846e+00,-3.931773516047985979e-03,1.882955578304920403e-03,9.999904977725081467e-01,2.525148246569661192e-01,0.000000000000000000e+00,0.000000000000000000e+00,0.000000000000000000e+00,1.000000000000000056e-01
9.967816109819631620e-01,-7.981817030036757188e-02,7.448469514183842302e-03,2.224176813417519938e+01,7.983263897886579141e-02,9.968068901921699476e-01,-1.665358545572703797e-03,1.394252195661650040e+00,-7.291759861123084385e-03,2.254629751589465325e-03,9.999708730172148785e-01,2.641850051218079809e-01,0.000000000000000000e+00,0.000000000000000000e+00,0.000000000000000000e+00,1.000000000000000056e-01
9.969405811498737169e-01,-7.754377061998059262e-02,9.820452870811714752e-03,2.321438654252194311e+01,7.755555457692085708e-02,9.969876912558232052e-01,-8.242806861475163432e-04,1.471437347670960127e+00,-9.726952802304088264e-03,1.583389534870838526e-03,9.999514384542694811e-01,2.668906827708823482e-01,0.000000000000000000e+00,0.000000000000000000e+00,0.000000000000000000e+00,1.000000000000000056e-01
9.970943892351111781e-01,-7.545608402650186286e-02,1.044788683160771670e-02,2.413416880156434985e+01,7.547909972228700193e-02,9.971457124271698724e-01,-1.825840416026748006e-03,1.557088255015587785e+00,-1.028029479021122516e-02,2.609132326509059491e-03,9.999437524018683909e-01,2.643449802120836356e-01,0.000000000000000000e+00,0.000000000000000000e+00,0.000000000000000000e+00,1.000000000000000056e-01
9.971769771250947878e-01,-7.462813401833445770e-02,8.289626324491110657e-03,2.507453566183418303e+01,7.464906466802312401e-02,9.972073403307936124e-01,-2.244445270919917870e-03,1.633386187528485189e+00,-8.098977456906882380e-03,2.856922002149321974e-03,9.999631216004049028e-01,2.712743625439570927e-01,0.000000000000000000e+00,0.000000000000000000e+00,0.000000000000000000e+00,1.000000000000000056e-01
9.973967372033550882e-01,-7.192988175996214983e-02,5.083377430341842057e-03,2.600546245770230058e+01,7.195027958398020340e-02,9.974003967430508100e-01,-3.950423343381486221e-03,1.708058459174812249e+00,-4.786009181826398479e-03,4.305889780604654077e-03,9.999792764999226868e-01,2.724650837682671689e-01,0.000000000000000000e+00,0.000000000000000000e+00,0.000000000000000000e+00,1.000000000000000056e-01
9.974646616948892319e-01,-7.109912100637723331e-02,3.027154112476710887e-03,2.695864141963820515e+01,7.111129910208767446e-02,9.974598549073304676e-01,-4.125650040982606001e-03,1.778917010764519135e+00,-2.726134610319361738e-03,4.330454983920666370e-03,9.999869075891537618e-01,2.798508009879728253e-01,0.000000000000000000e+00,0.000000000000000000e+00,0.000000000000000000e+00,1.000000000000000056e-01
9.973796546622191173e-01,-7.219589742662309295e-02,4.645089949298903190e-03,2.792729085017390389e+01,7.222144872910372937e-02,9.973729539573380487e-01,-5.590443442438640907e-03,1.849829289822235934e+00,-4.229280002790150247e-03,5.911269675643484982e-03,9.999735846918557103e-01,2.874436427294323471e-01,0.000000000000000000e+00,0.000000000000000000e+00,0.000000000000000000e+00,1.000000000000000056e-01
9.975233216408136983e-01,-6.988212866752885333e-02,7.981909268630226276e-03,2.892193009018046368e+01,6.995728327596720253e-02,9.975041789064431619e-01,-9.559894394222478650e-03,1.919491619676633176e+00,-7.293922081005679153e-03,1.009461029844883374e-02,9.999224457644696473e-01,2.928196829511510169e-01,0.000000000000000000e+00,0.000000000000000000e+00,0.000000000000000000e+00,1.000000000000000056e-01
9.973756464185943305e-01,-7.135283379288381855e-02,1.227163562106343801e-02,2.986652875611452274e+01,7.149945248995456804e-02,9.973689906435665442e-01,-1.195511590366039011e-02,1.973243065792641415e+00,-1.138631743487713600e-02,1.280115668048475812e-02,9.998532303107861008e-01,2.985452271428191695e-01,0.000000000000000000e+00,0.000000000000000000e+00,0.000000000000000000e+00,1.000000000000000056e-01
9.974130030655617984e-01,-7.082509516873859712e-02,1.229256726956448435e-02,3.077262708328280283e+01,7.105925519292514980e-02,9.972757497294243434e-01,-1.979043337174282019e-02,2.019385103077960597e+00,-1.085741991287003834e-02,2.061273625586310110e-02,9.997285789337433393e-01,3.131706385706112816e-01,0.000000000000000000e+00,0.000000000000000000e+00,0.000000000000000000e+00,1.000000000000000056e-01
9.973904841321339365e-01,-7.158022132230031087e-02,9.407129111369687963e-03,3.171194052265464691e+01,7.177381413721876935e-02,9.971745398559030971e-01,-2.216882196608433234e-02,2.083972328251375572e+00,-7.793700460208149994e-03,2.278615760979620444e-02,9.997099825722047806e-01,3.091414953755614592e-01,0.000000000000000000e+00,0.000000000000000000e+00,0.000000000000000000e+00,1.000000000000000056e-01
9.974372176966628256e-01,-7.118606551992742726e-02,7.179194198001884707e-03,3.269091576529460497e+01,7.133461547106997869e-02,9.971837023345639928e-01,-2.315246064517283153e-02,2.166194849854301108e+00,-5.510842869707525786e-03,2.360525098625927687e-02,9.997061681998071769e-01,3.079815306327650659e-01,0.000000000000000000e+00,0.000000000000000000e+00,0.000000000000000000e+00,1.000000000000000056e-01
9.973975803814499885e-01,-7.185578013567331390e-02,5.900297477484928860e-03,3.365758742138567783e+01,7.197342534682052428e-02,9.971410796214570382e-01,-2.301072304819637426e-02,2.244786002787691359e+00,-4.229975540673011972e-03,2.337550411111852244e-02,9.997178067407204161e-01,3.064378365259073922e-01,0.000000000000000000e+00,0.000000000000000000e+00,0.000000000000000000e+00,1.000000000000000056e-01
9.975082282200047334e-01,-7.014144744708883383e-02,7.583665565825657012e-03,3.461264738082577708e+01,7.030485789198659408e-02,9.972366572186704969e-01,-2.400575881157397326e-02,2.301459636718450774e+00,-5.878910628218809650e-03,2.447911046911564401e-02,9.996830555533420259e-01,3.189778456190361378e-01,0.000000000000000000e+00,0.000000000000000000e+00,0.000000000000000000e+00,1.000000000000000056e-01
9.973393831859398428e-01,-7.223781908078495684e-02,9.790415759340843904e-03,3.559075944166760053e+01,7.244100625403486482e-02,9.971235735346156703e-01,-2.229079887443905991e-02,2.388506883087682553e+00,-8.152015652085665282e-03,2.294071916940690695e-02,9.997035900929828189e-01,3.145354387402881091e-01,0.000000000000000000e+00,0.000000000000000000e+00,0.000000000000000000e+00,1.000000000000000056e-01
9.973411544470921486e-01,-7.197292775945769716e-02,1.142450506032501555e-02,3.657196904119891201e+01,7.219878179454335132e-02,9.971739810105919588e-01,-2.076987007353497949e-02,2.466475798639319983e+00,-9.897350833704092812e-03,2.153948154481655219e-02,9.997190071121260235e-01,3.234631241625941511e-01,0.000000000000000000e+00,0.000000000000000000e+00,0.000000000000000000e+00,1.000000000000000056e-01
9.973895442869442629e-01,-7.108670795977917178e-02,1.267978306292288221e-02,3.757158929838954720e+01,7.133081750010464295e-02,9.972528206658830552e-01,-1.996812832257732762e-02,2.544147561047535699e+00,-1.122548091836088335e-02,2.082046169952089798e-02,9.997202093349770724e-01,3.191585149577133018e-01,0.000000000000000000e+00,0.000000000000000000e+00,0.000000000000000000e+00,1.000000000000000056e-01
9.972859418546464738e-01,-7.195958337577459951e-02,1.557461201686082333e-02,3.856317387877006553e+01,7.225530382138425911e-02,9.971986620347695895e-01,-1.933906682714640196e-02,2.612717391464574046e+00,-1.413935107316654019e-02,2.041192779847910560e-02,9.996916684432152200e-01,3.361192478961079200e-01,0.000000000000000000e+00,0.000000000000000000e+00,0.000000000000000000e+00,1.000000000000000056e-01
9.974465795945929303e-01,-6.941005781896861238e-02,1.680966176384057764e-02,3.957614560797444625e+01,6.971215470050123875e-02,9.974028132616824527e-01,-1.810645146611362596e-02,2.692360172622571213e+00,-1.550923409007263359e-02,1.923205582481449585e-02,9.996947492543364344e-01,3.325082999840040521e-01,0.000000000000000000e+00,0.000000000000000000e+00,0.000000000000000000e+00,1.000000000000000056e-01
9.974080347354559173e-01,-7.025271988425781100e-02,1.554887758070122063e-02,4.058575486611355387e+01,7.056317327251034055e-02,9.972984974646160738e-01,-2.040944713932298094e-02,2.774084758071462709e+00,-1.407305307562315734e-02,2.145372470418938082e-02,9.996707892468638113e-01,3.458353628671834712e-01,0.000000000000000000e+00,0.000000000000000000e+00,0.000000000000000000e+00,1.000000000000000056e-01
9.974613016401580046e-01,-6.993356502924936990e-02,1.342565501647391066e-02,4.159355182172470222e+01,7.015808547377479221e-02,9.973901396302099487e-01,-1.705146360535544220e-02,2.846902036392506830e+00,-1.219814629261893948e-02,1.795009333485481084e-02,9.997644719514160450e-01,3.612218442601672908e-01,0.000000000000000000e+00,0.000000000000000000e+00,0.000000000000000000e+00,1.000000000000000056e-01
9.975964238129143569e-01,-6.839308514439160214e-02,1.112479663257644018e-02,4.262631223265852043e+01,6.855484666083849765e-02,9.975364591611038945e-01,-1.487432834235720251e-02,2.920307749270119491e+00,-1.008008903696320201e-02,1.560123548823391139e-02,9.998274817468499887e-01,3.696502419644506210e-01,0.000000000000000000e+00,0.000000000000000000e+00,0.000000000000000000e+00,1.000000000000000056e-01
9.975795116208515667e-01,-6.863953815554452165e-02,1.112347949594742931e-02,4.367522240192535321e+01,6.883571798143120479e-02,9.974595220081586833e-01,-1.833428169404391697e-02,2.989896497372873885e+00,-9.836763913202447793e-03,1.905559647581872226e-02,9.997700347173177349e-01,3.786046870951025323e-01,0.000000000000000000e+00,0.000000000000000000e+00,0.000000000000000000e+00,1.000000000000000056e-01
9.975839810840209099e-01,-6.829559750871061485e-02,1.272446641254362971e-02,4.468835753612264483e+01,6.854524377126219870e-02,9.974406113959896070e-01,-2.034149193969702826e-02,3.075355586009687059e+00,-1.130266521197502254e-02,2.116454816249852336e-02,9.997121143910296936e-01,3.869346804376530558e-01,0.000000000000000000e+00,0.000000000000000000e+00,0.000000000000000000e+00,1.000000000000000056e-01
9.975776704756504909e-01,-6.827726687886988277e-02,1.330436755077367937e-02,4.567511171261966041e+01,6.854556891946129993e-02,9.974295033447425629e-01,-2.087799892153198444e-02,3.140322156908227580e+00,-1.184467601422190507e-02,2.173938097121642238e-02,9.996935045128113595e-01,3.885660400751972388e-01,0.000000000000000000e+00,0.000000000000000000e+00,0.000000000000000000e+00,1.000000000000000056e-01
9.970130669061993967e-01,-7.642719054750483909e-02,1.112784630149723022e-02,4.659094634459939499e+01,7.660462018909187931e-02,9.969249799215622598e-01,-1.650201727298009763e-02,3.196645160450914513e+00,-9.832425132150091757e-03,1.730517129092175310e-02,9.998019076110089554e-01,4.011040203928187275e-01,0.000000000000000000e+00,0.000000000000000000e+00,0.000000000000000000e+00,1.000000000000000056e-01
9.970423323254080650e-01,-7.648935614151468332e-02,7.481039243793566156e-03,4.754824907955241287e+01,7.660149929650385270e-02,9.969322534669724512e-01,-1.607147481695021460e-02,3.272187987623111471e+00,-6.228792550596885282e-03,1.659699955777167377e-02,9.998428585277993053e-01,3.967795991737123051e-01,0.000000000000000000e+00,0.000000000000000000e+00,0.000000000000000000e+00,1.000000000000000056e-01
9.971368025667561863e-01,-7.527564799414387942e-02,7.195400336864110624e-03,4.849495197634443144e+01,7.538157234805334395e-02,9.970295639014711275e-01,-1.580086253270891056e-02,3.363482749394913984e+00,-5.984606693944068828e-03,1.629802213472875128e-02,9.998492681185573439e-01,4.079396664518599724e-01,0.000000000000000000e+00,0.000000000000000000e+00,0.000000000000000000e+00,1.000000000000000056e-01
9.972526979585377704e-01,-7.350251162187274034e-02,9.188971634191996432e-03,4.946607547248652992e+01,7.364400571568208154e-02,9.971538765780555424e-01,-1.614641903037952742e-02,3.450630037681082563e+00,-7.976016334368242131e-03,1.677877261996473662e-02,9.998274130832788265e-01,4.136305028581104271e-01,0.000000000000000000e+00,0.000000000000000000e+00,0.000000000000000000e+00,1.000000000000000056e-01
9.972531352432341123e-01,-7.309085188664682375e-02,1.199631685243755970e-02,5.046502621678322953e+01,7.328962342110467709e-02,9.971647319329937087e-01,-1.706248773753262643e-02,3.540524235375664741e+00,-1.071519231430242795e-02,1.789482493585904666e-02,9.997824562844571661e-01,4.295850582251687366e-01,0.000000000000000000e+00,0.000000000000000000e+00,0.000000000000000000e+00,1.000000000000000056e-01
9.973571276079796766e-01,-7.157046518009069214e-02,1.250713890006426889e-02,5.140108141187501190e+01,7.181097888580470490e-02,9.972182412213148606e-01,-1.997405033862499277e-02,3.612295896109052329e+00,-1.104279498236684399e-02,2.081941135990255862e-02,9.997222658266667894e-01,4.397614584975107488e-01,0.000000000000000000e+00,0.000000000000000000e+00,0.000000000000000000e+00,1.000000000000000056e-01
9.974126308741612101e-01,-7.090814741123808995e-02,1.183547225041553172e-02,5.233900967505181967e+01,7.117024037055981467e-02,9.971890356281053469e-01,-2.342699529786169618e-02,3.682187995424285987e+00,-1.014103832361190616e-02,2.420871441847800495e-02,9.996554894001851155e-01,4.434537129570650382e-01,0.000000000000000000e+00,0.000000000000000000e+00,0.000000000000000000e+00,1.000000000000000056e-01
9.974213140312122583e-01,-7.089188758242420674e-02,1.118313870301543972e-02,5.332325339920924279e+01,7.116475911250896846e-02,9.971190100742143292e-01,-2.625370086440088901e-02,3.759655443684854603e+00,-9.289745782771686305e-03,2.698184618627497838e-02,9.995927573765586160e-01,4.575962670717255154e-01,0.000000000000000000e+00,0.000000000000000000e+00,0.000000000000000000e+00,1.000000000000000056e-01
9.973300293004835337e-01,-7.182123553832341079e-02,1.321070706833329424e-02,5.428774712793320845e+01,7.218520063424203881e-02,9.969542978622162321e-01,-2.951990486857564502e-02,3.838417067999307264e+00,-1.105031514893876389e-02,3.039470512777187397e-02,9.994768893953001054e-01,4.486080235009777817e-01,0.000000000000000000e+00,0.000000000000000000e+00,0.000000000000000000e+00,1.000000000000000056e-01
9.971797452811983486e-01,-7.302469883449998200e-02,1.731903464558475284e-02,5.524345792549605960e+01,7.354905901561679948e-02,9.967823465711534991e-01,-3.186674570805966139e-02,3.922569338098078617e+00,-1.493624848620642501e-02,3.305067206934527574e-02,9.993420643387943558e-01,4.554262284712181641e-01,0.000000000000000000e+00,0.000000000000000000e+00,0.000000000000000000e+00,1.000000000000000056e-01
9.970325633439709456e-01,-7.386941289111845221e-02,2.166512106755934600e-02,5.620127230193816814e+01,7.450476212251794239e-02,9.967647105581159961e-01,-3.015215095249839175e-02,3.990754776095042367e+00,-1.936770644184690124e-02,3.167683104599788857e-02,9.993104974541524577e-01,4.736972354782514882e-01,0.000000000000000000e+00,0.000000000000000000e+00,0.000000000000000000e+00,1.000000000000000056e-01
9.969033621981757687e-01,-7.505664483800708608e-02,2.345605473292847534e-02,5.716782911368187570e+01,7.568032714548419970e-02,9.967681470773032126e-01,-2.693973005121046843e-02,4.064881318118745313e+00,-2.135824246339943291e-02,2.863146936049335706e-02,9.993618285891920916e-01,4.619847645964886840e-01,0.000000000000000000e+00,0.000000000000000000e+00,0.000000000000000000e+00,1.000000000000000056e-01
9.967344029569126240e-01,-7.857906851147172800e-02,1.859731039684037537e-02,5.806610027811210983e+01,7.908219797759902248e-02,9.964727944346293276e-01,-2.807090868982854356e-02,4.144359491296005338e+00,-1.632592800299041344e-02,2.944995659606805191e-02,9.994329212765261650e-01,4.654227499134642176e-01,0.000000000000000000e+00,0.000000000000000000e+00,0.000000000000000000e+00,1.000000000000000056e-01
9.964707279825992803e-01,-8.296787091531790392e-02,1.274443681014312581e-02,5.898436136561693388e+01,8.329283147870744641e-02,9.961447613746553520e-01,-2.753032164887493638e-02,4.227820085247113724e+00,-1.041117179227336008e-02,2.849467988256780548e-02,9.995397244333522613e-01,4.637614995109002325e-01,0.000000000000000000e+00,0.000000000000000000e+00,0.000000000000000000e+00,1.000000000000000056e-01
9.965299139661688566e-01,-8.285818069086754722e-02,7.915330895140869349e-03,5.993797646995175654e+01,8.305830191680867169e-02,9.961031320216000573e-01,-2.966258349259146693e-02,4.308417714840154567e+00,-5.426698192850066410e-03,3.021708571914653169e-02,9.995286282430161373e-01,4.737277557738803768e-01,0.000000000000000000e+00,0.000000000000000000e+00,0.000000000000000000e+00,1.000000000000000056e-01
9.963960965666434078e-01,-8.442441469209661931e-02,8.205909495787675617e-03,6.084983783642514510e+01,8.461623375048073215e-02,9.960523958294897895e-01,-2.682755576300873204e-02,4.396509138138633865e+00,-5.908615120327679118e-03,2.742522499871672195e-02,9.996063951881908327e-01,4.763743528467405119e-01,0.000000000000000000e+00,0.000000000000000000e+00,0.000000000000000000e+00,1.000000000000000056e-01
9.963363937303775231e-01,-8.485948015004436684e-02,1.061410179950491618e-02,6.177899937212495729e+01,8.511116066735165131e-02,9.960302810127357187e-01,-2.607239220990341388e-02,4.491246606412969022e+00,-8.359477148858195442e-03,2.688025175393644883e-02,9.996037070796820467e-01,4.969764344748949236e-01,0.000000000000000000e+00,0.000000000000000000e+00,0.000000000000000000e+00,1.000000000000000056e-01
9.961679720670326699e-01,-8.688834023304159437e-02,9.989382333399587227e-03,6.267429688254020448e+01,8.711810628160085446e-02,9.958718670601259815e-01,-2.548842788573989215e-02,4.576502333899736819e+00,-7.733497640998572564e-03,2.626101158992296541e-02,9.996252059069492546e-01,5.119683590643837601e-01,0.000000000000000000e+00,0.000000000000000000e+00,0.000000000000000000e+00,1.000000000000000056e-01
9.959713941591483710e-01,-8.912116707418783756e-02,9.919657051382188562e-03,6.348854878340475949e+01,8.933305664996198103e-02,9.957247666682954579e-01,-2.349029656992955920e-02,4.656584621202389584e+00,-7.783765557686127962e-03,2.428181670928392447e-02,9.996748503243640949e-01,5.205328537178263160e-01,0.000000000000000000e+00,0.000000000000000000e+00,0.000000000000000000e+00,1.000000000000000056e-01
9.958091547851275482e-01,-9.086144371265793274e-02,1.040794372493374781e-02,6.430878199727203537e+01,9.107651512138119354e-02,9.955898654964898675e-01,-2.249195665179050049e-02,4.738062735800857794e+00,-8.318391639897618900e-03,2.334561558692964042e-02,9.996928461249448006e-01,5.297600289208215241e-01,0.000000000000000000e+00,0.000000000000000000e+00,0.000000000000000000e+00,1.000000000000000056e-01
9.957442901898455601e-01,-9.166411479336561419e-02,9.539319339940656450e-03,6.510406828665227863e+01,9.186705292077737561e-02,9.954912217944456021e-01,-2.361507818858579744e-02,4.815684470217017399e+00,-7.331653426872076357e-03,2.439092842330159439e-02,9.996756121205906398e-01,5.328488133905390223e-01,0.000000000000000000e+00,0.000000000000000000e+00,0.000000000000000000e+00,1.000000000000000056e-01
9.957491382917076361e-01,-9.160686224677469514e-02,9.583130001317332128e-03,6.590686329465584947e+01,9.182536181883893533e-02,9.954459593277377172e-01,-2.560165980789841020e-02,4.893428480147014703e+00,-7.194200314212818512e-03,2.637280507228021917e-02,9.996262894874556881e-01,5.418247346849759394e-01,0.000000000000000000e+00,0.000000000000000000e+00,0.000000000000000000e+00,1.000000000000000056e-01
9.956188533375734950e-01,-9.285479986809136443e-02,1.100386387738861577e-02,6.666327199462821795e+01,9.311288502513589971e-02,9.953191436635742129e-01,-2.588035739909786553e-02,4.967756686545906852e+00,-8.549240964625066941e-03,2.679157326970393188e-02,9.996044828234129653e-01,5.542196991162059438e-01,0.000000000000000000e+00,0.000000000000000000e+00,0.000000000000000000e+00,1.000000000000000056e-01
9.953115451681113779e-01,-9.574182481065773853e-02,1.372701850337472787e-02,6.745989994389022115e+01,9.605813971063870138e-02,9.950714509125282436e-01,-2.460978208288832486e-02,5.059670149998134470e+00,-1.130317877404785412e-02,2.581299209237777198e-02,9.996028849442366582e-01,5.622617157984129976e-01,0.000000000000000000e+00,0.000000000000000000e+00,0.000000000000000000e+00,1.000000000000000056e-01
9.952055158879316021e-01,-9.639916228308614832e-02,1.652823818061546074e-02,6.820125374089410286e+01,9.676981518689825590e-02,9.950335345480009197e-01,-2.332097754395889844e-02,5.138419645221759424e+00,-1.419802855784872177e-02,2.480860004174967326e-02,9.995913911939413588e-01,5.697402213261832937e-01,0.000000000000000000e+00,0.000000000000000000e+00,0.000000000000000000e+00,1.000000000000000056e-01
9.949766027368562860e-01,-9.848505785765319931e-02,1.795141735347917031e-02,6.892881048874490091e+01,9.885162095018919237e-02,9.948842810575857509e-01,-2.082364857681870060e-02,5.211953767427193185e+00,-1.580876471278536491e-02,2.249356982129401342e-02,9.996219896915785608e-01,5.755409281110126507e-01,0.000000000000000000e+00,0.000000000000000000e+00,0.000000000000000000e+00,1.000000000000000056e-01
9.950931573112178352e-01,-9.780264482671191528e-02,1.497501042710881053e-02,6.959655093839846529e+01,9.808621960761290670e-02,9.949860036328951329e-01,-1.954344129695360574e-02,5.292615581942428093e+00,-1.298852553137228374e-02,2.091638686629168978e-02,9.996968555342067297e-01,5.881102841783495405e-01,0.000000000000000000e+00,0.000000000000000000e+00,0.000000000000000000e+00,1.000000000000000056e-01
9.950810193578687457e-01,-9.861649135598637983e-02,9.410236253117145941e-03,7.028733679415098834e+01,9.878060695963708504e-02,9.949287934081040286e-01,-1.894961044929411101e-02,5.367341073342460689e+00,-7.493770905926918843e-03,1.978594653103460041e-02,9.997761548054047154e-01,5.902375377844830684e-01,0.000000000000000000e+00,0.000000000000000000e+00,0.000000000000000000e+00,1.000000000000000056e-01
9.952308914112392157e-01,-9.749882317561753275e-02,3.074452822831529562e-03,7.101751813298233174e+01,9.754263788133107904e-02,9.949967092519568235e-01,-2.160977493933051441e-02,5.429384264159175189e+00,-9.521428157930845668e-04,2.180660581444685692e-02,9.997617543029497789e-01,6.080854802385403657e-01,0.000000000000000000e+00,0.000000000000000000e+00,0.000000000000000000e+00,1.000000000000000056e-01
9.950983506785779920e-01,-9.888994581292066821e-02,2.260395793655656498e-04,7.171543894357692750e+01,9.887479956039239848e-02,9.949003965212639411e-01,-1.992423182268387646e-02,5.504987201743042569e+00,1.745419338168976769e-03,1.984891984339285168e-02,9.998014672385635571e-01,6.082490881693981555e-01,0.000000000000000000e+00,0.000000000000000000e+00,0.000000000000000000e+00,1.000000000000000056e-01
9.950614253521452568e-01,-9.921863665472849259e-02,2.902053847528856048e-03,7.237423757038961014e+01,9.925616235149442579e-02,9.948775816454684673e-01,-1.915233078552005738e-02,5.579082871967476542e+00,-9.869201643347500896e-04,1.934579229809846659e-02,9.998123655511308439e-01,6.202648651671847091e-01,0.000000000000000000e+00,0.000000000000000000e+00,0.000000000000000000e+00,1.000000000000000056e-01
9.949363644723553390e-01,-1.003064187333697899e-01,6.344526098796791566e-03,7.297739969845683561e+01,1.004168001375414787e-01,9.947340817841191507e-01,-2.050787134839798798e-02,5.645370746681647844e+00,-4.254045212439520537e-03,2.104112397167216819e-02,9.997695605494995030e-01,6.356189010768352743e-01,0.000000000000000000e+00,0.000000000000000000e+00,0.000000000000000000e+00,1.000000000000000056e-01
9.949189156833769809e-01,-1.006172554977895761e-01,3.538235648714063188e-03,7.356687976114052674e+01,1.006708522515542270e-01,9.946786566699793442e-01,-2.190318406421886202e-02,5.697514564368407086e+00,-1.315569214840115039e-03,2.214808933740892646e-02,9.997538354096687785e-01,6.552055093409978603e-01,0.000000000000000000e+00,0.000000000000000000e+00,0.000000000000000000e+00,1.000000000000000056e-01
9.949035099992354914e-01,-1.008314980764257740e-01,1.216012536028837458e-04,7.420680403507189737e+01,1.007921550616463768e-01,9.944801490064666405e-01,-2.915775557385813163e-02,5.748405550061771230e+00,2.819090142255999739e-03,2.902140981654005927e-02,9.995748148603136318e-01,6.712955371530197057e-01,0.000000000000000000e+00,0.000000000000000000e+00,0.000000000000000000e+00,1.000000000000000056e-01
9.950396563700045771e-01,-9.943675786747099843e-02,-2.900592330755579189e-03,7.483004151088744038e+01,9.928794153851996929e-02,9.945123022359216858e-01,-3.297249408901632012e-02,5.818093211395764186e+00,6.163352667723723949e-03,3.252094534623366923e-02,9.994520504744990319e-01,6.973569065714101400e-01,0.000000000000000000e+00,0.000000000000000000e+00,0.000000000000000000e+00,1.000000000000000056e-01
9.954640022495337970e-01,-9.511020577291903755e-02,-2.338585720713687310e-03,7.543538443198110599e+01,9.499597465012615816e-02,9.950147659266910249e-01,-3.035424827144987334e-02,5.871065134391344920e+00,5.213926122675300277e-03,2.999440523973142050e-02,9.995364678833393857e-01,7.100901502674192844e-01,0.000000000000000000e+00,0.000000000000000000e+00,0.000000000000000000e+00,1.000000000000000056e-01
9.959292846242654429e-01,-9.013800432801448437e-02,1.426750255652882611e-05,7.600013813023653597e+01,9.010888288283035175e-02,9.956034753319705777e-01,-2.557555732551355931e-02,5.949261537133656574e+00,2.291124921768935771e-03,2.547273213978250989e-02,9.996728918320870738e-01,7.135396450755879805e-01,0.000000000000000000e+00,0.000000000000000000e+00,0.000000000000000000e+00,1.000000000000000056e-01
9.965248419704708649e-01,-8.325169626822631619e-02,2.719265377111678914e-03,7.655859143053179139e+01,8.329477613936708824e-02,9.961615798286759249e-01,-2.690886733270652850e-02,5.988135111095353125e+00,-4.686188439325092350e-04,2.704185536717978663e-02,9.996341923197102908e-01,7.274786326663974512e-01,0.000000000000000000e+00,0.000000000000000000e+00,0.000000000000000000e+00,1.000000000000000056e-01
9.970750602393636530e-01,-7.610559158244380173e-02,7.018773294211041666e-03,7.713551168345728115e+01,7.629080076786760867e-02,9.965834357177447700e-01,-3.164126058192279906e-02,6.016370695561860771e+00,-4.586716349067298734e-03,3.208417963579356796e-02,9.994746457265593076e-01,7.396527565314153785e-01,0.000000000000000000e+00,0.000000000000000000e+00,0.000000000000000000e+00,1.000000000000000056e-01
9.977454694550468295e-01,-6.645746483244863168e-02,9.347916878746942784e-03,7.768346352362534901e+01,6.674711799667448764e-02,9.971508166412399454e-01,-3.514357851508892461e-02,6.036901614561356766e+00,-6.985729816284025166e-03,3.568829275479652730e-02,9.993385539141286245e-01,7.543347324381459718e-01,0.000000000000000000e+00,0.000000000000000000e+00,0.000000000000000000e+00,1.000000000000000056e-01
9.983777371757683872e-01,-5.623767456504453338e-02,8.900442197353829188e-03,7.817986225334379924e+01,5.650378378775754856e-02,9.978509468011607098e-01,-3.317846267827091744e-02,6.075137310117666445e+00,-7.015435086909446206e-03,3.362754715323751364e-02,9.994098117103904499e-01,7.622235377468397077e-01,0.000000000000000000e+00,0.000000000000000000e+00,0.000000000000000000e+00,1.000000000000000056e-01
9.991483182936599095e-01,-4.045029101599614818e-02,8.149356273498671588e-03,7.867171971774759243e+01,4.066517420983781217e-02,9.987748124967764651e-01,-2.819960156655532471e-02,6.115985992592749554e+00,-6.998689694130762196e-03,2.850697947433486826e-02,9.995690923912239345e-01,7.593306100546104442e-01,0.000000000000000000e+00,0.000000000000000000e+00,0.000000000000000000e+00,1.000000000000000056e-01
9.996673732435237270e-01,-2.427560394035094271e-02,8.708497328742277263e-03,7.915174447706419869e+01,2.446571938879273794e-02,9.994489508945070266e-01,-2.243263539261945369e-02,6.131896456798136441e+00,-8.159132746949555523e-03,2.263823334981264826e-02,9.997104275457053824e-01,7.632275371475185644e-01,0.000000000000000000e+00,0.000000000000000000e+00,0.000000000000000000e+00,1.000000000000000056e-01
9.999582100630541870e-01,1.609811876210722739e-03,8.999257370251218663e-03,7.964582136305064353e+01,-1.399581892634496486e-03,9.997271071731642644e-01,-2.331849810134265996e-02,6.144965373868548575e+00,-9.034339932646965471e-03,2.330492842511477578e-02,9.996875817039450052e-01,7.666091138711322861e-01,0.000000000000000000e+00,0.000000000000000000e+00,0.000000000000000000e+00,1.000000000000000056e-01
9.995943204095720791e-01,2.617452183840815461e-02,1.122893634573225025e-02,8.014338275763265074e+01,-2.589422491190129100e-02,9.993663627620213985e-01,-2.442052612086366425e-02,6.136797108239893994e+00,-1.186101686777666503e-02,2.411985460857110630e-02,9.996387091807338310e-01,7.814976996762267314e-01,0.000000000000000000e+00,0.000000000000000000e+00,0.000000000000000000e+00,1.000000000000000056e-01
9.985141708971031482e-01,5.290514227776071249e-02,1.305742846967552183e-02,8.062608036641043441e+01,-5.259942078635513468e-02,9.983567261482163557e-01,-2.274089460762794557e-02,6.116231804704737485e+00,-1.423908180363988620e-02,2.202029235012982478e-02,9.996561185098623570e-01,7.854266530164073501e-01,0.000000000000000000e+00,0.000000000000000000e+00,0.000000000000000000e+00,1.000000000000000056e-01
9.964167350718292626e-01,8.342243652784736563e-02,1.394227931700405161e-02,8.111959571931561186e+01,-8.310776254778393102e-02,9.963020357714404973e-01,-2.180259897315918460e-02,6.074643161558948457e+00,-1.570954719580566761e-02,2.056576284606324162e-02,9.996650736749095323e-01,7.836383981323769010e-01,0.000000000000000000e+00,0.000000000000000000e+00,0.000000000000000000e+00,1.000000000000000056e-01
