9.999999999999998890e-01,-4.018190161877026714e-09,1.133515994980011755e-08,7.633825225149747602e-15,4.018190181577803729e-09,1.000000000000000000e+00,-1.738023675588458867e-09,4.040254207073799516e-15,-1.133515994281640700e-08,1.738023721135286974e-09,9.999999999999998890e-01,-2.166370667293524666e-14,0.000000000000000000e+00,0.000000000000000000e+00,0.000000000000000000e+00,1.000000000000000056e-01
9.998662984058491743e-01,-1.180016109017800394e-02,1.131996070802086460e-02,6.526221083391002820e-01,1.183364313354091577e-02,9.999257880809743204e-01,-2.895379220480581717e-03,3.783343055300589404e-03,-1.128495469079460189e-02,3.028948478967556646e-03,9.999317353043348788e-01,3.021767590770912948e-03,0.000000000000000000e+00,0.000000000000000000e+00,0.000000000000000000e+00,1.000000000000000056e-01
9.995713750276292719e-01,-1.783453821996990735e-02,2.321627601177473493e-02,1.337156247232356154e+00,1.792191157814140845e-02,9.998330488721481890e-01,-3.560824119471146711e-03,-2.898480929330624761e-03,-2.314889437445675352e-02,3.975377907188073351e-03,9.997241244762152812e-01,-1.260979944078739583e-02,0.000000000000000000e+00,0.000000000000000000e+00,0.000000000000000000e+00,1.000000000000000056e-01
9.991452465243646497e-01,-2.509077270573873905e-02,3.285162816049705392e-02,2.068968689376178283e+00,2.531821607416075495e-02,9.996581431305958665e-01,-6.525703602771226047e-03,1.756734116808203114e-02,-3.267666265989711827e-02,7.351870355091239331e-03,9.994389354631393330e-01,-3.644078768326308032e-02,0.000000000000000000e+00,0.000000000000000000e+00,0.000000000000000000e+00,1.000000000000000056e-01
9.984688945848836372e-01,-3.346895088645043120e-02,4.404197853185980172e-02,2.801088283442497939e+00,3.387279349080703911e-02,9.993903860682296081e-01,-8.455181578421835584e-03,6.547599494279141008e-02,-4.373214387117982382e-02,9.934060647857565970e-03,9.989939008980360802e-01,-7.800382904273346629e-02,0.000000000000000000e+00,0.000000000000000000e+00,0.000000000000000000e+00,1.000000000000000056e-01
9.977174333787404148e-01,-4.208203570652612607e-02,5.281122421354550456e-02,3.552053157701920760e+00,4.263403805158801768e-02,9.990468241786506498e-01,-9.369199430478883373e-03,9.057971963190580844e-02,-5.236661084655432064e-02,1.159936935126219468e-02,9.985605603563053601e-01,-1.139099821363683956e-01,0.000000000000000000e+00,0.000000000000000000e+00,0.000000000000000000e+00,1.000000000000000056e-01
9.966994334832700586e-01,-5.085925311719639158e-02,6.327381501450174417e-02,4.310768145676898477e+00,5.160674485699303510e-02,9.986150367329881261e-01,-1.023485691341324139e-02,1.441728869226876486e-01,-6.266564592656537203e-02,1.346643171496327354e-02,9.979437218788805852e-01,-1.471143952822076550e-01,0.000000000000000000e+00,0.000000000000000000e+00,0.000000000000000000e+00,1.000000000000000056e-01
9.953899650343176475e-01,-6.021724197427390235e-02,7.465052764710794486e-02,5.114878554941539868e+00,6.104314218597699238e-02,9.980960735256930727e-01,-8.829654843581244070e-03,2.101689743102663488e-01,-7.397670106893439179e-02,1.334585259943804440e-02,9.971706653915124452e-01,-1.998765210330854525e-01,0.000000000000000000e+00,0.000000000000000000e+00,0.000000000000000000e+00,1.000000000000000056e-01
9.941423728464691134e-01,-6.455899724711308685e-02,8.667801558434108655e-02,5.889905261699060368e+00,6.542516292160663327e-02,9.978315995213720146e-01,-7.186588432726790862e-03,2.755992656087547510e-01,-8.602610399101694172e-02,1.281541536850907236e-02,9.962104569623123629e-01,-2.514349552843562763e-01,0.000000000000000000e+00,0.000000000000000000e+00,0.000000000000000000e+00,1.000000000000000056e-01
9.924768919855253557e-01,-7.280475803234673360e-02,9.843315540306120381e-02,6.693731940199778130e+00,7.407427140780609154e-02,9.972093634745797797e-01,-9.299877097365731593e-03,3.331627838733434155e-01,-9.748138894247677932e-02,1.652127738629401849e-02,9.951002091263827509e-01,-3.192975381485984032e-01,0.000000000000000000e+00,0.000000000000000000e+00,0.000000000000000000e+00,1.000000000000000056e-01
9.907268417750864087e-01,-8.029759916165239708e-02,1.096021010530246059e-01,7.525922875840304727e+00,8.215887108460705190e-02,9.965400258078652707e-01,-1.256570192874519737e-02,3.982187002180634372e-01,-1.082138849153182064e-01,2.145396307757036630e-02,9.938961125690152221e-01,-3.944470602929443515e-01,0.000000000000000000e+00,0.000000000000000000e+00,0.000000000000000000e+00,1.000000000000000056e-01
9.889509915211031066e-01,-8.663408861701948904e-02,1.202932710459132387e-01,8.364808694473884643e+00,8.888119350930695495e-02,9.959516628223678003e-01,-1.343200512662513085e-02,4.863179435822493346e-01,-1.186426138020747895e-01,2.397540428979178656e-02,9.926475256501436917e-01,-4.882578876091954179e-01,0.000000000000000000e+00,0.000000000000000000e+00,0.000000000000000000e+00,1.000000000000000056e-01
9.872397235706550367e-01,-9.316921382442755473e-02,1.291403337438566945e-01,9.213778611531703078e+00,9.577505861441815149e-02,9.953030835632038498e-01,-1.410354554651968052e-02,5.950688371024888124e-01,-1.272197561369355912e-01,2.629200344051563221e-02,9.915260280010518290e-01,-5.862925539077941117e-01,0.000000000000000000e+00,0.000000000000000000e+00,0.000000000000000000e+00,1.000000000000000056e-01
9.854605791739700082e-01,-9.808395626233011588e-02,1.387335014264141075e-01,9.994969042417050531e+00,1.014865098108415492e-01,9.946803171519296161e-01,-1.765092056949966320e-02,6.930772050700783060e-01,-1.362642110772945836e-01,3.147386526097705611e-02,9.901724398229918567e-01,-6.790530231122139382e-01,0.000000000000000000e+00,0.000000000000000000e+00,0.000000000000000000e+00,1.000000000000000056e-01
9.832221798112676936e-01,-1.053068600199309618e-01,1.489449910534822452e-01,1.082395106279772712e+01,1.092183847232700428e-01,9.938491746017215078e-01,-1.830744607848339145e-02,7.959692240165908705e-01,-1.461009567580548452e-01,3.426781837554692539e-02,9.886759970071902215e-01,-7.997865301912592262e-01,0.000000000000000000e+00,0.000000000000000000e+00,0.000000000000000000e+00,1.000000000000000056e-01
9.813056649694835709e-01,-1.101209665409216415e-01,1.578371459032783530e-01,1.163098682346462098e+01,1.146202954181318595e-01,9.932147288612415137e-01,-1.966444129261683132e-02,9.024942550921976059e-01,-1.546007107909266320e-01,3.738816793029327984e-02,9.872693376793165720e-01,-8.977886461049887634e-01,0.000000000000000000e+00,0.000000000000000000e+00,0.000000000000000000e+00,1.000000000000000056e-01
9.794355819806739305e-01,-1.154693365710332542e-01,1.654471911578554166e-01,1.249428852315790728e+01,1.200295588683052972e-01,9.926107144965079510e-01,-1.780096808075223858e-02,1.032966274563962505e+00,-1.621691886520325865e-01,3.729345490266853386e-02,9.860579863645768661e-01,-1.030636833125289531e+00,0.000000000000000000e+00,0.000000000000000000e+00,0.000000000000000000e+00,1.000000000000000056e-01
9.774932108891123406e-01,-1.227332378923278317e-01,1.715913021751353795e-01,1.339830344510984617e+01,1.275595215715171205e-01,9.916792101234637169e-01,-1.734683444749650361e-02,1.157265414019324368e+00,-1.680344938461713900e-01,3.884451731413911257e-02,9.850154883820317897e-01,-1.179041164847737910e+00,0.000000000000000000e+00,0.000000000000000000e+00,0.000000000000000000e+00,1.000000000000000056e-01
9.765273569197286951e-01,-1.209935459526233631e-01,1.781989983843322578e-01,1.426747255924953883e+01,1.256208879871010542e-01,9.919668020811095444e-01,-1.487467883045394922e-02,1.285405801165966144e+00,-1.749677504247598436e-01,3.691104721878483985e-02,9.838820360716581392e-01,-1.319148198977347253e+00,0.000000000000000000e+00,0.000000000000000000e+00,0.000000000000000000e+00,1.000000000000000056e-01
9.720399898959528606e-01,-1.422287777205357706e-01,1.868401263947291058e-01,1.524022163174387146e+01,1.473336656764000496e-01,9.889926062836519316e-01,-1.365341256332328924e-02,1.516915359705518496e+00,-1.828415953808944228e-01,4.079950372727539354e-02,9.822954502053734549e-01,-1.489963739037461377e+00,0.000000000000000000e+00,0.000000000000000000e+00,0.000000000000000000e+00,1.000000000000000056e-01
9.703223332216069918e-01,-1.440176183789436126e-01,1.942511138908442903e-01,1.616342793140806577e+01,1.496295993113498368e-01,9.886364548174397804e-01,-1.445486824323281676e-02,1.677949667539582190e+00,-1.899619768830112243e-01,4.309159781745498796e-02,9.808453300782121742e-01,-1.659647060939459795e+00,0.000000000000000000e+00,0.000000000000000000e+00,0.000000000000000000e+00,1.000000000000000056e-01
9.670856316307874234e-01,-1.515089394981279647e-01,2.044270587408465734e-01,1.704592573683232004e+01,1.584560753904860342e-01,9.872027547556176952e-01,-1.795531048921887932e-02,1.835294669868818174e+00,-1.990905654849710327e-01,4.975703221728804138e-02,9.787171115699379031e-01,-1.826930995898282228e+00,0.000000000000000000e+00,0.000000000000000000e+00,0.000000000000000000e+00,1.000000000000000056e-01
9.643788506610313505e-01,-1.582462919035700355e-01,2.119706194180654424e-01,1.787330843276125592e+01,1.660898619846814528e-01,9.859156830871755872e-01,-1.960672304739883437e-02,1.971502233626863276e+00,-2.058824668193425800e-01,5.411447996163356450e-02,9.770793380861475530e-01,-1.988576636330092962e+00,0.000000000000000000e+00,0.000000000000000000e+00,0.000000000000000000e+00,1.000000000000000056e-01
9.618618888216126095e-01,-1.628364111108757395e-01,2.197862826680719861e-01,1.874583800287807378e+01,1.722192982918695214e-01,9.847639017474827394e-01,-2.409504328550389485e-02,2.113504574928548596e+00,-2.125140468966130181e-01,6.102754322110712226e-02,9.752504390360560160e-01,-2.172912861120426697e+00,0.000000000000000000e+00,0.000000000000000000e+00,0.000000000000000000e+00,1.000000000000000056e-01
9.585272671569456948e-01,-1.686884586457982615e-01,2.297165253880138758e-01,1.964629831131255600e+01,1.790850207224935209e-01,9.835151051768892261e-01,-2.503184455282168874e-02,2.283288897492904646e+00,-2.217070893531853104e-01,6.513249426052532265e-02,9.729356220850079451e-01,-2.365798770161858577e+00,0.000000000000000000e+00,0.000000000000000000e+00,0.000000000000000000e+00,1.000000000000000056e-01
9.556624947367944323e-01,-1.721572502268133298e-01,2.388955364752318455e-01,2.054187268762389706e+01,1.837057680477792165e-01,9.826165854462902693e-01,-2.677380794449810836e-02,2.438288258465240332e+00,-2.301334111758263912e-01,6.947321210521156809e-02,9.706760972952627187e-01,-2.571001914956426937e+00,0.000000000000000000e+00,0.000000000000000000e+00,0.000000000000000000e+00,1.000000000000000056e-01
9.535484379076111239e-01,-1.713716625376600078e-01,2.477440813481383564e-01,2.142047552573157176e+01,1.848652435600378063e-01,9.822398539302088505e-01,-3.208911146557112681e-02,2.625227833538539279e+00,-2.378449458942579753e-01,7.639779205081996538e-02,9.682939425000639533e-01,-2.774576491474379125e+00,0.000000000000000000e+00,0.000000000000000000e+00,0.000000000000000000e+00,1.000000000000000056e-01
9.505082335466505938e-01,-1.736618520722034986e-01,2.576347396895030117e-01,2.232268878351823815e+01,1.886007460537018898e-01,9.814562724504098945e-01,-3.425410713672036311e-02,2.830544144904207027e+00,-2.469085995829487512e-01,8.114891498103332657e-02,9.656350226920045188e-01,-2.992397102844562617e+00,0.000000000000000000e+00,0.000000000000000000e+00,0.000000000000000000e+00,1.000000000000000056e-01
9.487150754280402332e-01,-1.705555131453495021e-01,2.661776147449190777e-01,2.323756272383774757e+01,1.862544593953508465e-01,9.818886440044410913e-01,-3.469822950044511994e-02,3.027836108709093033e+00,-2.554388028685415923e-01,8.249550115519310722e-02,9.632992838563931848e-01,-3.216066250633359935e+00,0.000000000000000000e+00,0.000000000000000000e+00,0.000000000000000000e+00,1.000000000000000056e-01
9.483253722274183062e-01,-1.639275394651326379e-01,2.716739777649597176e-01,2.411501012179371273e+01,1.803870926605934122e-01,9.829151237701483357e-01,-3.658355184194692078e-02,3.208010399456344697e+00,-2.610354098416284296e-01,8.369958941847514822e-02,9.616937628684049111e-01,-3.444852418371503244e+00,0.000000000000000000e+00,0.000000000000000000e+00,0.000000000000000000e+00,1.000000000000000056e-01
9.467792808061693544e-01,-1.666990840304741761e-01,2.753550595495816156e-01,2.501300649179926339e+01,1.844114263258875841e-01,9.820531735974900034e-01,-3.954731428997430159e-02,3.377655303548074528e+00,-2.638208090287884611e-01,8.822119705886546925e-02,9.605288132653264643e-01,-3.671998941675029382e+00,0.000000000000000000e+00,0.000000000000000000e+00,0.000000000000000000e+00,1.000000000000000056e-01
9.470963363871666152e-01,-1.658767197062012977e-01,2.747607021783088355e-01,2.588281298584777446e+01,1.840489549275546588e-01,9.820387248378260603e-01,-4.154425482508282419e-02,3.557872600996488277e+00,-2.629344248897088621e-01,8.991583163384965494e-02,9.606147153929671667e-01,-3.912182009573208052e+00,0.000000000000000000e+00,0.000000000000000000e+00,0.000000000000000000e+00,1.000000000000000056e-01
9.448989580820792433e-01,-1.663028098534293231e-01,2.819739960532798850e-01,2.677319697253985353e+01,1.864688638075215343e-01,9.813805499038030788e-01,-4.606060248022324222e-02,3.736255002253841884e+00,-2.690637876893375857e-01,9.610198595951742473e-02,9.583157550874887853e-01,-4.149077218699118497e+00,0.000000000000000000e+00,0.000000000000000000e+00,0.000000000000000000e+00,1.000000000000000056e-01
9.429919395640987689e-01,-1.670365745653434875e-01,2.878627879296238867e-01,2.768326045337627761e+01,1.890010164869845855e-01,9.806994692552749582e-01,-5.007161640399367120e-02,3.897009028696706068e+00,-2.739430920538529768e-01,1.016234901973877142e-01,9.563617770258677764e-01,-4.400983437663476217e+00,0.000000000000000000e+00,0.000000000000000000e+00,0.000000000000000000e+00,1.000000000000000056e-01
9.394345511590826980e-01,-1.675207301480566568e-01,2.989975402226495160e-01,2.862400602737995925e+01,1.919290673673809400e-01,9.799217366112257244e-01,-5.400577021325418670e-02,4.082677769779823329e+00,-2.839471027991309904e-01,1.081212055403630995e-01,9.527244343064148469e-01,-4.667183564701102405e+00,0.000000000000000000e+00,0.000000000000000000e+00,0.000000000000000000e+00,1.000000000000000056e-01
9.361113979646830119e-01,-1.686052823342926443e-01,3.086546765716995377e-01,2.953006389502515816e+01,1.958111545965733058e-01,9.788553289215763398e-01,-5.916279893133480350e-02,4.259175926914420707e+00,-2.921531145412690211e-01,1.158209990062516459e-01,9.493324253669154222e-01,-4.933979078576018473e+00,0.000000000000000000e+00,0.000000000000000000e+00,0.000000000000000000e+00,1.000000000000000056e-01
9.328910879111027565e-01,-1.677650655164592552e-01,3.186990757568921029e-01,3.040870162175944103e+01,1.981543592676709431e-01,9.779992440870142190e-01,-6.520988014440469438e-02,4.431039477327550102e+00,-3.007475153667240053e-01,1.239853271862721845e-01,9.456101578574835909e-01,-5.188291951173260586e+00,0.000000000000000000e+00,0.000000000000000000e+00,0.000000000000000000e+00,1.000000000000000056e-01
9.322051484476132632e-01,-1.710160456672197571e-01,3.189781706200452982e-01,3.132106860188148190e+01,2.031050201835091495e-01,9.766553438837665135e-01,-6.994776650857469080e-02,4.607411492544377651e+00,-2.995695444867846335e-01,1.299917358435879744e-01,9.451773572342659913e-01,-5.469040463712414812e+00,0.000000000000000000e+00,0.000000000000000000e+00,0.000000000000000000e+00,1.000000000000000056e-01
9.310968016924121571e-01,-1.756606449850764973e-01,3.196906061828965195e-01,3.226447726226846413e+01,2.084675406396722108e-01,9.754351121537506719e-01,-7.118726344822159935e-02,4.805624414256215005e+00,-2.993326416844769855e-01,1.329273477544286874e-01,9.448440558320541083e-01,-5.769935997648943271e+00,0.000000000000000000e+00,0.000000000000000000e+00,0.000000000000000000e+00,1.000000000000000056e-01
9.281830638281117762e-01,-1.774743669377598920e-01,3.270765187271944541e-01,3.318458058270530842e+01,2.121150447482829937e-01,9.745015114629773656e-01,-7.317111416267013668e-02,5.028860371617734693e+00,-3.057505646995494208e-01,1.372940393331551767e-01,9.421607818995082484e-01,-6.072652802867503752e+00,0.000000000000000000e+00,0.000000000000000000e+00,0.000000000000000000e+00,1.000000000000000056e-01
9.263112156489109461e-01,-1.809716664098917349e-01,3.304493724004686217e-01,3.410770240061872727e+01,2.167699376267219480e-01,9.733699240578878031e-01,-7.457737646799277031e-02,5.240861401970957623e+00,-3.081530884225303635e-01,1.407133501000118470e-01,9.408726944700264161e-01,-6.353405760811394742e+00,0.000000000000000000e+00,0.000000000000000000e+00,0.000000000000000000e+00,1.000000000000000056e-01
9.246737251645428257e-01,-1.840534015556627434e-01,3.333209374853572382e-01,3.500723396033390600e+01,2.206343558225392631e-01,9.724616124917342397e-01,-7.509256461693983309e-02,5.466473947569659764e+00,-3.103207743949809028e-01,1.429781717807515617e-01,9.398182054914308026e-01,-6.642333896853987341e+00,0.000000000000000000e+00,0.000000000000000000e+00,0.000000000000000000e+00,1.000000000000000056e-01
9.220863852829060958e-01,-1.860383626662339140e-01,3.393323233828025032e-01,3.592215305748186438e+01,2.238993196855582068e-01,9.716680593803735944e-01,-7.569859327836257756e-02,5.677618595617337505e+00,-3.156355377967573483e-01,1.457769185997755401e-01,9.376157514052898545e-01,-6.944904127052065945e+00,0.000000000000000000e+00,0.000000000000000000e+00,0.000000000000000000e+00,1.000000000000000056e-01
9.197738431242601376e-01,-1.888392220980082692e-01,3.440288152202485850e-01,3.686091338780187954e+01,2.289460456715014802e-01,9.701826228058787471e-01,-7.955744199563441477e-02,5.906583645961157814e+00,-3.187472128126168092e-01,1.519388910151876770e-01,9.355825926775590551e-01,-7.265316462650710072e+00,0.000000000000000000e+00,0.000000000000000000e+00,0.000000000000000000e+00,1.000000000000000056e-01
9.165474355697241782e-01,-1.934136097251660802e-01,3.500456740536060929e-01,3.779604761564394977e+01,2.339452930227437499e-01,9.691928192441920942e-01,-7.703816585301988262e-02,6.135465161824559033e+00,-3.243615239560093677e-01,1.525006711413952054e-01,9.335593966525960186e-01,-7.556321341977303874e+00,0.000000000000000000e+00,0.000000000000000000e+00,0.000000000000000000e+00,1.000000000000000056e-01
9.142248287771397308e-01,-1.973827241602695570e-01,3.538827809465733831e-01,3.872843538369200900e+01,2.382328055551456159e-01,9.682780764017688835e-01,-7.538366611550784135e-02,6.370426503691868803e+00,-3.277775050315894778e-01,1.532241069896024266e-01,9.322468987518838235e-01,-7.879307655469076188e+00,0.000000000000000000e+00,0.000000000000000000e+00,0.000000000000000000e+00,1.000000000000000056e-01
9.115018056160519855e-01,-2.023480856262356298e-01,3.580777996498452631e-01,3.966440179380970221e+01,2.456303467955889830e-01,9.661131825263751249e-01,-7.931614767396175103e-02,6.624382377842745306e+00,-3.298942119706797516e-01,1.602515859271184673e-01,9.303167407480570361e-01,-8.188436405092200943e+00,0.000000000000000000e+00,0.000000000000000000e+00,0.000000000000000000e+00,1.000000000000000056e-01
9.094485760616491943e-01,-2.086487345814758976e-01,3.596790139235085948e-01,4.058982801872648594e+01,2.524545301558136501e-01,9.643871427417656239e-01,-7.889327676158919278e-02,6.875340714149745125e+00,-3.304088341785764160e-01,1.625519746786305841e-01,9.297348319950328177e-01,-8.493947709323535378e+00,0.000000000000000000e+00,0.000000000000000000e+00,0.000000000000000000e+00,1.000000000000000056e-01
9.088919852751067285e-01,-2.102912022599272013e-01,3.601291009551291777e-01,4.153677478040170001e+01,2.550867381242816201e-01,9.635056599141414990e-01,-8.116402741688488742e-02,7.139391330044316142e+00,-3.299183461643038218e-01,1.656334916781296851e-01,9.293650689038842616e-01,-8.825183176297082710e+00,0.000000000000000000e+00,0.000000000000000000e+00,0.000000000000000000e+00,1.000000000000000056e-01
9.073823794880121474e-01,-2.139397160000058584e-01,3.617831053442241984e-01,4.250800144123452640e+01,2.595633708023470931e-01,9.622394556669983112e-01,-8.198833145882446216e-02,7.391264687727320037e+00,-3.305814180083272991e-01,1.683004096118474457e-01,9.286500407538288426e-01,-9.159227273858517648e+00,0.000000000000000000e+00,0.000000000000000000e+00,0.000000000000000000e+00,1.000000000000000056e-01
9.046122872040831542e-01,-2.165401290744950469e-01,3.671334666572887984e-01,4.345766040921092355e+01,2.649745069485392457e-01,9.603719210635972559e-01,-8.645394091650313029e-02,7.674992099407263346e+00,-3.338639251353401893e-01,1.754883065421075916e-01,9.261418540160072377e-01,-9.482087862614738683e+00,0.000000000000000000e+00,0.000000000000000000e+00,0.000000000000000000e+00,1.000000000000000056e-01
9.032968700466526002e-01,-2.147687775557917123e-01,3.713881214458961133e-01,4.437367110090944777e+01,2.646220449937136121e-01,9.603021900943768951e-01,-8.828860064180563128e-02,7.936648564504031000e+00,-3.376831915675783669e-01,1.780283008039285908e-01,9.242705157288098050e-01,-9.807408343661629502e+00,0.000000000000000000e+00,0.000000000000000000e+00,0.000000000000000000e+00,1.000000000000000056e-01
8.997903728019206460e-01,-2.283714896808148320e-01,3.717845447486302080e-01,4.518185311262931236e+01,2.799064933406102962e-01,9.557672081812025322e-01,-9.034046021176116159e-02,8.186455903676915113e+00,-3.347082909023073594e-01,1.853523845718619278e-01,9.239127954167433154e-01,-1.009175880490886001e+01,0.000000000000000000e+00,0.000000000000000000e+00,0.000000000000000000e+00,1.000000000000000056e-01
9.001519903501015163e-01,-2.305834107145934841e-01,3.695371225898366196e-01,4.603653896488493302e+01,2.831446665445884192e-01,9.544441800041852941e-01,-9.415628000028590516e-02,8.443373171033549340e+00,-3.309916797686984768e-01,1.893874281977647733e-01,9.244332912463353313e-01,-1.040349415346887341e+01,0.000000000000000000e+00,0.000000000000000000e+00,0.000000000000000000e+00,1.000000000000000056e-01
8.994022070573057803e-01,-2.314708880059686835e-01,3.708057415226679865e-01,4.687403069579305281e+01,2.853131501300896211e-01,9.535329223176822744e-01,-9.680584909573296259e-02,8.709119700306619194e+00,-3.311677464719235964e-01,1.928631485329148632e-01,9.236513030547179870e-01,-1.070651129006982316e+01,0.000000000000000000e+00,0.000000000000000000e+00,0.000000000000000000e+00,1.000000000000000056e-01
8.964881544606647656e-01,-2.343921435465508574e-01,3.759911062184375652e-01,4.771181501054495300e+01,2.899741786256829212e-01,9.520126969722785271e-01,-9.791220829870538045e-02,9.001409594736061948e+00,-3.349984546860952372e-01,1.968048471131279009e-01,9.214357750330223196e-01,-1.101036802324016683e+01,0.000000000000000000e+00,0.000000000000000000e+00,0.000000000000000000e+00,1.000000000000000056e-01
8.954249743006051920e-01,-2.318967947702425259e-01,3.800499861518857325e-01,4.859525319506479946e+01,2.904660910715434752e-01,9.512226007186612708e-01,-1.039471684060902790e-01,9.300394029379273064e+00,-3.374071210516729757e-01,2.034685244879765598e-01,9.191066283115943980e-01,-1.132432347379647375e+01,0.000000000000000000e+00,0.000000000000000000e+00,0.000000000000000000e+00,1.000000000000000056e-01
8.924394719697401612e-01,-2.327745340791851081e-01,3.864813128142029486e-01,4.941277209355654065e+01,2.946775534441478106e-01,9.494017110640911028e-01,-1.086348494947523419e-01,9.563856290771850510e+00,-3.416385932041972051e-01,2.108373954325806765e-01,9.158769919157608852e-01,-1.163028461172763883e+01,0.000000000000000000e+00,0.000000000000000000e+00,0.000000000000000000e+00,1.000000000000000056e-01
8.911163666276927797e-01,-2.366833976674606876e-01,3.871596445871473002e-01,5.026474403229534715e+01,3.006948863086169599e-01,9.469806778738700803e-01,-1.131820704943738987e-01,9.871048219168786275e+00,-3.398443856768969540e-01,2.172753207387626562e-01,9.150394682863468576e-01,-1.193728361191048570e+01,0.000000000000000000e+00,0.000000000000000000e+00,0.000000000000000000e+00,1.000000000000000056e-01
8.905027292438536524e-01,-2.380672844394903231e-01,3.877226551142642919e-01,5.117450568723638327e+01,3.033665169455023181e-01,9.457827470506320333e-01,-1.160334080242172022e-01,1.017823354673028113e+01,-3.390776394951489081e-01,2.209501379519077102e-01,9.144437603994194363e-01,-1.223924290603788023e+01,0.000000000000000000e+00,0.000000000000000000e+00,0.000000000000000000e+00,1.000000000000000056e-01
8.877433598043938945e-01,-2.434242608436982536e-01,3.907126263072459582e-01,5.204345078676578851e+01,3.108167593790843730e-01,9.430316155724515204e-01,-1.186773530202643034e-01,1.049808787642467145e+01,-3.395654122732331692e-01,2.267950644602109433e-01,9.128303947197409229e-01,-1.256056397724796803e+01,0.000000000000000000e+00,0.000000000000000000e+00,0.000000000000000000e+00,1.000000000000000056e-01
8.854538508809408626e-01,-2.456145009520535882e-01,3.945186876209875182e-01,5.288307723804616245e+01,3.148435875850743026e-01,9.414623376005307742e-01,-1.205080173113134423e-01,1.079867507301709040e+01,-3.418259693421088485e-01,2.309159669702764983e-01,9.109516029304245421e-01,-1.286627880153121239e+01,0.000000000000000000e+00,0.000000000000000000e+00,0.000000000000000000e+00,1.000000000000000056e-01
8.818151087421502998e-01,-2.480346919153160745e-01,4.010996205440037765e-01,5.373103876492461239e+01,3.194887896889079815e-01,9.398029565020507015e-01,-1.212324882740654641e-01,1.108528180247659556e+01,-3.468847463599204484e-01,2.350514721427605092e-01,9.079767498049357011e-01,-1.316747085209119916e+01,0.000000000000000000e+00,0.000000000000000000e+00,0.000000000000000000e+00,1.000000000000000056e-01
8.805324267115745007e-01,-2.537797131251162130e-01,4.003229979848264009e-01,5.456312886191542333e+01,3.235036761384811332e-01,9.390574362891411786e-01,-1.162604957625512359e-01,1.142251919110318603e+01,-3.464217329128100875e-01,2.318770979553590739e-01,9.089691933225715337e-01,-1.347489640971510738e+01,0.000000000000000000e+00,0.000000000000000000e+00,0.000000000000000000e+00,1.000000000000000056e-01
8.803718224642040902e-01,-2.583383534023179218e-01,3.977521205128076165e-01,5.538396823040218919e+01,3.291968695813612955e-01,9.365615109981323405e-01,-1.203410037133122723e-01,1.172050886081519039e+01,-3.414306302441070251e-01,2.368835816984249110e-01,9.095665415201009685e-01,-1.377927726904638028e+01,0.000000000000000000e+00,0.000000000000000000e+00,0.000000000000000000e+00,1.000000000000000056e-01
8.803127240578824120e-01,-2.644597280611725720e-01,3.938407801327856728e-01,5.620074624015129672e+01,3.344496211277599995e-01,9.347575577667007751e-01,-1.198822719401453074e-01,1.204059247680917721e+01,-3.364416127492084740e-01,2.372537890779487235e-01,9.113274278649072802e-01,-1.406575884642470164e+01,0.000000000000000000e+00,0.000000000000000000e+00,0.000000000000000000e+00,1.000000000000000056e-01
8.810572992155732974e-01,-2.667537047573833031e-01,3.906155354017176728e-01,5.704015672340534593e+01,3.383680141218189941e-01,9.324845734221022253e-01,-1.264104716748440105e-01,1.236698885612657328e+01,-3.305224992617238344e-01,2.435466717654150848e-01,9.118332611578571223e-01,-1.438194315629836773e+01,0.000000000000000000e+00,0.000000000000000000e+00,0.000000000000000000e+00,1.000000000000000056e-01
8.808802386800214101e-01,-2.709385793079057692e-01,3.881266434369612939e-01,5.786956221103601905e+01,3.418942033256420210e-01,9.312717700617173522e-01,-1.258620038710668021e-01,1.268848021053397090e+01,-3.273505137239789975e-01,2.435676015580265086e-01,9.129712288105893414e-01,-1.468979005611657307e+01,0.000000000000000000e+00,0.000000000000000000e+00,0.000000000000000000e+00,1.000000000000000056e-01
8.776079596010640804e-01,-2.752090450399171107e-01,3.925101919352846913e-01,5.873407815146272526e+01,3.476080170265142821e-01,9.291732668922915162e-01,-1.257207484530736274e-01,1.302808354048613282e+01,-3.301104902055548296e-01,2.467732190107413959e-01,9.111147252872850988e-01,-1.497711220615395078e+01,0.000000000000000000e+00,0.000000000000000000e+00,0.000000000000000000e+00,1.000000000000000056e-01
8.764595281447965514e-01,-2.787892411219514144e-01,3.925496841915007695e-01,5.955333702247274630e+01,3.526118283611464066e-01,9.268278088063186537e-01,-1.290546834604907600e-01,1.336128686391524134e+01,-3.278469063816372153e-01,2.515288688360134972e-01,9.106314480172895687e-01,-1.525628200324893946e+01,0.000000000000000000e+00,0.000000000000000000e+00,0.000000000000000000e+00,1.000000000000000056e-01
8.756058581877224078e-01,-2.838110721182414697e-01,3.908524740236866135e-01,6.029104073981236667e+01,3.581175592397662366e-01,9.244401562968714847e-01,-1.310046227809093522e-01,1.365937138344218837e+01,-3.241391597315800288e-01,2.546795491768237274e-01,9.110829448297201871e-01,-1.552508489883145870e+01,0.000000000000000000e+00,0.000000000000000000e+00,0.000000000000000000e+00,1.000000000000000056e-01
8.737553002321190032e-01,-2.904815091268103111e-01,3.900925123245643222e-01,6.102058157409739891e+01,3.652481935611956998e-01,9.215182733087619038e-01,-1.319008303928421166e-01,1.396146263076329141e+01,-3.211626261204172383e-01,2.577296351090591631e-01,9.112793220357786605e-01,-1.578667473794628862e+01,0.000000000000000000e+00,0.000000000000000000e+00,0.000000000000000000e+00,1.000000000000000056e-01
8.738587553458241342e-01,-2.922793460415859523e-01,3.885146838704427452e-01,6.172989726169896585e+01,3.679999274144292731e-01,9.198706640473194307e-01,-1.356982492448535749e-01,1.426339594238719677e+01,-3.177214646957645661e-01,2.615544786514779618e-01,9.113958116915676921e-01,-1.604198568852167384e+01,0.000000000000000000e+00,0.000000000000000000e+00,0.000000000000000000e+00,1.000000000000000056e-01
8.736153199472179720e-01,-2.975940776262932519e-01,3.850117371136571598e-01,6.244574194993210625e+01,3.740813020969828151e-01,9.167331963149529805e-01,-1.402263391649219981e-01,1.456546440288197530e+01,-3.112225123202786992e-01,2.665295700966884840e-01,9.121965446597177785e-01,-1.629537184472852474e+01,0.000000000000000000e+00,0.000000000000000000e+00,0.000000000000000000e+00,1.000000000000000056e-01
8.717121487730037366e-01,-3.011385209635750182e-01,3.865663214422890848e-01,6.311946041463060197e+01,3.787778753288295053e-01,9.145778713497938472e-01,-1.416849970838754413e-01,1.486081938234999100e+01,-3.108781929356422280e-01,2.699313031664734019e-01,9.113132506048176040e-01,-1.652637742572351698e+01,0.000000000000000000e+00,0.000000000000000000e+00,0.000000000000000000e+00,1.000000000000000056e-01
8.697890688239983126e-01,-3.067810679266235185e-01,3.864613203363078675e-01,6.380194620765914237e+01,3.851154935659899525e-01,9.117191443984753452e-01,-1.430183846669234315e-01,1.517274391833748481e+01,-3.084688515388642749e-01,2.732280697496370925e-01,9.111494880266254315e-01,-1.675432192112292640e+01,0.000000000000000000e+00,0.000000000000000000e+00,0.000000000000000000e+00,1.000000000000000056e-01
8.658324068753617819e-01,-3.131119065136553914e-01,3.902501469619221175e-01,6.446705025758340923e+01,3.938437744400951068e-01,9.075674562127411527e-01,-1.456310192174510298e-01,1.546194253281592168e+01,-3.085795270901771636e-01,2.797896467400428633e-01,9.091184900978994676e-01,-1.697774165333674290e+01,0.000000000000000000e+00,0.000000000000000000e+00,0.000000000000000000e+00,1.000000000000000056e-01
8.652457552207496461e-01,-3.163949023295595797e-01,3.889010784921315134e-01,6.508430454540088306e+01,3.973381818260991460e-01,9.058078507649764965e-01,-1.470867320857456306e-01,1.574834770563670183e+01,-3.057321578368955572e-01,2.817914180247556577e-01,9.094621731506995488e-01,-1.717644080108773252e+01,0.000000000000000000e+00,0.000000000000000000e+00,0.000000000000000000e+00,1.000000000000000056e-01
8.656933404274111954e-01,-3.229484916454818944e-01,3.824647854163026883e-01,6.567108316294965675e+01,4.019750265836529168e-01,9.038267747476610436e-01,-1.466739215140587527e-01,1.602592407855478740e+01,-2.983137917406800677e-01,2.807159293541228173e-01,9.122540483133791955e-01,-1.736227943654421324e+01,0.000000000000000000e+00,0.000000000000000000e+00,0.000000000000000000e+00,1.000000000000000056e-01
8.676037953352566667e-01,-3.236150301151581865e-01,3.775406820508530603e-01,6.625942632268723287e+01,4.029289441373208880e-01,9.024546851599639652e-01,-1.523935930714089837e-01,1.628812648379470573e+01,-2.913965001441194969e-01,2.843393281211652468e-01,9.133669723541368857e-01,-1.755453378116547469e+01,0.000000000000000000e+00,0.000000000000000000e+00,0.000000000000000000e+00,1.000000000000000056e-01
8.687265474728997905e-01,-3.248988054069691378e-01,3.738381360441172530e-01,6.690039989862691527e+01,4.042649398799680327e-01,9.012046810389926499e-01,-1.562049335240515147e-01,1.659048440162696281e+01,-2.861538818532109452e-01,2.868290241912974103e-01,9.142456271603418561e-01,-1.775684747009428222e+01,0.000000000000000000e+00,0.000000000000000000e+00,0.000000000000000000e+00,1.000000000000000056e-01
8.686567985365312161e-01,-3.292366425572385569e-01,3.701872493129679254e-01,6.750676735383960647e+01,4.080207737065166262e-01,8.992576413798532009e-01,-1.576538697396259736e-01,1.687427643690405787e+01,-2.809882819268444965e-01,2.879911936458831589e-01,9.154816534492755675e-01,-1.795235938289508582e+01,0.000000000000000000e+00,0.000000000000000000e+00,0.000000000000000000e+00,1.000000000000000056e-01
8.668266903024596237e-01,-3.326476649278682363e-01,3.714256587761817219e-01,6.809898057838714180e+01,4.120815209117882905e-01,8.973325690498967777e-01,-1.580603702556069856e-01,1.715952343407619551e+01,-2.807139275175195570e-01,2.900685979908009804e-01,9.149097766213561966e-01,-1.813084401080428165e+01,0.000000000000000000e+00,0.000000000000000000e+00,0.000000000000000000e+00,1.000000000000000056e-01
8.648105202526898960e-01,-3.400317325543391056e-01,3.694336001453661922e-01,6.864338527018522029e+01,4.201075548225232104e-01,8.929845635181961061e-01,-1.615184562186545436e-01,1.740286429862883821e+01,-2.749771016672343249e-01,2.948847065792175037e-01,9.151123446792619465e-01,-1.830475876541179758e+01,0.000000000000000000e+00,0.000000000000000000e+00,0.000000000000000000e+00,1.000000000000000056e-01
8.637359521817049579e-01,-3.469739783253567578e-01,3.654712892606454822e-01,6.914433257222835039e+01,4.272206338044320373e-01,8.888062287419354890e-01,-1.658493828787965252e-01,1.763222539508869957e+01,-2.672877381409460296e-01,2.993869504748213339e-01,9.159283372212501106e-01,-1.844012736194092383e+01,0.000000000000000000e+00,0.000000000000000000e+00,0.000000000000000000e+00,1.000000000000000056e-01
8.647502812202971789e-01,-3.468336011964857080e-01,3.631988494068974505e-01,6.968528171741606059e+01,4.292051966231346660e-01,8.859103101974266092e-01,-1.759142446693721107e-01,1.787753651219013307e+01,-2.607486343609748958e-01,3.080087261214793926e-01,9.149539738762327845e-01,-1.859910721719058557e+01,0.000000000000000000e+00,0.000000000000000000e+00,0.000000000000000000e+00,1.000000000000000056e-01
8.667340613906044933e-01,-3.455956075206672584e-01,3.596327889497408781e-01,7.022719693855096068e+01,4.290632037424949030e-01,8.842708580614472291e-01,-1.843090252198684720e-01,1.812390745680922066e+01,-2.543164053292163440e-01,3.140521065773843046e-01,9.147100307391042850e-01,-1.874828027380786821e+01,0.000000000000000000e+00,0.000000000000000000e+00,0.000000000000000000e+00,1.000000000000000056e-01
8.682129979113641927e-01,-3.476660145928403556e-01,3.540261749572939931e-01,7.073403980142063574e+01,4.297005787027989299e-01,8.835900881507151583e-01,-1.860805438091019948e-01,1.837196561008252971e+01,-2.481201380787970145e-01,3.136827990485648865e-01,9.165366870239382013e-01,-1.888614754414803443e+01,0.000000000000000000e+00,0.000000000000000000e+00,0.000000000000000000e+00,1.000000000000000056e-01
8.698090462725620586e-01,-3.468587599483665129e-01,3.508863401010327010e-01,7.123089791819441530e+01,4.268740511943528992e-01,8.856691182653553263e-01,-1.826711727886722869e-01,1.863957401259668245e+01,-2.474080989768465688e-01,3.086733120924927687e-01,9.184280151228584321e-01,-1.902513583226089011e+01,0.000000000000000000e+00,0.000000000000000000e+00,0.000000000000000000e+00,1.000000000000000056e-01
8.699501104396289985e-01,-3.444316031693506197e-01,3.529216288133503743e-01,7.172137434082205232e+01,4.264207776791060223e-01,8.848688751061967173e-01,-1.875430463436074946e-01,1.885708439728273689e+01,-2.476936125733235072e-01,3.136462092971714632e-01,9.166645677039617635e-01,-1.916507574801326541e+01,0.000000000000000000e+00,0.000000000000000000e+00,0.000000000000000000e+00,1.000000000000000056e-01
8.710180303127648127e-01,-3.419699336487223573e-01,3.526813793643776562e-01,7.224630193779989895e+01,4.250505341708475382e-01,8.845607419192054177e-01,-1.920529543027704178e-01,1.908873351466747081e+01,-2.462917665516831389e-01,3.171889946634865454e-01,9.158228580862228796e-01,-1.929784570285693590e+01,0.000000000000000000e+00,0.000000000000000000e+00,0.000000000000000000e+00,1.000000000000000056e-01
8.720103093891781176e-01,-3.382986791061390885e-01,3.537683197150803815e-01,7.274373469836606887e+01,4.222347502758275750e-01,8.854808476637328063e-01,-1.940141337125382281e-01,1.929621419425213347e+01,-2.476203464550102984e-01,3.185556028949399487e-01,9.149898862204663974e-01,-1.943407302844347839e+01,0.000000000000000000e+00,0.000000000000000000e+00,0.000000000000000000e+00,1.000000000000000056e-01
8.759517910715937106e-01,-3.334086874370214004e-01,3.486360664933988440e-01,7.319582876427111273e+01,4.161046761748690703e-01,8.878556299070077262e-01,-1.963906283605148795e-01,1.951801438907943265e+01,-2.440601527981869356e-01,3.170978202131845558e-01,9.164516431499114546e-01,-1.954408252937975021e+01,0.000000000000000000e+00,0.000000000000000000e+00,0.000000000000000000e+00,1.000000000000000056e-01
8.810437633137533364e-01,-3.266148662787069501e-01,3.421762941112100331e-01,7.364818822467212556e+01,4.072935321555009036e-01,8.916661783186889956e-01,-1.975940411723994816e-01,1.974486525677563975e+01,-2.405698771464018226e-01,3.134551890913377936e-01,9.186250479066412344e-01,-1.966366185243406761e+01,0.000000000000000000e+00,0.000000000000000000e+00,0.000000000000000000e+00,1.000000000000000056e-01
8.886359229609619437e-01,-3.117378550619788746e-01,3.363713812806851666e-01,7.410028279360000170e+01,3.899668506064693507e-01,8.996215144391765950e-01,-1.964866056153291296e-01,1.993047647574937997e+01,-2.413546184587960775e-01,3.057787443226211987e-01,9.210034243525320186e-01,-1.978870304321017670e+01,0.000000000000000000e+00,0.000000000000000000e+00,0.000000000000000000e+00,1.000000000000000056e-01
8.934659510871958421e-01,-2.993311563385171459e-01,3.348424302457783108e-01,7.457031798224096519e+01,3.781397637617277541e-01,9.036172811541788308e-01,-2.012116504125802952e-01,2.010699167679301880e+01,-2.423404904469688981e-01,3.063929960762418192e-01,9.205402862696160371e-01,-1.990016741976738146e+01,0.000000000000000000e+00,0.000000000000000000e+00,0.000000000000000000e+00,1.000000000000000056e-01
9.000281015520888994e-01,-2.791966817244642129e-01,3.346619627782503326e-01,7.503310899755096841e+01,3.594421621514604093e-01,9.097618847862679603e-01,-2.076888178454019129e-01,2.028378933921968752e+01,-2.464766692497000200e-01,3.072173919298605282e-01,9.191663209731895101e-01,-2.002780453928825111e+01,0.000000000000000000e+00,0.000000000000000000e+00,0.000000000000000000e+00,1.000000000000000056e-01
9.070117519688443153e-01,-2.567038720119536044e-01,3.338155237320131197e-01,7.547804588779642643e+01,3.375035629038052876e-01,9.172105216434962571e-01,-2.116983798088747926e-01,2.047889211563240153e+01,-2.518353168593412961e-01,3.046768469715675498e-01,9.185591935753618653e-01,-2.013251608893702382e+01,0.000000000000000000e+00,0.000000000000000000e+00,0.000000000000000000e+00,1.000000000000000056e-01
9.152981840417102610e-01,-2.303059365612345200e-01,3.304366957143228811e-01,7.590675440058181778e+01,3.115301338721732094e-01,9.248067064597371711e-01,-2.183610115764240689e-01,2.058282262513017358e+01,-2.553002349774343704e-01,3.028064254135733879e-01,9.182211382606701999e-01,-2.026802054900361938e+01,0.000000000000000000e+00,0.000000000000000000e+00,0.000000000000000000e+00,1.000000000000000056e-01
