1.000000000000000000e+00,-5.142469470984722426e-11,3.454944316649599409e-11,2.719759794373361948e-18,5.142469471024692052e-11,1.000000000000000000e+00,-1.156869128908812497e-11,1.221718836035901669e-17,-3.454944316590108320e-11,1.156869129086481845e-11,1.000000000000000000e+00,-1.122921282299515294e-17,0.000000000000000000e+00,0.000000000000000000e+00,0.000000000000000000e+00,1.000000000000000056e-01
9.999918475337344903e-01,-4.035207947961116579e-03,-1.481988025243327883e-04,6.556258335106059931e-01,4.034755004460207489e-03,9.999875412995468116e-01,-2.939047080438279488e-03,7.035223176835547244e-03,1.600566222982610989e-04,2.938425174095963058e-03,9.999956700103125318e-01,2.036276578135014746e-03,0.000000000000000000e+00,0.000000000000000000e+00,0.000000000000000000e+00,1.000000000000000056e-01
9.999528030511963816e-01,-9.442193266188806874e-03,-2.288374178161212483e-03,1.325920551937122660e+00,9.438955119317768080e-03,9.999544413591346936e-01,-1.421735698479326820e-03,9.474950941458611803e-03,2.301694226182346252e-03,1.400068735728484184e-03,9.999963709990273841e-01,6.196310588868501716e-03,0.000000000000000000e+00,0.000000000000000000e+00,0.000000000000000000e+00,1.000000000000000056e-01
9.998839238049627154e-01,-1.507521681398931411e-02,-2.208337474850442274e-03,2.043408444789977629e+00,1.507350563096560188e-02,9.998860765854752364e-01,-7.894798910645092283e-04,4.494323091820830824e-04,2.219987474032966181e-03,7.561008638804655362e-04,9.999972499797681325e-01,4.866367099803932394e-03,0.000000000000000000e+00,0.000000000000000000e+00,0.000000000000000000e+00,1.000000000000000056e-01
9.997878242677320504e-01,-2.016060361199744841e-02,-4.225696154998118646e-03,2.738284290280369238e+00,2.016160861235874804e-02,9.997967150233648681e-01,1.953628690292026073e-04,8.834340606420134148e-03,4.220898501090982781e-03,-2.805182497612297102e-04,9.999910526226497565e-01,1.011329649712320970e-02,0.000000000000000000e+00,0.000000000000000000e+00,0.000000000000000000e+00,1.000000000000000056e-01
9.996803642678032675e-01,-2.455132801735731424e-02,-6.033373018169045990e-03,3.444255083337633305e+00,2.455064772331051054e-02,9.996985699705145390e-01,-1.868027679007251219e-04,1.064755911933562040e-02,6.036140634391564189e-03,3.861984350883586293e-05,9.999817815914195940e-01,2.484002122076245378e-02,0.000000000000000000e+00,0.000000000000000000e+00,0.000000000000000000e+00,1.000000000000000056e-01
9.995121884615331131e-01,-3.030317118423311515e-02,-7.556648265987510674e-03,4.165172284179083029e+00,3.030394697318792088e-02,9.995407298642798866e-01,-1.184182379892819987e-05,4.557882125679653396e-02,7.553536567926514428e-03,-2.171602211268753159e-04,9.999714480557708729e-01,4.306741450067112786e-02,0.000000000000000000e+00,0.000000000000000000e+00,0.000000000000000000e+00,1.000000000000000056e-01
9.993576801187381564e-01,-3.485390187645201476e-02,-8.332629337759028462e-03,4.933992023716784914e+00,3.488180546722473296e-02,9.993862342990309511e-01,3.227125803095881856e-03,7.408219949357207346e-02,8.215037129588554851e-03,-3.515710111623420158e-03,9.999600756767094145e-01,5.492294754659807210e-02,0.000000000000000000e+00,0.000000000000000000e+00,0.000000000000000000e+00,1.000000000000000056e-01
9.992575343300025281e-01,-3.792968335392754575e-02,-6.761597843300085411e-03,5.704658681741729076e+00,3.795620115012883489e-02,9.992720349597785656e-01,3.837569751038482149e-03,1.100791504139725374e-01,6.611117830948625568e-03,-4.091365055078691193e-03,9.999697764697748070e-01,5.999429105488721103e-02,0.000000000000000000e+00,0.000000000000000000e+00,0.000000000000000000e+00,1.000000000000000056e-01
9.990595212578652351e-01,-4.308000568079693726e-02,-4.917936004829031628e-03,6.498353184152580120e+00,4.309930855522815796e-02,9.990632243910374521e-01,3.888865058692474088e-03,1.647022472940636306e-01,4.745796673512944243e-03,-4.097167305100735991e-03,9.999803451238468144e-01,7.092805716368347224e-02,0.000000000000000000e+00,0.000000000000000000e+00,0.000000000000000000e+00,1.000000000000000056e-01
9.988204069137197605e-01,-4.845905101215734756e-02,-3.084656822456573189e-03,7.323873984304690055e+00,4.846699688995131927e-02,9.988215154480422076e-01,2.555482448743451665e-03,1.997220649599159570e-01,2.957185347698885504e-03,-2.701972071935372990e-03,9.999919771686880399e-01,9.101130295523846003e-02,0.000000000000000000e+00,0.000000000000000000e+00,0.000000000000000000e+00,1.000000000000000056e-01
9.987380466625929154e-01,-5.015847875936538247e-02,-2.537943485312775180e-03,8.140458435589740915e+00,5.016610101287088952e-02,9.987362786523846792e-01,3.034470753309139943e-03,2.468004770899155653e-01,2.382531795125572387e-03,-3.157960122063895904e-03,9.999921753844440708e-01,1.057169968730654747e-01,0.000000000000000000e+00,0.000000000000000000e+00,0.000000000000000000e+00,1.000000000000000056e-01
9.985782526835582651e-01,-5.320434243087238807e-02,-3.281952764768294572e-03,8.987817180060623912e+00,5.321462263810796539e-02,9.985781965052376030e-01,3.128801980142665445e-03,2.977590054910286277e-01,3.110820620907799820e-03,-3.299001492216960089e-03,9.999897196392665277e-01,1.143292083812396387e-01,0.000000000000000000e+00,0.000000000000000000e+00,0.000000000000000000e+00,1.000000000000000056e-01
9.985864077119688265e-01,-5.306760043229989676e-02,-3.002685009007903527e-03,9.668526497380497631e+00,5.308244793944132123e-02,9.985770978516737006e-01,5.102290356829118981e-03,3.801757721142696722e-01,2.727646176112054864e-03,-5.254467669198611968e-03,9.999824751043646653e-01,1.318921767136299605e-01,0.000000000000000000e+00,0.000000000000000000e+00,0.000000000000000000e+00,1.000000000000000056e-01
9.983185152960047937e-01,-5.786528172466401387e-02,-3.428000598893330819e-03,1.042313011439980919e+01,5.788326286321830716e-02,9.983087458758860278e-01,5.401461656186198890e-03,4.442775088880699941e-01,3.109645878282802246e-03,-5.590803040793117240e-03,9.999795363025538730e-01,1.383908386944655566e-01,0.000000000000000000e+00,0.000000000000000000e+00,0.000000000000000000e+00,1.000000000000000056e-01
9.981742300051010819e-01,-6.027123276429974946e-02,-3.947791128601195638e-03,1.125030751434390197e+01,6.028641958836992304e-02,9.981737027964197040e-01,3.847942164306046662e-03,4.957233686032691544e-01,3.708661070854259341e-03,-4.078914899386446719e-03,9.999848040276937411e-01,1.593260533744445817e-01,0.000000000000000000e+00,0.000000000000000000e+00,0.000000000000000000e+00,1.000000000000000056e-01
9.979673301897680204e-01,-6.352561164192900567e-02,-5.069964440245186381e-03,1.214210317225274416e+01,6.354884011975563129e-02,9.979683119074375108e-01,4.559972374178520443e-03,5.608249658008731542e-01,4.769988819722234714e-03,-4.872893815624022851e-03,9.999767507859976812e-01,1.720799736052416873e-01,0.000000000000000000e+00,0.000000000000000000e+00,0.000000000000000000e+00,1.000000000000000056e-01
9.978250735574878405e-01,-6.558180145880429524e-02,-6.644538916429451603e-03,1.304109684593080765e+01,6.562701451488806015e-02,9.978208380807663813e-01,6.831548701403989364e-03,6.391797742030898011e-01,6.182034119660274191e-03,-7.252751837403250031e-03,9.999545889913843411e-01,1.849056460865521889e-01,0.000000000000000000e+00,0.000000000000000000e+00,0.000000000000000000e+00,1.000000000000000056e-01
9.979726428274912076e-01,-6.285778344463598122e-02,-9.975130492375394384e-03,1.391639304350483819e+01,6.295605640017716553e-02,9.979675538891958908e-01,9.863891065529041893e-03,7.024349390612120159e-01,9.334834248682899113e-03,-1.047188831310560779e-02,9.999015953706181792e-01,1.904567462049380766e-01,0.000000000000000000e+00,0.000000000000000000e+00,0.000000000000000000e+00,1.000000000000000056e-01
9.969688005225609828e-01,-7.748246480989512408e-02,-7.048292813826013796e-03,1.488473726516040152e+01,7.754693221141747972e-02,9.969445231367146665e-01,9.385685500084582633e-03,7.905877375708753041e-01,6.299530871730661848e-03,-9.903809100141304500e-03,9.999311128653334269e-01,2.021021566088436472e-01,0.000000000000000000e+00,0.000000000000000000e+00,0.000000000000000000e+00,1.000000000000000056e-01
9.965954050931051800e-01,-8.219899035603522863e-02,-6.397228443472667905e-03,1.584629484254352683e+01,8.224584101786172607e-02,9.965842894659818763e-01,7.441480017358007709e-03,8.873780582604980927e-01,5.763695218708337134e-03,-7.942290225907948018e-03,9.999518487624258212e-01,2.128781786580131175e-01,0.000000000000000000e+00,0.000000000000000000e+00,0.000000000000000000e+00,1.000000000000000056e-01
9.964518232050372237e-01,-8.397410206008255884e-02,-5.666940493781579512e-03,1.675460906863230193e+01,8.401496910227322645e-02,9.964369705906179764e-01,7.405984535227419681e-03,9.809546395998745005e-01,5.024838116924438235e-03,-7.855814623245152561e-03,9.999565176438942604e-01,2.311481597597456195e-01,0.000000000000000000e+00,0.000000000000000000e+00,0.000000000000000000e+00,1.000000000000000056e-01
9.962270489294661191e-01,-8.666084159883261084e-02,-4.643868502568891665e-03,1.764648784605643073e+01,8.669619143555348795e-02,9.962023125997423456e-01,8.045045773331723979e-03,1.070395501829670248e+00,3.929042104250173376e-03,-8.417297921968986199e-03,9.999568549311694809e-01,2.534065539067776318e-01,0.000000000000000000e+00,0.000000000000000000e+00,0.000000000000000000e+00,1.000000000000000056e-01
9.961687421631584272e-01,-8.731961642520412459e-02,-4.808505425393798556e-03,1.855557715103191541e+01,8.735332096017743575e-02,9.961505506372433372e-01,7.312850493824355619e-03,1.155539314883204050e+00,4.151440027152598043e-03,-7.704871995823418807e-03,9.999616995131508368e-01,2.564630667773318828e-01,0.000000000000000000e+00,0.000000000000000000e+00,0.000000000000000000e+00,1.000000000000000056e-01
9.959671495702239197e-01,-8.957854347939102346e-02,-5.012137774847498506e-03,1.949334326283320706e+01,8.959991115352371194e-02,9.959689230190952314e-01,4.214297268137069501e-03,1.241596864810139422e+00,4.614422850569292051e-03,-4.646388736903614945e-03,9.999785588568695927e-01,2.735722640401947459e-01,0.000000000000000000e+00,0.000000000000000000e+00,0.000000000000000000e+00,1.000000000000000056e-01
9.958180500183191342e-01,-9.130098927646050633e-02,-3.246631308315157515e-03,2.042479814092956047e+01,9.130815762226467125e-02,9.958204017372154215e-01,2.132565487523889209e-03,1.325932623671909116e+00,3.038356355031252964e-03,-2.420091128563425179e-03,9.999924557463367725e-01,2.911026795843245640e-01,0.000000000000000000e+00,0.000000000000000000e+00,0.000000000000000000e+00,1.000000000000000056e-01
9.959191966704912247e-01,-9.024179287175983222e-02,1.171547051446684582e-03,2.134752858260754138e+01,9.023866541354629012e-02,9.959170484921658906e-01,2.493148017036073659e-03,1.422727407593453508e+00,-1.391749828598489802e-03,-2.377255127915470743e-03,9.999962058380378327e-01,2.981778832030699822e-01,0.000000000000000000e+00,0.000000000000000000e+00,0.000000000000000000e+00,1.000000000000000056e-01
9.957951897993001511e-01,-9.152804439479717002e-02,3.815371782659506342e-03,2.229627257374858829e+01,9.152688833602073970e-02,9.958024911083215303e-01,4.768794258060072471e-04,1.517199226473088247e+00,-3.843004566932871867e-03,-1.256651312199931882e-04,9.999926077347638387e-01,3.071092416692247085e-01,0.000000000000000000e+00,0.000000000000000000e+00,0.000000000000000000e+00,1.000000000000000056e-01
9.958503002014306160e-01,-9.069187782426131605e-02,7.560614090791022493e-03,2.327370662153968084e+01,9.069192033475427517e-02,9.958789391221538612e-01,3.379333188268269237e-04,1.611858167927554986e+00,-7.560104147112760992e-03,3.491556138020785816e-04,9.999713610477263259e-01,3.175585495952493731e-01,0.000000000000000000e+00,0.000000000000000000e+00,0.000000000000000000e+00,1.000000000000000056e-01
9.960266731976182841e-01,-8.860625709090318158e-02,8.932943704383525946e-03,2.420638119921600051e+01,8.862391389342767767e-02,9.960638748251915420e-01,-1.599735739274936973e-03,1.708360381584831167e+00,-8.756035923591854592e-03,2.385051900057470406e-03,9.999588208333075601e-01,3.275800406236569207e-01,0.000000000000000000e+00,0.000000000000000000e+00,0.000000000000000000e+00,1.000000000000000056e-01
9.960758571294241470e-01,-8.824791567333734044e-02,6.722516135690723843e-03,2.516351905623466578e+01,8.827095418310310082e-02,9.960913266561032264e-01,-3.210546384774738433e-03,1.788078059117591989e+00,-6.412915989438295120e-03,3.791350655876998734e-03,9.999722496993187493e-01,3.321264730614949534e-01,0.000000000000000000e+00,0.000000000000000000e+00,0.000000000000000000e+00,1.000000000000000056e-01
9.963741646782651173e-01,-8.506073604265279586e-02,1.787497012999380956e-03,2.610686872497161559e+01,8.506797705501917273e-02,9.963651430017513855e-01,-4.465544856587449520e-03,1.889548661388879447e+00,-1.401157184639520784e-03,4.601412281203390471e-03,9.999884318148697382e-01,3.337902782976925331e-01,0.000000000000000000e+00,0.000000000000000000e+00,0.000000000000000000e+00,1.000000000000000056e-01
9.964040390316212248e-01,-8.472891333221002630e-02,-4.740268193506759617e-05,2.706053310466673167e+01,8.472736015003584642e-02,9.963888638194591252e-01,-5.523268830454573612e-03,1.975778255697738572e+00,5.152120704413599116e-04,5.499391067218005642e-03,9.999847455108563654e-01,3.418007590695612552e-01,0.000000000000000000e+00,0.000000000000000000e+00,0.000000000000000000e+00,1.000000000000000056e-01
9.964865308027534008e-01,-8.369388006652639378e-02,3.150931307268690137e-03,2.803929149262227938e+01,8.371638500499908875e-02,9.964586379637767610e-01,-7.858098311277620859e-03,2.057962459621883955e+00,-2.482097981143338832e-03,8.094273703355621061e-03,9.999641603191722350e-01,3.484682926650398693e-01,0.000000000000000000e+00,0.000000000000000000e+00,0.000000000000000000e+00,1.000000000000000056e-01
9.964773838246907545e-01,-8.337019780689886028e-02,9.068276767853581180e-03,2.904052638156567312e+01,8.345414356700667224e-02,9.964681322829657129e-01,-9.309525551571646781e-03,2.135410375142740236e+00,-8.260111827165161555e-03,1.003351693756903036e-02,9.999155459789922373e-01,3.653734545928569721e-01,0.000000000000000000e+00,0.000000000000000000e+00,0.000000000000000000e+00,1.000000000000000056e-01
9.966101990713838177e-01,-8.147615113379183538e-02,1.139069371549407059e-02,2.998228588484856161e+01,8.160694633099888073e-02,9.965978738727115926e-01,-1.153187334825713818e-02,2.206520848522628420e+00,-1.041236848301830414e-02,1.242234232398570400e-02,9.998686253672327551e-01,3.694495928698239284e-01,0.000000000000000000e+00,0.000000000000000000e+00,0.000000000000000000e+00,1.000000000000000056e-01
9.964961063018988874e-01,-8.297950546234099389e-02,1.048388279121422080e-02,3.088614570913582469e+01,8.317074768859132605e-02,9.963473308571000331e-01,-1.935518077552050853e-02,2.271640269779658272e+00,-8.839505307158072520e-03,2.015931465000039835e-02,9.997577032355224880e-01,3.804632631631609807e-01,0.000000000000000000e+00,0.000000000000000000e+00,0.000000000000000000e+00,1.000000000000000056e-01
9.965010660029988143e-01,-8.314375375208730989e-02,8.528872545614393785e-03,3.182095497186662314e+01,8.332292540763878985e-02,9.962477381898910966e-01,-2.340372305936151004e-02,2.349728023636192820e+00,-6.550996595948597664e-03,2.403248558802219270e-02,9.996897139012991262e-01,3.878712143000089818e-01,0.000000000000000000e+00,0.000000000000000000e+00,0.000000000000000000e+00,1.000000000000000056e-01
9.966833259569226611e-01,-8.122989456725436541e-02,4.904282622305693347e-03,3.278940230278718815e+01,8.132839166012444110e-02,9.963675170893611099e-01,-2.524804149155275915e-02,2.418830444209237651e+00,-2.835572151102729900e-03,2.556315938561800824e-02,9.996691874879416462e-01,3.865012658469471063e-01,0.000000000000000000e+00,0.000000000000000000e+00,0.000000000000000000e+00,1.000000000000000056e-01
9.965356716706131879e-01,-8.298136887557046315e-02,5.545043510774433533e-03,3.373511390526020648e+01,8.309760814441626009e-02,9.962072566998738665e-01,-2.580482937724438292e-02,2.497981123079406451e+00,-3.382692518825762377e-03,2.617621282859987353e-02,9.996516209526571384e-01,3.878461963244438926e-01,0.000000000000000000e+00,0.000000000000000000e+00,0.000000000000000000e+00,1.000000000000000056e-01
9.965140428815666418e-01,-8.315747498951876759e-02,6.678075561316630659e-03,3.469683205197256370e+01,8.330578040279056073e-02,9.961758043597196410e-01,-2.634224287618095253e-02,2.588797166675261163e+00,-4.461982890725734244e-03,2.680673724333551208e-02,9.996306765736281408e-01,4.030964356566523188e-01,0.000000000000000000e+00,0.000000000000000000e+00,0.000000000000000000e+00,1.000000000000000056e-01
9.964468682083408302e-01,-8.391980140398755394e-02,7.148829981528339282e-03,3.566859620643741380e+01,8.407418105575245604e-02,9.961439799910376536e-01,-2.507395476225858510e-02,2.671377706068673863e+00,-5.017062646017586731e-03,2.558589572265398265e-02,9.996600377240631996e-01,4.046668880973981475e-01,0.000000000000000000e+00,0.000000000000000000e+00,0.000000000000000000e+00,1.000000000000000056e-01
9.965208918665673377e-01,-8.312411729906629687e-02,6.040959916459595971e-03,3.663151318451311056e+01,8.324553484366628564e-02,9.962438256800626446e-01,-2.384157551306124653e-02,2.749352470685691330e+00,-4.036459098411370253e-03,2.426151103299473491e-02,9.996974972862254782e-01,4.207872561634309339e-01,0.000000000000000000e+00,0.000000000000000000e+00,0.000000000000000000e+00,1.000000000000000056e-01
9.963269201887108295e-01,-8.523679942242172458e-02,8.207078134153663468e-03,3.762252384379670644e+01,8.540760809231960626e-02,9.960715520693327329e-01,-2.338810890472708959e-02,2.846580958901782310e+00,-6.181309507458742844e-03,2.400314942694974779e-02,9.996927729209411639e-01,4.316065281389260821e-01,0.000000000000000000e+00,0.000000000000000000e+00,0.000000000000000000e+00,1.000000000000000056e-01
9.964781810002337759e-01,-8.308473465886394294e-02,1.132085054806061461e-02,3.860809997033555163e+01,8.332889099813724221e-02,9.962533801614495976e-01,-2.314083926539208316e-02,2.934158051892214125e+00,-9.355785134659466012e-03,2.400269533932223101e-02,9.996681148766133340e-01,4.534051452348769606e-01,0.000000000000000000e+00,0.000000000000000000e+00,0.000000000000000000e+00,1.000000000000000056e-01
9.965149607649346208e-01,-8.241125127339933576e-02,1.289645824300253429e-02,3.960041886843544034e+01,8.263735978795362647e-02,9.964151319822768249e-01,-1.810943190765877328e-02,3.022964019479390974e+00,-1.135780519894471000e-02,1.911204908675315575e-02,9.997528343749610968e-01,4.577085342983090999e-01,0.000000000000000000e+00,0.000000000000000000e+00,0.000000000000000000e+00,1.000000000000000056e-01
9.963813793594962220e-01,-8.424216770851318536e-02,1.128734005151162297e-02,4.059613146838358233e+01,8.445278023061965345e-02,9.962326961505685308e-01,-1.970134594101955253e-02,3.105736523268910254e+00,-9.585133123038916750e-03,2.058330149271025630e-02,9.997421932291713498e-01,4.711121810785100505e-01,0.000000000000000000e+00,0.000000000000000000e+00,0.000000000000000000e+00,1.000000000000000056e-01
9.963652935877175265e-01,-8.459686141653507963e-02,9.978615752348178256e-03,4.160230318146685136e+01,8.474600191671474714e-02,9.962802633935272656e-01,-1.561255685837929785e-02,3.185391137940787765e+00,-8.620724621146156827e-03,1.640145758752867972e-02,9.998283229114940385e-01,4.955380785778075170e-01,0.000000000000000000e+00,0.000000000000000000e+00,0.000000000000000000e+00,1.000000000000000056e-01
9.962844944392221791e-01,-8.573888951023354854e-02,8.127051466272435312e-03,4.262689253057465777e+01,8.584902915609958496e-02,9.962049357950454320e-01,-1.434120254876192907e-02,3.246135471207835632e+00,-6.866610003388781865e-03,1.498561720922490792e-02,9.998641312418002913e-01,4.995194903889224602e-01,0.000000000000000000e+00,0.000000000000000000e+00,0.000000000000000000e+00,1.000000000000000056e-01
9.963529669321210536e-01,-8.474304880876215584e-02,9.969000158264589365e-03,4.364625744329457291e+01,8.488857333020025098e-02,9.962743047387119244e-01,-1.521314679345973919e-02,3.335480215478820121e+00,-8.642650260362141554e-03,1.600391814500111767e-02,9.998345759176791026e-01,5.112822638729154212e-01,0.000000000000000000e+00,0.000000000000000000e+00,0.000000000000000000e+00,1.000000000000000056e-01
9.964404525795622636e-01,-8.362180785541958872e-02,1.066853851417140335e-02,4.463679478272010215e+01,8.380568392893236740e-02,9.963169551629306175e-01,-1.814200088388252113e-02,3.425744363006296922e+00,-9.112178896452832397e-03,1.897150773813700841e-02,9.997785005139392389e-01,5.280418819485612758e-01,0.000000000000000000e+00,0.000000000000000000e+00,0.000000000000000000e+00,1.000000000000000056e-01
9.962770359343875448e-01,-8.538873300065055738e-02,1.186726364140771282e-02,4.561765653671712073e+01,8.558324344975196118e-02,9.961862792035849345e-01,-1.698250768107253950e-02,3.521838466357819275e+00,-1.037189039720133425e-02,1.793492132853690552e-02,9.997853582077143031e-01,5.378534642774259744e-01,0.000000000000000000e+00,0.000000000000000000e+00,0.000000000000000000e+00,1.000000000000000056e-01
9.956119264533551672e-01,-9.299056858170497153e-02,1.047120139669192526e-02,4.652978547929875219e+01,9.315188807345496647e-02,9.955209849787013399e-01,-1.614602785166722315e-02,3.595894119488422636e+00,-8.922872418082518353e-03,1.705059007446718677e-02,9.998148127157964193e-01,5.477100890484178919e-01,0.000000000000000000e+00,0.000000000000000000e+00,0.000000000000000000e+00,1.000000000000000056e-01
9.958439121194748722e-01,-9.090010287506887499e-02,5.663390493458499673e-03,4.747708507575116954e+01,9.098034074792869796e-02,9.957234702439259344e-01,-1.604208224590519469e-02,3.694479503631725059e+00,-4.180943909009859037e-03,1.649066713918803315e-02,9.998552783304862634e-01,5.454081513089543698e-01,0.000000000000000000e+00,0.000000000000000000e+00,0.000000000000000000e+00,1.000000000000000056e-01
9.960065649317326741e-01,-8.918106477980197733e-02,4.202415689925874387e-03,4.842664607140546451e+01,8.924410709545885223e-02,9.958373563186417865e-01,-1.853238001533494272e-02,3.788155673582709770e+00,-2.532185148136270342e-03,1.883341299497463123e-02,9.998194289937240020e-01,5.482008980466027692e-01,0.000000000000000000e+00,0.000000000000000000e+00,0.000000000000000000e+00,1.000000000000000056e-01
9.961616873957781504e-01,-8.732704141162057898e-02,5.990025299534332617e-03,4.939924887661847208e+01,8.742415041148828003e-02,9.959989793511182521e-01,-1.852163751832189634e-02,3.896954530664072269e+00,-4.348619278050049747e-03,1.897421855633960389e-02,9.998105163182425814e-01,5.586766050845323184e-01,0.000000000000000000e+00,0.000000000000000000e+00,0.000000000000000000e+00,1.000000000000000056e-01
9.962471380217877703e-01,-8.623832570880807236e-02,7.388583242988885739e-03,5.041615345815113614e+01,8.635738419043020864e-02,9.961072182162721278e-01,-1.768649239465977865e-02,3.997296543161465543e+00,-5.834567608955994709e-03,1.825817615156168430e-02,9.998162815359805666e-01,5.811920632246133644e-01,0.000000000000000000e+00,0.000000000000000000e+00,0.000000000000000000e+00,1.000000000000000056e-01
9.963540379010498160e-01,-8.500999916374732401e-02,7.206330581724175281e-03,5.136067424536881276e+01,8.513343309195664510e-02,9.961878868748735849e-01,-1.902610348314492938e-02,4.085992665764148768e+00,-5.561450193138064470e-03,1.957023469337241389e-02,9.997930166718487222e-01,5.874835927425239301e-01,0.000000000000000000e+00,0.000000000000000000e+00,0.000000000000000000e+00,1.000000000000000056e-01
9.964685506026286221e-01,-8.373072147924411068e-02,6.292371608686886213e-03,5.231654216223964227e+01,8.384388288581494375e-02,9.962654836304051242e-01,-2.062254662510997621e-02,4.176076836511374069e+00,-4.542131936250862027e-03,2.107729601349123821e-02,9.997675312942670978e-01,6.022601422647630987e-01,0.000000000000000000e+00,0.000000000000000000e+00,0.000000000000000000e+00,1.000000000000000056e-01
9.964270505837682368e-01,-8.425785443647137996e-02,5.809202242566557407e-03,5.330004221212856663e+01,8.436868438012018467e-02,9.961776571214464582e-01,-2.262742910702453605e-02,4.267182904630906215e+00,-3.880458851773357400e-03,2.303669719790915268e-02,9.997270890704680335e-01,6.233214863184709520e-01,0.000000000000000000e+00,0.000000000000000000e+00,0.000000000000000000e+00,1.000000000000000056e-01
9.964061436160942531e-01,-8.444650942672816962e-02,6.601818669491424721e-03,5.425716734275560782e+01,8.458417136129924019e-02,9.961150806631264842e-01,-2.450028633741738182e-02,4.349234474353495195e+00,-4.507207475333528668e-03,2.497064518859262033e-02,9.996780241455944793e-01,6.222606659054531475e-01,0.000000000000000000e+00,0.000000000000000000e+00,0.000000000000000000e+00,1.000000000000000056e-01
9.963094469628466232e-01,-8.513156455780608589e-02,1.095913356642831335e-02,5.520652859739875851e+01,8.540109253442436377e-02,9.959788060043105462e-01,-2.707159736983896781e-02,4.424714781953266396e+00,-8.610417325159654828e-03,2.790761018374877250e-02,9.995734220192724617e-01,6.381850717408368290e-01,0.000000000000000000e+00,0.000000000000000000e+00,0.000000000000000000e+00,1.000000000000000056e-01
9.960715949460611229e-01,-8.722301030766377306e-02,1.528149909135553819e-02,5.615582479021582429e+01,8.760112998634214665e-02,9.958130769764023116e-01,-2.612197825406635879e-02,4.515125938281008722e+00,-1.293907905246385534e-02,2.735803713096221154e-02,9.995419541157914978e-01,6.631055568569068637e-01,0.000000000000000000e+00,0.000000000000000000e+00,0.000000000000000000e+00,1.000000000000000056e-01
9.959021114588975099e-01,-8.900382037741404184e-02,1.604070914687776711e-02,5.711255029981706599e+01,8.935970920009640717e-02,9.957330397851267278e-01,-2.303379803561235450e-02,4.592525611782936501e+00,-1.392216805615841164e-02,2.437280120331247052e-02,9.996059922780174967e-01,6.594617201637468229e-01,0.000000000000000000e+00,0.000000000000000000e+00,0.000000000000000000e+00,1.000000000000000056e-01
9.958959127171596037e-01,-8.983214129664043868e-02,1.102349415185914332e-02,5.800758690593887934e+01,9.007096287117938305e-02,9.956576453964649520e-01,-2.351754262302582082e-02,4.677384297568907279e+00,-8.862995019420357931e-03,2.441392130788577058e-02,9.996626469792987413e-01,6.704992889343093232e-01,0.000000000000000000e+00,0.000000000000000000e+00,0.000000000000000000e+00,1.000000000000000056e-01
9.957069444027203398e-01,-9.236674954096192602e-02,6.005368218122852757e-03,5.893676615533262009e+01,9.247816055782860645e-02,9.954685679139991805e-01,-2.213865657830162842e-02,4.757182953627614452e+00,-3.933279552549645390e-03,2.259897950104634151e-02,9.997368731008539067e-01,6.840621304025953364e-01,0.000000000000000000e+00,0.000000000000000000e+00,0.000000000000000000e+00,1.000000000000000056e-01
9.957084961322533179e-01,-9.251927880017898898e-02,2.184898245036849974e-03,5.988502727681425597e+01,9.254493902904331604e-02,9.954698365836798235e-01,-2.179997046265282415e-02,4.860961313782594218e+00,-1.580827538689585053e-04,2.190861707996718741e-02,9.997599649453293713e-01,6.963356966408728033e-01,0.000000000000000000e+00,0.000000000000000000e+00,0.000000000000000000e+00,1.000000000000000056e-01
9.956728029532457835e-01,-9.290695219228180257e-02,1.991907017899417851e-03,6.078994601575023182e+01,9.292778557259552541e-02,9.955100183766426580e-01,-1.800638720871675438e-02,4.955061590113986725e+00,-3.100448364376507922e-04,1.811357353140439011e-02,9.998358876966368936e-01,7.047215494766452260e-01,0.000000000000000000e+00,0.000000000000000000e+00,0.000000000000000000e+00,1.000000000000000056e-01
9.955045537648210541e-01,-9.468750864850604410e-02,2.226912536124268840e-03,6.172986269362586853e+01,9.471157895856681386e-02,9.953641987746542075e-01,-1.672807845706989274e-02,5.050337137800565479e+00,-6.326489386838729046e-04,1.686379268224723685e-02,9.998575959863937879e-01,7.221376769122641592e-01,0.000000000000000000e+00,0.000000000000000000e+00,0.000000000000000000e+00,1.000000000000000056e-01
9.953533049856905235e-01,-9.620890425024331005e-02,3.955375712934397839e-03,6.261332312403943945e+01,9.625514839697932312e-02,9.952593025429106177e-01,-1.392361694656264054e-02,5.139648929853239956e+00,-2.597048543721346830e-03,1.423964342133019964e-02,9.998952384595573006e-01,7.432810774685987276e-01,0.000000000000000000e+00,0.000000000000000000e+00,0.000000000000000000e+00,1.000000000000000056e-01
9.952214730270980692e-01,-9.757364516223997197e-02,3.688278124856963006e-03,6.343839355693622650e+01,9.761177477510661615e-02,9.951500589189595791e-01,-1.217791685162937683e-02,5.232142851837052078e+00,-2.482146455564769247e-03,1.247974372111160073e-02,9.999190441958931697e-01,7.587095460142432302e-01,0.000000000000000000e+00,0.000000000000000000e+00,0.000000000000000000e+00,1.000000000000000056e-01
9.949872743912629991e-01,-9.987762521529641724e-02,4.978331125814999814e-03,6.425604724870491680e+01,9.992681342973286363e-02,9.949353927446047408e-01,-1.087180858543628642e-02,5.319552189499535011e+00,-3.867267410566789954e-03,1.131477995772752973e-02,9.999285074430488418e-01,7.704055771429985100e-01,0.000000000000000000e+00,0.000000000000000000e+00,0.000000000000000000e+00,1.000000000000000056e-01
9.950227864804394029e-01,-9.947670960172963484e-02,5.834263579496450948e-03,6.504498913758699530e+01,9.953948184934327537e-02,9.949649129276586512e-01,-1.169245893817789581e-02,5.405931065654104195e+00,-4.641760212047425609e-03,1.221500264714946160e-02,9.999146202413804474e-01,7.846614351952370114e-01,0.000000000000000000e+00,0.000000000000000000e+00,0.000000000000000000e+00,1.000000000000000056e-01
9.949374264045317551e-01,-1.003358663874244494e-01,5.677275386298884230e-03,6.584019561779498986e+01,1.004006065640006273e-01,9.948675530073775031e-01,-1.258054747193625492e-02,5.487378215711018470e+00,-4.385856941091339015e-03,1.308685941690357346e-02,9.999047446479562007e-01,7.968476493508263037e-01,0.000000000000000000e+00,0.000000000000000000e+00,0.000000000000000000e+00,1.000000000000000056e-01
9.949487083262721354e-01,-1.001737270295798565e-01,6.503246334393158849e-03,6.658404231032736220e+01,1.002526122259126129e-01,9.948742395797849358e-01,-1.321594349358307628e-02,5.565607405883116421e+00,-5.146021935764875065e-03,1.380115334122498753e-02,9.998915174281101104e-01,8.133651429575368130e-01,0.000000000000000000e+00,0.000000000000000000e+00,0.000000000000000000e+00,1.000000000000000056e-01
9.949634684176102972e-01,-9.992946643597987177e-02,7.861186438412349001e-03,6.738379271757357003e+01,1.000195158908194354e-01,9.949125761234054455e-01,-1.204418168474446355e-02,5.658252133664056771e+00,-6.617624601412693854e-03,1.276979284520268418e-02,9.998965643681977378e-01,8.149734808369376582e-01,0.000000000000000000e+00,0.000000000000000000e+00,0.000000000000000000e+00,1.000000000000000056e-01
9.946993326702890936e-01,-1.021674697404153509e-01,1.162091700868777069e-02,6.812963459439392011e+01,1.023006747871634259e-01,9.946869213663236398e-01,-1.151088184615261557e-02,5.736576561681502540e+00,-1.038313649012289133e-02,1.263869414244893526e-02,9.998662179946881112e-01,8.228369918335955990e-01,0.000000000000000000e+00,0.000000000000000000e+00,0.000000000000000000e+00,1.000000000000000056e-01
9.945180188678883759e-01,-1.035287430282187393e-01,1.468705260042199243e-02,6.885804057990236515e+01,1.036953063277442078e-01,9.945474946086865220e-01,-1.107088131902138513e-02,5.818448435900017479e+00,-1.346081693976281662e-02,1.253316937496711143e-02,9.998308487302902670e-01,8.357568331530318417e-01,0.000000000000000000e+00,0.000000000000000000e+00,0.000000000000000000e+00,1.000000000000000056e-01
9.944668593913648103e-01,-1.045119391693659777e-01,1.062638900728244025e-02,6.954893851666697913e+01,1.045899786864725595e-01,9.944902760210210246e-01,-7.072994980677828857e-03,5.901156554848355995e+00,-9.828628115793226414e-03,8.145272904711405026e-03,9.999185229800822139e-01,8.487809693727333960e-01,0.000000000000000000e+00,0.000000000000000000e+00,0.000000000000000000e+00,1.000000000000000056e-01
9.944689635772123726e-01,-1.048861419935473022e-01,5.511596808051325187e-03,7.024868920987540832e+01,1.049296307052225014e-01,9.944449870178503348e-01,-8.303035296386837225e-03,5.981453355563247420e+00,-4.610106477155960676e-03,8.835440723407738187e-03,9.999503397196745080e-01,8.501235003393921019e-01,0.000000000000000000e+00,0.000000000000000000e+00,0.000000000000000000e+00,1.000000000000000056e-01
9.945171936265869705e-01,-1.045587850093639276e-01,1.735528295180768137e-03,7.100065163914392485e+01,1.045707532931556966e-01,9.944703144126366690e-01,-9.682525896351297859e-03,6.063039462896133713e+00,-7.135382258362514985e-04,9.810923982844685018e-03,9.999516171464513103e-01,8.765255221608962977e-01,0.000000000000000000e+00,0.000000000000000000e+00,0.000000000000000000e+00,1.000000000000000056e-01
9.943121092595319510e-01,-1.064942830517975753e-01,1.548243244550656129e-03,7.173056104510682474e+01,1.065037260186409013e-01,9.942749107817483445e-01,-8.623116263433946646e-03,6.147526010190814461e+00,-6.210668296973543114e-04,8.738962594613016235e-03,9.999616216679333425e-01,8.853178456951353859e-01,0.000000000000000000e+00,0.000000000000000000e+00,0.000000000000000000e+00,1.000000000000000056e-01
9.941376683269950165e-01,-1.080624054277861540e-01,3.579517638783282288e-03,7.240962251900508306e+01,1.080862948228178549e-01,9.941144501518880405e-01,-7.335725641284171136e-03,6.237228489923483998e+00,-2.765734050932570388e-03,7.679617983341803511e-03,9.999666865365013368e-01,8.947364566537108210e-01,0.000000000000000000e+00,0.000000000000000000e+00,0.000000000000000000e+00,1.000000000000000056e-01
9.940335177571015812e-01,-1.088794264411285517e-01,6.529630410126587015e-03,7.302087756361601123e+01,1.089216223468384981e-01,9.940291074932848803e-01,-6.497202585436256429e-03,6.296469257846770695e+00,-5.783230997865025300e-03,7.169655079177978015e-03,9.999575742426630720e-01,9.092779402313067028e-01,0.000000000000000000e+00,0.000000000000000000e+00,0.000000000000000000e+00,1.000000000000000056e-01
9.939613582609619913e-01,-1.096782876905581100e-01,3.389910513663469717e-03,7.359131068777659834e+01,1.097016368014292337e-01,9.939346585709898374e-01,-7.710082649174442547e-03,6.353532317166843413e+00,-2.523720886070174828e-03,8.035402954236960799e-03,9.999645309370989166e-01,9.181787368532584592e-01,0.000000000000000000e+00,0.000000000000000000e+00,0.000000000000000000e+00,1.000000000000000056e-01
9.941449373002694267e-01,-1.080515349136401265e-01,8.422844233311988730e-04,7.422480578866040446e+01,1.080536240981097157e-01,9.940671129282439011e-01,-1.244947042128271425e-02,6.412743722485174658e+00,5.078971429162836178e-04,1.246758987584998396e-02,9.999221475910911039e-01,9.356976509210853665e-01,0.000000000000000000e+00,0.000000000000000000e+00,0.000000000000000000e+00,1.000000000000000056e-01
9.942201151254567160e-01,-1.073435663242056776e-01,-1.929105679947747815e-03,7.484119889544228954e+01,1.072962212845783997e-01,9.940843591659536127e-01,-1.684659489826364001e-02,6.468985468820898532e+00,3.726067360413045336e-03,1.654223776930659542e-02,9.998562250601880086e-01,9.557145512268500065e-01,0.000000000000000000e+00,0.000000000000000000e+00,0.000000000000000000e+00,1.000000000000000056e-01
9.947864377376215428e-01,-1.019527543704726869e-01,-2.362026580562855312e-03,7.542623679577162932e+01,1.019048364612590851e-01,9.946752355200108031e-01,-1.538116214774026130e-02,6.524954643854941949e+00,3.917601191706859311e-03,1.506026956880587506e-02,9.998789130096792377e-01,9.675137367288301204e-01,0.000000000000000000e+00,0.000000000000000000e+00,0.000000000000000000e+00,1.000000000000000056e-01
9.951663033564679406e-01,-9.819121921238553596e-02,-1.585286538003434758e-03,7.598487583896299213e+01,9.816581963372290887e-02,9.950998052512002312e-01,-1.182579573063637091e-02,6.604627013951966497e+00,2.738707626182376297e-03,1.161301246914868412e-02,9.999288161773965955e-01,9.695812074926747348e-01,0.000000000000000000e+00,0.000000000000000000e+00,0.000000000000000000e+00,1.000000000000000056e-01
9.958070162629991673e-01,-9.146717925623382150e-02,1.463379749398066067e-03,7.653222338894971699e+01,9.147887764355083773e-02,9.956858369446471846e-01,-1.553476916190600458e-02,6.645061996544876948e+00,-3.614497491099210279e-05,1.560350046449330598e-02,9.998782573227579240e-01,9.858575390178159203e-01,0.000000000000000000e+00,0.000000000000000000e+00,0.000000000000000000e+00,1.000000000000000056e-01
9.964769213342108412e-01,-8.374358392762494552e-02,4.556028890366167240e-03,7.708640283108348967e+01,8.381177418601322426e-02,9.963239204613939526e-01,-1.772659088010824363e-02,6.672001470214849128e+00,-3.054792314665977920e-03,1.804598757050568381e-02,9.998324912586704638e-01,9.990863132753651232e-01,0.000000000000000000e+00,0.000000000000000000e+00,0.000000000000000000e+00,1.000000000000000056e-01
9.971292459271254849e-01,-7.549174143489258137e-02,5.853536702659693780e-03,7.761553533156542528e+01,7.559656336262142451e-02,9.969289954973954426e-01,-2.043862872883762602e-02,6.705807632979006172e+00,-4.292612789808487178e-03,2.082246171040838881e-02,9.997739737379420788e-01,1.011896447887615569e+00,0.000000000000000000e+00,0.000000000000000000e+00,0.000000000000000000e+00,1.000000000000000056e-01
9.979781141026190516e-01,-6.321961454724940588e-02,6.554701265284675754e-03,7.809331572618528128e+01,6.332466267002591354e-02,9.978430862665836898e-01,-1.729630849940739373e-02,6.739328865015654202e+00,-5.447097383684292374e-03,1.767641158370263782e-02,9.998289221679957928e-01,1.022171955122529674e+00,0.000000000000000000e+00,0.000000000000000000e+00,0.000000000000000000e+00,1.000000000000000056e-01
9.987851610431942584e-01,-4.891703256628811974e-02,5.943568358253799658e-03,7.857757467707064336e+01,4.899315509727626000e-02,9.987089659766129612e-01,-1.341909205344635550e-02,6.771703832140596013e+00,-5.279472846294513966e-03,1.369398418406206006e-02,9.998922951816520133e-01,1.026263633103791317e+00,0.000000000000000000e+00,0.000000000000000000e+00,0.000000000000000000e+00,1.000000000000000056e-01
9.994933366676109765e-01,-3.142534905776613735e-02,5.051474402910540243e-03,7.904189814326008445e+01,3.146669595160118266e-02,9.994701273944144315e-01,-8.325352369870015964e-03,6.785297457111584940e+00,-4.787170660754555551e-03,8.480087428238665750e-03,9.999525844330191537e-01,1.024667052603806194e+00,0.000000000000000000e+00,0.000000000000000000e+00,0.000000000000000000e+00,1.000000000000000056e-01
9.999360281271805206e-01,-9.245608059575194382e-03,6.516009886975682695e-03,7.952378407914407887e+01,9.298724870529091052e-03,9.999233964958156307e-01,-8.169140472173116660e-03,6.805567103732859557e+00,-6.439982066795714270e-03,8.229208460150421248e-03,9.999454018890725493e-01,1.038014956350624018e+00,0.000000000000000000e+00,0.000000000000000000e+00,0.000000000000000000e+00,1.000000000000000056e-01
9.998482771058497809e-01,1.567542672836710893e-02,7.596299450879208034e-03,8.000264118206000319e+01,-1.559542816471101018e-02,9.998234764672035979e-01,-1.047847915465775423e-02,6.793158989447424467e+00,-7.759213157477518052e-03,1.035842178707029743e-02,9.999162453472080214e-01,1.050839625501952757e+00,0.000000000000000000e+00,0.000000000000000000e+00,0.000000000000000000e+00,1.000000000000000056e-01
9.989787306412379886e-01,4.426305540137081412e-02,9.070703002302570733e-03,8.047552915429417908e+01,-4.415228203336161311e-02,9.989519100170203281e-01,-1.206886343420605738e-02,6.787372245487779843e+00,-9.595400860167115076e-03,1.165604563658709757e-02,9.998860259461828104e-01,1.056075708671064373e+00,0.000000000000000000e+00,0.000000000000000000e+00,0.000000000000000000e+00,1.000000000000000056e-01
9.970376938403254785e-01,7.594626821450700671e-02,1.216558284076479403e-02,8.097645495889022982e+01,-7.579662343006315917e-02,9.970471452491309616e-01,-1.232323119800753444e-02,6.746339151404395551e+00,-1.306556306350961129e-02,1.136461591293389667e-02,9.998500570420471023e-01,1.060270694577830186e+00,0.000000000000000000e+00,0.000000000000000000e+00,0.000000000000000000e+00,1.000000000000000056e-01
