1.000000000000000000e+00,-8.438380261218696006e-14,5.310719572028715839e-14,5.763463071135385132e-21,8.438380261218754066e-14,1.000000000000000000e+00,-1.074351304866278803e-14,1.938706150659727242e-20,-5.310719572028624962e-14,1.074351304866726876e-14,1.000000000000000000e+00,-1.644484946948344149e-20,0.000000000000000000e+00,0.000000000000000000e+00,0.000000000000000000e+00,1.000000000000000056e-01
9.999920469404549594e-01,-3.984049450480062898e-03,-1.827725775557371946e-04,6.556251542244174724e-01,3.983497386289601774e-03,9.999877807309397459e-01,-2.927479698222617069e-03,7.032173933183944251e-03,1.944335680914305732e-04,2.926728341717281176e-03,9.999956982191480215e-01,2.039079880888137238e-03,0.000000000000000000e+00,0.000000000000000000e+00,0.000000000000000000e+00,1.000000000000000056e-01
9.999536040572418738e-01,-9.339855928115878628e-03,-2.357291703361591700e-03,1.325919181354572540e+00,9.336576493008322611e-03,9.999554354444062376e-01,-1.398379268309100140e-03,9.434539901596167982e-03,2.370247312603297653e-03,1.376305354879844237e-03,9.999962438485692218e-01,6.224960667967382663e-03,0.000000000000000000e+00,0.000000000000000000e+00,0.000000000000000000e+00,1.000000000000000056e-01
9.998859921643032944e-01,-1.492178413764235975e-02,-2.311499893214251974e-03,2.043405580699361401e+00,1.492007601905068551e-02,9.998884048370362265e-01,-7.544561172614936209e-04,3.324392428810372425e-04,2.322499772330077501e-03,7.198823492276522525e-04,9.999970438777360249e-01,4.947366252796512806e-03,0.000000000000000000e+00,0.000000000000000000e+00,0.000000000000000000e+00,1.000000000000000056e-01
9.997913383918194397e-01,-1.995607375752745868e-02,-4.362888593408451379e-03,2.738281530710959810e+00,1.995732080512042581e-02,9.998008034358391027e-01,2.424774877434207956e-04,8.607789842609665440e-03,4.357180622360880273e-03,-3.294984592965337572e-04,9.999904531583235778e-01,1.026839733741711537e-02,0.000000000000000000e+00,0.000000000000000000e+00,0.000000000000000000e+00,1.000000000000000056e-01
9.996855541675451207e-01,-2.429596025379536506e-02,-6.204764626814183656e-03,3.444250055497579233e+00,2.429563722499990253e-02,9.997048093163742877e-01,-1.274423122543831750e-04,1.027423339129929919e-02,6.206029371455441118e-03,-2.334647188917296327e-05,9.999807421417589159e-01,2.509470504487083115e-02,0.000000000000000000e+00,0.000000000000000000e+00,0.000000000000000000e+00,1.000000000000000056e-01
9.995198506632456681e-01,-2.999698458496916076e-02,-7.762025890976422503e-03,4.165172467915511767e+00,2.999835272015890369e-02,9.995499463507950821e-01,5.986818539005411464e-05,4.501932230927798567e-02,7.756736697864690701e-03,-2.926874302210627932e-04,9.999698732311229632e-01,4.344638077757220079e-02,0.000000000000000000e+00,0.000000000000000000e+00,0.000000000000000000e+00,1.000000000000000056e-01
9.993680751361248005e-01,-3.449625889584635730e-02,-8.570794648545605743e-03,4.933997950618855377e+00,3.452569959323525950e-02,9.993983254080048839e-01,3.311078264439139274e-03,7.328497312573187261e-02,8.451418006137866729e-03,-3.604898593068597314e-03,9.999577882289928388e-01,5.546059911109147561e-02,0.000000000000000000e+00,0.000000000000000000e+00,0.000000000000000000e+00,1.000000000000000056e-01
9.992710811787056668e-01,-3.752119698920284435e-02,-7.033213805798399325e-03,5.704675739369420739e+00,3.754947692006063015e-02,9.992870304017734684e-01,3.932893824522605379e-03,1.090041090675129554e-01,6.880632454249506307e-03,-4.194120563666438144e-03,9.999675325977973595e-01,6.071621797320346514e-02,0.000000000000000000e+00,0.000000000000000000e+00,0.000000000000000000e+00,1.000000000000000056e-01
9.990776609940332786e-01,-4.262096227030427731e-02,-5.223109978239767054e-03,6.498389065368318285e+00,4.264205260865777669e-02,9.990824255498059747e-01,3.995285576391953593e-03,1.633015659606650016e-01,5.048034470162688150e-03,-4.214324699137776513e-03,9.999783781739074451e-01,7.186448931501855653e-02,0.000000000000000000e+00,0.000000000000000000e+00,0.000000000000000000e+00,1.000000000000000056e-01
9.988438654239915060e-01,-4.795006515114409729e-02,-3.423997205063730124e-03,7.323919346954067322e+00,4.795931622697505170e-02,9.988457138045311323e-01,2.672826473539027109e-03,1.979421112197530530e-01,3.291882728812701910e-03,-2.833948891155227932e-03,9.999905660763915849e-01,9.220020265053423258e-02,0.000000000000000000e+00,0.000000000000000000e+00,0.000000000000000000e+00,1.000000000000000056e-01
9.987649721316822493e-01,-4.959898755679368471e-02,-2.910476961100306494e-03,8.140522403060225898e+00,4.960814483529762259e-02,9.987637486556253386e-01,3.163279526539628048e-03,2.446037475021098362e-01,2.749983418168875510e-03,-3.303756150795133465e-03,9.999907613505716331e-01,1.071813009039778580e-01,0.000000000000000000e+00,0.000000000000000000e+00,0.000000000000000000e+00,1.000000000000000056e-01
9.986091370297203174e-01,-5.259459852086308812e-02,-3.687769947598202626e-03,8.987906147791164813e+00,5.260671670543248107e-02,9.986099547223946660e-01,3.269814491854255468e-03,2.950865646950667776e-01,3.510669199960874363e-03,-3.459268096865957681e-03,9.999878542592417485e-01,1.161067982669355125e-01,0.000000000000000000e+00,0.000000000000000000e+00,0.000000000000000000e+00,1.000000000000000056e-01
9.986198935494783324e-01,-5.240678816667555112e-02,-3.440459457945322166e-03,9.668658355403339399e+00,5.242442932474917355e-02,9.986110679572770543e-01,5.254918001361207937e-03,3.770878969799142943e-01,3.160287519031905468e-03,-5.428029778828286599e-03,9.999802743432077978e-01,1.339384925258507997e-01,0.000000000000000000e+00,0.000000000000000000e+00,0.000000000000000000e+00,1.000000000000000056e-01
9.983577437922874775e-01,-5.715431755364140665e-02,-3.898640141226237827e-03,1.042330127203740275e+01,5.717553174601167076e-02,9.983486245493878863e-01,5.566186298195992081e-03,4.406898571582402169e-01,3.574070443356424428e-03,-5.779952017355450937e-03,9.999769088209702339e-01,1.407630026664350165e-01,0.000000000000000000e+00,0.000000000000000000e+00,0.000000000000000000e+00,1.000000000000000056e-01
9.982177159182079595e-01,-5.951105877557780893e-02,-4.452584692696387111e-03,1.125050520432207790e+01,5.952905622995823681e-02,9.982184589205193026e-01,4.024889403934376643e-03,4.915490720009685344e-01,4.205126800273743110e-03,-4.282774072158945962e-03,9.999819872151900491e-01,1.620849335803508373e-01,0.000000000000000000e+00,0.000000000000000000e+00,0.000000000000000000e+00,1.000000000000000056e-01
9.980157095602346651e-01,-6.271525808580862005e-02,-5.607127090747165803e-03,1.214234387624535927e+01,6.274211663428809482e-02,9.980184704003858265e-01,4.749688402786430251e-03,5.559724144600650675e-01,5.298138468440128680e-03,-5.092066663407851350e-03,9.999729999284303616e-01,1.752828768462512676e-01,0.000000000000000000e+00,0.000000000000000000e+00,0.000000000000000000e+00,1.000000000000000056e-01
9.978773727006108318e-01,-6.472038443659539064e-02,-7.212550901418893386e-03,1.304139418408677820e+01,6.477109835322553133e-02,9.978753529598196614e-01,7.034541451449072627e-03,6.335988108855645784e-01,6.741948549421093902e-03,-7.486774585538990417e-03,9.999492458800407491e-01,1.885827685747815674e-01,0.000000000000000000e+00,0.000000000000000000e+00,0.000000000000000000e+00,1.000000000000000056e-01
9.980235931566995289e-01,-6.194449207089840204e-02,-1.057295628805816554e-02,1.391674182121375836e+01,6.205120273541463172e-02,9.980220454772930072e-01,1.008191352911818987e-02,6.960998853624724703e-01,9.927524448685873248e-03,-1.071805222036865089e-02,9.998932781126804725e-01,1.946262062958503403e-01,0.000000000000000000e+00,0.000000000000000000e+00,0.000000000000000000e+00,1.000000000000000056e-01
9.970384210207212661e-01,-7.652072179977283117e-02,-7.678941577375646317e-03,1.488515945203276658e+01,7.659304603655016364e-02,9.970160949368541692e-01,9.613102293674133728e-03,7.833718912861125094e-01,6.920426818476317458e-03,-1.017278585774344414e-02,9.999243081956467050e-01,2.068432929906738327e-01,0.000000000000000000e+00,0.000000000000000000e+00,0.000000000000000000e+00,1.000000000000000056e-01
9.966736779201547103e-01,-8.118932380450995245e-02,-7.062113088739880098e-03,1.584680339964984341e+01,8.124301517306929676e-02,9.966647306766087677e-01,7.680306693828950482e-03,8.792398703346714361e-01,6.415000132513462572e-03,-8.228506880915708449e-03,9.999455682424971403e-01,2.182154615054326396e-01,0.000000000000000000e+00,0.000000000000000000e+00,0.000000000000000000e+00,1.000000000000000056e-01
9.965362818625731478e-01,-8.291523894379243531e-02,-6.364124638306977236e-03,1.675520032142771498e+01,8.296304532872106341e-02,9.965232147405778118e-01,7.656082084774571729e-03,9.719020792824708543e-01,5.707192068143013622e-03,-8.157550735241402007e-03,9.999504399342495908e-01,2.370768054449939877e-01,0.000000000000000000e+00,0.000000000000000000e+00,0.000000000000000000e+00,1.000000000000000056e-01
9.963191764706200715e-01,-8.555252631422718967e-02,-5.372507622968786256e-03,1.764715878148578554e+01,8.559527095030342037e-02,9.962953675738968062e-01,8.306030444082139821e-03,1.060402311288928257e+00,4.642002568885139624e-03,-8.735318657458400818e-03,9.999510718130678599e-01,2.599444632712767933e-01,0.000000000000000000e+00,0.000000000000000000e+00,0.000000000000000000e+00,1.000000000000000056e-01
9.962655074292220414e-01,-8.616271555695129147e-02,-5.570022858720518298e-03,1.855634099206098853e+01,8.620367055615729690e-02,9.962486535439253332e-01,7.586006496263584219e-03,1.144537896199195881e+00,4.895496853258458729e-03,-8.037833026864824038e-03,9.999557126947132835e-01,2.636519434588837640e-01,0.000000000000000000e+00,0.000000000000000000e+00,0.000000000000000000e+00,1.000000000000000056e-01
9.960703113811943954e-01,-8.837525735358041368e-02,-5.809360778862395110e-03,1.949419446063859240e+01,8.840189250076337102e-02,9.960747251349030273e-01,4.499705513802877525e-03,1.229513223229524277e+00,5.388894808217191933e-03,-4.995581559328453151e-03,9.999730016243588704e-01,2.814623668628296604e-01,0.000000000000000000e+00,0.000000000000000000e+00,0.000000000000000000e+00,1.000000000000000056e-01
9.959288126400255292e-01,-9.005090842365966186e-02,-4.078485687423665483e-03,2.042573811758995816e+01,9.006125355318254921e-02,9.959332690718131209e-01,2.427790015804231604e-03,1.312728709524463744e+00,3.843274887153390502e-03,-2.785219561387306236e-03,9.999887358316276176e-01,2.997186574364013589e-01,0.000000000000000000e+00,0.000000000000000000e+00,0.000000000000000000e+00,1.000000000000000056e-01
9.960366720440028132e-01,-8.894297605820238040e-02,3.081451241503870312e-04,2.134858541243579211e+01,8.894177525364642400e-02,9.960329065774256030e-01,2.794571461828934504e-03,1.408365751436761570e+00,-5.554801862775580633e-04,-2.756088684251545469e-03,9.999960477006533122e-01,3.075377898813493882e-01,0.000000000000000000e+00,0.000000000000000000e+00,0.000000000000000000e+00,1.000000000000000056e-01
9.959209506216456509e-01,-9.018286487844315302e-02,2.917360998265016575e-03,2.229744626710917288e+01,9.018093565414206370e-02,9.959250876912796313e-01,7.864805531636607019e-04,1.501601584618843299e+00,-2.976400077479687302e-03,-5.201821156877494204e-04,9.999954352161539717e-01,3.172647530100695668e-01,0.000000000000000000e+00,0.000000000000000000e+00,0.000000000000000000e+00,1.000000000000000056e-01
9.959828211538797049e-01,-8.929868859336914655e-02,6.630549137383700241e-03,2.327500053355096910e+01,8.929631391157555331e-02,9.960048899024902536e-01,6.539205866831841307e-04,1.594940188515967749e+00,-6.662453614407918244e-03,-5.921007355737663118e-05,9.999778038566671245e-01,3.285645775789003964e-01,0.000000000000000000e+00,0.000000000000000000e+00,0.000000000000000000e+00,1.000000000000000056e-01
9.961618847484985384e-01,-8.716653858952183587e-02,7.968307514174379283e-03,2.420780281440634596e+01,8.717935068480903160e-02,9.961918173943916655e-01,-1.274272590193165078e-03,1.690137185602157199e+00,-7.826888813196120412e-03,1.964053660272781655e-03,9.999674406223061363e-01,3.394243014602817410e-01,0.000000000000000000e+00,0.000000000000000000e+00,0.000000000000000000e+00,1.000000000000000056e-01
9.962126687477242948e-01,-8.676150015493588885e-02,5.723697878297490105e-03,2.516505386639180131e+01,8.677893133898922917e-02,9.962234579152010605e-01,-2.870361500352942331e-03,1.768467321927298386e+00,-5.453045222621830806e-03,3.356186875723222822e-03,9.999794999436014686e-01,3.448666146333922988e-01,0.000000000000000000e+00,0.000000000000000000e+00,0.000000000000000000e+00,1.000000000000000056e-01
9.965052423295507333e-01,-8.352683393940289747e-02,7.549978693976446779e-04,2.610855606451966793e+01,8.352924291546602598e-02,9.964968663590455522e-01,-4.106204399624040040e-03,1.868523750893853697e+00,-4.093747579538662296e-04,4.154918610735597144e-03,9.999912844938427803e-01,3.474343044470545872e-01,0.000000000000000000e+00,0.000000000000000000e+00,0.000000000000000000e+00,1.000000000000000056e-01
9.965365753514280334e-01,-8.314814864981595610e-02,-1.113266794488353703e-03,2.706234796155431610e+01,8.314138523083508536e-02,9.965244580621142045e-01,-5.149227700095920617e-03,1.953280076964201140e+00,1.537546339295379214e-03,5.038835194533045243e-03,9.999861229492821302e-01,3.563932534050494594e-01,0.000000000000000000e+00,0.000000000000000000e+00,0.000000000000000000e+00,1.000000000000000056e-01
9.966246085220545892e-01,-8.206819556666307414e-02,2.049625500779582530e-03,2.804123291722562072e+01,8.208134786665509386e-02,9.965975819851686790e-01,-7.477426944354127573e-03,2.033904766254399199e+00,-1.428992881247381948e-03,7.620423724895050537e-03,9.999699431090908197e-01,3.640662087721224793e-01,0.000000000000000000e+00,0.000000000000000000e+00,0.000000000000000000e+00,1.000000000000000056e-01
9.966254580803698415e-01,-8.169923393343093976e-02,7.932936454021400144e-03,2.904257938496781577e+01,8.176913269333642431e-02,9.966113161527808684e-01,-8.927119065033860962e-03,2.109713349551860517e+00,-7.176715451552849977e-03,9.545663461084055723e-03,9.999286849892922158e-01,3.820327160099890040e-01,0.000000000000000000e+00,0.000000000000000000e+00,0.000000000000000000e+00,1.000000000000000056e-01
9.967616680636554038e-01,-7.976045122278808963e-02,1.021995595374136645e-02,2.998445765010472996e+01,7.987317940645698167e-02,9.967427601909156776e-01,-1.114204732079082660e-02,2.179232014570839038e+00,-9.297972384509817917e-03,1.192226604853491995e-02,9.998856971083268652e-01,3.871363669927407880e-01,0.000000000000000000e+00,0.000000000000000000e+00,0.000000000000000000e+00,1.000000000000000056e-01
9.966525957586206408e-01,-8.122630395310481699e-02,9.267735091242200463e-03,3.088842141708568434e+01,8.139027426285067035e-02,9.965020971066513855e-01,-1.895240664042181777e-02,2.242783291216480013e+00,-7.695883511434010310e-03,1.964326877492097306e-02,9.997774329163540141e-01,3.991647466243579134e-01,0.000000000000000000e+00,0.000000000000000000e+00,0.000000000000000000e+00,1.000000000000000056e-01
9.966591613958344364e-01,-8.134870333027943712e-02,7.273546056370708973e-03,3.182336493407881761e+01,8.149600002846782432e-02,9.964085743336376089e-01,-2.298597341353520590e-02,2.319203217132992823e+00,-5.377544524403024204e-03,2.350194589581799248e-02,9.997093280319024888e-01,4.076457627342030543e-01,0.000000000000000000e+00,0.000000000000000000e+00,0.000000000000000000e+00,1.000000000000000056e-01
9.968370799836215879e-01,-7.939003657888668575e-02,3.613594018419998086e-03,3.279194436455852468e+01,7.945549105072000073e-02,9.965295736112637082e-01,-2.481197009594381803e-02,2.386528069611443925e+00,-1.631230092869071380e-03,2.502061170627307984e-02,9.996856046168856036e-01,4.074214788798051212e-01,0.000000000000000000e+00,0.000000000000000000e+00,0.000000000000000000e+00,1.000000000000000056e-01
9.966973347261924854e-01,-8.109625632914077564e-02,4.221393028678896431e-03,3.373780717953815156e+01,8.117759551626624326e-02,9.963770144289123554e-01,-2.535829457838926007e-02,2.463899094813751134e+00,-2.149636225447186435e-03,2.561722715527951430e-02,9.996695137579084678e-01,4.099082610538657412e-01,0.000000000000000000e+00,0.000000000000000000e+00,0.000000000000000000e+00,1.000000000000000056e-01
9.966814176236398204e-01,-8.122704428505382601e-02,5.321563721843181223e-03,3.469968519063748147e+01,8.133827580107573507e-02,9.963503330731030561e-01,-2.588626421144528747e-02,2.552866255218829483e+00,-3.199477057250525551e-03,2.623320532894366300e-02,9.996507301476499352e-01,4.263434554703776080e-01,0.000000000000000000e+00,0.000000000000000000e+00,0.000000000000000000e+00,1.000000000000000056e-01
9.966204588941971476e-01,-8.194173285178563138e-02,5.763100794408300594e-03,3.567161486525035485e+01,8.205961969213257379e-02,9.963235925404736459e-01,-2.460727053589465904e-02,2.633526459473627401e+00,-3.725550899193839395e-03,2.499702711305356109e-02,9.996805834395338097e-01,4.291440927357937918e-01,0.000000000000000000e+00,0.000000000000000000e+00,0.000000000000000000e+00,1.000000000000000056e-01
9.966953928879426217e-01,-8.109804206925869119e-02,4.626161311758391834e-03,3.663467275189948680e+01,8.118449387660223171e-02,9.964252826500196170e-01,-2.336095138962750867e-02,2.709559998017347482e+00,-2.715096674079522411e-03,2.365932518820754171e-02,9.997163920741166665e-01,4.465135666759280642e-01,0.000000000000000000e+00,0.000000000000000000e+00,0.000000000000000000e+00,1.000000000000000056e-01
9.965128670143104106e-01,-8.316479661808096058e-02,6.761839867415094137e-03,3.762587471198153821e+01,8.329920232867085716e-02,9.962614196313389625e-01,-2.290036343720793996e-02,2.804741498091392504e+00,-4.832056117895211327e-03,2.338376269171165214e-02,9.997148847926848880e-01,4.586391328626547859e-01,0.000000000000000000e+00,0.000000000000000000e+00,0.000000000000000000e+00,1.000000000000000056e-01
9.966681985118709397e-01,-8.096653541598124171e-02,9.844908218697356536e-03,3.861161092622633362e+01,8.117193645643520916e-02,9.964427605224225326e-01,-2.264821702400706543e-02,2.890242320053540315e+00,-7.976139856745582610e-03,2.337188792517054525e-02,9.996950215179621901e-01,4.817700265415644778e-01,0.000000000000000000e+00,0.000000000000000000e+00,0.000000000000000000e+00,1.000000000000000056e-01
9.967103867591133870e-01,-8.023987082567339557e-02,1.140035334443076365e-02,3.960412121500134219e+01,8.043275416704016856e-02,9.966044868442160976e-01,-1.760877221958512956e-02,2.976902574620836184e+00,-9.948717686370945473e-03,1.846780798730581624e-02,9.997799573328827183e-01,4.874432776042012527e-01,0.000000000000000000e+00,0.000000000000000000e+00,0.000000000000000000e+00,1.000000000000000056e-01
9.965822947422324773e-01,-8.202763640129488720e-02,9.756878226306407720e-03,4.060000291994919763e+01,8.220301074438925160e-02,9.964309189268366618e-01,-1.918564127616475407e-02,3.057480466547611631e+00,-8.148302330168818997e-03,1.992211517477032734e-02,9.997683304126507853e-01,5.022535462354216218e-01,0.000000000000000000e+00,0.000000000000000000e+00,0.000000000000000000e+00,1.000000000000000056e-01
9.965694716284252408e-01,-8.233030578155658974e-02,8.426681918574320876e-03,4.160632402978927047e+01,8.245053014361533594e-02,9.964810256130411936e-01,-1.508229664932805338e-02,3.134876704132426362e+00,-7.155298545708483650e-03,1.572534079430209716e-02,9.998507465415149564e-01,5.281319983765705439e-01,0.000000000000000000e+00,0.000000000000000000e+00,0.000000000000000000e+00,1.000000000000000056e-01
9.964925699733326869e-01,-8.342473753938457748e-02,6.547606770984260895e-03,4.263105349103931019e+01,8.350859831969852098e-02,9.964115675323567123e-01,-1.379500251507790980e-02,3.193262645094978591e+00,-5.373266662086374247e-03,1.429339897283203771e-02,9.998834065785777714e-01,5.336332768276872418e-01,0.000000000000000000e+00,0.000000000000000000e+00,0.000000000000000000e+00,1.000000000000000056e-01
9.965655496435672500e-01,-8.238483986322821251e-02,8.357237840639216223e-03,4.365061659463184185e+01,8.250096534980393137e-02,9.964831580868990235e-01,-1.465968504131638997e-02,3.280218183646014474e+00,-7.120110951749289430e-03,1.529881727031169592e-02,9.998576149683335856e-01,5.469213500433673936e-01,0.000000000000000000e+00,0.000000000000000000e+00,0.000000000000000000e+00,1.000000000000000056e-01
9.966551498531097675e-01,-8.122290583173460976e-02,9.019525460048860577e-03,4.464135063559044880e+01,8.137169171768030007e-02,9.965287946454070012e-01,-1.757865835537539279e-02,3.368118013155647628e+00,-7.560427122729161675e-03,1.825379442256814394e-02,9.998048004140110967e-01,5.651892536558067448e-01,0.000000000000000000e+00,0.000000000000000000e+00,0.000000000000000000e+00,1.000000000000000056e-01
9.965021602229575670e-01,-8.294329575272811617e-02,1.019089596917473542e-02,4.562243845401251718e+01,8.310310258351970292e-02,9.964058250458900368e-01,-1.641055013131092685e-02,3.461821850139340739e+00,-8.793122993116093272e-03,1.720004372944278562e-02,9.998134023325218056e-01,5.765181726035345511e-01,0.000000000000000000e+00,0.000000000000000000e+00,0.000000000000000000e+00,1.000000000000000056e-01
9.958578465037030147e-01,-9.050023186303288170e-02,8.766846054555559736e-03,4.653474334457852279e+01,9.062860232165276253e-02,9.957632121457659080e-01,-1.555897742045319991e-02,3.533613048142837609e+00,-7.321611723568970803e-03,1.628905675242573250e-02,9.998405175986245785e-01,5.878204055549347551e-01,0.000000000000000000e+00,0.000000000000000000e+00,0.000000000000000000e+00,1.000000000000000056e-01
9.960805588944060540e-01,-8.836334345446469896e-02,3.929341695000968492e-03,4.748230441309784311e+01,8.841390136275378842e-02,9.959642895676056318e-01,-1.543100618598367349e-02,3.629795820126374473e+00,-2.549948710269965904e-03,1.571793369508002469e-02,9.998732141236368332e-01,5.870333940627402436e-01,0.000000000000000000e+00,0.000000000000000000e+00,0.000000000000000000e+00,1.000000000000000056e-01
9.962399186861067291e-01,-8.660317127194265552e-02,2.432106482471118030e-03,4.843211047391632462e+01,8.663292809536314587e-02,9.960793763747343155e-01,-1.790563404473886205e-02,3.721023422945694659e+00,-8.718864164275331834e-04,1.804900791077001382e-02,9.998367232341057731e-01,5.913742553294598636e-01,0.000000000000000000e+00,0.000000000000000000e+00,0.000000000000000000e+00,1.000000000000000056e-01
9.963973258598987082e-01,-8.470426999752062036e-02,4.189947903024447175e-03,4.940498913405166803e+01,8.476614057243159195e-02,9.962402976893331985e-01,-1.788772406773957505e-02,3.827274923243139781e+00,-2.659028337136912050e-03,1.817844613975439991e-02,9.998312225892159733e-01,6.034545311253058930e-01,0.000000000000000000e+00,0.000000000000000000e+00,0.000000000000000000e+00,1.000000000000000056e-01
9.964864420988391869e-01,-8.356940378395640023e-02,5.561066839279493051e-03,5.042213069012150584e+01,8.365301097767043059e-02,9.963491651344313915e-01,-1.704449736106150928e-02,3.924915235287029347e+00,-4.116365820311764998e-03,1.744981051804104025e-02,9.998392669050950587e-01,6.276843456826339818e-01,0.000000000000000000e+00,0.000000000000000000e+00,0.000000000000000000e+00,1.000000000000000056e-01
9.965933690786198396e-01,-8.229873032540986622e-02,5.345623944057320033e-03,5.136689032569564972e+01,8.238389255100965480e-02,9.964313179332382475e-01,-1.837179604648365300e-02,4.011049281213107776e+00,-3.814571623329521353e-03,1.874960342661573243e-02,9.998169339507483322e-01,6.355969364727260817e-01,0.000000000000000000e+00,0.000000000000000000e+00,0.000000000000000000e+00,1.000000000000000056e-01
9.967062153152966841e-01,-8.097765194686179502e-02,4.397753634577050534e-03,5.232298965573642135e+01,8.104977684181913222e-02,9.965102997991434064e-01,-1.995384845368731314e-02,4.098503140156828373e+00,-2.766590997752032231e-03,2.024456172393743203e-02,9.997912300549834930e-01,6.520400721331337524e-01,0.000000000000000000e+00,0.000000000000000000e+00,0.000000000000000000e+00,1.000000000000000056e-01
9.966686950097821684e-01,-8.146448190745492202e-02,3.879507062470089786e-03,5.330671625063740038e+01,8.153033063788325818e-02,9.964292253637697661e-01,-2.194547851005129377e-02,4.186862830276060876e+00,-2.077877180017831046e-03,2.218866892149323408e-02,9.997516418580751907e-01,6.748442385327628745e-01,0.000000000000000000e+00,0.000000000000000000e+00,0.000000000000000000e+00,1.000000000000000056e-01
9.966533108778067307e-01,-8.161294458622098125e-02,4.637369111082555173e-03,5.426408739569740192e+01,8.170072945992462587e-02,9.963724883114568609e-01,-2.380872406812235137e-02,4.266183615480152902e+00,-2.677446922387719148e-03,2.410792010942063024e-02,9.997057764492388587e-01,6.755100953814898723e-01,0.000000000000000000e+00,0.000000000000000000e+00,0.000000000000000000e+00,1.000000000000000056e-01
9.965706295448421015e-01,-8.226017391323471595e-02,8.957908034890247478e-03,5.521364757000459633e+01,8.247036828053651292e-02,9.962442883768122259e-01,-2.638098239739362916e-02,4.338924656599339791e+00,-6.754160515552581033e-03,2.702927421044254430e-02,9.996118244855783930e-01,6.931771096503642760e-01,0.000000000000000000e+00,0.000000000000000000e+00,0.000000000000000000e+00,1.000000000000000056e-01
9.963516486804718797e-01,-8.430735828888534511e-02,1.325373570187432341e-02,5.616317247944433433e+01,8.462339230417713354e-02,9.960883831909467245e-01,-2.543254503542706838e-02,4.426560816489273797e+00,-1.105774148002016018e-02,2.646133425198369735e-02,9.995886774783745432e-01,7.198551519332573312e-01,0.000000000000000000e+00,0.000000000000000000e+00,0.000000000000000000e+00,1.000000000000000056e-01
9.961935064176333787e-01,-8.603892326445401750e-02,1.399290730455739207e-02,5.712014726203862125e+01,8.633728237934419625e-02,9.960155709658252698e-01,-2.233508596290523229e-02,4.501100279539366866e+00,-1.201546681115321299e-02,2.345817719078738955e-02,9.996526109005046123e-01,7.180184435523986330e-01,0.000000000000000000e+00,0.000000000000000000e+00,0.000000000000000000e+00,1.000000000000000056e-01
9.961835055913431658e-01,-8.682400639050419366e-02,8.945116100093363637e-03,5.801543090865415309e+01,8.700803745065047168e-02,9.959468520588413698e-01,-2.279186901222564343e-02,4.583253536456780353e+00,-6.929978840419831650e-03,2.348318096821498668e-02,9.997002128662799691e-01,7.307611582166427810e-01,0.000000000000000000e+00,0.000000000000000000e+00,0.000000000000000000e+00,1.000000000000000056e-01
9.959960485640657613e-01,-8.931205827427472765e-02,3.902241865861393304e-03,5.894484016156688710e+01,8.937543114297245850e-02,9.957683918943460721e-01,-2.138555615726942666e-02,4.660204250780760837e+00,-1.975741069805770581e-03,2.164869397817079794e-02,9.997636873262923940e-01,7.461254100303131853e-01,0.000000000000000000e+00,0.000000000000000000e+00,0.000000000000000000e+00,1.000000000000000056e-01
9.959940252221880508e-01,-8.941978974892657306e-02,5.406441802049879314e-05,5.989341194930243972e+01,8.940115982842726516e-02,9.957738069129243863e-01,-2.102279923021810673e-02,4.761033089845328803e+00,1.826018355749194641e-03,2.094341584841933127e-02,9.997789950731934550e-01,7.602456707177202011e-01,0.000000000000000000e+00,0.000000000000000000e+00,0.000000000000000000e+00,1.000000000000000056e-01
9.959637621758734571e-01,-8.975611527654032973e-02,-1.555729558366433221e-04,6.079862367384360056e+01,8.974014575488865886e-02,9.958163999459651583e-01,-1.721638285322707115e-02,4.852275844794567305e+00,1.700197744829500240e-03,1.713293229782793595e-02,9.998517749939270782e-01,7.704211734120394173e-01,0.000000000000000000e+00,0.000000000000000000e+00,0.000000000000000000e+00,1.000000000000000056e-01
9.958058831127108990e-01,-9.149120238759655965e-02,5.517051635656623071e-05,6.173882222974822298e+01,9.148047307162635033e-02,9.956794994171556112e-01,-1.592662823682280265e-02,4.944549168600572031e+00,1.402214215258673017e-03,1.586487712131307015e-02,9.998731616906316733e-01,7.897229663191014382e-01,0.000000000000000000e+00,0.000000000000000000e+00,0.000000000000000000e+00,1.000000000000000056e-01
9.956678983200389910e-01,-9.296409297825859730e-02,1.764559912898617990e-03,6.262254172348623626e+01,9.297928462725026100e-02,9.955816554923352379e-01,-1.311563484341910987e-02,5.031003774815443030e+00,-5.374803822465147249e-04,1.322288409806341575e-02,9.999124293911781924e-01,8.126616952140647276e-01,0.000000000000000000e+00,0.000000000000000000e+00,0.000000000000000000e+00,1.000000000000000056e-01
9.955444208077495194e-01,-9.428218209042212028e-02,1.475241956747019249e-03,6.344789802299896309e+01,9.429288381128229923e-02,9.954797200153030490e-01,-1.135689661861680709e-02,5.120789254518665068e+00,-3.978204550788216410e-04,1.144539988477543367e-02,9.999344201298218104e-01,8.297805297651560386e-01,0.000000000000000000e+00,0.000000000000000000e+00,0.000000000000000000e+00,1.000000000000000056e-01
9.953252150810092402e-01,-9.654117496365693940e-02,2.741853493396277652e-03,6.426583272087950149e+01,9.656407689401730332e-02,9.952761011851954942e-01,-1.004298079271132883e-02,5.205475790189987961e+00,-1.759340089062665091e-03,1.026079656912829742e-02,9.999458089197723609e-01,8.431763065050326134e-01,0.000000000000000000e+00,0.000000000000000000e+00,0.000000000000000000e+00,1.000000000000000056e-01
9.953653783151591439e-01,-9.609910420994219327e-02,3.567326949796440719e-03,6.505505051949150186e+01,9.613259665067089288e-02,9.953093513374626777e-01,-1.085444615808182217e-02,5.289195327392236301e+00,-2.507491319923833232e-03,1.114707630932648685e-02,9.999347254581343325e-01,8.590906143460239619e-01,0.000000000000000000e+00,0.000000000000000000e+00,0.000000000000000000e+00,1.000000000000000056e-01
9.952866696894974163e-01,-9.691760933800530609e-02,3.379665456069427462e-03,6.585052426758663557e+01,9.695095176833018469e-02,9.952200371632027309e-01,-1.172990111161905692e-02,5.367925693234287365e+00,-2.226676807279277630e-03,1.200227599579494452e-02,9.999254908648527174e-01,8.729736921863593402e-01,0.000000000000000000e+00,0.000000000000000000e+00,0.000000000000000000e+00,1.000000000000000056e-01
9.953034297147481668e-01,-9.671424411573177615e-02,4.175857179305624001e-03,6.659462123164169611e+01,9.675905989729548240e-02,9.952311346582367602e-01,-1.235608897143815506e-02,5.443585237010352351e+00,-2.960933273631709099e-03,1.270210974606795530e-02,9.999149410235592672e-01,8.910953004363895147e-01,0.000000000000000000e+00,0.000000000000000000e+00,0.000000000000000000e+00,1.000000000000000056e-01
9.953250239968968183e-01,-9.642474691295692402e-02,5.510425423599229697e-03,6.739470926616935742e+01,9.648149172699373166e-02,9.952720206162355421e-01,-1.117706278990909276e-02,5.533418916812692601e+00,-4.406626795053467799e-03,1.165646435450029376e-02,9.999223512248545109e-01,8.944418592575968940e-01,0.000000000000000000e+00,0.000000000000000000e+00,0.000000000000000000e+00,1.000000000000000056e-01
9.950821665372233671e-01,-9.862056940297263263e-02,9.244735270367085075e-03,6.814082820010905550e+01,9.871713220401488742e-02,9.950585943662947352e-01,-1.064526125507482025e-02,5.609094648282102469e+00,-8.149211557001096243e-03,1.150552338693055891e-02,9.999006017012851411e-01,9.039519292932715055e-01,0.000000000000000000e+00,0.000000000000000000e+00,0.000000000000000000e+00,1.000000000000000056e-01
9.949176681010150070e-01,-9.993951234708428610e-02,1.228525833124691387e-02,6.886951579494831321e+01,1.000665974671294811e-01,9.949284110651480662e-01,-1.020455421521011298e-02,5.688352825664606982e+00,-1.120311437904488415e-02,1.138203528401981156e-02,9.998724616174822222e-01,9.184932692500425988e-01,0.000000000000000000e+00,0.000000000000000000e+00,0.000000000000000000e+00,1.000000000000000056e-01
9.948657293987691608e-01,-1.008699361506729952e-01,8.211969849812860225e-03,6.956070193030498672e+01,1.009219031562575974e-01,9.948751570896510188e-01,-6.179908507512522908e-03,5.768552381359489445e+00,-7.546517817778258287e-03,6.976946810849026306e-03,9.999471847462867435e-01,9.330677794319869323e-01,0.000000000000000000e+00,0.000000000000000000e+00,0.000000000000000000e+00,1.000000000000000056e-01
9.948610278593467138e-01,-1.012034437682819282e-01,3.065651004989578161e-03,7.026076325018404134e+01,1.012236692322136949e-01,9.948363284063677092e-01,-7.378920659900990373e-03,5.846267536284405431e+00,-2.303048807904219467e-03,7.651317035512136128e-03,9.999680761473390689e-01,9.360013935054780632e-01,0.000000000000000000e+00,0.000000000000000000e+00,0.000000000000000000e+00,1.000000000000000056e-01
9.949027885055815590e-01,-1.008359567302212351e-01,-7.424648941470489080e-04,7.101298378688666446e+01,1.008256900290112751e-01,9.948657861487989473e-01,-8.731997520959522072e-03,5.925071225613679715e+00,1.619152244795361937e-03,8.612629147551760858e-03,9.999615997452976357e-01,9.641369584490813160e-01,0.000000000000000000e+00,0.000000000000000000e+00,0.000000000000000000e+00,1.000000000000000056e-01
9.947091083457297866e-01,-1.027272229252284841e-01,-9.525986109430114885e-04,7.174320852231102208e+01,1.027169982371558543e-01,9.946811298836487625e-01,-7.659512160440983680e-03,6.006809509307119654e+00,1.734372275862508484e-03,7.521138441634574526e-03,9.999702117710059790e-01,9.746249930647823412e-01,0.000000000000000000e+00,0.000000000000000000e+00,0.000000000000000000e+00,1.000000000000000056e-01
9.945504518640273517e-01,-1.042510515076789240e-01,1.056861676030706760e-03,7.242260781011451343e+01,1.042556891987373030e-01,9.945301430231111572e-01,-6.367565321713422773e-03,6.093926685105359731e+00,-3.872554134860077806e-04,6.443048810406109238e-03,9.999791683606571446e-01,9.856267318117224452e-01,0.000000000000000000e+00,0.000000000000000000e+00,0.000000000000000000e+00,1.000000000000000056e-01
9.944616129595043041e-01,-1.050249072925912852e-01,3.983616216914447061e-03,7.303407507379550623e+01,1.050460364819613690e-01,9.944519942234473220e-01,-5.528237010042136475e-03,6.150819489915758886e+00,-3.380912511660289464e-03,5.916082588281058006e-03,9.999767844292172247e-01,1.001628223379287919e+00,0.000000000000000000e+00,0.000000000000000000e+00,0.000000000000000000e+00,1.000000000000000056e-01
9.943887795364521054e-01,-1.057841896349372701e-01,8.126224738385897164e-04,7.360472895662189785e+01,1.057872658606510141e-01,9.943661006900417210e-01,-6.716560147109166753e-03,6.205661936821918800e+00,-9.753836834771565127e-05,6.764837157051360739e-03,9.999771134703560049e-01,1.011903354023265367e+00,0.000000000000000000e+00,0.000000000000000000e+00,0.000000000000000000e+00,1.000000000000000056e-01
9.945624904561271018e-01,-1.041262857740872516e-01,-1.780221502834781859e-03,7.423843309622942854e+01,1.040994010474547427e-01,9.945011764789649655e-01,-1.143348955987602382e-02,6.262389006190995033e+00,2.960959180269034929e-03,1.118599985909752605e-02,9.999330508228463366e-01,1.030969409521801605e+00,0.000000000000000000e+00,0.000000000000000000e+00,0.000000000000000000e+00,1.000000000000000056e-01
9.946305903766822221e-01,-1.033869821051535964e-01,-4.595717367432280813e-03,7.485501949018838275e+01,1.033029001752813758e-01,9.945243324064739765e-01,-1.580705750078614455e-02,6.316190224528001274e+00,6.204796717743338123e-03,1.524743200168342250e-02,9.998644989772591529e-01,1.052508070931369000e+00,0.000000000000000000e+00,0.000000000000000000e+00,0.000000000000000000e+00,1.000000000000000056e-01
9.951786991474379507e-01,-9.794824934815866968e-02,-5.049476492088381119e-03,7.544027339622630279e+01,9.786744589064753919e-02,9.950963229762316287e-01,-1.432728285560326380e-02,6.369810457860728192e+00,6.428047763854296756e-03,1.376402734719108824e-02,9.998846092190495360e-01,1.065762955483560814e+00,0.000000000000000000e+00,0.000000000000000000e+00,0.000000000000000000e+00,1.000000000000000056e-01
9.955502974721822662e-01,-9.413418564654318921e-02,-4.284891563571154027e-03,7.599925292983820668e+01,9.408368597439351055e-02,9.955061170071091148e-01,-1.076248274793952658e-02,6.447206063302280299e+00,5.278753311259497955e-03,1.031145450894906807e-02,9.999329020836291715e-01,1.069206643062702300e+00,0.000000000000000000e+00,0.000000000000000000e+00,0.000000000000000000e+00,1.000000000000000056e-01
9.961745184177550616e-01,-8.737674621405752684e-02,-1.277918697731009537e-03,7.654674583470630012e+01,8.734924486146045108e-02,9.960726298334551254e-01,-1.447154168695596009e-02,6.485402308066482213e+00,2.537376063269575384e-03,1.430455583752467640e-02,9.998944651336982847e-01,1.086883587758238567e+00,0.000000000000000000e+00,0.000000000000000000e+00,0.000000000000000000e+00,1.000000000000000056e-01
9.968240532108758600e-01,-7.961558655712809573e-02,1.779133891938954569e-03,7.710102423653832204e+01,7.963421093390100902e-02,9.966848584685032986e-01,-1.666389355926205587e-02,6.510048588666605518e+00,-4.465301512374965885e-04,1.675264984364853091e-02,9.998595648059982466e-01,1.101559143878084290e+00,0.000000000000000000e+00,0.000000000000000000e+00,0.000000000000000000e+00,1.000000000000000056e-01
9.974483301797094636e-01,-7.132737519883403099e-02,3.038777542705514961e-03,7.763028693107193590e+01,7.137303221553967236e-02,9.972616141420542757e-01,-1.936913088251592321e-02,6.541642672184575957e+00,-1.648906931524590867e-03,1.953659402324912572e-02,9.998077828262300626e-01,1.115754764775477748e+00,0.000000000000000000e+00,0.000000000000000000e+00,0.000000000000000000e+00,1.000000000000000056e-01
9.982509410584634590e-01,-5.900144825062818982e-02,3.726631216075219563e-03,7.810820516514081646e+01,5.905443014144898944e-02,9.981230220081934723e-01,-1.621749727609190020e-02,6.573144108085555715e+00,-2.762780585009027602e-03,1.640920600028446599e-02,9.998615429157575729e-01,1.127288829091861233e+00,0.000000000000000000e+00,0.000000000000000000e+00,0.000000000000000000e+00,1.000000000000000056e-01
9.989981858003438298e-01,-4.464279987293681001e-02,3.105670157423716035e-03,7.859261536108540724e+01,4.467786456345424623e-02,9.989254096190535170e-01,-1.232535741695556242e-02,6.603444742561568326e+00,-2.552094369618591353e-03,1.245176440955155645e-02,9.999192169257562490e-01,1.132669982803378383e+00,0.000000000000000000e+00,0.000000000000000000e+00,0.000000000000000000e+00,1.000000000000000056e-01
9.996305059676040550e-01,-2.709187923939487125e-02,2.209438442240970173e-03,7.905702652254562679e+01,2.710717635803203129e-02,9.996064918360516582e-01,-7.215432704699310112e-03,6.615023505059603792e+00,-2.013089378680512753e-03,7.272658282879811142e-03,9.999715275509867274e-01,1.132340108534240830e+00,0.000000000000000000e+00,0.000000000000000000e+00,0.000000000000000000e+00,1.000000000000000056e-01
9.999814939260890378e-01,-4.868107860200152417e-03,3.648743784992953751e-03,7.953898791449744010e+01,4.893754891127250276e-03,9.999631500501617865e-01,-7.053347065279465603e-03,6.633199069160134798e+00,-3.614272874678297644e-03,7.071072593261635425e-03,9.999684679848500624e-01,1.147008154859005646e+00,0.000000000000000000e+00,0.000000000000000000e+00,0.000000000000000000e+00,1.000000000000000056e-01
9.997872086033724459e-01,2.008764321049360743e-02,4.692984479464277180e-03,8.001777890428762419e+01,-2.004308977417283352e-02,9.997553472118410056e-01,-9.355227075580695162e-03,6.618689820445706751e+00,-4.879760791374004002e-03,9.259174454514813163e-03,9.999452263114414485e-01,1.161193340721717426e+00,0.000000000000000000e+00,0.000000000000000000e+00,0.000000000000000000e+00,1.000000000000000056e-01
9.987941894003532495e-01,4.870868589013364197e-02,6.134422462428304468e-03,8.049065131312651999e+01,-4.863965503792976736e-02,9.987564768217142008e-01,-1.094001665757162248e-02,6.610799645045578821e+00,-6.659668000917363939e-03,1.062844887709617214e-02,9.999213393545436368e-01,1.167777583030573441e+00,0.000000000000000000e+00,0.000000000000000000e+00,0.000000000000000000e+00,1.000000000000000056e-01
9.967181835705665183e-01,8.042499720834658805e-02,9.202302093924964038e-03,8.099140596189957364e+01,-8.032065903225826808e-02,9.967061930964262739e-01,-1.119626615676549454e-02,6.567516835946235254e+00,-1.007245116216099259e-02,1.042038709774592738e-02,9.998949751150463250e-01,1.173454471758325068e+00,0.000000000000000000e+00,0.000000000000000000e+00,0.000000000000000000e+00,1.000000000000000056e-01
