1.000000000000000000e+00,-9.485873906526964104e-11,1.498935105058593397e-10,8.568481250025912623e-16,9.485873904111066802e-11,1.000000000000000000e+00,1.611742844446445684e-10,4.115315557412745175e-16,-1.498935105211481190e-10,-1.611742844304258507e-10,1.000000000000000000e+00,-6.774657479965420807e-17,0.000000000000000000e+00,0.000000000000000000e+00,0.000000000000000000e+00,1.000000000000000056e-01
9.999934083520938266e-01,-3.555340117451457130e-03,-7.367557341464187493e-04,6.452244398115600799e-01,3.554394561469783644e-03,9.999928629352996534e-01,-1.280764523381553149e-03,1.928265232921732436e-02,7.413040293640627519e-04,1.278137360458182770e-03,9.999989084160161301e-01,1.099494409974350988e-02,0.000000000000000000e+00,0.000000000000000000e+00,0.000000000000000000e+00,1.000000000000000056e-01
9.999541559201547969e-01,-9.484191960078830128e-03,-1.317634575694141916e-03,1.325740898456167161e+00,9.485506208298076156e-03,9.999545167510106580e-01,9.947870250409079473e-04,2.653484782553569218e-02,1.308139894287774739e-03,-1.007239850893117952e-03,9.999986371180211719e-01,1.628831698278602330e-02,0.000000000000000000e+00,0.000000000000000000e+00,0.000000000000000000e+00,1.000000000000000056e-01
9.998857230018163289e-01,-1.503331685603917674e-02,-1.593838586847219673e-03,2.045364365882015978e+00,1.503560801596414039e-02,9.998859285420438336e-01,1.435407679045699316e-03,3.374572134752194114e-02,1.572077836899185435e-03,-1.459207977197521161e-03,9.999976996390311790e-01,1.663600964053591619e-02,0.000000000000000000e+00,0.000000000000000000e+00,0.000000000000000000e+00,1.000000000000000056e-01
9.997937542476736938e-01,-2.020581689939095899e-02,-2.043020012265374906e-03,2.750926696851963005e+00,2.021204252824854164e-02,9.997909901601177429e-01,3.073976494319145911e-03,3.806665301807719143e-02,1.980480794782490429e-03,-3.114636107098412657e-03,9.999931883456716353e-01,1.801320153956652986e-02,0.000000000000000000e+00,0.000000000000000000e+00,0.000000000000000000e+00,1.000000000000000056e-01
9.996782628688262173e-01,-2.528760015772041694e-02,-1.976872739754250655e-03,3.459560227363435381e+00,2.529654404990384561e-02,9.996692306003676087e-01,4.638345610276727038e-03,5.893309193017823994e-02,1.858926221558976789e-03,-4.686861330608931356e-03,9.999872887812977229e-01,2.773562972752025360e-02,0.000000000000000000e+00,0.000000000000000000e+00,0.000000000000000000e+00,1.000000000000000056e-01
9.995673850604600563e-01,-2.935777820717612105e-02,-1.778646151468132571e-03,4.191875762661906535e+00,2.936709052377042481e-02,9.995537943098009581e-01,5.457680372528990638e-03,8.477177481500321188e-02,1.617627139532132547e-03,-5.507552961004522248e-03,9.999835249356957556e-01,3.485665563827959612e-02,0.000000000000000000e+00,0.000000000000000000e+00,0.000000000000000000e+00,1.000000000000000056e-01
9.994092729413834864e-01,-3.428595109493560306e-02,-2.361930627893493641e-03,4.958772141425791702e+00,3.430482969258282638e-02,9.993754460584455268e-01,8.479178925220745913e-03,1.210183121070234069e-01,2.069738760854837687e-03,-8.555195672730346937e-03,9.999612616539018672e-01,4.885887706977022626e-02,0.000000000000000000e+00,0.000000000000000000e+00,0.000000000000000000e+00,1.000000000000000056e-01
9.992950444484642869e-01,-3.749699012537035386e-02,-1.841160579523810556e-03,5.718932985059249852e+00,3.751217988117775543e-02,9.992551232824109508e-01,9.057314967243778464e-03,1.587203422169398137e-01,1.500167091985671417e-03,-9.119995909624842995e-03,9.999572866744381727e-01,4.861445763760607885e-02,0.000000000000000000e+00,0.000000000000000000e+00,0.000000000000000000e+00,1.000000000000000056e-01
9.991487164260896003e-01,-4.125252410034004752e-02,2.678048700672852134e-04,6.512971370162480511e+00,4.124890177538512864e-02,9.991146725870885259e-01,8.270376262273471460e-03,2.038186473330996784e-01,-6.087416711528200516e-04,-8.252289170030962726e-03,9.999657639924638408e-01,5.326204356621106611e-02,0.000000000000000000e+00,0.000000000000000000e+00,0.000000000000000000e+00,1.000000000000000056e-01
9.990474044931344499e-01,-4.357366529361551832e-02,2.370499612200677609e-03,7.327514712987309053e+00,4.356032997481505686e-02,9.990361340114189970e-01,5.413002124820697272e-03,2.381718490201985561e-01,-2.604079111069099259e-03,-5.304585978005305763e-03,9.999825399173654095e-01,6.162034207408430969e-02,0.000000000000000000e+00,0.000000000000000000e+00,0.000000000000000000e+00,1.000000000000000056e-01
9.989298150817631505e-01,-4.606240251226508681e-02,4.180863010499864807e-03,8.141677908339197245e+00,4.603239928377454021e-02,9.989153554823124725e-01,7.009336475331786644e-03,2.877241076563701871e-01,-4.499195138426958368e-03,-6.809380033698945837e-03,9.999666942386946644e-01,5.996909186502746847e-02,0.000000000000000000e+00,0.000000000000000000e+00,0.000000000000000000e+00,1.000000000000000056e-01
9.988925042820830935e-01,-4.697358188258805162e-02,2.692117045817532008e-03,8.954081568075203279e+00,4.695681909501735890e-02,9.988789959812486297e-01,5.984022724765700012e-03,3.246152969432228308e-01,-2.970190153239270388e-03,-5.850982192119037924e-03,9.999784717571879034e-01,5.748531603068764151e-02,0.000000000000000000e+00,0.000000000000000000e+00,0.000000000000000000e+00,1.000000000000000056e-01
9.987750819600514918e-01,-4.940367974988022631e-02,2.759000337735966965e-03,9.730494299047583340e+00,4.938398834693331213e-02,9.987567205420024852e-01,6.799622572923438683e-03,3.801306735274953552e-01,-3.091496505304217740e-03,-6.655043152041086561e-03,9.999730761625545972e-01,7.038686354780353260e-02,0.000000000000000000e+00,0.000000000000000000e+00,0.000000000000000000e+00,1.000000000000000056e-01
9.986143755062387717e-01,-5.246907253151424783e-02,4.040477690504395633e-03,1.055767821955191543e+01,5.244390288329644351e-02,9.986052288404182464e-01,6.101965498367187789e-03,4.296043294072440788e-01,-4.355006619069371962e-03,-5.881612045909625532e-03,9.999732199199582450e-01,7.096910763630849550e-02,0.000000000000000000e+00,0.000000000000000000e+00,0.000000000000000000e+00,1.000000000000000056e-01
9.985499431868896103e-01,-5.360545114691574187e-02,4.946369253829822552e-03,1.137409098516547168e+01,5.357322742149067674e-02,9.985432070973822016e-01,6.432174074109365917e-03,4.899837629553004392e-01,-5.283963011305244095e-03,-6.157854091323996908e-03,9.999670797420708857e-01,8.275684042330523627e-02,0.000000000000000000e+00,0.000000000000000000e+00,0.000000000000000000e+00,1.000000000000000056e-01
9.984345870367733466e-01,-5.583059480712354583e-02,3.364534468647336837e-03,1.223813616004622951e+01,5.580240220045588895e-02,9.984101018428472862e-01,7.959927563357858948e-03,5.474549231539014293e-01,-3.803592691979844689e-03,-7.759717883927076676e-03,9.999626590333238196e-01,8.499378362431656009e-02,0.000000000000000000e+00,0.000000000000000000e+00,0.000000000000000000e+00,1.000000000000000056e-01
9.982749033952775797e-01,-5.868320050508973873e-02,1.870622791625521815e-03,1.312588486385591935e+01,5.866323829398703560e-02,9.982338884994003125e-01,9.366339959118220176e-03,6.195720271598595952e-01,-2.416965869019716516e-03,-9.240445327272778231e-03,9.999543851827150664e-01,8.350736150329796104e-02,0.000000000000000000e+00,0.000000000000000000e+00,0.000000000000000000e+00,1.000000000000000056e-01
9.985068909547237803e-01,-5.459246263738632560e-02,1.910952410967056442e-03,1.399660980840976521e+01,5.456471467361129896e-02,9.984332872274709336e-01,1.239608279796058400e-02,6.684383688891627484e-01,-2.584691184414709703e-03,-1.227330352154968988e-02,9.999213396023455269e-01,8.687216865438376900e-02,0.000000000000000000e+00,0.000000000000000000e+00,0.000000000000000000e+00,1.000000000000000056e-01
9.973882290912372550e-01,-7.220650096910703752e-02,1.715134992913750671e-03,1.498930426834269625e+01,7.217972395895273785e-02,9.973139868676996755e-01,1.244584457814102915e-02,7.824507552898083418e-01,-2.609199006392012334e-03,-1.228954091299600329e-02,9.999210765178884186e-01,8.654390685691960849e-02,0.000000000000000000e+00,0.000000000000000000e+00,0.000000000000000000e+00,1.000000000000000056e-01
9.971730958968783032e-01,-7.505479902000651571e-02,3.548797472608858968e-03,1.596080903476656232e+01,7.501023131462893068e-02,9.971180645835272527e-01,1.135915838989560132e-02,8.526147981179909019e-01,-4.391129417476693532e-03,-1.106085101912603584e-02,9.999291852712228756e-01,9.881993086159746031e-02,0.000000000000000000e+00,0.000000000000000000e+00,0.000000000000000000e+00,1.000000000000000056e-01
9.970436813177330215e-01,-7.667338656752700765e-02,5.008925698133769554e-03,1.687919618153680545e+01,7.661400434403053961e-02,9.969986880276431318e-01,1.113150526798835881e-02,9.405807505062200313e-01,-5.847382555958248983e-03,-1.071484313580710508e-02,9.999254973515873113e-01,1.041643530946084056e-01,0.000000000000000000e+00,0.000000000000000000e+00,0.000000000000000000e+00,1.000000000000000056e-01
9.968422137736617783e-01,-7.915606015557589970e-02,6.318146838443505775e-03,1.775563836917913108e+01,7.908333656919284971e-02,9.968069599023158256e-01,1.103225123837540782e-02,1.016919921565012430e+00,-7.171242284921570259e-03,-1.049775361445115344e-02,9.999191819607928799e-01,1.120262161850645311e-01,0.000000000000000000e+00,0.000000000000000000e+00,0.000000000000000000e+00,1.000000000000000056e-01
9.969239955298003775e-01,-7.815457120959477810e-02,5.866015337760215227e-03,1.865764768238297577e+01,7.809209879970517576e-02,9.968938145442957088e-01,1.021501974449331648e-02,1.105856344373106870e+00,-6.646144894263545690e-03,-9.725508848779120669e-03,9.999306192109914670e-01,1.103238826840033243e-01,0.000000000000000000e+00,0.000000000000000000e+00,0.000000000000000000e+00,1.000000000000000056e-01
9.966411488848976319e-01,-8.165617233783774298e-02,6.220118047480850156e-03,1.958603024937654524e+01,8.160199853406095716e-02,9.966286155574702876e-01,8.515661292415460659e-03,1.194498370338968440e+00,-6.894503944329006227e-03,-7.979484390195377974e-03,9.999443952761715160e-01,1.202218234920454237e-01,0.000000000000000000e+00,0.000000000000000000e+00,0.000000000000000000e+00,1.000000000000000056e-01
9.965908454053766796e-01,-8.206563810580598528e-02,8.480441998116717769e-03,2.051561284840773780e+01,8.199686833982948453e-02,9.965991642114658822e-01,8.162075438781538420e-03,1.275272594675320281e+00,-9.121427336618267642e-03,-7.438879975814618149e-03,9.999307289147825184e-01,1.199680207337448512e-01,0.000000000000000000e+00,0.000000000000000000e+00,0.000000000000000000e+00,1.000000000000000056e-01
9.966054550955781854e-01,-8.148746951957512585e-02,1.172003349106947798e-02,2.143233712095798182e+01,8.139141830543054901e-02,9.966463755593116813e-01,8.452166037045197311e-03,1.363549870524351171e+00,-1.236947452262624966e-02,-7.469564631467526424e-03,9.998955954019651537e-01,1.152737939235362746e-01,0.000000000000000000e+00,0.000000000000000000e+00,0.000000000000000000e+00,1.000000000000000056e-01
9.966806617856363015e-01,-8.005350236308506062e-02,1.480186413765270485e-02,2.237919494758084937e+01,7.991482279521366916e-02,9.967541534905934864e-01,9.735429978179997376e-03,1.459750176123142840e+00,-1.553317482537267501e-02,-8.520226443820817439e-03,9.998430507940685441e-01,1.165848776915039686e-01,0.000000000000000000e+00,0.000000000000000000e+00,0.000000000000000000e+00,1.000000000000000056e-01
9.967317190232125590e-01,-7.877560098118577270e-02,1.789650756669429119e-02,2.333913517522199399e+01,7.859016583658326449e-02,9.968480746576154905e-01,1.083982865101866533e-02,1.537384153323172242e+00,-1.869401312747171959e-02,-9.397911547684732747e-03,9.997810826034526643e-01,1.140273459341084178e-01,0.000000000000000000e+00,0.000000000000000000e+00,0.000000000000000000e+00,1.000000000000000056e-01
9.969077238730850166e-01,-7.649165621728663822e-02,1.800046141967741667e-02,2.426166128644503317e+01,7.631638556765622805e-02,9.970311566751003385e-01,1.023141793694092201e-02,1.613632630857745331e+00,-1.872963897339436148e-02,-8.826049413410206115e-03,9.997856277601105957e-01,1.068085276604005956e-01,0.000000000000000000e+00,0.000000000000000000e+00,0.000000000000000000e+00,1.000000000000000056e-01
9.971301551452552703e-01,-7.390377446158345742e-02,1.642211375951531035e-02,2.522002885567688679e+01,7.376595892816913136e-02,9.972363479548956855e-01,8.845881583531231898e-03,1.686753326671152076e+00,-1.703047278870205641e-02,-7.609102306684926119e-03,9.998260171443228428e-01,9.503141362229353128e-02,0.000000000000000000e+00,0.000000000000000000e+00,0.000000000000000000e+00,1.000000000000000056e-01
9.973960206912741988e-01,-7.095734653218671584e-02,1.289313314607748277e-02,2.616400658163164650e+01,7.085736779566087495e-02,9.974539498182938280e-01,8.053037995379165245e-03,1.766930528373456433e+00,-1.343172878976313551e-02,-7.118494573696776233e-03,9.998844511725955009e-01,9.667247640650734886e-02,0.000000000000000000e+00,0.000000000000000000e+00,0.000000000000000000e+00,1.000000000000000056e-01
9.975224168953666926e-01,-6.950392513079914347e-02,1.087346231144733534e-02,2.712002397214351035e+01,6.943188123162677416e-02,9.975630463011797566e-01,6.868953555493384489e-03,1.835149885213302579e+00,-1.132438342089642051e-02,-6.096970208432802435e-03,9.999172892266710022e-01,9.028649499247551335e-02,0.000000000000000000e+00,0.000000000000000000e+00,0.000000000000000000e+00,1.000000000000000056e-01
9.976519035905861976e-01,-6.747781447980506775e-02,1.172279041477092623e-02,2.807959357098210873e+01,6.741375222800184697e-02,9.977083802860832185e-01,5.777016311375763116e-03,1.900299579052731502e+00,-1.208574667206014502e-02,-4.973174031675735296e-03,9.999145974869201314e-01,9.748997375933128595e-02,0.000000000000000000e+00,0.000000000000000000e+00,0.000000000000000000e+00,1.000000000000000056e-01
9.975405381812808558e-01,-6.831359726804660248e-02,1.568843884201824926e-02,2.907272996170882706e+01,6.824014289865594496e-02,9.976555222967750103e-01,5.171240462404886641e-03,1.953289739462515495e+00,-1.600492368527968098e-02,-4.087940685496035780e-03,9.998635562709444757e-01,9.124879598531045188e-02,0.000000000000000000e+00,0.000000000000000000e+00,0.000000000000000000e+00,1.000000000000000056e-01
9.974562157274702301e-01,-6.855702500815086253e-02,1.952004171783629574e-02,3.002189678730994515e+01,6.854818352411756743e-02,9.976471754088644950e-01,1.122467931927862176e-03,2.008357447545491503e+00,-1.955106754574260572e-02,2.184507864164682658e-04,9.998088357466520248e-01,9.088953963006457526e-02,0.000000000000000000e+00,0.000000000000000000e+00,0.000000000000000000e+00,1.000000000000000056e-01
9.974483820704961312e-01,-6.863313330385710509e-02,1.965243287342788650e-02,3.096875834291610019e+01,6.872104200016208864e-02,9.976285531420860941e-01,-3.832537284848579195e-03,2.060790594258041342e+00,-1.934278913087681892e-02,5.173293778897272016e-03,9.997995266752808252e-01,9.168939295350568564e-02,0.000000000000000000e+00,0.000000000000000000e+00,0.000000000000000000e+00,1.000000000000000056e-01
9.974848066935009250e-01,-6.838675658650641975e-02,1.863630701633446282e-02,3.193330121016827405e+01,6.850659573884940179e-02,9.976334003793118077e-01,-5.868968213039290650e-03,2.104131047998972992e+00,-1.819084263861951364e-02,7.130916574306906015e-03,9.998091034157007284e-01,8.361046112237364991e-02,0.000000000000000000e+00,0.000000000000000000e+00,0.000000000000000000e+00,1.000000000000000056e-01
9.974680697881340707e-01,-6.898867323549383312e-02,1.726304487453635128e-02,3.292481537312052353e+01,6.908997585367658567e-02,9.975961322974229439e-01,-5.341541140995746326e-03,2.184162162869586865e+00,-1.685304096216421604e-02,6.520720085145585709e-03,9.998367142788360251e-01,8.174861491610338482e-02,0.000000000000000000e+00,0.000000000000000000e+00,0.000000000000000000e+00,1.000000000000000056e-01
9.974615882891724183e-01,-6.943224527859065409e-02,1.579693651361285811e-02,3.388397607211769014e+01,6.955921885760857348e-02,9.975486063558020033e-01,-7.634987198191899721e-03,2.255233125410535333e+00,-1.522809770000182680e-02,8.714429021506136380e-03,9.998460700364173448e-01,6.803369708197556931e-02,0.000000000000000000e+00,0.000000000000000000e+00,0.000000000000000000e+00,1.000000000000000056e-01
9.974664767915474295e-01,-6.903838273980829332e-02,1.715603059361806362e-02,3.486310326337753196e+01,6.919438394115805246e-02,9.975655075154831186e-01,-8.671530797972438337e-03,2.328183910777494425e+00,-1.651559590390330387e-02,9.836662241244024246e-03,9.998152205122158298e-01,6.735345303192091793e-02,0.000000000000000000e+00,0.000000000000000000e+00,0.000000000000000000e+00,1.000000000000000056e-01
9.974255978045040161e-01,-6.911629185673949516e-02,1.910798378432128700e-02,3.585857737602513851e+01,6.925017321182723451e-02,9.975785691303271641e-01,-6.435209555330659824e-03,2.404025168984109229e+00,-1.861693730074321165e-02,7.741873924515974871e-03,9.997967158546167132e-01,5.350970725662369809e-02,0.000000000000000000e+00,0.000000000000000000e+00,0.000000000000000000e+00,1.000000000000000056e-01
9.972276358856699829e-01,-7.162321208833287434e-02,2.017814946983993024e-02,3.684459350107340470e+01,7.175356358420030556e-02,9.974054638839092712e-01,-5.810914514244969881e-03,2.480537443418054711e+00,-1.970960016960361660e-02,7.242658674369894037e-03,9.997795134710857345e-01,5.084529919424910643e-02,0.000000000000000000e+00,0.000000000000000000e+00,0.000000000000000000e+00,1.000000000000000056e-01
9.971624071509921361e-01,-7.200227456543710491e-02,2.197285193693403194e-02,3.784245812685074384e+01,7.214856778338772647e-02,9.973762177605247636e-01,-5.938384672297158592e-03,2.549386358284573273e+00,-2.148762275462136329e-02,7.506843751782617952e-03,9.997409311242795305e-01,4.338708269227303793e-02,0.000000000000000000e+00,0.000000000000000000e+00,0.000000000000000000e+00,1.000000000000000056e-01
9.971768083216149270e-01,-7.102157200371035650e-02,2.437927922722587029e-02,3.883147040250900517e+01,7.119184107926883331e-02,9.974434492297000743e-01,-6.187677472438059094e-03,2.619103197619226719e+00,-2.387749378099365480e-02,7.905814245261124501e-03,9.996836316514630116e-01,4.420152802043847418e-02,0.000000000000000000e+00,0.000000000000000000e+00,0.000000000000000000e+00,1.000000000000000056e-01
9.973053102538508297e-01,-6.897457976042388472e-02,2.499250860444476169e-02,3.983448282827126974e+01,6.911582061752043205e-02,9.975969438629983532e-01,-4.831245757808785846e-03,2.692348122823338574e+00,-2.459921705739959163e-02,6.545604790890731384e-03,9.996759642894713638e-01,2.404311523026983477e-02,0.000000000000000000e+00,0.000000000000000000e+00,0.000000000000000000e+00,1.000000000000000056e-01
9.973325392910857845e-01,-6.885906918013877387e-02,2.421228330496262224e-02,4.083180621837452406e+01,6.902692022544761052e-02,9.975957456523600886e-01,-6.165431088041709203e-03,2.770977885878163960e+00,-2.372952497174353123e-02,7.820284391028432119e-03,9.996878276725483792e-01,2.147381845695411906e-02,0.000000000000000000e+00,0.000000000000000000e+00,0.000000000000000000e+00,1.000000000000000056e-01
9.973432825794766865e-01,-6.949866524303463522e-02,2.182457841587769065e-02,4.183100864987227396e+01,6.962244995226735123e-02,9.975610662585076005e-01,-4.963219502840038322e-03,2.844635898614267688e+00,-2.142641258442978119e-02,6.469514249613740262e-03,9.997494957383753489e-01,2.732250883999411128e-02,0.000000000000000000e+00,0.000000000000000000e+00,0.000000000000000000e+00,1.000000000000000056e-01
9.974726226839876198e-01,-6.845142155853953247e-02,1.904651890877827672e-02,4.284401105723558345e+01,6.847728584174070376e-02,9.976524242394009256e-01,-7.083311337172950271e-04,2.909187958621870074e+00,-1.895331948962711635e-02,2.010794833284241731e-03,9.998183476934510150e-01,2.976231677264687403e-02,0.000000000000000000e+00,0.000000000000000000e+00,0.000000000000000000e+00,1.000000000000000056e-01
9.975433909274948885e-01,-6.720754160210501427e-02,1.975676007538976556e-02,4.386508710454526749e+01,6.724940901494089185e-02,9.977351253738963033e-01,-1.461705263230116732e-03,2.987295465343900780e+00,-1.961377587351244636e-02,2.786744863939077683e-03,9.998037476670343926e-01,2.920527747613626060e-02,0.000000000000000000e+00,0.000000000000000000e+00,0.000000000000000000e+00,1.000000000000000056e-01
9.975413155087297090e-01,-6.684681384359855705e-02,2.104346292966827528e-02,4.484567498138481767e+01,6.694214752564281445e-02,9.977493990456981487e-01,-3.858184625336114233e-03,3.060813250813831932e+00,-2.073819514249286913e-02,5.257393166521591617e-03,9.997711173460276379e-01,2.766546078804122538e-02,0.000000000000000000e+00,0.000000000000000000e+00,0.000000000000000000e+00,1.000000000000000056e-01
9.975119962808609575e-01,-6.664919666626797912e-02,2.297176222044876662e-02,4.581918774633082592e+01,6.675479845989465422e-02,9.977619426229029642e-01,-3.860406189720497813e-03,3.130568025687177069e+00,-2.266305712719601448e-02,5.384276842057765002e-03,9.997286608898123816e-01,2.080696678939791822e-02,0.000000000000000000e+00,0.000000000000000000e+00,0.000000000000000000e+00,1.000000000000000056e-01
9.972895603843934254e-01,-7.074886838879147766e-02,2.020223675756844042e-02,4.672210955524804632e+01,7.080101326013103769e-02,9.974886937871619841e-01,-1.876775990958043502e-03,3.198150151179134593e+00,-2.001872297730640168e-02,3.302027935519441341e-03,9.997941524843355632e-01,2.214384795814551207e-02,0.000000000000000000e+00,0.000000000000000000e+00,0.000000000000000000e+00,1.000000000000000056e-01
9.975375077993315909e-01,-6.861913946247516494e-02,1.450290429285717997e-02,4.766326765975135515e+01,6.863015272893818741e-02,9.976421368634347253e-01,-2.624708790639581268e-04,3.267225711195217208e+00,-1.445069790359658837e-02,1.257161083203321966e-03,9.998947929037883542e-01,8.642370953890506427e-03,0.000000000000000000e+00,0.000000000000000000e+00,0.000000000000000000e+00,1.000000000000000056e-01
9.977269916086395352e-01,-6.582253954637672100e-02,1.443064458849512184e-02,4.860594200420221966e+01,6.584041224955138050e-02,9.978298716119554657e-01,-7.664422206326629555e-04,3.343807110816917838e+00,-1.434887906363824066e-02,1.714819679766948482e-03,9.998955790796771881e-01,5.536308369139486540e-03,0.000000000000000000e+00,0.000000000000000000e+00,0.000000000000000000e+00,1.000000000000000056e-01
9.978283961790169743e-01,-6.346619258585811663e-02,1.762197995304217238e-02,4.956926495129951604e+01,6.347952094059303163e-02,9.979831218173611518e-01,-1.974558861721198693e-04,3.424029850170792422e+00,-1.757390679284097021e-02,1.315661935659083719e-03,9.998447013580197273e-01,1.806408253688571467e-03,0.000000000000000000e+00,0.000000000000000000e+00,0.000000000000000000e+00,1.000000000000000056e-01
9.979050218044197562e-01,-6.132619948135637628e-02,2.060739466049454904e-02,5.056758473342668481e+01,6.139782413138081957e-02,9.981092747942015286e-01,-2.860552695745213758e-03,3.507321797317182188e+00,-2.039300491473790972e-02,4.119809093391319302e-03,9.997835528371036284e-01,7.921857193386849100e-03,0.000000000000000000e+00,0.000000000000000000e+00,0.000000000000000000e+00,1.000000000000000056e-01
9.980793558222341710e-01,-5.802669898846761487e-02,2.169105082691477268e-02,5.150118206649820252e+01,5.814900248289350815e-02,9.982951404825348707e-01,-5.050346443607007726e-03,3.561612629335032310e+00,-2.136101569959802590e-02,6.301959493505230811e-03,9.997519653968296449e-01,-4.265316063111783060e-03,0.000000000000000000e+00,0.000000000000000000e+00,0.000000000000000000e+00,1.000000000000000056e-01
9.981814646595063012e-01,-5.664650064033756316e-02,2.061401405372152024e-02,5.244323447769605195e+01,5.680591434834070252e-02,9.983590525606046429e-01,-7.231200822877763452e-03,3.606288036169217559e+00,-2.017056531810085263e-02,8.389048545338348775e-03,9.997613576045296657e-01,-3.330092902526581890e-03,0.000000000000000000e+00,0.000000000000000000e+00,0.000000000000000000e+00,1.000000000000000056e-01
9.981720137817953198e-01,-5.709119734434627003e-02,1.982992911193357313e-02,5.341903685562178339e+01,5.727803471604925312e-02,9.983178339250043942e-01,-8.984943313917970187e-03,3.675431223420899229e+00,-1.928361070604925689e-02,1.010433832945890550e-02,9.997629942666719227e-01,8.155708177250116722e-03,0.000000000000000000e+00,0.000000000000000000e+00,0.000000000000000000e+00,1.000000000000000056e-01
9.982218303723661146e-01,-5.579226002770241305e-02,2.098573537059070584e-02,5.438376409851792914e+01,5.594219979417627137e-02,9.984120190106644532e-01,-6.626505658112664607e-03,3.718413393176702719e+00,-2.058270269502251656e-02,7.788710807943360556e-03,9.997578148400334541e-01,4.211816953643358029e-03,0.000000000000000000e+00,0.000000000000000000e+00,0.000000000000000000e+00,1.000000000000000056e-01
9.981316720704986878e-01,-5.578236556339718349e-02,2.492975936309880722e-02,5.533377535552437365e+01,5.600047652089578526e-02,9.983975784663123854e-01,-8.137686528508792164e-03,3.776533905658310264e+00,-2.443587197509211953e-02,9.518561065370847660e-03,9.996560834387302474e-01,4.217728396243122964e-03,0.000000000000000000e+00,0.000000000000000000e+00,0.000000000000000000e+00,1.000000000000000056e-01
9.979319664134865819e-01,-5.697872689022364517e-02,2.975256446226277537e-02,5.629667106313009839e+01,5.729861820700731662e-02,9.983068859489134805e-01,-1.001148433303769222e-02,3.828656535869864097e+00,-2.913174834573795460e-02,1.169556107898868727e-02,9.995071560971278135e-01,1.080366770908190548e-02,0.000000000000000000e+00,0.000000000000000000e+00,0.000000000000000000e+00,1.000000000000000056e-01
9.979376737450879054e-01,-5.566542063368078858e-02,3.196498499792950476e-02,5.726041605106146193e+01,5.590337559667647033e-02,9.984143775809860566e-01,-6.598729913332027422e-03,3.892053228723324043e+00,-3.154697952481966272e-02,8.372071741664070463e-03,9.994672063142506779e-01,-1.749478496044837858e-03,0.000000000000000000e+00,0.000000000000000000e+00,0.000000000000000000e+00,1.000000000000000056e-01
9.978401575140284363e-01,-5.833814672503827292e-02,3.019405055746726338e-02,5.815393869278573646e+01,5.853604360828600084e-02,9.982689567798089803e-01,-5.711525929272886354e-03,3.949042954044719611e+00,-2.980858351327387093e-02,7.466630193053809192e-03,9.995277373752528005e-01,-1.319230896017844872e-02,0.000000000000000000e+00,0.000000000000000000e+00,0.000000000000000000e+00,1.000000000000000056e-01
9.977194060622158744e-01,-6.224587048776037551e-02,2.610437461576631951e-02,5.906663225611895029e+01,6.240398486673347928e-02,9.980369739517422900e-01,-5.285952894388303881e-03,4.001515890621640814e+00,-2.572410230915359725e-02,6.902914780739771890e-03,9.996452472391983424e-01,-2.143967082844382491e-02,0.000000000000000000e+00,0.000000000000000000e+00,0.000000000000000000e+00,1.000000000000000056e-01
9.977154718153020685e-01,-6.417799343577784699e-02,2.109555543062390306e-02,6.001283560241464698e+01,6.432124242172487794e-02,9.979100909730088675e-01,-6.182888286794144088e-03,4.071902041302047692e+00,-2.065466227501602456e-02,7.525655639114218164e-03,9.997583455183089995e-01,-2.944855895984899163e-02,0.000000000000000000e+00,0.000000000000000000e+00,0.000000000000000000e+00,1.000000000000000056e-01
9.977741242326191307e-01,-6.290414328939944455e-02,2.213291144103178565e-02,6.092269486936785938e+01,6.298442413591290312e-02,9.980101551314956021e-01,-2.948316583330243788e-03,4.140402651648877885e+00,-2.190340905195546639e-02,4.335782678457387324e-03,9.997506897524341962e-01,-5.068634967345544279e-02,0.000000000000000000e+00,0.000000000000000000e+00,0.000000000000000000e+00,1.000000000000000056e-01
9.975863836725195055e-01,-6.517758002501952697e-02,2.394347872108142442e-02,6.184904905954549292e+01,6.525565051411716389e-02,9.978654642706505928e-01,-2.493048715589222739e-03,4.198449844154807487e+00,-2.372987962809977244e-02,4.049478732019162752e-03,9.997102052769266667e-01,-5.040270213060545762e-02,0.000000000000000000e+00,0.000000000000000000e+00,0.000000000000000000e+00,1.000000000000000056e-01
9.975348959531143977e-01,-6.584839848984153088e-02,2.425118083995837781e-02,6.273658765477246391e+01,6.587088774072782926e-02,9.978281463041331900e-01,-1.288080193859643006e-04,4.271222578538028891e+00,-2.419002902143276706e-02,1.725937304905092798e-03,9.997058885674134920e-01,-4.841616193317548056e-02,0.000000000000000000e+00,0.000000000000000000e+00,0.000000000000000000e+00,1.000000000000000056e-01
9.974330115128113849e-01,-6.747573476657797720e-02,2.396690973392898161e-02,6.356876010927145870e+01,6.747431236987300185e-02,9.977206332848691517e-01,8.689579117487255177e-04,4.334231134894102944e+00,-2.397091393119339664e-02,7.504234471342588258e-04,9.997123747108231928e-01,-5.268478651177893601e-02,0.000000000000000000e+00,0.000000000000000000e+00,0.000000000000000000e+00,1.000000000000000056e-01
9.972331824786645482e-01,-6.995617903250875291e-02,2.514185312673287986e-02,6.438329183558799684e+01,6.992800976698021476e-02,9.975500376669625968e-01,1.998949891948886143e-03,4.391527942336203694e+00,-2.522009543010781535e-02,-2.352994113574121207e-04,9.996818951149827326e-01,-5.673575320870669070e-02,0.000000000000000000e+00,0.000000000000000000e+00,0.000000000000000000e+00,1.000000000000000056e-01
9.971419941043141444e-01,-7.097778760601175518e-02,2.588430528772047573e-02,6.518481108547118197e+01,7.095536097069968240e-02,9.974778947176777821e-01,1.785020758123218943e-03,4.439481673667118322e+00,-2.594571916886746765e-02,5.671106689341580756e-05,9.996633515542445725e-01,-6.385667522140776875e-02,0.000000000000000000e+00,0.000000000000000000e+00,0.000000000000000000e+00,1.000000000000000056e-01
9.970776631275972690e-01,-7.160904512181895387e-02,2.661349937063874765e-02,6.597928201930800185e+01,7.158416787833751793e-02,9.974327767442434656e-01,1.887534220649769246e-03,4.498517804948273024e+00,-2.668034109931286674e-02,2.308699697899097014e-05,9.996440160706284717e-01,-7.030369653223196569e-02,0.000000000000000000e+00,0.000000000000000000e+00,0.000000000000000000e+00,1.000000000000000056e-01
9.968361271454280192e-01,-7.465377770114955958e-02,2.728642689417912215e-02,6.672613858847491031e+01,7.463310123245464611e-02,9.972094780467529729e-01,1.776821360925854350e-03,4.558028687176395977e+00,-2.734292994779845970e-02,2.652709366106456622e-04,9.996260769973940308e-01,-7.886951139943565448e-02,0.000000000000000000e+00,0.000000000000000000e+00,0.000000000000000000e+00,1.000000000000000056e-01
9.968675023711449645e-01,-7.359195600452146657e-02,2.897251676578979640e-02,6.751135564556896895e+01,7.353856572212084941e-02,9.972881417170106344e-01,2.905467632750575145e-03,4.631352579918131873e+00,-2.910776645242138527e-02,-7.657689339639879664e-04,9.995759858710547840e-01,-9.106481045875700064e-02,0.000000000000000000e+00,0.000000000000000000e+00,0.000000000000000000e+00,1.000000000000000056e-01
9.966275424212214240e-01,-7.519237531735101232e-02,3.285800331077871200e-02,6.824513882359164541e+01,7.514598638397387842e-02,9.971690320259941620e-01,2.646185692944885617e-03,4.699786766144874228e+00,-3.296395634349943288e-02,-1.681144745535132629e-04,9.994565269783910466e-01,-9.682257490278843581e-02,0.000000000000000000e+00,0.000000000000000000e+00,0.000000000000000000e+00,1.000000000000000056e-01
9.963668490269815825e-01,-7.861202733642658202e-02,3.276051461898896872e-02,6.895947619746097246e+01,7.842217122984873612e-02,9.968953641634142882e-01,7.042440563456492039e-03,4.765793621430826299e+00,-3.321242568136747314e-02,-4.447703626642630914e-03,9.994384186696092520e-01,-1.008599769289096476e-01,0.000000000000000000e+00,0.000000000000000000e+00,0.000000000000000000e+00,1.000000000000000056e-01
9.964225345326239713e-01,-7.903516778042837809e-02,2.992615794754522468e-02,6.961808855444272126e+01,7.878184801463272713e-02,9.968461048994390339e-01,9.553196858429417737e-03,4.822500687641702477e+00,-3.058681250116127709e-02,-7.161382599479939638e-03,9.995064589587616677e-01,-1.043985435806816658e-01,0.000000000000000000e+00,0.000000000000000000e+00,0.000000000000000000e+00,1.000000000000000056e-01
9.965719909521537634e-01,-7.920884954588856830e-02,2.387938448279628562e-02,7.029294367718543413e+01,7.901554229311581745e-02,9.968333470628422122e-01,8.934330395507571881e-03,4.884247717662555388e+00,-2.451144479187733483e-02,-7.016860915541361238e-03,9.996749235311980231e-01,-1.115597033254566300e-01,0.000000000000000000e+00,0.000000000000000000e+00,0.000000000000000000e+00,1.000000000000000056e-01
9.966015145528874797e-01,-8.014534316372436129e-02,1.903011192976964902e-02,7.102886697336305133e+01,8.000952709370427740e-02,9.967636170100409032e-01,7.795343437092890244e-03,4.946194492267561138e+00,-1.959328367406802315e-02,-6.246260819825557274e-03,9.997885213687133232e-01,-1.142792340708013998e-01,0.000000000000000000e+00,0.000000000000000000e+00,0.000000000000000000e+00,1.000000000000000056e-01
9.963704287698347262e-01,-8.338650235080272144e-02,1.710730541947769537e-02,7.174110964027413218e+01,8.324080998691871236e-02,9.964882767720584233e-01,9.059901134960938671e-03,5.010587617793903270e+00,-1.780270276495708390e-02,-7.602991618642415857e-03,9.998126115891464716e-01,-1.235406771379481128e-01,0.000000000000000000e+00,0.000000000000000000e+00,0.000000000000000000e+00,1.000000000000000056e-01
9.963695102199312537e-01,-8.277320760597527138e-02,1.990967620812794311e-02,7.242988641607624345e+01,8.253659207974860246e-02,9.965105441890798055e-01,1.242764208710383199e-02,5.085346174477717085e+00,-2.086887807131855219e-02,-1.073924683588611644e-02,9.997245413139773662e-01,-1.208079233782730633e-01,0.000000000000000000e+00,0.000000000000000000e+00,0.000000000000000000e+00,1.000000000000000056e-01
9.962316939261811610e-01,-8.436514600596681235e-02,2.012297583270420201e-02,7.303866865679563602e+01,8.415543560421301361e-02,9.963913519725757784e-01,1.105153258728252402e-02,5.136783010079321699e+00,-2.098272325597539886e-02,-9.316429233054587117e-03,9.997364300009821125e-01,-1.230327945120540251e-01,0.000000000000000000e+00,0.000000000000000000e+00,0.000000000000000000e+00,1.000000000000000056e-01
9.964372837275852213e-01,-8.227104951117540643e-02,1.855300541479944568e-02,7.363933544343754534e+01,8.213632915932315981e-02,9.965897016446225720e-01,7.911384715296662651e-03,5.184327006791876968e+00,-1.914061205456017364e-02,-6.359322936589470628e-03,9.997965773005851320e-01,-1.199161220511231890e-01,0.000000000000000000e+00,0.000000000000000000e+00,0.000000000000000000e+00,1.000000000000000056e-01
9.965423728932013558e-01,-8.170603145198164496e-02,1.508056539905989861e-02,7.428002555522577666e+01,8.170444883219772636e-02,9.966563408096360543e-01,7.220560735915774932e-04,5.219909844997266291e+00,-1.508913746422641498e-02,5.125898110692021781e-04,9.998860210955402561e-01,-1.088051755515485469e-01,0.000000000000000000e+00,0.000000000000000000e+00,0.000000000000000000e+00,1.000000000000000056e-01
9.967570017795891468e-01,-7.989345394231976705e-02,9.618493672637127082e-03,7.488495764136638400e+01,7.991861187499192665e-02,9.967988309786526280e-01,-2.259653859758758033e-03,5.264509127182745551e+00,-9.407171697090032161e-03,3.021022468958368176e-03,9.999511880806499775e-01,-1.065379779730325216e-01,0.000000000000000000e+00,0.000000000000000000e+00,0.000000000000000000e+00,1.000000000000000056e-01
9.969407556224847422e-01,-7.766473991629327389e-02,8.793062754447007398e-03,7.546497863982365573e+01,7.767154050554761491e-02,9.969789081979447687e-01,-4.340552144618595978e-04,5.305809935039835779e+00,-8.732787319304097587e-03,1.115698063387338601e-03,9.999612460708000583e-01,-9.748881683416188437e-02,0.000000000000000000e+00,0.000000000000000000e+00,0.000000000000000000e+00,1.000000000000000056e-01
9.973681024601199763e-01,-7.166332581303075377e-02,1.101071880101395575e-02,7.604506343521798328e+01,7.163406898122601230e-02,9.974263796067199817e-01,3.029426649445705107e-03,5.366162187119888571e+00,-1.119948017956889919e-02,-2.232710918775066607e-03,9.999347911967363389e-01,-1.035270293494339883e-01,0.000000000000000000e+00,0.000000000000000000e+00,0.000000000000000000e+00,1.000000000000000056e-01
9.977323416529022548e-01,-6.560354139931881545e-02,1.504492524687849227e-02,7.659371865721983852e+01,6.557824261016445555e-02,9.978450722613624313e-01,2.169299398136073555e-03,5.392410868262764723e+00,-1.515481824301140139e-02,-1.177760410356950161e-03,9.998844655081091659e-01,-9.601868169531366237e-02,0.000000000000000000e+00,0.000000000000000000e+00,0.000000000000000000e+00,1.000000000000000056e-01
9.981350910672357468e-01,-5.801087881740134289e-02,1.900205039025619838e-02,7.717994088376092066e+01,5.804808666712678311e-02,9.983127896716983418e-01,-1.411953326803828653e-03,5.406031637347866514e+00,-1.888808128124180516e-02,2.512352830338728145e-03,9.998184477537754855e-01,-9.226482205152113092e-02,0.000000000000000000e+00,0.000000000000000000e+00,0.000000000000000000e+00,1.000000000000000056e-01
9.986185670766808409e-01,-4.750767305188296347e-02,2.244946527007009654e-02,7.772801421729143101e+01,4.760200305820192629e-02,9.988595809189694252e-01,-3.686042759890684715e-03,5.418776787819413521e+00,-2.224874815722502688e-02,4.749590253506284256e-03,9.997411838060189515e-01,-8.426438821118421851e-02,0.000000000000000000e+00,0.000000000000000000e+00,0.000000000000000000e+00,1.000000000000000056e-01
9.991043940461861173e-01,-3.682679179470678410e-02,2.083739915902745390e-02,7.822713954245358536e+01,3.683069612672586202e-02,9.993215004249466071e-01,1.964974659550186142e-04,5.427801108490942994e+00,-2.083049736381975200e-02,5.711344348428332336e-04,9.997828585173048621e-01,-7.705858104552458510e-02,0.000000000000000000e+00,0.000000000000000000e+00,0.000000000000000000e+00,1.000000000000000056e-01
9.995664653677230893e-01,-2.113113274476753276e-02,2.050259840116229471e-02,7.871832386061932141e+01,2.104824155512121167e-02,9.997694262723529901e-01,4.250390392355828106e-03,5.443840536785709006e+00,-2.058768660422044539e-02,-3.817004057264738667e-03,9.997807647881175042e-01,-7.791149361741302182e-02,0.000000000000000000e+00,0.000000000000000000e+00,0.000000000000000000e+00,1.000000000000000056e-01
9.997789597677774198e-01,-2.351721915394964016e-03,2.089260657968371182e-02,7.919541375215536050e+01,2.168203254603579162e-03,9.999589090785161449e-01,8.802218422115849761e-03,5.445187709598197756e+00,-2.091244845319453760e-02,-8.754973360128530391e-03,9.997429769401513511e-01,-7.507600996914887137e-02,0.000000000000000000e+00,0.000000000000000000e+00,0.000000000000000000e+00,1.000000000000000056e-01
9.995327207992685814e-01,2.078198749350356617e-02,2.241537524627564004e-02,7.968404068669643436e+01,-2.097076576126410963e-02,9.997462981696004780e-01,8.219871018842153654e-03,5.444792840154089930e+00,-2.223886316783477840e-02,-8.686097627822839118e-03,9.997149517102373872e-01,-8.180920082614358269e-02,0.000000000000000000e+00,0.000000000000000000e+00,0.000000000000000000e+00,1.000000000000000056e-01
9.986579304780131006e-01,4.642935165065113778e-02,2.294892587186188326e-02,8.017708086332460482e+01,-4.656327632049213350e-02,9.989010904687914971e-01,5.335987121483758318e-03,5.418339309856063934e+00,-2.267596065602358463e-02,-6.397403032428296450e-03,9.997223984900843741e-01,-7.602090745521186688e-02,0.000000000000000000e+00,0.000000000000000000e+00,0.000000000000000000e+00,1.000000000000000056e-01
9.969782610248618671e-01,7.384067837943028567e-02,2.412262963086449566e-02,8.064806477014106179e+01,-7.398816001550190258e-02,9.972451507874692256e-01,5.278390701543872465e-03,5.386523874931940625e+00,-2.366641547346806304e-02,-7.047229763758100507e-03,9.996950721751578506e-01,-7.959441290371034594e-02,0.000000000000000000e+00,0.000000000000000000e+00,0.000000000000000000e+00,1.000000000000000056e-01
9.940391722315446987e-01,1.058338514461633212e-01,2.617861641295815556e-02,8.111324309655769582e+01,-1.060009353206041310e-01,9.943530773032738246e-01,5.075368820753847071e-03,5.330839664885179019e+00,-2.549364195995677818e-02,-7.820073246524828631e-03,9.996443971103107229e-01,-8.790644217912839398e-02,0.000000000000000000e+00,0.000000000000000000e+00,0.000000000000000000e+00,1.000000000000000056e-01
