1.000000000000000000e+00,-2.162907624560425360e-12,9.499301869827341146e-13,1.464892008714881009e-19,2.162907624560695970e-12,1.000000000000000000e+00,-2.852584810844283903e-13,4.938631629988780460e-19,-9.499301869821169603e-13,2.852584810864830132e-13,1.000000000000000000e+00,-3.011354646172667722e-19,0.000000000000000000e+00,0.000000000000000000e+00,0.000000000000000000e+00,1.000000000000000056e-01
9.999970940141734710e-01,-2.268542597091309249e-03,-8.158907361900942339e-04,6.462950688207741434e-01,2.267352203767017838e-03,9.999963681430530382e-01,-1.456988224942068000e-03,1.709487176444700676e-02,8.191930128433975306e-04,1.455134079296203356e-03,9.999986057528374994e-01,6.593411990008656194e-03,0.000000000000000000e+00,0.000000000000000000e+00,0.000000000000000000e+00,1.000000000000000056e-01
9.999758037474545391e-01,-6.899734602647035822e-03,-8.863306636533660465e-04,1.299010260975108189e+00,6.899066039746794970e-03,9.999759160206305175e-01,-7.551599037337120360e-04,1.889741202661792199e-02,8.915197202022712066e-04,7.490267779123719639e-04,9.999993220755074574e-01,1.042843559886686387e-02,0.000000000000000000e+00,0.000000000000000000e+00,0.000000000000000000e+00,1.000000000000000056e-01
9.999237147598089015e-01,-1.194254160342681469e-02,-3.152833803856950039e-03,2.001015450563313092e+00,1.194209019605700119e-02,9.999286775814644201e-01,-1.619627515924321225e-04,2.352285153749425831e-02,3.154543183023916873e-03,1.242989705661876759e-04,9.999950166911194538e-01,1.658910981761576448e-02,0.000000000000000000e+00,0.000000000000000000e+00,0.000000000000000000e+00,1.000000000000000056e-01
9.998455041603732107e-01,-1.707958143966167505e-02,-4.153999053338216021e-03,2.705494480502819155e+00,1.707609730225779013e-02,9.998538118999676927e-01,-8.727714637351225097e-04,3.302796139063898101e-02,4.168298359402149503e-03,8.017025321467402500e-04,9.999909912403396328e-01,1.897931070699099623e-02,0.000000000000000000e+00,0.000000000000000000e+00,0.000000000000000000e+00,1.000000000000000056e-01
9.997466887594783636e-01,-2.213959679500047961e-02,-4.049267614455166926e-03,3.417110497260777091e+00,2.213842466837896705e-02,9.997548592297221814e-01,-3.340655037611377654e-04,3.938501661332029918e-02,4.055671049429489423e-03,2.443364751692422236e-04,9.999917458819476135e-01,3.632813632483021526e-02,0.000000000000000000e+00,0.000000000000000000e+00,0.000000000000000000e+00,1.000000000000000056e-01
9.996150909592350642e-01,-2.739848832507697438e-02,-4.358068845354840480e-03,4.159163979601617989e+00,2.740454797019290303e-02,9.996235309311600759e-01,1.336846763606536984e-03,6.779868900697169631e-02,4.319800586789599058e-03,-1.455763105931037488e-03,9.999896099843587072e-01,4.716194134507560587e-02,0.000000000000000000e+00,0.000000000000000000e+00,0.000000000000000000e+00,1.000000000000000056e-01
9.994660321417828674e-01,-3.233399907144911267e-02,-4.707770046224898919e-03,4.927043095564920705e+00,3.235002628391538126e-02,9.994709228280324043e-01,3.369008861854475966e-03,1.001403262574497854e-01,4.596345743151661681e-03,-3.519506404142202279e-03,9.999832431998451066e-01,5.710547539128138506e-02,0.000000000000000000e+00,0.000000000000000000e+00,0.000000000000000000e+00,1.000000000000000056e-01
9.993091967199106973e-01,-3.689669794540652303e-02,-4.445563151313608810e-03,5.697601403458532943e+00,3.691404344156547224e-02,9.993108927176509448e-01,3.884982965963220368e-03,1.416508136844307486e-01,4.299156638353701654e-03,-4.046402918277055248e-03,9.999825717859396335e-01,6.515169030497904024e-02,0.000000000000000000e+00,0.000000000000000000e+00,0.000000000000000000e+00,1.000000000000000056e-01
9.991987550515972760e-01,-3.997623672687906221e-02,-1.936078638568876960e-03,6.491115258284256839e+00,3.998432159604476538e-02,9.991909051512852802e-01,4.334638330850219649e-03,1.839072945596497699e-01,1.761229639276232217e-03,-4.408578014704243701e-03,9.999887311915299781e-01,7.638866041894508407e-02,0.000000000000000000e+00,0.000000000000000000e+00,0.000000000000000000e+00,1.000000000000000056e-01
9.990583798687628914e-01,-4.338539071632114413e-02,-2.479645030273927293e-04,7.288508073946363020e+00,4.338584932966451507e-02,9.990557079790924888e-01,2.315260749424232281e-03,2.203969257699496809e-01,1.472818599017828374e-04,-2.323838803860962983e-03,9.999972890369590584e-01,8.317023633728258536e-02,0.000000000000000000e+00,0.000000000000000000e+00,0.000000000000000000e+00,1.000000000000000056e-01
9.989361066948384549e-01,-4.611295622686378132e-02,5.000093776231949103e-04,8.096945892904825470e+00,4.611145025502508960e-02,9.989326738152591867e-01,2.692088348349181565e-03,2.713189653552440794e-01,-6.236158566881174706e-04,-2.666168096035151196e-03,9.999962513184471602e-01,9.755414193903770570e-02,0.000000000000000000e+00,0.000000000000000000e+00,0.000000000000000000e+00,1.000000000000000056e-01
9.988139746147554066e-01,-4.868897537146623516e-02,-1.667079828085232460e-04,8.927474664272324389e+00,4.868919391179777484e-02,9.988124225333760986e-01,1.762665376069088912e-03,3.060608197502578398e-01,8.068763308106941499e-05,-1.768691687488988017e-03,9.999984326083818376e-01,1.009451457997604662e-01,0.000000000000000000e+00,0.000000000000000000e+00,0.000000000000000000e+00,1.000000000000000056e-01
9.987065367299605700e-01,-5.083593870175693447e-02,-9.802189342659622679e-04,9.700699545157936754e+00,5.083800182835535725e-02,9.987044691551134612e-01,2.209266779529996637e-03,3.769861368792093992e-01,8.666388798218639970e-04,-2.256241546069358110e-03,9.999970791513032031e-01,1.185076887461801592e-01,0.000000000000000000e+00,0.000000000000000000e+00,0.000000000000000000e+00,1.000000000000000056e-01
9.985755904329742805e-01,-5.334194881083845902e-02,-1.194440663542320870e-03,1.050316612922017789e+01,5.334232914120327212e-02,9.985762427059317048e-01,2.888340278686015979e-04,4.395579020110590984e-01,1.177333100005875351e-03,-3.521368569303347067e-04,9.999992449429178087e-01,1.270142098862632185e-01,0.000000000000000000e+00,0.000000000000000000e+00,0.000000000000000000e+00,1.000000000000000056e-01
9.984414342415355303e-01,-5.579954799761719514e-02,-1.054908985255543401e-03,1.131009900331946660e+01,5.579937589965645178e-02,9.984419827034646255e-01,-1.918968037295470485e-04,4.969342131448249433e-01,1.063973173720540949e-03,1.327344569338961768e-04,9.999994251711595838e-01,1.502765384930872250e-01,0.000000000000000000e+00,0.000000000000000000e+00,0.000000000000000000e+00,1.000000000000000056e-01
9.982842643864631160e-01,-5.851749954474160659e-02,-2.056629623780699759e-03,1.216417287115502432e+01,5.851807049527445875e-02,9.982863255029791327e-01,2.184931806383899849e-04,5.463615199316178561e-01,2.040319555446073324e-03,-3.384683014141225284e-04,9.999978612653731558e-01,1.548413862245325290e-01,0.000000000000000000e+00,0.000000000000000000e+00,0.000000000000000000e+00,1.000000000000000056e-01
9.981961048437906214e-01,-5.992483364735654017e-02,-3.681112198892948391e-03,1.304149476651750739e+01,5.993771375552139902e-02,9.981960028969546483e-01,3.494319719777891440e-03,6.076025186265522349e-01,3.465074955231793249e-03,-3.708653782640340246e-03,9.999871194883838132e-01,1.696383094312995665e-01,0.000000000000000000e+00,0.000000000000000000e+00,0.000000000000000000e+00,1.000000000000000056e-01
9.983648857366629326e-01,-5.701259181304219742e-02,-4.137547918684472345e-03,1.392819916338872055e+01,5.704184867125997732e-02,9.983448373286640809e-01,7.335753496965216787e-03,6.697777288705035748e-01,3.712469284055027689e-03,-7.559772084037690194e-03,9.999645330799750154e-01,1.874727990461443616e-01,0.000000000000000000e+00,0.000000000000000000e+00,0.000000000000000000e+00,1.000000000000000056e-01
9.975263194914737452e-01,-7.015802462362950853e-02,-4.369611276129389994e-03,1.488592578098966968e+01,7.017956787616362602e-02,9.975218984061281491e-01,4.989033267984848211e-03,7.614522805109686932e-01,4.008762216598025889e-03,-5.283349424779017200e-03,9.999780077803444023e-01,1.914648331731902131e-01,0.000000000000000000e+00,0.000000000000000000e+00,0.000000000000000000e+00,1.000000000000000056e-01
9.972715461996429775e-01,-7.375081314131970434e-02,-3.206353312972648126e-03,1.582625581922055424e+01,7.375419268283756047e-02,9.972759994181058518e-01,9.487077110046826696e-04,8.420558576007060037e-01,3.127651239562317421e-03,-1.182601205899403134e-03,9.999944096104295133e-01,1.889468729757647625e-01,0.000000000000000000e+00,0.000000000000000000e+00,0.000000000000000000e+00,1.000000000000000056e-01
9.970663578119978165e-01,-7.652874966567971282e-02,-1.424287233984155611e-03,1.673082877534424995e+01,7.653179570320089997e-02,9.970646620889186407e-01,2.223479245246196175e-03,9.262213980625368936e-01,1.249946383123692103e-03,-2.325959612342147313e-03,9.999965137668835879e-01,2.046684059564749247e-01,0.000000000000000000e+00,0.000000000000000000e+00,0.000000000000000000e+00,1.000000000000000056e-01
9.970228649864836257e-01,-7.709864522146346599e-02,-1.097997795535969210e-03,1.760295033057546732e+01,7.710047998633774713e-02,9.970218090717808401e-01,1.740178470634501850e-03,1.001925311665087914e+00,9.605623459326211814e-04,-1.819653881439572225e-03,9.999978830876250502e-01,2.211745735784048927e-01,0.000000000000000000e+00,0.000000000000000000e+00,0.000000000000000000e+00,1.000000000000000056e-01
9.969681155251852722e-01,-7.778880074803222466e-02,-1.865235734120557123e-03,1.850190339651614480e+01,7.779046786784397927e-02,9.969693777317839567e-01,8.384354485907014824e-04,1.075427904191508022e+00,1.794362021118749845e-03,-9.809909696120444611e-04,9.999979089586411574e-01,2.239926525466047758e-01,0.000000000000000000e+00,0.000000000000000000e+00,0.000000000000000000e+00,1.000000000000000056e-01
9.967995744031610261e-01,-7.994031978931856464e-02,-3.920990418419607513e-04,1.941982806527191485e+01,7.994032478099480366e-02,9.967996511161134610e-01,-2.950165870213794722e-06,1.151459970059371951e+00,3.910800253141253377e-04,-2.840380066731536544e-05,9.999999231248160037e-01,2.339672644005440505e-01,0.000000000000000000e+00,0.000000000000000000e+00,0.000000000000000000e+00,1.000000000000000056e-01
9.966341376754414005e-01,-8.197088240307866258e-02,1.081692188201500157e-03,2.034520360998210364e+01,8.197331027962832806e-02,9.966315562665590821e-01,-2.432582063615219403e-03,1.214992499773461576e+00,-8.786476706561993904e-04,2.513064216666391609e-03,9.999964562369777488e-01,2.499662735674121616e-01,0.000000000000000000e+00,0.000000000000000000e+00,0.000000000000000000e+00,1.000000000000000056e-01
9.966584397190290101e-01,-8.157930920736068681e-02,4.095222348114943046e-03,2.127856522626356295e+01,8.158627374403480681e-02,9.966650573448200268e-01,-1.563139280410547494e-03,1.304665657001733203e+00,-3.954045193732985165e-03,1.892029887813496698e-03,9.999903928286059118e-01,2.522669037652281454e-01,0.000000000000000000e+00,0.000000000000000000e+00,0.000000000000000000e+00,1.000000000000000056e-01
9.967770771909785221e-01,-7.987253870393587474e-02,7.472345521878471890e-03,2.224172364226168952e+01,7.988711457748845501e-02,9.968025139425340519e-01,-1.672459962877822018e-03,1.394881297154009880e+00,-7.314869178139954929e-03,2.264013876385175851e-03,9.999706830352949050e-01,2.639155901846381713e-01,0.000000000000000000e+00,0.000000000000000000e+00,0.000000000000000000e+00,1.000000000000000056e-01
9.969359530124253244e-01,-7.760012258115807360e-02,9.845129079731961691e-03,2.321433782521846467e+01,7.761201885594758154e-02,9.969832912906287925e-01,-8.315145273264197209e-04,1.472119650876546393e+00,-9.750903563843706101e-03,1.593067071519235506e-03,9.999511898172801505e-01,2.665986618523346618e-01,0.000000000000000000e+00,0.000000000000000000e+00,0.000000000000000000e+00,1.000000000000000056e-01
9.970897081262322104e-01,-7.551437261632311382e-02,1.047346538200880778e-02,2.413411509320436465e+01,7.553753497366307024e-02,9.971412737530656045e-01,-1.833299816287443061e-03,1.557822722781120550e+00,-1.030508412618033609e-02,2.619104136318861284e-03,9.999434711695833755e-01,2.640309221950940533e-01,0.000000000000000000e+00,0.000000000000000000e+00,0.000000000000000000e+00,1.000000000000000056e-01
9.971722471739880023e-01,-7.468836845007624514e-02,8.316073847954477682e-03,2.507447757238097097e+01,7.470944033134303830e-02,9.972028011817201110e-01,-2.252296762910815670e-03,1.634175752408575821e+00,-8.124591765527055393e-03,2.867217047309274149e-03,9.999628843487378127e-01,2.709369186584490441e-01,0.000000000000000000e+00,0.000000000000000000e+00,0.000000000000000000e+00,1.000000000000000056e-01
9.973921130407930047e-01,-7.199203318118996275e-02,5.110773176389229490e-03,2.600539978223588378e+01,7.201258926622905454e-02,9.973958669238119912e-01,-3.958741020944945427e-03,1.708904436143880767e+00,-4.812466227980093623e-03,4.316457081445722668e-03,9.999791039652121682e-01,2.721037225678005766e-01,0.000000000000000000e+00,0.000000000000000000e+00,0.000000000000000000e+00,1.000000000000000056e-01
9.974600049105216693e-01,-7.116321462157745859e-02,3.055403185409384832e-03,2.695857441036071833e+01,7.117553879382843007e-02,9.974552369108725669e-01,-4.134372562234951178e-03,1.779822552755439657e+00,-2.753412666188865578e-03,4.341341244182692592e-03,9.999867856501361008e-01,2.794641292087521323e-01,0.000000000000000000e+00,0.000000000000000000e+00,0.000000000000000000e+00,1.000000000000000056e-01
9.973747403348458551e-01,-7.226187441572252956e-02,4.674275122960251660e-03,2.792721936786751868e+01,7.228763569786834930e-02,9.973681091606445559e-01,-5.599335186685587551e-03,1.850797245669350000e+00,-4.257354485011695389e-03,5.922527775108463871e-03,9.999733989449629545e-01,2.870304547827616237e-01,0.000000000000000000e+00,0.000000000000000000e+00,0.000000000000000000e+00,1.000000000000000056e-01
9.975183273496650571e-01,-6.994991924537577455e-02,8.012203135961787695e-03,2.892185401212489637e+01,7.002544387621428834e-02,9.974993106120019215e-01,-9.568831617296566158e-03,1.920525613957902555e+00,-7.322828105702710449e-03,1.010614299059838135e-02,9.999221179983908137e-01,2.923784352540881315e-01,0.000000000000000000e+00,0.000000000000000000e+00,0.000000000000000000e+00,1.000000000000000056e-01
9.973702776877596543e-01,-7.142245348306712482e-02,1.230293962841048222e-02,2.986644903836228693e+01,7.156957421228866967e-02,9.973638545191022553e-01,-1.196401880100685100e-02,1.974341606579032904e+00,-1.141600771342183782e-02,1.281307290458661222e-02,9.998527391224314442e-01,2.980764497676283709e-01,0.000000000000000000e+00,0.000000000000000000e+00,0.000000000000000000e+00,1.000000000000000056e-01
9.974075351041894466e-01,-7.089637809602544749e-02,1.232527850600012055e-02,3.077254442227334863e+01,7.113130249059629318e-02,9.972704316921341405e-01,-1.979959288913990881e-02,2.020547226930765383e+00,-1.088791639278868274e-02,2.062497625331461207e-02,9.997279948221785562e-01,3.126746673584067659e-01,0.000000000000000000e+00,0.000000000000000000e+00,0.000000000000000000e+00,1.000000000000000056e-01
9.973849157313299241e-01,-7.165333047134750388e-02,9.440874110577045925e-03,3.171185291681547014e+01,7.184775189234191006e-02,9.971690010746895316e-01,-2.217845449354666210e-02,2.085202363179343710e+00,-7.824986876946170983e-03,2.279876154684074702e-02,9.997094508167390092e-01,3.086167457703742345e-01,0.000000000000000000e+00,0.000000000000000000e+00,0.000000000000000000e+00,1.000000000000000056e-01
9.974316134059442174e-01,-7.126104549535454413e-02,7.213873669813170193e-03,3.269082186203738161e+01,7.141045091749852192e-02,9.971780406768355753e-01,-2.316252774778320561e-02,2.167497513300995937e+00,-5.542930468132319967e-03,2.361818339365458208e-02,9.997056853569500356e-01,3.074261613190676368e-01,0.000000000000000000e+00,0.000000000000000000e+00,0.000000000000000000e+00,1.000000000000000056e-01
9.973918281660304475e-01,-7.193265661258939347e-02,5.935825155680224396e-03,3.365748731395968463e+01,7.205115711503191911e-02,9.971352250127257788e-01,-2.302115977108375178e-02,2.246162245444170757e+00,-4.262847171608474123e-03,2.338879970148277643e-02,9.997173561474840264e-01,3.058514394213799892e-01,0.000000000000000000e+00,0.000000000000000000e+00,0.000000000000000000e+00,1.000000000000000056e-01
9.975024109288265217e-01,-7.022018124096295055e-02,7.620127142301278377e-03,3.461254308854186235e+01,7.038452544779456865e-02,9.972307828723402379e-01,-2.401633338601299669e-02,2.302910254519832112e+00,-5.912594072594650092e-03,2.449268948698116524e-02,9.996825243011038253e-01,3.183598105677614698e-01,0.000000000000000000e+00,0.000000000000000000e+00,0.000000000000000000e+00,1.000000000000000056e-01
9.973331718990524619e-01,-7.231848072308885711e-02,9.827592567831413412e-03,3.559064784383457436e+01,7.252259077884365412e-02,9.971174046096350496e-01,-2.230146298496660934e-02,2.390035728375232260e+00,-8.186455673822010809e-03,2.295471129092409995e-02,9.997029874783064374e-01,3.138845521010455997e-01,0.000000000000000000e+00,0.000000000000000000e+00,0.000000000000000000e+00,1.000000000000000056e-01
9.973347556484288834e-01,-7.205552357393198160e-02,1.146240368226343447e-02,3.657185117079555425e+01,7.228228749652267082e-02,9.971677065273379936e-01,-2.078066344655122785e-02,2.468084838838312756e+00,-9.932577206278223395e-03,2.155380665904097284e-02,9.997183490006302797e-01,3.227784081102489933e-01,0.000000000000000000e+00,0.000000000000000000e+00,0.000000000000000000e+00,1.000000000000000056e-01
9.973830253793843914e-01,-7.117121306356917476e-02,1.271845572883005017e-02,3.757146454789494783e+01,7.141623974705403610e-02,9.972464876718046822e-01,-1.997907722194389168e-02,2.545840356274344352e+00,-1.126150014240863938e-02,2.083509676745316785e-02,9.997194993383060613e-01,3.184385337929830917e-01,0.000000000000000000e+00,0.000000000000000000e+00,0.000000000000000000e+00,1.000000000000000056e-01
9.972790877860253644e-01,-7.204597134450703433e-02,1.561406666117460575e-02,3.856304364935767381e+01,7.234264522753279525e-02,9.971921170394402179e-01,-1.935002314940876406e-02,2.614494898324990935e+00,-1.417613297611379670e-02,2.042693632010924437e-02,9.996908409735570933e-01,3.353634107773326156e-01,0.000000000000000000e+00,0.000000000000000000e+00,0.000000000000000000e+00,1.000000000000000056e-01
9.974397517798406776e-01,-6.949837733430125342e-02,1.684984027428523823e-02,3.957600802523828776e+01,6.980141602154865677e-02,9.973963688474001277e-01,-1.811755312970134493e-02,2.694226387497145492e+00,-1.554682896144854443e-02,1.924731040742941671e-02,9.996938717183994072e-01,3.317151641098192161e-01,0.000000000000000000e+00,0.000000000000000000e+00,0.000000000000000000e+00,1.000000000000000056e-01
9.974010419540902950e-01,-7.034280695588583654e-02,1.559009360016713926e-02,4.058561023096999776e+01,7.065429690821874165e-02,9.972918110938925329e-01,-2.042091705749516165e-02,2.776041082497533452e+00,-1.411140805519645221e-02,2.146935105285685888e-02,9.996699130853488047e-01,3.450043018315883114e-01,0.000000000000000000e+00,0.000000000000000000e+00,0.000000000000000000e+00,1.000000000000000056e-01
9.974542778427748502e-01,-7.002565932591318931e-02,1.346739206823865595e-02,4.159340087056592239e+01,7.025106858482628447e-02,9.973833907425513345e-01,-1.706338868986062227e-02,2.848950178184372017e+00,-1.223727812213739122e-02,1.796604872704007580e-02,9.997637071414920973e-01,3.603520384705376500e-01,0.000000000000000000e+00,0.000000000000000000e+00,0.000000000000000000e+00,1.000000000000000056e-01
9.975894975527844766e-01,-6.848714574935892141e-02,1.116715001641084039e-02,4.262615449247030597e+01,6.864968811881473620e-02,9.975297516819456867e-01,-1.488673337388760586e-02,2.922452014061443393e+00,-1.012001450455605502e-02,1.561747023246142473e-02,9.998268249701873778e-01,3.687399226353530457e-01,0.000000000000000000e+00,0.000000000000000000e+00,0.000000000000000000e+00,1.000000000000000056e-01
9.975724319687823138e-01,-6.873530070434356876e-02,1.116697868595723994e-02,4.367505811109910496e+01,6.893242328955902221e-02,9.974526106018518634e-01,-1.834695132657299804e-02,2.992140346213251867e+00,-9.877448826403335130e-03,1.907217975570819207e-02,9.997693173747871365e-01,3.776523510876027556e-01,0.000000000000000000e+00,0.000000000000000000e+00,0.000000000000000000e+00,1.000000000000000056e-01
9.975767314226937632e-01,-6.839311463090055887e-02,1.276897784081598534e-02,4.468818499522937060e+01,6.864383417994193715e-02,9.974335706141319591e-01,-2.035426837348798187e-02,3.077697523973180083e+00,-1.134411535076173920e-02,2.118145611207677623e-02,9.997112868042856704e-01,3.859412380272813636e-01,0.000000000000000000e+00,0.000000000000000000e+00,0.000000000000000000e+00,1.000000000000000056e-01
9.975702607061982530e-01,-6.837659791630500139e-02,1.334974950924212173e-02,4.567493249208705208e+01,6.864602641183316367e-02,9.974223228042782274e-01,-2.089097962241203907e-02,3.142761563582288087e+00,-1.188688405064416281e-02,2.175662724574024473e-02,9.996926283405597191e-01,3.875315596900587578e-01,0.000000000000000000e+00,0.000000000000000000e+00,0.000000000000000000e+00,1.000000000000000056e-01
9.970047839642468546e-01,-7.652850058217641749e-02,1.117360063046880271e-02,4.659076165321950924e+01,7.670684629687654632e-02,9.969168964886209183e-01,-1.651548445198096349e-02,3.199176586773786912e+00,-9.875246001631905399e-03,1.732310867425621015e-02,9.998011749454324137e-01,4.000307005943836702e-01,0.000000000000000000e+00,0.000000000000000000e+00,0.000000000000000000e+00,1.000000000000000056e-01
9.970340615718468191e-01,-7.659253212149372270e-02,7.527555298016464815e-03,4.754805609720157378e+01,7.670552461233212660e-02,9.969240273549686560e-01,-1.608558908764761569e-02,3.274817623186058402e+00,-6.272364744947006750e-03,1.661528529901577095e-02,9.998422824300533529e-01,3.956652008255001074e-01,0.000000000000000000e+00,0.000000000000000000e+00,0.000000000000000000e+00,1.000000000000000056e-01
9.971285257633639709e-01,-7.538067765149186750e-02,7.242689126444588378e-03,4.849474959830597243e+01,7.548744851771707620e-02,9.970213247540967716e-01,-1.581528064470976574e-02,3.366211033480186021e+00,-6.028948935383130446e-03,1.631659959635562568e-02,9.998486987301362650e-01,4.067841832212528708e-01,0.000000000000000000e+00,0.000000000000000000e+00,0.000000000000000000e+00,1.000000000000000056e-01
9.972443725000488257e-01,-7.360935812132048117e-02,9.237094453947996761e-03,4.946586371446646524e+01,7.375176540329990427e-02,9.971456776938902866e-01,-1.616089589994869347e-02,3.453461390973946887e+00,-8.021135635343746781e-03,1.679761451395864191e-02,9.998267357546305467e-01,4.124320568216339744e-01,0.000000000000000000e+00,0.000000000000000000e+00,0.000000000000000000e+00,1.000000000000000056e-01
9.972445777370382292e-01,-7.319946799993296005e-02,1.204533347828531595e-02,5.046480508683721666e+01,7.339926272749322522e-02,9.971564204307342694e-01,-1.707692667973784856e-02,3.543463291857494646e+00,-1.076105966607079911e-02,1.791399113239446755e-02,9.997816204134639673e-01,4.283416830142686704e-01,0.000000000000000000e+00,0.000000000000000000e+00,0.000000000000000000e+00,1.000000000000000056e-01
9.973485765402636538e-01,-7.168076309215092035e-02,1.255727182300218903e-02,5.140085245986413298e+01,7.192246795173025398e-02,9.972099129980055432e-01,-1.998869736232479141e-02,3.615337675954481966e+00,-1.108943086195881417e-02,2.083884884145979430e-02,9.997213446266517423e-01,4.384750981496430833e-01,0.000000000000000000e+00,0.000000000000000000e+00,0.000000000000000000e+00,1.000000000000000056e-01
9.974040562961196121e-01,-7.102008659128040968e-02,1.188679034113763154e-02,5.233877266154161845e+01,7.128354986202330157e-02,9.971805899445201904e-01,-2.344198278659753720e-02,3.685334526895877261e+00,-1.018842495754698589e-02,2.422846133095810095e-02,9.996545291541566458e-01,4.421235571911827922e-01,0.000000000000000000e+00,0.000000000000000000e+00,0.000000000000000000e+00,1.000000000000000056e-01
9.974126442872676135e-01,-7.100548407443194043e-02,1.123557952382703284e-02,5.332300783266294530e+01,7.127987962773404962e-02,9.971103834852169667e-01,-2.626902941144573789e-02,3.762913526389562779e+00,-9.337867858156628786e-03,2.700193284413632266e-02,9.995917665960161180e-01,4.562194956792496869e-01,0.000000000000000000e+00,0.000000000000000000e+00,0.000000000000000000e+00,1.000000000000000056e-01
9.973210148293993882e-01,-7.193643733675302021e-02,1.326432670558124090e-02,5.428749156975467116e+01,7.230215974737456974e-02,9.969453675969827122e-01,-2.953526236183199455e-02,3.841786603555278568e+00,-1.109914751330567766e-02,3.041517730036314565e-02,9.994757255252701977e-01,4.471849146692681853e-01,0.000000000000000000e+00,0.000000000000000000e+00,0.000000000000000000e+00,1.000000000000000056e-01
9.971702309602705760e-01,-7.314153359668616738e-02,1.737373160162869121e-02,5.524319237232084845e+01,7.366788257726016032e-02,9.967730880077738664e-01,-3.188187729776346957e-02,3.926050790684110670e+00,-1.498577869927388354e-02,3.307154496801542609e-02,9.993406322922154805e-01,4.539566125695324583e-01,0.000000000000000000e+00,0.000000000000000000e+00,0.000000000000000000e+00,1.000000000000000056e-01
9.970225598254245369e-01,-7.398809862201914667e-02,2.172041577539658361e-02,5.620099907234530434e+01,7.462545734571714162e-02,9.967552318969719050e-01,-3.016701513170030879e-02,3.994349934413111480e+00,-1.941793797240788308e-02,3.169809060987825722e-02,9.993088485231118590e-01,4.721800397437201924e-01,0.000000000000000000e+00,0.000000000000000000e+00,0.000000000000000000e+00,1.000000000000000056e-01
9.968929608340100224e-01,-7.517726940056432272e-02,2.351175886819064503e-02,5.716754581471813168e+01,7.580285041881448804e-02,9.967584341318681540e-01,-2.695462586216166093e-02,4.068593493415015416e+00,-2.140916878311262955e-02,2.865313512447200880e-02,9.993601179452554772e-01,4.604189470222263547e-01,0.000000000000000000e+00,0.000000000000000000e+00,0.000000000000000000e+00,1.000000000000000056e-01
9.967236935916523599e-01,-7.870138976396162667e-02,1.865395084787507471e-02,5.806580689143730467e+01,7.920641400638120388e-02,9.964624848301364413e-01,-2.808665708837108921e-02,4.148181799155204352e+00,-1.637750326709419904e-02,2.947214914747487563e-02,9.994314232659313735e-01,4.638112898114038485e-01,0.000000000000000000e+00,0.000000000000000000e+00,0.000000000000000000e+00,1.000000000000000056e-01
9.964596517790653696e-01,-8.309197396753985332e-02,1.280180606482687194e-02,5.898405696851543212e+01,8.341870438111735619e-02,9.961337655576941730e-01,-2.754706654481819256e-02,4.231756723078007099e+00,-1.046337114507119720e-02,2.851745041245046935e-02,9.995385299658307021e-01,4.621027644676597435e-01,0.000000000000000000e+00,0.000000000000000000e+00,0.000000000000000000e+00,1.000000000000000056e-01
9.965189827088573038e-01,-8.298395180168824381e-02,7.973759732978088349e-03,5.993766188259900218e+01,8.318588163222384591e-02,9.960919606369147417e-01,-2.968021313226441513e-02,4.312474582163116743e+00,-5.479616590038161213e-03,3.024020003045750984e-02,9.995276404903188361e-01,4.720191343996935074e-01,0.000000000000000000e+00,0.000000000000000000e+00,0.000000000000000000e+00,1.000000000000000056e-01
9.963847834823617022e-01,-8.455209596429957841e-02,8.264763326990635581e-03,6.084951154756058145e+01,8.474559192598449253e-02,9.960409167224694160e-01,-2.684542537895905079e-02,4.400682739857766812e+00,-5.962205457865811173e-03,2.744877561398000043e-02,9.996054305691679520e-01,4.746175902665061841e-01,0.000000000000000000e+00,0.000000000000000000e+00,0.000000000000000000e+00,1.000000000000000056e-01
9.963247221797858488e-01,-8.498894900242615069e-02,1.067363672023191254e-02,6.177866134234134421e+01,8.524234049417242498e-02,9.960185960846560382e-01,-2.609022116859854856e-02,4.495540479578242987e+00,-8.413760184842980494e-03,2.690417813303022654e-02,9.996026079590519808e-01,4.951700569587341172e-01,0.000000000000000000e+00,0.000000000000000000e+00,0.000000000000000000e+00,1.000000000000000056e-01
9.961559104855631785e-01,-8.701957940584324758e-02,1.004961714239642132e-02,6.267394787438568216e+01,8.725103031081850313e-02,9.958597644351570022e-01,-2.550661264955098387e-02,4.580913788327291236e+00,-7.788434655258726948e-03,2.628540239721939217e-02,9.996241383172161932e-01,5.101134351828883196e-01,0.000000000000000000e+00,0.000000000000000000e+00,0.000000000000000000e+00,1.000000000000000056e-01
9.959588696142486208e-01,-8.925425309509811556e-02,9.980397844985134173e-03,6.348818896643389564e+01,8.946772979869248299e-02,9.957122391932951011e-01,-2.350876528749465399e-02,4.661104572625808018e+00,-7.839346999346781183e-03,2.430668683943844333e-02,9.996738116073229374e-01,5.186332649066500711e-01,0.000000000000000000e+00,0.000000000000000000e+00,0.000000000000000000e+00,1.000000000000000056e-01
9.957961959548913278e-01,-9.099631610843836316e-02,1.046931594999797772e-02,6.430841107027862336e+01,9.121294742387711652e-02,9.955769531425228136e-01,-2.251063290314208806e-02,4.742693425599990853e+00,-8.374625007530072177e-03,2.337093977879702369e-02,9.996917849166507830e-01,5.278148926278833919e-01,0.000000000000000000e+00,0.000000000000000000e+00,0.000000000000000000e+00,1.000000000000000056e-01
9.957311123612467840e-01,-9.180065892421979123e-02,9.601609079374996691e-03,6.510368626745015774e+01,9.200522296003982303e-02,9.954780087992168847e-01,-2.363414786320259392e-02,4.820424062137548482e+00,-7.388560340650263819e-03,2.441665452565994210e-02,9.996745651250046327e-01,5.308589388950997190e-01,0.000000000000000000e+00,0.000000000000000000e+00,0.000000000000000000e+00,1.000000000000000056e-01
9.957358065188579577e-01,-9.174502418721482144e-02,9.646458061213714769e-03,6.590647036397812997e+01,9.196529249585592980e-02,9.954325439039733991e-01,-2.562099750235780765e-02,4.898279303570247656e+00,-7.251799251982570839e-03,2.639888394897642321e-02,9.996251849237580700e-01,5.397891322853189955e-01,0.000000000000000000e+00,0.000000000000000000e+00,0.000000000000000000e+00,1.000000000000000056e-01
9.956050891007742765e-01,-9.299465613751679849e-02,1.106799378859326527e-02,6.666286869206446397e+01,9.325458492577530512e-02,9.953053724374000266e-01,-2.589976809876563466e-02,4.972713576388340329e+00,-8.607493651504514315e-03,2.681808209237727600e-02,9.996032720664362881e-01,5.521405172737429146e-01,0.000000000000000000e+00,0.000000000000000000e+00,0.000000000000000000e+00,1.000000000000000056e-01
9.952970181852625053e-01,-9.588343890288472671e-02,1.379172707394003480e-02,6.745948336921911448e+01,9.620160982971831531e-02,9.950571134232318871e-01,-2.462907411974711580e-02,5.064740245779613126e+00,-1.136203580772041782e-02,2.584003037889326393e-02,9.996015190926441640e-01,5.601363734236703973e-01,0.000000000000000000e+00,0.000000000000000000e+00,0.000000000000000000e+00,1.000000000000000056e-01
9.951905288238572789e-01,-9.654256359357041295e-02,1.659351542238082095e-02,6.820082558479819568e+01,9.691508507039581222e-02,9.950189468623336086e-01,-2.334013005042047048e-02,5.143596405719993214e+00,-1.425754625064633296e-02,2.483603832647251000e-02,9.995898626812682597e-01,5.675712801227479343e-01,0.000000000000000000e+00,0.000000000000000000e+00,0.000000000000000000e+00,1.000000000000000056e-01
9.949610277432837657e-01,-9.863031006456247918e-02,1.801708102320536894e-02,6.892837126052279473e+01,9.899864240979132368e-02,9.948692598284823996e-01,-2.084285607458671169e-02,5.217236520431208113e+00,-1.586890270455858579e-02,2.252149606256068776e-02,9.996204080259952773e-01,5.733286266766475237e-01,0.000000000000000000e+00,0.000000000000000000e+00,0.000000000000000000e+00,1.000000000000000056e-01
9.950776904378733079e-01,-9.794973846961278763e-02,1.504123421007788619e-02,6.959609987446417279e+01,9.823494316300608598e-02,9.949709397907375852e-01,-1.956335640163758133e-02,5.297996636316428365e+00,-1.304936529448556121e-02,2.094463429308297125e-02,9.996954718111611404e-01,5.858580305639669028e-01,0.000000000000000000e+00,0.000000000000000000e+00,0.000000000000000000e+00,1.000000000000000056e-01
9.950656185773355533e-01,-9.876537332014828641e-02,9.477117612244699563e-03,7.028687397293894890e+01,9.893094874859503784e-02,9.949134547297859843e-01,-1.897063460575323587e-02,5.372825264172282012e+00,-7.555270015521531324e-03,1.981460649555983819e-02,9.997751243476797889e-01,5.879432939995467011e-01,0.000000000000000000e+00,0.000000000000000000e+00,0.000000000000000000e+00,1.000000000000000056e-01
9.952159251813493812e-01,-9.764930668270427327e-02,3.142478292347612029e-03,7.101704633151999246e+01,9.769459224096210814e-02,9.949813170823760267e-01,-2.163204345161385406e-02,5.434978391846435386e+00,-1.014353145042577514e-03,2.183555727265800578e-02,9.997610612172738165e-01,6.057459750595165504e-01,0.000000000000000000e+00,0.000000000000000000e+00,0.000000000000000000e+00,1.000000000000000056e-01
9.950831844399106174e-01,-9.904226010099768940e-02,2.945488296888234495e-04,7.171495483816219974e+01,9.902840491933502520e-02,9.948846581596039185e-01,-1.994722982722863663e-02,5.510688012437349848e+00,1.682576613106481029e-03,1.987832167800838296e-02,9.998009908292783132e-01,6.058662249520502252e-01,0.000000000000000000e+00,0.000000000000000000e+00,0.000000000000000000e+00,1.000000000000000056e-01
9.950458478319965661e-01,-9.937269646729393613e-02,2.971179752571675124e-03,7.237374202558268621e+01,9.941155530567663545e-02,9.948616256430740101e-01,-1.917520520167937878e-02,5.584885267827098154e+00,-1.050420872516681994e-03,1.937557791755345829e-02,9.998117240742635525e-01,6.178407037053166295e-01,0.000000000000000000e+00,0.000000000000000000e+00,0.000000000000000000e+00,1.000000000000000056e-01
9.949202120086747536e-01,-1.004620559672216307e-01,6.414596437233526134e-03,7.297689402276391490e+01,1.005739781428969248e-01,9.947177357754197757e-01,-2.053049084494419987e-02,5.651267104944023956e+00,-4.318177523658691362e-03,2.107134178596787102e-02,9.997686491875072967e-01,6.331565015708128241e-01,0.000000000000000000e+00,0.000000000000000000e+00,0.000000000000000000e+00,1.000000000000000056e-01
9.949027438219261166e-01,-1.007745184396959121e-01,3.609261538074616006e-03,7.356636635475813080e+01,1.008296828481865942e-01,9.946620542284836386e-01,-2.192653494529294561e-02,5.703503668253756764e+00,-1.380359495546093366e-03,2.217869047577952085e-02,9.997530696609251422e-01,6.527050521200080668e-01,0.000000000000000000e+00,0.000000000000000000e+00,0.000000000000000000e+00,1.000000000000000056e-01
9.948874253047812477e-01,-1.009899655039346311e-01,1.945197608678743331e-04,7.420628277158226638e+01,1.009526048889581584e-01,9.944631646344351816e-01,-2.918194221429094154e-02,5.754496551379492786e+00,2.753640600582456070e-03,2.905238463153081430e-02,9.995740975088662772e-01,6.687531918826530308e-01,0.000000000000000000e+00,0.000000000000000000e+00,0.000000000000000000e+00,1.000000000000000056e-01
9.950238750320945513e-01,-9.959668698131451947e-02,-2.826315350554963347e-03,7.482950994904557263e+01,9.945004938615628620e-02,9.944952764796117783e-01,-3.299746561225096186e-02,5.824284279094807282e+00,6.097195519728777074e-03,3.255218889854669118e-02,9.994514391428467315e-01,6.947738398394934789e-01,0.000000000000000000e+00,0.000000000000000000e+00,0.000000000000000000e+00,1.000000000000000056e-01
9.954486947851410861e-01,-9.527208627437358524e-02,-2.263984869064279010e-03,7.543484426449492730e+01,9.515989029644802977e-02,9.949983344324772050e-01,-3.037942980643831836e-02,5.877354746870422808e+00,5.146972831384554609e-03,3.002572319736285938e-02,9.995358746023818020e-01,7.074667764170082807e-01,0.000000000000000000e+00,0.000000000000000000e+00,0.000000000000000000e+00,1.000000000000000056e-01
9.959144250666148723e-01,-9.030199363396118617e-02,8.882548001256079101e-05,7.599958446042066385e+01,9.027466217851659591e-02,9.955878123352231990e-01,-2.560065034562840347e-02,5.955644275689128797e+00,2.223356199210871006e-03,2.550407566049892744e-02,9.996722456945150714e-01,7.108790156890408829e-01,0.000000000000000000e+00,0.000000000000000000e+00,0.000000000000000000e+00,1.000000000000000056e-01
9.965107790932707932e-01,-8.341736249172974904e-02,2.794778317811567360e-03,7.655803140016445241e+01,8.346243765477938392e-02,9.961468726582407562e-01,-2.693380021327777124e-02,5.994610636187006847e+00,-5.372631053902321950e-04,2.707308124558521073e-02,9.996333125802808750e-01,7.247798386532608994e-01,0.000000000000000000e+00,0.000000000000000000e+00,0.000000000000000000e+00,1.000000000000000056e-01
9.970617487517261512e-01,-7.627265968081040071e-02,7.095812946033756494e-03,7.713494688735723059e+01,7.646037271997285778e-02,9.965696622317912201e-01,-3.166574999485075731e-02,6.022943116185144774e+00,-4.656240937993957538e-03,3.211525656800581080e-02,9.994733261652851697e-01,7.369138454367731850e-01,0.000000000000000000e+00,0.000000000000000000e+00,0.000000000000000000e+00,1.000000000000000056e-01
9.977334883416343336e-01,-6.662605596596299362e-02,9.426288137665094283e-03,7.768289539993426729e+01,6.691857815959889599e-02,9.971384654534145575e-01,-3.516794862239105979e-02,6.043566931204440884e+00,-7.056212775389559058e-03,3.571903385633284911e-02,9.993369604300836873e-01,7.515571971672466711e-01,0.000000000000000000e+00,0.000000000000000000e+00,0.000000000000000000e+00,1.000000000000000056e-01
9.983674104374360425e-01,-5.640822047901493386e-02,8.979222618849685283e-03,7.817928723632333288e+01,5.667706471829167536e-02,9.978402970122378646e-01,-3.320319251890432866e-02,6.081887784776248473e+00,-7.086897160718440281e-03,3.365790131484265590e-02,9.994082857209628523e-01,7.594112028453553487e-01,0.000000000000000000e+00,0.000000000000000000e+00,0.000000000000000000e+00,1.000000000000000056e-01
9.991406641539426481e-01,-4.062305967553150876e-02,8.228016566380917315e-03,7.867113649604193881e+01,4.084029890930988838e-02,9.987669565839739638e-01,-2.822474837770137107e-02,6.122821969279616638e+00,-7.071295427052564329e-03,2.853652849567621386e-02,9.995677382360831364e-01,7.564835501149850261e-01,0.000000000000000000e+00,0.000000000000000000e+00,0.000000000000000000e+00,1.000000000000000056e-01
9.996624221198431304e-01,-2.445061485768708701e-02,8.786878545287077347e-03,7.915115783586918496e+01,2.464267543503450772e-02,9.994440345211138554e-01,-2.245796980054105829e-02,6.138816526459616618e+00,-8.232882174070137171e-03,2.266692068278174099e-02,9.997091728887298467e-01,7.603456398021161133e-01,0.000000000000000000e+00,0.000000000000000000e+00,0.000000000000000000e+00,1.000000000000000056e-01
9.999577624970921175e-01,1.433112095112903722e-03,9.078513729234053212e-03,7.964523173089746422e+01,-1.220842670651162620e-03,9.997267448293796210e-01,-2.334406168656033218e-02,6.151972854390662881e+00,-9.109487635568064637e-03,2.333199225474022129e-02,9.996862684724854287e-01,7.636909364898445407e-01,0.000000000000000000e+00,0.000000000000000000e+00,0.000000000000000000e+00,1.000000000000000056e-01
9.995980684682930217e-01,2.599626184768706952e-02,1.130910626018987071e-02,8.014279475884215742e+01,-2.571376773292411225e-02,9.993704002052512525e-01,-2.444596781829404958e-02,6.143893152428565152e+00,-1.193748982973416757e-02,2.414534248136330358e-02,9.996371835686298501e-01,7.785420727997868218e-01,0.000000000000000000e+00,0.000000000000000000e+00,0.000000000000000000e+00,1.000000000000000056e-01
9.985226304882016679e-01,5.272522177101098689e-02,1.313801324858300014e-02,8.062549541790362184e+01,-5.241739021261188763e-02,9.983657213784472573e-01,-2.276628164174833782e-02,6.123414880079065981e+00,-1.431689932286364132e-02,2.204398706428436702e-02,9.996544848236758041e-01,7.824340241498599635e-01,0.000000000000000000e+00,0.000000000000000000e+00,0.000000000000000000e+00,1.000000000000000056e-01
9.964307619305726726e-01,8.324109998668163812e-02,1.402340727019010108e-02,8.111901723449075519e+01,-8.292437539276351077e-02,9.963167579146975372e-01,-2.182809804050624830e-02,6.081916217024513571e+00,-1.578875055786206974e-02,2.058730607323802642e-02,9.996633824365421805e-01,7.806070245660555740e-01,0.000000000000000000e+00,0.000000000000000000e+00,0.000000000000000000e+00,1.000000000000000056e-01
