1.000000000000000000e+00,-2.605263896455768948e-13,1.158886830801656760e-13,1.838759948100651409e-20,2.605263896455798230e-13,1.000000000000000000e+00,-2.508527820964770732e-14,5.956943587840632279e-20,-1.158886830801591631e-13,2.508527820967789860e-14,1.000000000000000000e+00,-3.563370085354625005e-20,0.000000000000000000e+00,0.000000000000000000e+00,0.000000000000000000e+00,1.000000000000000056e-01
9.999966547838745612e-01,-2.141253667066583041e-03,-1.451018192094856831e-03,6.253726554728077369e-01,2.138484016376551982e-03,9.999958939001741820e-01,-1.907634373584956872e-03,-3.159555808271579096e-03,1.455096963167172011e-03,1.904525012924422177e-03,9.999971277345265364e-01,1.251645142264729872e-02,0.000000000000000000e+00,0.000000000000000000e+00,0.000000000000000000e+00,1.000000000000000056e-01
9.999870154288631463e-01,-4.287164833148233989e-03,-2.754848701497393006e-03,1.256102165355990063e+00,4.287205266767436795e-03,9.999908098547961588e-01,8.772084199959772407e-06,-8.434390213330712413e-03,2.754785776666916590e-03,-2.058257216041551276e-05,9.999962053586415323e-01,1.951476451088325972e-02,0.000000000000000000e+00,0.000000000000000000e+00,0.000000000000000000e+00,1.000000000000000056e-01
9.999636803475382418e-01,-8.375466667194490442e-03,-1.577828860482185592e-03,1.986087812031421151e+00,8.376297594633841728e-03,9.999647826052726618e-01,5.207569452065840491e-04,-6.773015330923141605e-03,1.573411711024105949e-03,-5.339543955841178757e-04,9.999986196331928090e-01,2.649729617755621977e-02,0.000000000000000000e+00,0.000000000000000000e+00,0.000000000000000000e+00,1.000000000000000056e-01
9.999079053038013587e-01,-1.332920726045135930e-02,-2.552086356702719730e-03,2.702565057224918021e+00,1.332525355230677715e-02,9.999099979691636886e-01,-1.559993292905255576e-03,-9.023651916578907112e-03,2.572650137673795218e-03,1.525842428006427085e-03,9.999955266280714516e-01,2.484955359099679309e-02,0.000000000000000000e+00,0.000000000000000000e+00,0.000000000000000000e+00,1.000000000000000056e-01
9.997970503626002481e-01,-1.995135655659093996e-02,-2.793108983917809082e-03,3.449169382690902452e+00,1.995129245658164643e-02,9.998009518635772030e-01,-5.081335462974861114e-05,-4.966344110930686652e-03,2.793566816135789090e-03,-4.923092123398360275e-06,9.999960979724905608e-01,3.524842336449175717e-02,0.000000000000000000e+00,0.000000000000000000e+00,0.000000000000000000e+00,1.000000000000000056e-01
9.997039700333639756e-01,-2.419747026696544498e-02,-2.540616502009687607e-03,4.197349311356069812e+00,2.419908067605177140e-02,9.997069762756615185e-01,6.050456246148652739e-04,1.548902167820115187e-02,2.525231467588377483e-03,-6.663470966778381206e-04,9.999965895879754374e-01,5.164970609180385974e-02,0.000000000000000000e+00,0.000000000000000000e+00,0.000000000000000000e+00,1.000000000000000056e-01
9.995417805940580713e-01,-3.005997217846002878e-02,-3.553437700308980079e-03,4.965402352279285836e+00,3.006940104924966245e-02,9.995443520357568667e-01,2.630481697013333821e-03,3.828162125299196944e-02,3.472746377026600124e-03,-2.736126102566901336e-03,9.999902267755178542e-01,6.653595462841636887e-02,0.000000000000000000e+00,0.000000000000000000e+00,0.000000000000000000e+00,1.000000000000000056e-01
9.994200687837446750e-01,-3.387975017448033310e-02,-3.418865368789960908e-03,5.750957235795850941e+00,3.388531611439150881e-02,9.994244734589622370e-01,1.583415013158159584e-03,8.700766958980606092e-02,3.363252015961667053e-03,-1.698346075137735110e-03,9.999929020530526902e-01,6.355255599695609769e-02,0.000000000000000000e+00,0.000000000000000000e+00,0.000000000000000000e+00,1.000000000000000056e-01
9.993532954838565407e-01,-3.590996771063417053e-02,-1.861457648429875721e-03,6.539539716120652990e+00,3.591258020635431508e-02,9.993539691697636007e-01,1.389563802523797109e-03,1.235811567635740488e-01,1.810355898119315066e-03,-1.455514912437205202e-03,9.999973020402914692e-01,6.699794762810949711e-02,0.000000000000000000e+00,0.000000000000000000e+00,0.000000000000000000e+00,1.000000000000000056e-01
9.993124937704379596e-01,-3.700010067674908143e-02,2.352093582068545685e-03,7.326187375048282213e+00,3.700042600534507453e-02,9.993152452867730684e-01,-9.493608198752931490e-05,1.664312300441476433e-01,-2.346970330310878781e-03,1.818992773807269361e-04,9.999972293176224714e-01,8.163113419241223301e-02,0.000000000000000000e+00,0.000000000000000000e+00,0.000000000000000000e+00,1.000000000000000056e-01
9.990735806680844933e-01,-4.292466586404551643e-02,3.074649819501664057e-03,8.128389922478394425e+00,4.292227965618289343e-02,9.990780628925123308e-01,8.379475292058288088e-04,2.084174838993851087e-01,-3.107783803443297382e-03,-7.052002590181589287e-04,9.999949221733207549e-01,7.316996128787441045e-02,0.000000000000000000e+00,0.000000000000000000e+00,0.000000000000000000e+00,1.000000000000000056e-01
9.989546453662462300e-01,-4.557804788431180087e-02,3.501150132833470967e-03,8.962528219205438518e+00,4.556193844104311497e-02,9.989511496361384024e-01,4.550868722781265842e-03,2.615128663857716473e-01,-3.704897662804856103e-03,-4.386592264249293376e-03,9.999835156349405896e-01,7.871746504000022571e-02,0.000000000000000000e+00,0.000000000000000000e+00,0.000000000000000000e+00,1.000000000000000056e-01
9.989601395361059621e-01,-4.553244442341065207e-02,2.331549448894491925e-03,9.743209897282433474e+00,4.552829263411812405e-02,9.989614209825891100e-01,1.803873129843300716e-03,3.073165079145671608e-01,-2.411262703590287982e-03,-1.695845887893510529e-03,9.999956549500096381e-01,9.732400966703351475e-02,0.000000000000000000e+00,0.000000000000000000e+00,0.000000000000000000e+00,1.000000000000000056e-01
9.988963010464655401e-01,-4.685593831054742087e-02,3.271207839182591406e-03,1.052503484534343414e+01,4.685450399202618910e-02,9.989015924949201652e-01,5.137769687449677842e-04,3.587481237973476067e-01,-3.291688221894251316e-03,-3.599390928824857034e-04,9.999945176012212666e-01,9.738075633908567508e-02,0.000000000000000000e+00,0.000000000000000000e+00,0.000000000000000000e+00,1.000000000000000056e-01
9.987210421609364897e-01,-5.050245780498224812e-02,2.404516714197102271e-03,1.128528066785741579e+01,5.050748566007996765e-02,9.987215200394095049e-01,-2.078293162240741829e-03,4.059727474525899327e-01,-2.296483675030650505e-03,2.197081206370754720e-03,9.999949494856976706e-01,1.080434119896896139e-01,0.000000000000000000e+00,0.000000000000000000e+00,0.000000000000000000e+00,1.000000000000000056e-01
9.984740491529616735e-01,-5.520836593192013364e-02,1.268660402295732114e-03,1.211387842014426575e+01,5.520625140364633643e-02,9.984736163680028032e-01,1.645364081223731371e-03,4.688551463630019067e-01,-1.357561802110542450e-03,-1.572815351395312347e-03,9.999978416365826739e-01,1.192604445687608927e-01,0.000000000000000000e+00,0.000000000000000000e+00,0.000000000000000000e+00,1.000000000000000056e-01
9.983695635351061970e-01,-5.705422587646472032e-02,-1.740665493109506533e-03,1.295744184893735707e+01,5.705820541766190579e-02,9.983681363593537306e-01,2.329269599417158401e-03,5.344499421227225655e-01,1.604930290528444690e-03,-2.424791122594978365e-03,9.999957722844503571e-01,1.218331004192967498e-01,0.000000000000000000e+00,0.000000000000000000e+00,0.000000000000000000e+00,1.000000000000000056e-01
9.983439373256852711e-01,-5.746153513883670710e-02,-2.748596830468638588e-03,1.384465824592490613e+01,5.747290544647421645e-02,9.983380033124539255e-01,4.253972454465277872e-03,5.860903271423475447e-01,2.499588883969100245e-03,-4.404897455213878377e-03,9.999871743846618921e-01,1.322078902327363803e-01,0.000000000000000000e+00,0.000000000000000000e+00,0.000000000000000000e+00,1.000000000000000056e-01
9.977891513570819049e-01,-6.632400442809817387e-02,-4.235076237325475189e-03,1.477050911041526859e+01,6.635675146320473006e-02,9.977628651226337908e-01,8.126900856002972767e-03,6.801325062319402148e-01,3.686593192206394191e-03,-8.389959409582280203e-03,9.999580079242031960e-01,1.474616210582271048e-01,0.000000000000000000e+00,0.000000000000000000e+00,0.000000000000000000e+00,1.000000000000000056e-01
9.974656173122375957e-01,-7.107395561120416483e-02,-3.291673387998746148e-03,1.572568591445566533e+01,7.108975996467545300e-02,9.974575765586838338e-01,4.962760707721736338e-03,7.490619391952673123e-01,2.930581526166298710e-03,-5.184187443935519245e-03,9.999822677890166656e-01,1.383692361669822957e-01,0.000000000000000000e+00,0.000000000000000000e+00,0.000000000000000000e+00,1.000000000000000056e-01
9.970447081334119499e-01,-7.680459308922003847e-02,-1.704248678653347933e-03,1.665074143921803085e+01,7.680769578686509613e-02,9.970442342113541301e-01,1.836543984430146718e-03,8.457737537387808313e-01,1.558156305299027372e-03,-1.962015874985502135e-03,9.999968613163916498e-01,1.485787192174053417e-01,0.000000000000000000e+00,0.000000000000000000e+00,0.000000000000000000e+00,1.000000000000000056e-01
9.968945940127358352e-01,-7.874584297070452710e-02,5.105320907823234552e-04,1.754606942173143835e+01,7.874321121303468063e-02,9.968870230106804398e-01,3.971151062660671811e-03,9.441230447111742530e-01,-8.216544541246324340e-04,-3.918618090118849463e-03,9.999919846259878176e-01,1.770061036611603744e-01,0.000000000000000000e+00,0.000000000000000000e+00,0.000000000000000000e+00,1.000000000000000056e-01
9.967840155429642524e-01,-8.012545908168335063e-02,1.239824581621546329e-03,1.848064260182335516e+01,8.011690045576234931e-02,9.967682408185958298e-01,5.861429583569144862e-03,1.022457012669417242e+00,-1.705467503404998033e-03,-5.743248414543996629e-03,9.999820530780758610e-01,1.932569538076334414e-01,0.000000000000000000e+00,0.000000000000000000e+00,0.000000000000000000e+00,1.000000000000000056e-01
9.964794746316665286e-01,-8.382735730330873047e-02,1.277029890493541374e-03,1.941941731825551187e+01,8.382132203143688454e-02,9.964718984808242919e-01,4.212067298126620507e-03,1.107898303765573855e+00,-1.625610869782500570e-03,-4.090196274655608089e-03,9.999903137949561760e-01,2.111546774824995254e-01,0.000000000000000000e+00,0.000000000000000000e+00,0.000000000000000000e+00,1.000000000000000056e-01
9.963777816360106510e-01,-8.503118729253418551e-02,1.006702401022499657e-03,2.035590983293914036e+01,8.502511958345375376e-02,9.963661477192929938e-01,5.022819809176837062e-03,1.182727033290399854e+00,-1.430140525137316978e-03,-4.919031066993140126e-03,9.999868788296375488e-01,2.191028444414474807e-01,0.000000000000000000e+00,0.000000000000000000e+00,0.000000000000000000e+00,1.000000000000000056e-01
9.966167469721273209e-01,-8.208504862015009174e-02,4.135752376808287181e-03,2.128379661542973977e+01,8.205956575485828797e-02,9.966093965191687998e-01,5.994867623408942602e-03,1.275342053721789437e+00,-4.613818680742511405e-03,-5.635207425259838344e-03,9.999734782055249571e-01,2.326370452610091177e-01,0.000000000000000000e+00,0.000000000000000000e+00,0.000000000000000000e+00,1.000000000000000056e-01
9.967595028429382387e-01,-8.005244705241719438e-02,7.880305401348142863e-03,2.222843261528669245e+01,8.000597539837618621e-02,9.967760470791698912e-01,6.046145034559523811e-03,1.363234315047482159e+00,-8.338908372982744427e-03,-5.396080998691900159e-03,9.999506712418381182e-01,2.239731159125152582e-01,0.000000000000000000e+00,0.000000000000000000e+00,0.000000000000000000e+00,1.000000000000000056e-01
9.967956504408438390e-01,-7.911272936688923396e-02,1.181555391576426250e-02,2.318951445312767845e+01,7.904501424389345776e-02,9.968524280655159941e-01,6.092814051652902657e-03,1.450571634075247029e+00,-1.226038275901981597e-02,-5.139329918061390570e-03,9.999116312467795087e-01,2.336564494918870472e-01,0.000000000000000000e+00,0.000000000000000000e+00,0.000000000000000000e+00,1.000000000000000056e-01
9.968916966147498560e-01,-7.723543085245866691e-02,1.554456308812533251e-02,2.412015995865743889e+01,7.716037135259738722e-02,9.970042180456628600e-01,5.372735977654161631e-03,1.527266439750906590e+00,-1.591296054462849538e-02,-4.156611623833134615e-03,9.998647409857563950e-01,2.398253193738577316e-01,0.000000000000000000e+00,0.000000000000000000e+00,0.000000000000000000e+00,1.000000000000000056e-01
9.971158264173587416e-01,-7.495629199274181365e-02,1.189886543862661225e-02,2.507936395961920795e+01,7.491359903275696119e-02,9.971820271775543310e-01,3.994665695986902333e-03,1.591794258793729711e+00,-1.216476008752440802e-02,-3.091757552301049611e-03,9.999212267210106919e-01,2.425612629936516884e-01,0.000000000000000000e+00,0.000000000000000000e+00,0.000000000000000000e+00,1.000000000000000056e-01
9.971834921162334719e-01,-7.446477417859609371e-02,8.948768485350439700e-03,2.604290038060981871e+01,7.442988897105626278e-02,9.972175279314542395e-01,4.170565193775871426e-03,1.665287989860489315e+00,-9.234428982343702297e-03,-3.492762919235518817e-03,9.999512617765727862e-01,2.358776554464416253e-01,0.000000000000000000e+00,0.000000000000000000e+00,0.000000000000000000e+00,1.000000000000000056e-01
9.973398429250761588e-01,-7.246708592933512327e-02,7.858700343877854724e-03,2.698520233352512321e+01,7.243596962897083658e-02,9.973643276304423599e-01,4.174718455959601678e-03,1.741594005690235258e+00,-8.140517065599669685e-03,-3.594360469690846115e-03,9.999604054934968511e-01,2.494705136377649846e-01,0.000000000000000000e+00,0.000000000000000000e+00,0.000000000000000000e+00,1.000000000000000056e-01
9.973782294751092348e-01,-7.185391626818084243e-02,8.583827003241686904e-03,2.794056252206702240e+01,7.184902258688481702e-02,9.974151331829185230e-01,8.775255040347771165e-04,1.810552160681012657e+00,-8.624692597747549150e-03,-2.584852532956352558e-04,9.999627732385681922e-01,2.592691462530841151e-01,0.000000000000000000e+00,0.000000000000000000e+00,0.000000000000000000e+00,1.000000000000000056e-01
9.975017082308861305e-01,-6.921846597561047421e-02,1.411191143847761835e-02,2.894415150867047259e+01,6.928408828634922967e-02,9.975880659961772201e-01,-4.214936812828993205e-03,1.897417609719797893e+00,-1.378612297905206820e-02,5.182137588874791666e-03,9.998915382496326165e-01,2.643739145766115239e-01,0.000000000000000000e+00,0.000000000000000000e+00,0.000000000000000000e+00,1.000000000000000056e-01
9.974040999199407231e-01,-6.983190701918084997e-02,1.756605319806823010e-02,2.992378859770930788e+01,6.999263925961760058e-02,9.975095046679823829e-01,-8.707384596394866089e-03,1.931651974034356734e+00,-1.691425175306077514e-02,9.914275520731617719e-03,9.998077891417594953e-01,2.602555232099669213e-01,0.000000000000000000e+00,0.000000000000000000e+00,0.000000000000000000e+00,1.000000000000000056e-01
9.972294317321288570e-01,-7.159859835394434546e-02,2.017674901875551180e-02,3.083923204172474186e+01,7.189776653839112519e-02,9.973064125353359177e-01,-1.451312105266400199e-02,1.986591063527891610e+00,-1.908328205540905931e-02,1.592357465046191634e-02,9.996910863443491113e-01,2.685818230075578406e-01,0.000000000000000000e+00,0.000000000000000000e+00,0.000000000000000000e+00,1.000000000000000056e-01
9.974455227013981906e-01,-7.010920471893714034e-02,1.367949767399388901e-02,3.175429609485838256e+01,7.029591346120750428e-02,9.974323552429167350e-01,-1.368142043877044675e-02,2.052220512300031441e+00,-1.268518007712411862e-02,1.460808434553084387e-02,9.998128275223141515e-01,2.541315068272541611e-01,0.000000000000000000e+00,0.000000000000000000e+00,0.000000000000000000e+00,1.000000000000000056e-01
9.974860582072675452e-01,-6.988680660922459709e-02,1.172168691326110589e-02,3.274052163338348720e+01,7.005775657874550866e-02,9.974321142394333428e-01,-1.486903584659282629e-02,2.101430871519819998e+00,-1.065243752767026063e-02,1.565285104442195110e-02,9.998207408475282554e-01,2.584197754444633177e-01,0.000000000000000000e+00,0.000000000000000000e+00,0.000000000000000000e+00,1.000000000000000056e-01
9.973004267195272332e-01,-7.277876235837814345e-02,9.752467104876439905e-03,3.368969313080968675e+01,7.287337050821250661e-02,9.972937935673766852e-01,-9.724257440209512979e-03,2.182923089544222872e+00,-9.018355494310579049e-03,1.040870124335429962e-02,9.999051596039520984e-01,2.473463029811440173e-01,0.000000000000000000e+00,0.000000000000000000e+00,0.000000000000000000e+00,1.000000000000000056e-01
9.969802653451350638e-01,-7.682764992821201899e-02,1.130763984446603483e-02,3.464337545324954704e+01,7.696050721766807545e-02,9.969640257973890751e-01,-1.182419530717419669e-02,2.261855059500736065e+00,-1.036488500386343291e-02,1.265873107270405230e-02,9.998661538858516495e-01,2.598466335306158781e-01,0.000000000000000000e+00,0.000000000000000000e+00,0.000000000000000000e+00,1.000000000000000056e-01
9.969435686036136612e-01,-7.723311966366065706e-02,1.177141652098411158e-02,3.562120177455774694e+01,7.736984668127842857e-02,9.969345213222280400e-01,-1.163903005131495909e-02,2.338201167209958520e+00,-1.083641289390971200e-02,1.251420884589264475e-02,9.998629739782116665e-01,2.520833141197538207e-01,0.000000000000000000e+00,0.000000000000000000e+00,0.000000000000000000e+00,1.000000000000000056e-01
9.969753987733847023e-01,-7.673925064599898538e-02,1.229396807141952021e-02,3.659869048121124280e+01,7.687230478604292760e-02,9.969830776364769775e-01,-1.074205117192896311e-02,2.412000197502599530e+00,-1.143254116687361134e-02,1.165462641139402428e-02,9.998667244616546990e-01,2.541355790617287336e-01,0.000000000000000000e+00,0.000000000000000000e+00,0.000000000000000000e+00,1.000000000000000056e-01
9.969038823621813039e-01,-7.760499137726319108e-02,1.265364155273750353e-02,3.759642308184421466e+01,7.771859627934722681e-02,9.969369605125413258e-01,-8.747374256505712972e-03,2.495844833710917587e+00,-1.193604304525150255e-02,9.703714616086321285e-03,9.998816773994168017e-01,2.566659694789750756e-01,0.000000000000000000e+00,0.000000000000000000e+00,0.000000000000000000e+00,1.000000000000000056e-01
9.967885634126770755e-01,-7.858411160349726421e-02,1.539796263083076204e-02,3.858811057538008527e+01,7.874882585691569958e-02,9.968402494886350329e-01,-1.039901079877405925e-02,2.576755579940674945e+00,-1.453211188535718200e-02,1.157818651278949736e-02,9.998273667594953507e-01,2.733662964746202406e-01,0.000000000000000000e+00,0.000000000000000000e+00,0.000000000000000000e+00,1.000000000000000056e-01
9.966538215985567550e-01,-8.031506701062958442e-02,1.518716247592921155e-02,3.960841225932956178e+01,8.043020863162637923e-02,9.967347546802077796e-01,-7.128138049942298569e-03,2.632643241183023175e+00,-1.456507577959162587e-02,8.325792674818470462e-03,9.998592599680570236e-01,2.657561119303034070e-01,0.000000000000000000e+00,0.000000000000000000e+00,0.000000000000000000e+00,1.000000000000000056e-01
9.963242203904919547e-01,-8.395987698251515530e-02,1.699373179614560234e-02,4.062479749485850533e+01,8.416259251019410359e-02,9.963846722792747412e-01,-1.158632249185392177e-02,2.724895255110463044e+00,-1.595950767540862611e-02,1.297397024827571035e-02,9.997884627313696759e-01,2.769221154929562001e-01,0.000000000000000000e+00,0.000000000000000000e+00,0.000000000000000000e+00,1.000000000000000056e-01
9.964296224582359640e-01,-8.296704495294131287e-02,1.563575836069278774e-02,4.164706665911306516e+01,8.316896944840658501e-02,9.964540382323351375e-01,-1.273861104524439368e-02,2.818218728676353368e+00,-1.452342964410849833e-02,1.399353930385831106e-02,9.997966047397460754e-01,2.894511224631915458e-01,0.000000000000000000e+00,0.000000000000000000e+00,0.000000000000000000e+00,1.000000000000000056e-01
9.962905470254190821e-01,-8.471720682850877870e-02,1.510432967618286458e-02,4.270444486658357874e+01,8.491522799544456990e-02,9.963035147828667171e-01,-1.298886006498094214e-02,2.908162253643194806e+00,-1.394811680022860038e-02,1.422326609754791249e-02,9.998015546793501684e-01,2.982940929253363738e-01,0.000000000000000000e+00,0.000000000000000000e+00,0.000000000000000000e+00,1.000000000000000056e-01
9.964111788476035514e-01,-8.385592084021711856e-02,1.153027352530018416e-02,4.377773797597120620e+01,8.401016190276050510e-02,9.963718829337324667e-01,-1.361483000850109010e-02,2.988409921022399551e+00,-1.034675623569842988e-02,1.453462896422388212e-02,9.998408319308985659e-01,3.049071064207696247e-01,0.000000000000000000e+00,0.000000000000000000e+00,0.000000000000000000e+00,1.000000000000000056e-01
9.964435122139984058e-01,-8.333724890013102793e-02,1.245912968022968789e-02,4.481116690593987073e+01,8.351548431730670963e-02,9.964003471591437178e-01,-1.454345421086831319e-02,3.065122286359236892e+00,-1.120226967524286243e-02,1.553226084301759929e-02,9.998166121980708310e-01,3.125688302219681303e-01,0.000000000000000000e+00,0.000000000000000000e+00,0.000000000000000000e+00,1.000000000000000056e-01
9.964138770229494790e-01,-8.334651827488144538e-02,1.458573164258364710e-02,4.581820176446550619e+01,8.355372111125726475e-02,9.964017500560342633e-01,-1.422421082993640708e-02,3.163031010631937257e+00,-1.334771008663495837e-02,1.539189321451683336e-02,9.997924425893186529e-01,3.250905942199724397e-01,0.000000000000000000e+00,0.000000000000000000e+00,0.000000000000000000e+00,1.000000000000000056e-01
9.959981034845432069e-01,-8.851188865663356387e-02,1.238642085627685019e-02,4.676449128639507080e+01,8.865804059989179642e-02,9.959923003919094464e-01,-1.179361679131291085e-02,3.240672921529170747e+00,-1.129290450597381437e-02,1.284457576053426447e-02,9.998537328936422108e-01,3.385061368071691779e-01,0.000000000000000000e+00,0.000000000000000000e+00,0.000000000000000000e+00,1.000000000000000056e-01
9.962152346234217637e-01,-8.664853065240048224e-02,6.873022623317935793e-03,4.772094452851315083e+01,8.672842386147215643e-02,9.961556731353432559e-01,-1.233107354515462079e-02,3.343970078294258741e+00,-5.778131073751386661e-03,1.288048974422948550e-02,9.999003481273738281e-01,3.323380902746122523e-01,0.000000000000000000e+00,0.000000000000000000e+00,0.000000000000000000e+00,1.000000000000000056e-01
9.962784433664482187e-01,-8.605135780753311869e-02,4.942378254118730274e-03,4.866921973951647828e+01,8.610843580544824682e-02,9.962033795928409985e-01,-1.281264106033055093e-02,3.429519813956238838e+00,-3.821068759637249318e-03,1.319053855162018694e-02,9.999057001168921710e-01,3.398182642242190687e-01,0.000000000000000000e+00,0.000000000000000000e+00,0.000000000000000000e+00,1.000000000000000056e-01
9.963513843302060913e-01,-8.515454581508431764e-02,5.711590873709438895e-03,4.963554188485159102e+01,8.522791230060837442e-02,9.962610745742824792e-01,-1.414476061924243612e-02,3.534294678021473235e+00,-4.485744995175750677e-03,1.457993879008304648e-02,9.998836449691111961e-01,3.465932113751851174e-01,0.000000000000000000e+00,0.000000000000000000e+00,0.000000000000000000e+00,1.000000000000000056e-01
9.967571928884861876e-01,-7.994720258411955327e-02,9.140198249428079305e-03,5.064447899590727076e+01,8.008990473840810198e-02,9.966512608588378175e-01,-1.648852290174978447e-02,3.613508039740247479e+00,-7.791378829053152363e-03,1.716709140951248880e-02,9.998222769014899480e-01,3.622722629403493100e-01,0.000000000000000000e+00,0.000000000000000000e+00,0.000000000000000000e+00,1.000000000000000056e-01
9.968107735818760862e-01,-7.932532150020465966e-02,8.704885983801029237e-03,5.158882070887533189e+01,7.945531174058492740e-02,9.967136769759201709e-01,-1.577021132856225305e-02,3.698422390833397522e+00,-7.425301832806104063e-03,1.641156598348296469e-02,9.998377495347240407e-01,3.662092052341133774e-01,0.000000000000000000e+00,0.000000000000000000e+00,0.000000000000000000e+00,1.000000000000000056e-01
9.968819436024447533e-01,-7.774215016970786873e-02,1.351105497001136788e-02,5.253751464308082575e+01,7.797966979162582191e-02,9.967916376013647994e-01,-1.804445364034044583e-02,3.780611289394377295e+00,-1.206489198464201149e-02,1.904177762132478260e-02,9.997458922578371654e-01,3.927450160862201445e-01,0.000000000000000000e+00,0.000000000000000000e+00,0.000000000000000000e+00,1.000000000000000056e-01
9.970589591099124904e-01,-7.533165165758629045e-02,1.409163997545836641e-02,5.353560074668377666e+01,7.557319015386587679e-02,9.969871357432096293e-01,-1.747409775978406993e-02,3.876622465752149083e+00,-1.273283113158608579e-02,1.848765591120029445e-02,9.997480090454211599e-01,4.201421210761372982e-01,0.000000000000000000e+00,0.000000000000000000e+00,0.000000000000000000e+00,1.000000000000000056e-01
9.970657632760083766e-01,-7.495881201637270841e-02,1.552546952349031367e-02,5.450318801841714134e+01,7.526211001931269740e-02,9.969637867615426252e-01,-1.997054534874240228e-02,3.939545762591321054e+00,-1.398136253272899698e-02,2.108042663656040094e-02,9.996800173628304087e-01,4.148707028580181921e-01,0.000000000000000000e+00,0.000000000000000000e+00,0.000000000000000000e+00,1.000000000000000056e-01
9.969686521371246002e-01,-7.551243458410505927e-02,1.874510280223582251e-02,5.543916902536724223e+01,7.585269648158846079e-02,9.969537014969246380e-01,-1.815724395531975038e-02,4.014779413624799176e+00,-1.731690192722565649e-02,1.952406962603425028e-02,9.996594098056000854e-01,4.239984523775535141e-01,0.000000000000000000e+00,0.000000000000000000e+00,0.000000000000000000e+00,1.000000000000000056e-01
9.969646376882163041e-01,-7.424630467273594936e-02,2.343069443373133748e-02,5.638334864092397680e+01,7.462825814328032104e-02,9.970851330768993881e-01,-1.587011290198358723e-02,4.099437407690915691e+00,-2.218409983982978784e-02,1.757053327207397722e-02,9.995994908336195417e-01,4.350253362986911676e-01,0.000000000000000000e+00,0.000000000000000000e+00,0.000000000000000000e+00,1.000000000000000056e-01
9.968883565935937607e-01,-7.461232991852416452e-02,2.542842331433921993e-02,5.734083632804230746e+01,7.498752801328519013e-02,9.970842964864261582e-01,-1.413422592947288954e-02,4.165600481929925714e+00,-2.429969404294416574e-02,1.599705986417247414e-02,9.995767198895347816e-01,4.196050995010924822e-01,0.000000000000000000e+00,0.000000000000000000e+00,0.000000000000000000e+00,1.000000000000000056e-01
9.969098079705343007e-01,-7.533217180637873100e-02,2.226878225423618851e-02,5.822622164740585760e+01,7.558664011436060093e-02,9.970805964457651882e-01,-1.081406619081502762e-02,4.233119200086544076e+00,-2.138912359996265888e-02,1.246387107970206923e-02,9.996935316932554771e-01,4.211083163944615571e-01,0.000000000000000000e+00,0.000000000000000000e+00,0.000000000000000000e+00,1.000000000000000056e-01
9.970620616594306762e-01,-7.486665813686935178e-02,1.619347704672288030e-02,5.912724706637259686e+01,7.498099371949407121e-02,9.971633078385119253e-01,-6.571763948462160804e-03,4.312008851860189118e+00,-1.565553513243148759e-02,7.766659511929903392e-03,9.998472799481643580e-01,4.249232773466664059e-01,0.000000000000000000e+00,0.000000000000000000e+00,0.000000000000000000e+00,1.000000000000000056e-01
9.971462346476496208e-01,-7.489582336516782679e-02,9.486957914323412844e-03,6.011341401127652517e+01,7.496246295808371707e-02,9.971626590727314943e-01,-6.874627135875294864e-03,4.375271623944473554e+00,-8.945159320687925270e-03,7.566174294381973822e-03,9.999313662103387346e-01,4.286018751891911283e-01,0.000000000000000000e+00,0.000000000000000000e+00,0.000000000000000000e+00,1.000000000000000056e-01
9.972947434412223755e-01,-7.288995089251358583e-02,9.499987547008361885e-03,6.103626515685438392e+01,7.292834519129072490e-02,9.973300978172234821e-01,-3.759315835024340524e-03,4.456465205040573530e+00,-9.200607162915879975e-03,4.441964292346313459e-03,9.999478075285025414e-01,4.357439751802260064e-01,0.000000000000000000e+00,0.000000000000000000e+00,0.000000000000000000e+00,1.000000000000000056e-01
9.970865427555751781e-01,-7.547824945671373353e-02,1.102089445937698767e-02,6.197976533525595499e+01,7.551067834028295234e-02,9.971417171467773510e-01,-2.556048154212558956e-03,4.536247103698026528e+00,-1.079646758550954419e-02,3.380796433744791534e-03,9.999360012036513368e-01,4.370123004959866053e-01,0.000000000000000000e+00,0.000000000000000000e+00,0.000000000000000000e+00,1.000000000000000056e-01
9.971930031510963799e-01,-7.387151661098556588e-02,1.221120387555466036e-02,6.285390686671799898e+01,7.391919408465508212e-02,9.972580934622341520e-01,-3.499681406211976528e-03,4.605120258524938670e+00,-1.191919512268213924e-02,4.392500160816990504e-03,9.999193161100372595e-01,4.475879918535651814e-01,0.000000000000000000e+00,0.000000000000000000e+00,0.000000000000000000e+00,1.000000000000000056e-01
9.973706880497922311e-01,-7.108029387269004795e-02,1.411745168421216223e-02,6.365878664031916401e+01,7.112462908543346063e-02,9.974638819082410901e-01,-2.662973150820821446e-03,4.680238834676708315e+00,-1.389236324545087276e-02,3.660069878363403448e-03,9.998967977406177932e-01,4.488870055637148582e-01,0.000000000000000000e+00,0.000000000000000000e+00,0.000000000000000000e+00,1.000000000000000056e-01
9.972715857743591483e-01,-7.249359828779790293e-02,1.393062864275700086e-02,6.446305696853630707e+01,7.251071508100508101e-02,9.973673685184537563e-01,-7.269202267524386973e-04,4.752578182479984648e+00,-1.384125736832888393e-02,1.735056731679102734e-03,9.999026998526414634e-01,4.600977924731170510e-01,0.000000000000000000e+00,0.000000000000000000e+00,0.000000000000000000e+00,1.000000000000000056e-01
9.971770474818678620e-01,-7.334447558476586693e-02,1.607867769875242700e-02,6.524460634578620954e+01,7.334969501717150675e-02,9.973062476826927147e-01,2.656575907038182514e-04,4.816620750228143066e+00,-1.605485024011745962e-02,9.144584535437073024e-04,9.998706944147849329e-01,4.606871725401784912e-01,0.000000000000000000e+00,0.000000000000000000e+00,0.000000000000000000e+00,1.000000000000000056e-01
9.965991376209785146e-01,-8.121348076778447944e-02,1.394738092627653692e-02,6.605787678241708250e+01,8.122428721443608612e-02,9.966958269296726236e-01,-2.091589895685051336e-04,4.882877367870895213e+00,-1.388430983624160467e-02,1.341313742874680618e-03,9.999027086761063110e-01,4.655232356974404184e-01,0.000000000000000000e+00,0.000000000000000000e+00,0.000000000000000000e+00,1.000000000000000056e-01
9.965086036370021105e-01,-8.242019875594054634e-02,1.332342727917803366e-02,6.680495147228390351e+01,8.240126600459145301e-02,9.965972964335833018e-01,1.964714257361695540e-03,4.946546448769892912e+00,-1.344002374524866025e-02,-8.599873858248337699e-04,9.999093089792810973e-01,4.695886633695250389e-01,0.000000000000000000e+00,0.000000000000000000e+00,0.000000000000000000e+00,1.000000000000000056e-01
9.963624269588072790e-01,-8.360565171887451852e-02,1.649269976134180513e-02,6.758805888982600152e+01,8.355167352744405362e-02,9.964956711553767388e-01,3.936396748131581851e-03,5.032550805628783763e+00,-1.676400893339402218e-02,-2.544085151395354769e-03,9.998562374837812738e-01,4.795180096488044774e-01,0.000000000000000000e+00,0.000000000000000000e+00,0.000000000000000000e+00,1.000000000000000056e-01
9.966737193630436087e-01,-7.920169820686698281e-02,1.919864922814387698e-02,6.832529660003883976e+01,7.908163438693552316e-02,9.968440168307287630e-01,6.935503692511109201e-03,5.113574508433757160e+00,-1.968736228467398569e-02,-5.394173701888074941e-03,9.997916336198987564e-01,4.766889460925742283e-01,0.000000000000000000e+00,0.000000000000000000e+00,0.000000000000000000e+00,1.000000000000000056e-01
9.962056475238862951e-01,-8.437617244065503952e-02,2.133001091840270452e-02,6.904812413955579586e+01,8.418325840306631336e-02,9.964022196484620952e-01,9.787526973679776948e-03,5.203352195932080981e+00,-2.207910428792115437e-02,-7.954759825588044592e-03,9.997245795467670781e-01,4.845867813836731153e-01,0.000000000000000000e+00,0.000000000000000000e+00,0.000000000000000000e+00,1.000000000000000056e-01
9.963390498920557947e-01,-8.413142213415417126e-02,1.517898118716814841e-02,6.972809448526776066e+01,8.391979800500448672e-02,9.963730431347197491e-01,1.407929036766729890e-02,5.278211508210172376e+00,-1.630843839841493795e-02,-1.275392975292709459e-02,9.997856630862749228e-01,4.809045964729959932e-01,0.000000000000000000e+00,0.000000000000000000e+00,0.000000000000000000e+00,1.000000000000000056e-01
9.963100349183756643e-01,-8.529673276248073144e-02,9.527943166859592639e-03,7.041620777365679373e+01,8.516441190528764582e-02,9.962751261344733322e-01,1.352390441276708072e-02,5.353268882483378732e+00,-1.064599764096626003e-02,-1.266256000124414346e-02,9.998631517905054444e-01,4.880551045613540362e-01,0.000000000000000000e+00,0.000000000000000000e+00,0.000000000000000000e+00,1.000000000000000056e-01
9.966494042263671638e-01,-8.149892134286378098e-02,6.920323343391622355e-03,7.115576676805383727e+01,8.141370954176736785e-02,9.966103909149039985e-01,1.181256191903150461e-02,5.428447240192122436e+00,-7.859577207211917299e-03,-1.120957360437582241e-02,9.999062818613212444e-01,4.978613828832049171e-01,0.000000000000000000e+00,0.000000000000000000e+00,0.000000000000000000e+00,1.000000000000000056e-01
9.968367106910711595e-01,-7.930127254020816197e-02,5.280188643346777656e-03,7.186572717089680395e+01,7.924370278269032841e-02,9.968016286525686054e-01,1.034159972515530726e-02,5.493996729494734055e+00,-6.083402657587146968e-03,-9.890464553817594068e-03,9.999325831889944727e-01,5.006371838566855414e-01,0.000000000000000000e+00,0.000000000000000000e+00,0.000000000000000000e+00,1.000000000000000056e-01
9.968885580224474685e-01,-7.834087601851502658e-02,8.712636143957190951e-03,7.254148582166611448e+01,7.822995042755037653e-02,9.968580071884942662e-01,1.241726057900142087e-02,5.565583326442273382e+00,-9.658040175332756674e-03,-1.169703589955465271e-02,9.998849441866479726e-01,5.096745896636544204e-01,0.000000000000000000e+00,0.000000000000000000e+00,0.000000000000000000e+00,1.000000000000000056e-01
9.968544254701759977e-01,-7.835239506274681298e-02,1.192294462188856798e-02,7.312970761109308171e+01,7.818567531667898474e-02,9.968424586560827860e-01,1.386047602973268685e-02,5.602737687970337888e+00,-1.297129892494306748e-02,-1.288467339233659824e-02,9.998328513285471564e-01,5.323331316192189133e-01,0.000000000000000000e+00,0.000000000000000000e+00,0.000000000000000000e+00,1.000000000000000056e-01
9.968337443468253678e-01,-7.899714976351794593e-02,9.051876088869311582e-03,7.371459525033988314e+01,7.890632860606720811e-02,9.968320122633641533e-01,9.986522562112361279e-03,5.631538820888907004e+00,-9.812106674882168506e-03,-9.240652369424794815e-03,9.999091623274527496e-01,5.402022233449376154e-01,0.000000000000000000e+00,0.000000000000000000e+00,0.000000000000000000e+00,1.000000000000000056e-01
9.967992786097136237e-01,-7.963371551152978456e-02,7.047660390742457349e-03,7.434094175849152464e+01,7.958815973312152736e-02,9.968064778258319825e-01,6.524614529173123484e-03,5.668492216836571451e+00,-7.544732828247181951e-03,-5.942820734963020698e-03,9.999538788805524270e-01,5.524086529382532529e-01,0.000000000000000000e+00,0.000000000000000000e+00,0.000000000000000000e+00,1.000000000000000056e-01
9.969414479058458234e-01,-7.813038342382382095e-02,1.841910269797676376e-03,7.496151721211302288e+01,7.812018214164338781e-02,9.969310120424623722e-01,5.078815821460122559e-03,5.685714305202992591e+00,-2.233067296830464326e-03,-4.919391632928414929e-03,9.999854063917181790e-01,5.658847925253100986e-01,0.000000000000000000e+00,0.000000000000000000e+00,0.000000000000000000e+00,1.000000000000000056e-01
9.974233696721368503e-01,-7.169373232499971771e-02,2.574951881336357429e-03,7.557295963679978001e+01,7.168427120717095480e-02,9.974208917366308436e-01,3.595829362041989309e-03,5.741668836907366291e+00,-2.826109229430038162e-03,-3.401980690046800711e-03,9.999902197691774575e-01,5.872002948660088872e-01,0.000000000000000000e+00,0.000000000000000000e+00,0.000000000000000000e+00,1.000000000000000056e-01
9.977159308327319120e-01,-6.736268719219323797e-02,5.018937818098400012e-03,7.614423050676266769e+01,6.733036973480413523e-02,9.977105174939746579e-01,6.351739390111745334e-03,5.800096425824992075e+00,-5.435317281427464071e-03,-5.999304639043712487e-03,9.999672322980879269e-01,5.817216671107146020e-01,0.000000000000000000e+00,0.000000000000000000e+00,0.000000000000000000e+00,1.000000000000000056e-01
9.979089815161776844e-01,-6.413114077375799138e-02,8.053657082426710079e-03,7.669319498536610524e+01,6.409689435656999723e-02,9.979337982099553139e-01,4.441004851932063222e-03,5.818529429015824483e+00,-8.321823309082793108e-03,-3.915504221503581309e-03,9.999577071474091694e-01,5.917364732416968698e-01,0.000000000000000000e+00,0.000000000000000000e+00,0.000000000000000000e+00,1.000000000000000056e-01
9.983144473843236222e-01,-5.690346133129368239e-02,1.141316048474345056e-02,7.726152703071900874e+01,5.691056523945661055e-02,9.983792358340446427e-01,-2.983614497565012188e-04,5.810820390665845103e+00,-1.137768464399051098e-02,9.473879601898276600e-04,9.999348232500930855e-01,6.083273302095535406e-01,0.000000000000000000e+00,0.000000000000000000e+00,0.000000000000000000e+00,1.000000000000000056e-01
9.987984924627703043e-01,-4.682054161223420802e-02,1.447094804200837158e-02,7.781190295443755645e+01,4.691123693462149330e-02,9.988810860346247766e-01,-5.992646456485314736e-03,5.826477120204771154e+00,-1.417417734336867165e-02,6.664296318867145470e-03,9.998773324019367692e-01,6.120002652951719302e-01,0.000000000000000000e+00,0.000000000000000000e+00,0.000000000000000000e+00,1.000000000000000056e-01
9.993010810533125010e-01,-3.451364328802405956e-02,1.435819740315710281e-02,7.831548229151155738e+01,3.452130882912504695e-02,9.994039209783981415e-01,-2.863035591086685017e-04,5.862572850825072734e+00,-1.433975740398589320e-02,7.817672229106309781e-04,9.998968747813966607e-01,6.142131593757425012e-01,0.000000000000000000e+00,0.000000000000000000e+00,0.000000000000000000e+00,1.000000000000000056e-01
9.997559946238203654e-01,-1.562480660830774248e-02,1.561462878804943319e-02,7.882766156207287622e+01,1.559212918779946319e-02,9.998759879178146237e-01,2.212304853598939369e-03,5.876985419268203614e+00,-1.564725922091697932e-02,-1.968299730038113472e-03,9.998756368044208198e-01,6.155319221588405609e-01,0.000000000000000000e+00,0.000000000000000000e+00,0.000000000000000000e+00,1.000000000000000056e-01
9.999022678326492386e-01,8.282769039976747545e-04,1.395595716872707025e-02,7.932742232716107367e+01,-9.055622342968311237e-04,9.999842861675585226e-01,5.532393243282965854e-03,5.883012405219765206e+00,-1.395115551360731447e-02,-5.544490538256127178e-03,9.998873055922383735e-01,6.249236001065757717e-01,0.000000000000000000e+00,0.000000000000000000e+00,0.000000000000000000e+00,1.000000000000000056e-01
9.996456177657205844e-01,2.309374045399131478e-02,1.324077164044985648e-02,7.984966245337177781e+01,-2.315587037573795318e-02,9.997214747643516919e-01,4.558350812709732053e-03,5.871108780814272343e+00,-1.313181438084157736e-02,-4.863337005945099142e-03,9.999019468949111866e-01,6.355890734991340718e-01,0.000000000000000000e+00,0.000000000000000000e+00,0.000000000000000000e+00,1.000000000000000056e-01
9.987130773571764042e-01,4.855430785905179292e-02,1.465156319601876832e-02,8.035934470834963861e+01,-4.862993164520701406e-02,9.988050901276668281e-01,4.849915797820377253e-03,5.833121887293807539e+00,-1.439857159377288219e-02,-5.556178848082198377e-03,9.998808979136800668e-01,6.532312222223526366e-01,0.000000000000000000e+00,0.000000000000000000e+00,0.000000000000000000e+00,1.000000000000000056e-01
9.973308118069590389e-01,7.142203506929463430e-02,1.517052164668670350e-02,8.081634230177407119e+01,-7.152107945589890325e-02,9.974205024001633335e-01,6.089054546382166935e-03,5.836755160403328091e+00,-1.469649665516024883e-02,-7.157813797960295779e-03,9.998663804167527980e-01,6.475274532661119409e-01,0.000000000000000000e+00,0.000000000000000000e+00,0.000000000000000000e+00,1.000000000000000056e-01
9.944239141463144804e-01,1.043248957643729824e-01,1.540763115070367152e-02,8.130806271675706398e+01,-1.043491622917092909e-01,9.945404205455266045e-01,7.773224206673104431e-04,5.760304206327953480e+00,-1.524241788371975652e-02,-2.380761407589247411e-03,9.998809932547864099e-01,6.446154343880745596e-01,0.000000000000000000e+00,0.000000000000000000e+00,0.000000000000000000e+00,1.000000000000000056e-01
