1.000000000000000000e+00,-1.801630403480308697e-09,-9.348602531376942692e-10,5.640831046839604309e-15,1.801630403250197804e-09,1.000000000000000000e+00,-2.461446180705543762e-10,3.422607207191381368e-15,9.348602535811557217e-10,2.461446163862816798e-10,1.000000000000000000e+00,1.595275213885756290e-15,0.000000000000000000e+00,0.000000000000000000e+00,0.000000000000000000e+00,1.000000000000000056e-01
9.999523504664230567e-01,-9.731289089983989615e-03,-7.738277088710064254e-04,6.549425750327311224e-01,9.728612863024371782e-03,9.999469292877645188e-01,-3.390088454887827795e-03,1.702855273141737347e-02,8.067765720784796828e-04,3.382398648551881038e-03,9.999939542271968351e-01,1.026782341826026727e-02,0.000000000000000000e+00,0.000000000000000000e+00,0.000000000000000000e+00,1.000000000000000056e-01
9.998217221002322352e-01,-1.850706811673023117e-02,-3.743320217234357306e-03,1.336845114547987601e+00,1.849299659737792950e-02,9.998219220646124006e-01,-3.759419619245403174e-03,1.445929580450478966e-02,3.812229449471323754e-03,3.689524189771127213e-03,9.999859270599150696e-01,1.678815639493669992e-02,0.000000000000000000e+00,0.000000000000000000e+00,0.000000000000000000e+00,1.000000000000000056e-01
9.996825569052880667e-01,-2.432668789971408063e-02,-6.557261252633955415e-03,2.077075644288493894e+00,2.430639480526387147e-02,9.996995714759420171e-01,-3.156891253834976253e-03,2.568471972258741520e-02,6.632087972579345236e-03,2.996505739657910009e-03,9.999735178305854122e-01,1.684542628820466514e-02,0.000000000000000000e+00,0.000000000000000000e+00,0.000000000000000000e+00,1.000000000000000056e-01
9.994108947927197173e-01,-3.342836975620645801e-02,-7.772223945416192360e-03,2.816919155254265839e+00,3.341399047655108090e-02,9.994396499075054452e-01,-1.972671588462579940e-03,5.985702779731504747e-02,7.833811974276180118e-03,1.711808460463804015e-03,9.999678500340630771e-01,3.277729658227905574e-02,0.000000000000000000e+00,0.000000000000000000e+00,0.000000000000000000e+00,1.000000000000000056e-01
9.992087409516312579e-01,-3.889324933103298354e-02,-8.319084224242583731e-03,3.520046677783823075e+00,3.885963432380656890e-02,9.992359991575125999e-01,-4.164949928561099794e-03,9.015075931992766467e-02,8.474716872909335286e-03,3.838377803381107754e-03,9.999567220783920352e-01,4.320193808846264222e-02,0.000000000000000000e+00,0.000000000000000000e+00,0.000000000000000000e+00,1.000000000000000056e-01
9.989727802776011689e-01,-4.376596000133965714e-02,-1.174414788738107826e-02,4.243952337044416545e+00,4.372112547979065122e-02,9.990355746203588572e-01,-4.047694374552754382e-03,1.323013333532887525e-01,1.190997276319055373e-02,3.530069139623564708e-03,9.999228426036929074e-01,6.494025092858198012e-02,0.000000000000000000e+00,0.000000000000000000e+00,0.000000000000000000e+00,1.000000000000000056e-01
9.984456359345099674e-01,-5.389055818199779690e-02,-1.421688510767194456e-02,5.020382438435869510e+00,5.384822400488767369e-02,9.985435319143038946e-01,-3.344195512678811624e-03,1.638004803660742803e-01,1.437639923108260422e-02,2.573443401416259952e-03,9.998933425792013718e-01,8.106204714774226106e-02,0.000000000000000000e+00,0.000000000000000000e+00,0.000000000000000000e+00,1.000000000000000056e-01
9.979961353760999909e-01,-6.144562576182661939e-02,-1.510459695280403671e-02,5.791493012467184620e+00,6.139512730641875915e-02,9.981063632827213983e-01,-3.784959387986964671e-03,2.367167805254402901e-01,1.530856353149247402e-02,2.850026188936930632e-03,9.998787552665195921e-01,9.190960741082389307e-02,0.000000000000000000e+00,0.000000000000000000e+00,0.000000000000000000e+00,1.000000000000000056e-01
9.977139881178079817e-01,-6.633500876349306130e-02,-1.290211325349131972e-02,6.583732611562301607e+00,6.629602990002712859e-02,9.977941158739829230e-01,-3.426185451985181481e-03,3.029095558604676941e-01,1.310092872865615925e-02,2.562994265304353435e-03,9.999108943935167693e-01,1.202019759409265059e-01,0.000000000000000000e+00,0.000000000000000000e+00,0.000000000000000000e+00,1.000000000000000056e-01
9.973699103722513115e-01,-7.116578192835203154e-02,-1.373657040799077488e-02,7.379209763028722335e+00,7.110262879603888864e-02,9.974563075789797395e-01,-5.032956308215183298e-03,3.607747812778469565e-01,1.405980306903852235e-02,4.043012915382014454e-03,9.998929822657152133e-01,1.382152467242125649e-01,0.000000000000000000e+00,0.000000000000000000e+00,0.000000000000000000e+00,1.000000000000000056e-01
9.970882243913439247e-01,-7.492925645519175892e-02,-1.416613240052089738e-02,8.192433646156692006e+00,7.487360098747185277e-02,9.971832371779553172e-01,-4.419883082466586829e-03,4.341881018520878932e-01,1.445740831843104861e-02,3.346344029821650152e-03,9.998898866006937780e-01,1.613678992845151150e-01,0.000000000000000000e+00,0.000000000000000000e+00,0.000000000000000000e+00,1.000000000000000056e-01
9.964527785793375614e-01,-8.261945299142009480e-02,-1.599643863227977886e-02,9.034739969737740850e+00,8.255257615985622799e-02,9.965751609641371189e-01,-4.797991108311573834e-03,4.982729135531734910e-01,1.633806080564356028e-02,3.460424352998280485e-03,9.998605368912247826e-01,1.856796939557279202e-01,0.000000000000000000e+00,0.000000000000000000e+00,0.000000000000000000e+00,1.000000000000000056e-01
9.963854702130583441e-01,-8.299472720771984557e-02,-1.810718100695943647e-02,9.784022488434809262e+00,8.287805978128133522e-02,9.965343861164335237e-01,-7.102428770031807455e-03,5.760525409306743727e-01,1.863389264735051606e-02,5.576068799717629788e-03,9.998108248571565548e-01,2.177797758927754457e-01,0.000000000000000000e+00,0.000000000000000000e+00,0.000000000000000000e+00,1.000000000000000056e-01
9.962841386371357189e-01,-8.450167107805142686e-02,-1.665480966800030396e-02,1.054111148484279958e+01,8.444745875598397289e-02,9.964201709396763862e-01,-3.933148128714119250e-03,6.535796205935409109e-01,1.692754588583049100e-02,2.512076743020990460e-03,9.998535631084785047e-01,2.366707954215422904e-01,0.000000000000000000e+00,0.000000000000000000e+00,0.000000000000000000e+00,1.000000000000000056e-01
9.958043531539957360e-01,-8.980343702342406809e-02,-1.757933270440320550e-02,1.132953382463280079e+01,8.965254678155033796e-02,9.959306778590063525e-01,-9.192701174417606397e-03,7.650156776989731622e-01,1.833333289759725426e-02,7.578099899058954488e-03,9.998032112904947644e-01,2.514001173138361023e-01,0.000000000000000000e+00,0.000000000000000000e+00,0.000000000000000000e+00,1.000000000000000056e-01
9.954053217837530720e-01,-9.387344333766099724e-02,-1.886854526755970748e-02,1.216607047160168520e+01,9.372527642293641825e-02,9.955610298997888963e-01,-8.591175956512363612e-03,8.603546597393211259e-01,1.959127162864006746e-02,6.783242646592310167e-03,9.997850617483591273e-01,2.806471600186847271e-01,0.000000000000000000e+00,0.000000000000000000e+00,0.000000000000000000e+00,1.000000000000000056e-01
9.949752476340788521e-01,-9.735698926835387179e-02,-2.336393023669296881e-02,1.304041618808432546e+01,9.725071705447085879e-02,9.952439047001895300e-01,-5.645191716072611721e-03,9.627936788696738191e-01,2.380240802722861926e-02,3.344667056912173711e-03,9.997110875519905626e-01,3.201886057945906860e-01,0.000000000000000000e+00,0.000000000000000000e+00,0.000000000000000000e+00,1.000000000000000056e-01
9.950028962227646101e-01,-9.625514723080008661e-02,-2.653644927052657004e-02,1.393996807874801114e+01,9.627884902506506082e-02,9.953543259663416576e-01,-3.860187798878394376e-04,1.067367043108160996e+00,2.645032587169694749e-02,-2.170808988993546979e-03,9.996477718924873246e-01,3.515511104268209674e-01,0.000000000000000000e+00,0.000000000000000000e+00,0.000000000000000000e+00,1.000000000000000056e-01
9.928559471851916562e-01,-1.160092068416466171e-01,-2.790935447064075980e-02,1.482884657190795963e+01,1.159205118849083727e-01,9.932469884277029815e-01,-4.780680248600770003e-03,1.273102766319732737e+00,2.827548520072888094e-02,1.511260159800023204e-03,9.995990261246719966e-01,3.701303046258977436e-01,0.000000000000000000e+00,0.000000000000000000e+00,0.000000000000000000e+00,1.000000000000000056e-01
9.923273041527085336e-01,-1.209041215337112452e-01,-2.585952105471908680e-02,1.576542186304205728e+01,1.208006605287515745e-01,9.926613704614292155e-01,-5.532089067842302539e-03,1.409434091232653952e+00,2.633859997864735486e-02,2.365795806657398394e-03,9.996502794284438664e-01,4.070395892246128078e-01,0.000000000000000000e+00,0.000000000000000000e+00,0.000000000000000000e+00,1.000000000000000056e-01
9.918987216831931519e-01,-1.244260467144114035e-01,-2.559462487067347761e-02,1.666989821525676518e+01,1.243083497812834670e-01,9.922246051057945770e-01,-6.145502201125087674e-03,1.530081566712131025e+00,2.616027709909564750e-02,2.914090196452808271e-03,9.996535139639260992e-01,4.389502793179383411e-01,0.000000000000000000e+00,0.000000000000000000e+00,0.000000000000000000e+00,1.000000000000000056e-01
9.913502107331976232e-01,-1.286006077301919404e-01,-2.620388083223399583e-02,1.752026387074924330e+01,1.284611166616420053e-01,9.916902216296479278e-01,-6.945921838297636035e-03,1.672700285096847761e+00,2.687938215972650313e-02,3.519661285555304546e-03,9.996324878669892167e-01,4.813946027013435436e-01,0.000000000000000000e+00,0.000000000000000000e+00,0.000000000000000000e+00,1.000000000000000056e-01
9.911750508625664091e-01,-1.295863243016841249e-01,-2.791779184619932672e-02,1.840898505829745346e+01,1.294076131964347065e-01,9.915582084985348210e-01,-8.123349430999673645e-03,1.782595716572530131e+00,2.873479066203383017e-02,4.438886476913960974e-03,9.995772146725104834e-01,4.981762808297848788e-01,0.000000000000000000e+00,0.000000000000000000e+00,0.000000000000000000e+00,1.000000000000000056e-01
9.908343425951403605e-01,-1.323019970161287973e-01,-2.726696021928882649e-02,1.931565172054752821e+01,1.320820591974435076e-01,9.911910964459411666e-01,-9.723166380146374549e-03,1.902238292817136855e+00,2.831316252591820418e-02,6.032570914397059059e-03,9.995808986349947745e-01,5.423697640762796812e-01,0.000000000000000000e+00,0.000000000000000000e+00,0.000000000000000000e+00,1.000000000000000056e-01
9.889293079382994733e-01,-1.461296304488680642e-01,-2.578672149679690079e-02,2.022270053599248385e+01,1.459133282850726410e-01,9.892459263551974802e-01,-1.008949049357421406e-02,2.064610240401230090e+00,2.698378271200570222e-02,6.215166492102531734e-03,9.996165500710894047e-01,5.690366957998467257e-01,0.000000000000000000e+00,0.000000000000000000e+00,0.000000000000000000e+00,1.000000000000000056e-01
9.889544499276808898e-01,-1.461913653722658468e-01,-2.443728010296523576e-02,2.112536591735851488e+01,1.459747711623984312e-01,9.892332931767267024e-01,-1.043349676827920111e-02,2.199540576745074638e+00,2.569945821070026074e-02,6.751026686434010576e-03,9.996469184098730754e-01,5.978880705528184514e-01,0.000000000000000000e+00,0.000000000000000000e+00,0.000000000000000000e+00,1.000000000000000056e-01
9.888680621763634715e-01,-1.473261713459969868e-01,-2.085557105652085727e-02,2.206435402438375704e+01,1.471469335235871256e-01,9.890651880756142766e-01,-9.891091524939502749e-03,2.362252130283291507e+00,2.208473595424431321e-02,6.712151181225656411e-03,9.997335702397672774e-01,6.278660453404809605e-01,0.000000000000000000e+00,0.000000000000000000e+00,0.000000000000000000e+00,1.000000000000000056e-01
9.887310130821812537e-01,-1.483170623588762060e-01,-2.032320798291106095e-02,2.301365890116514379e+01,1.481486866631204768e-01,9.889188670759134769e-01,-9.562477779548357940e-03,2.516371360956266567e+00,2.151628242694320764e-02,6.443861771098976718e-03,9.997477312982505637e-01,6.628034599219808642e-01,0.000000000000000000e+00,0.000000000000000000e+00,0.000000000000000000e+00,1.000000000000000056e-01
9.889320244355708223e-01,-1.470157188080792043e-01,-1.999573627319735369e-02,2.394083513019954523e+01,1.468128068290246724e-01,9.891000776229492697e-01,-1.127103354884565270e-02,2.652988093474090814e+00,2.143480339884104580e-02,8.210655858060123685e-03,9.997365324592442093e-01,6.952611128165632204e-01,0.000000000000000000e+00,0.000000000000000000e+00,0.000000000000000000e+00,1.000000000000000056e-01
9.889120629073031576e-01,-1.467572865374976721e-01,-2.269869345519349990e-02,2.487947998296570518e+01,1.465118621582705283e-01,9.891345305239881425e-01,-1.213073666376245086e-02,2.804051986402285479e+00,2.423233549078546156e-02,8.670603972066433240e-03,9.996687524092275901e-01,7.274038187728162352e-01,0.000000000000000000e+00,0.000000000000000000e+00,0.000000000000000000e+00,1.000000000000000056e-01
9.893032383415805153e-01,-1.435270600161644428e-01,-2.605927186201278598e-02,2.581964200321975511e+01,1.432318660722046166e-01,9.896054595614369731e-01,-1.287116730025399114e-02,2.948201410378902043e+00,2.763575850842523232e-02,9.000969354098546649e-03,9.995775344626101067e-01,7.568035752494143287e-01,0.000000000000000000e+00,0.000000000000000000e+00,0.000000000000000000e+00,1.000000000000000056e-01
9.890337275179902354e-01,-1.441200637875152679e-01,-3.227526987884667825e-02,2.677372290891026196e+01,1.437989287111874070e-01,9.895332973610162508e-01,-1.207151669631356498e-02,3.094664696974188001e+00,3.367720198271661330e-02,7.297987922508053157e-03,9.994061163705664219e-01,8.031319463542876402e-01,0.000000000000000000e+00,0.000000000000000000e+00,0.000000000000000000e+00,1.000000000000000056e-01
9.887533401882053763e-01,-1.465907408179961124e-01,-2.963084496092102324e-02,2.771844672238926677e+01,1.461654282127736182e-01,9.891298713401390774e-01,-1.605506829684861386e-02,3.210684929869852322e+00,3.166227821941398207e-02,1.154349726343950090e-02,9.994319625711823862e-01,8.544082581237733010e-01,0.000000000000000000e+00,0.000000000000000000e+00,0.000000000000000000e+00,1.000000000000000056e-01
9.887590856394353755e-01,-1.474917055803550703e-01,-2.452890846461571947e-02,2.870635349451574569e+01,1.471601589566453594e-01,9.890016026036299035e-01,-1.482287635064523379e-02,3.357024689290074804e+00,2.644538109618606650e-02,1.104657559832453867e-02,9.995892231242932136e-01,9.096462468389439060e-01,0.000000000000000000e+00,0.000000000000000000e+00,0.000000000000000000e+00,1.000000000000000056e-01
9.890093056730765442e-01,-1.460121715097051354e-01,-2.326024641054928385e-02,2.964011577480677317e+01,1.455911357526757377e-01,9.891647241463403795e-01,-1.887775661301770852e-02,3.477480212867320564e+00,2.576459746056529790e-02,1.528379126770700557e-02,9.995511949080848613e-01,9.408786532106536704e-01,0.000000000000000000e+00,0.000000000000000000e+00,0.000000000000000000e+00,1.000000000000000056e-01
9.884989480193402400e-01,-1.491319900439714852e-01,-2.508942626252147132e-02,3.055776285287078764e+01,1.484663027742659236e-01,9.885599293653101194e-01,-2.658990398239607228e-02,3.603250690979017179e+00,2.876780674986723421e-02,2.255915775860965061e-02,9.993315254188793739e-01,9.858836170383658004e-01,0.000000000000000000e+00,0.000000000000000000e+00,0.000000000000000000e+00,1.000000000000000056e-01
9.882016204328546438e-01,-1.505576653235513040e-01,-2.810599199818152039e-02,3.150816484019881614e+01,1.497924512287207022e-01,9.883320626733692604e-01,-2.760354047390643772e-02,3.746510745835881728e+00,3.193397765345946243e-02,2.306779799037581014e-02,9.992237475996572638e-01,1.017810595875334734e+00,0.000000000000000000e+00,0.000000000000000000e+00,0.000000000000000000e+00,1.000000000000000056e-01
9.879690788933918055e-01,-1.513752884460492498e-01,-3.166419426447350527e-02,3.247228442823941919e+01,1.505300066890468136e-01,9.882207347225707705e-01,-2.757710192493047219e-02,3.893757896489546955e+00,3.546570507882866596e-02,2.247891261288826464e-02,9.991180522095493011e-01,1.048992179407533865e+00,0.000000000000000000e+00,0.000000000000000000e+00,0.000000000000000000e+00,1.000000000000000056e-01
9.880410903191507721e-01,-1.504656410312504022e-01,-3.368819837863970545e-02,3.342275055934697292e+01,1.495322767501499339e-01,9.883399534404404552e-01,-2.870948699061801057e-02,4.044994169380211169e+00,3.761518378075877356e-02,2.332867982554499148e-02,9.990199550793452676e-01,1.088416354743501291e+00,0.000000000000000000e+00,0.000000000000000000e+00,0.000000000000000000e+00,1.000000000000000056e-01
9.874504910239344513e-01,-1.546131867521791381e-01,-3.219146251611514770e-02,3.436741846957989566e+01,1.536821953851224831e-01,9.876757062749732530e-01,-2.963919796218714153e-02,4.186185976102378525e+00,3.637733632634080477e-02,2.431998594918283879e-02,9.990421551091984709e-01,1.142878523800356261e+00,0.000000000000000000e+00,0.000000000000000000e+00,0.000000000000000000e+00,1.000000000000000056e-01
9.870253725450137683e-01,-1.570048992385828790e-01,-3.362105839290531473e-02,3.534054931839828129e+01,1.560094606448361454e-01,9.872863436857526320e-01,-3.044213791646798936e-02,4.364591112106042559e+00,3.797317660775877124e-02,2.480195933188280785e-02,9.989709208338426460e-01,1.183698775884453269e+00,0.000000000000000000e+00,0.000000000000000000e+00,0.000000000000000000e+00,1.000000000000000056e-01
9.867273459682449621e-01,-1.589823593468563945e-01,-3.307195390312477751e-02,3.630656345669363816e+01,1.579508518349363455e-01,9.869355456646915492e-01,-3.177667553655613014e-02,4.512890119336748995e+00,3.769181772057920293e-02,2.613117142503578252e-02,9.989476907010066409e-01,1.242105338336731091e+00,0.000000000000000000e+00,0.000000000000000000e+00,0.000000000000000000e+00,1.000000000000000056e-01
9.865603208021863635e-01,-1.600774659389953836e-01,-3.277099811169631449e-02,3.729555013672878516e+01,1.590518891505824650e-01,9.867568371232569024e-01,-3.183458729333576293e-02,4.675965993889244388e+00,3.743300650920061701e-02,2.619445149370306508e-02,9.989557651541064454e-01,1.289424843074216787e+00,0.000000000000000000e+00,0.000000000000000000e+00,0.000000000000000000e+00,1.000000000000000056e-01
9.866868208526787809e-01,-1.598670044811124624e-01,-2.986065025865516226e-02,3.826042990846509184e+01,1.589574290012224500e-01,9.868079030906862226e-01,-3.070339009106433023e-02,4.832881577257710504e+00,3.437518466794137889e-02,2.554805816493138995e-02,9.990824007072921509e-01,1.347513247251729496e+00,0.000000000000000000e+00,0.000000000000000000e+00,0.000000000000000000e+00,1.000000000000000056e-01
9.864973291709459025e-01,-1.610291573608651217e-01,-2.987691446987548322e-02,3.924823729348931067e+01,1.602466715434044120e-01,9.867083668745728620e-01,-2.697411720471252355e-02,5.012621271243340004e+00,3.382342084785020658e-02,2.182221847940844089e-02,9.991895550809096749e-01,1.385958081932602948e+00,0.000000000000000000e+00,0.000000000000000000e+00,0.000000000000000000e+00,1.000000000000000056e-01
9.857237388173442083e-01,-1.647347653364878983e-01,-3.480183646718262858e-02,4.023648828165146085e+01,1.636689728031988644e-01,9.860108028239987776e-01,-3.154622094513190311e-02,5.195291600197910142e+00,3.951174601940556086e-02,2.539987802934474265e-02,9.988962249015622685e-01,1.450544292975590510e+00,0.000000000000000000e+00,0.000000000000000000e+00,0.000000000000000000e+00,1.000000000000000056e-01
9.856559573162188004e-01,-1.649772959603797995e-01,-3.556438702760806453e-02,4.124458006357458828e+01,1.640266289412234402e-01,9.860530501378023116e-01,-2.818948939081690128e-02,5.360980173887641698e+00,3.971899803905500764e-02,2.195163163726149627e-02,9.989697328063725790e-01,1.520451553120116372e+00,0.000000000000000000e+00,0.000000000000000000e+00,0.000000000000000000e+00,1.000000000000000056e-01
9.850839557482112818e-01,-1.676042795825671283e-01,-3.896672417672217975e-02,4.225111307937093841e+01,1.665174191119892511e-01,9.855922572784309166e-01,-2.966229129870879069e-02,5.531541657754846852e+00,4.337682860396995660e-02,2.273120890793127111e-02,9.988001516228588450e-01,1.578868021381923947e+00,0.000000000000000000e+00,0.000000000000000000e+00,0.000000000000000000e+00,1.000000000000000056e-01
9.859011014492157221e-01,-1.621907086454032199e-01,-4.114841661990483596e-02,4.324702156934860398e+01,1.610277221026386874e-01,9.864883543968814283e-01,-3.017945250941852370e-02,5.645839789270618247e+00,4.548726058644008557e-02,2.312791967373638291e-02,9.986971555260916178e-01,1.641287057506457314e+00,0.000000000000000000e+00,0.000000000000000000e+00,0.000000000000000000e+00,1.000000000000000056e-01
9.856568451525311580e-01,-1.643282878680649706e-01,-3.842912190396220729e-02,4.423012332523463641e+01,1.631260130969178768e-01,9.860668330936566139e-01,-3.258994513267600424e-02,5.820049527136300860e+00,4.324913241977691725e-02,2.585371306015872908e-02,9.987297422556011828e-01,1.714855151847694437e+00,0.000000000000000000e+00,0.000000000000000000e+00,0.000000000000000000e+00,1.000000000000000056e-01
9.857418771564027127e-01,-1.640225696153246038e-01,-3.754395126991169618e-02,4.519980576365334457e+01,1.628670198719326112e-01,9.861280869171402674e-01,-3.202702032934875293e-02,5.969678364787806224e+00,4.227629901265038403e-02,2.545570368163092845e-02,9.987816186193385626e-01,1.768998691039409321e+00,0.000000000000000000e+00,0.000000000000000000e+00,0.000000000000000000e+00,1.000000000000000056e-01
9.849692342986723359e-01,-1.677026462233343895e-01,-4.136943237196170908e-02,4.610748280971153434e+01,1.665219792402245214e-01,9.855651086211117962e-01,-3.052617071586925107e-02,6.135591990334436474e+00,4.589158871738270584e-02,2.317841923745660865e-02,9.986774869629571061e-01,1.835073846941347897e+00,0.000000000000000000e+00,0.000000000000000000e+00,0.000000000000000000e+00,1.000000000000000056e-01
9.850034512465569714e-01,-1.660295720014798859e-01,-4.692954563360889064e-02,4.705879535082740972e+01,1.646834121628616976e-01,9.858511951856905320e-01,-3.125371512864616452e-02,6.285287322271649657e+00,5.145458959868003113e-02,2.305649955979776483e-02,9.984091461105915055e-01,1.875525018525636023e+00,0.000000000000000000e+00,0.000000000000000000e+00,0.000000000000000000e+00,1.000000000000000056e-01
9.850448179980221264e-01,-1.658347070933822442e-01,-4.674993538493402156e-02,4.800083872596388090e+01,1.643198981185741425e-01,9.858001824149508208e-01,-3.459727493533557019e-02,6.448530988752373183e+00,5.182352378548571448e-02,2.639792177240287904e-02,9.983073034434604143e-01,1.941720482172166751e+00,0.000000000000000000e+00,0.000000000000000000e+00,0.000000000000000000e+00,1.000000000000000056e-01
9.856160276734111658e-01,-1.629588856718673373e-01,-4.478222386024133250e-02,4.896222096041790905e+01,1.614892230344477930e-01,9.862640878377978426e-01,-3.470417676890010655e-02,6.637379615348269368e+00,4.982245314128845581e-02,2.697314631369412269e-02,9.983937963253398662e-01,2.009354073600269963e+00,0.000000000000000000e+00,0.000000000000000000e+00,0.000000000000000000e+00,1.000000000000000056e-01
9.865293057861694859e-01,-1.576464127053287256e-01,-4.367536360695409292e-02,4.995081640642920462e+01,1.562011848292308158e-01,9.871136562323580277e-01,-3.475369818495096380e-02,6.808658458379563072e+00,4.859134370443933537e-02,2.746339820064803636e-02,9.984411064636059541e-01,2.088054496504110791e+00,0.000000000000000000e+00,0.000000000000000000e+00,0.000000000000000000e+00,1.000000000000000056e-01
9.865621882965118772e-01,-1.575940146415715504e-01,-4.311815363335912143e-02,5.087528904883989611e+01,1.559055955937399818e-01,9.869584723940558746e-01,-4.008015758642709259e-02,6.973710281072785122e+00,4.887221998394421230e-02,3.281920655262331177e-02,9.982656989975651207e-01,2.148194741765282689e+00,0.000000000000000000e+00,0.000000000000000000e+00,0.000000000000000000e+00,1.000000000000000056e-01
9.871287293235149196e-01,-1.538890071724061115e-01,-4.353211705894793199e-02,5.180317663037261866e+01,1.521853599560885062e-01,9.875388987069735336e-01,-4.008166358390932021e-02,7.125356698694870872e+00,4.915778635352268527e-02,3.294081073849044333e-02,9.982476721879758319e-01,2.206215794946575492e+00,0.000000000000000000e+00,0.000000000000000000e+00,0.000000000000000000e+00,1.000000000000000056e-01
9.874303719429140536e-01,-1.524089289449350737e-01,-4.186620286742346458e-02,5.277621944854438851e+01,1.506813597997663789e-01,9.877011852382525658e-01,-4.173124114910032462e-02,7.279109122299590950e+00,4.771151196065646222e-02,3.489823859177932502e-02,9.982513333673135314e-01,2.281362803482780865e+00,0.000000000000000000e+00,0.000000000000000000e+00,0.000000000000000000e+00,1.000000000000000056e-01
9.863066120556233107e-01,-1.597261048431856401e-01,-4.107113885664595565e-02,5.373345470107801702e+01,1.579224697853313930e-01,9.864725574932835528e-01,-4.395892229754427144e-02,7.437945932435148677e+00,4.753693881876831784e-02,3.687092003576946525e-02,9.981887470330731427e-01,2.337461918615564738e+00,0.000000000000000000e+00,0.000000000000000000e+00,0.000000000000000000e+00,1.000000000000000056e-01
9.865924044661799064e-01,-1.590533566525570708e-01,-3.657126176653135302e-02,5.464323234682773744e+01,1.573861522133231661e-01,9.865255979999244529e-01,-4.468605579345966833e-02,7.582666778882486192e+00,4.318595305335231477e-02,3.833111306035865556e-02,9.983314575983407435e-01,2.397521037661420440e+00,0.000000000000000000e+00,0.000000000000000000e+00,0.000000000000000000e+00,1.000000000000000056e-01
9.866830131009947102e-01,-1.594979179795589785e-01,-3.189115579793444510e-02,5.555297389423439114e+01,1.580170948534758146e-01,9.864307272283814321e-01,-4.455354210109636198e-02,7.751798383670836401e+00,3.856461320964958694e-02,3.892087537392260183e-02,9.984978397914127113e-01,2.464093739262164018e+00,0.000000000000000000e+00,0.000000000000000000e+00,0.000000000000000000e+00,1.000000000000000056e-01
9.868226489466634943e-01,-1.592729977152215204e-01,-2.851616602380621993e-02,5.645496386793339383e+01,1.581906879921696207e-01,9.867196460356008059e-01,-3.687880637903858533e-02,7.911184375074722830e+00,3.401125928945120808e-02,3.188184947874913439e-02,9.989127999557119164e-01,2.529105543451285243e+00,0.000000000000000000e+00,0.000000000000000000e+00,0.000000000000000000e+00,1.000000000000000056e-01
9.863299250787213035e-01,-1.618694549318554221e-01,-3.084734112153015781e-02,5.730527800902554247e+01,1.607538123119036932e-01,9.863465327982279263e-01,-3.575932135965964598e-02,8.064589117420350561e+00,3.621450981848663847e-02,3.031166107256728914e-02,9.988842337736784094e-01,2.595603405618625015e+00,0.000000000000000000e+00,0.000000000000000000e+00,0.000000000000000000e+00,1.000000000000000056e-01
9.861240262564713310e-01,-1.619914295320798447e-01,-3.630677068921891321e-02,5.820479014273058738e+01,1.607403408484171514e-01,9.863727515371016885e-01,-3.509042389401465650e-02,8.241300881756270513e+00,4.149635723362953693e-02,2.876754739772164823e-02,9.987244267329495884e-01,2.642674950242297260e+00,0.000000000000000000e+00,0.000000000000000000e+00,0.000000000000000000e+00,1.000000000000000056e-01
9.858165291284749499e-01,-1.623341760790956712e-01,-4.258387222655975191e-02,5.916754849358650148e+01,1.609388141529533578e-01,9.863649441816619845e-01,-3.439324044849626644e-02,8.398745734918469097e+00,4.758643710268649352e-02,2.705202702623425021e-02,9.985007355218342706e-01,2.697379727724632748e+00,0.000000000000000000e+00,0.000000000000000000e+00,0.000000000000000000e+00,1.000000000000000056e-01
9.864641044519352198e-01,-1.584897920344408850e-01,-4.206609619065170697e-02,6.006973742885183754e+01,1.572506039952887014e-01,9.870621866385926868e-01,-3.131273305473362273e-02,8.583324526440300417e+00,4.648460143916873649e-02,2.427396813707641959e-02,9.986240315053117600e-01,2.754338447092327780e+00,0.000000000000000000e+00,0.000000000000000000e+00,0.000000000000000000e+00,1.000000000000000056e-01
9.862934729751932084e-01,-1.603587596351381261e-01,-3.886197852415332332e-02,6.099901021604841134e+01,1.592585565651409296e-01,9.867827624340061998e-01,-2.994147497868928504e-02,8.758779974080741937e+00,4.314970831094418202e-02,2.334197873770914311e-02,9.987959024251594764e-01,2.813881467609813392e+00,0.000000000000000000e+00,0.000000000000000000e+00,0.000000000000000000e+00,1.000000000000000056e-01
9.859085383875627606e-01,-1.628905198596564408e-01,-3.809242016924793001e-02,6.187993412786732961e+01,1.617417055653115054e-01,9.863292151841336342e-01,-3.153252218068147705e-02,8.926318359301582461e+00,4.270801582049593009e-02,2.492704984754444408e-02,9.987765854136620991e-01,2.875823435001779949e+00,0.000000000000000000e+00,0.000000000000000000e+00,0.000000000000000000e+00,1.000000000000000056e-01
9.855522767009515794e-01,-1.652930037970080090e-01,-3.694499675643939801e-02,6.269956918059117612e+01,1.642241385971977552e-01,9.859568577307969983e-01,-3.032337375064407189e-02,9.070766453705633836e+00,4.143841444335678165e-02,2.381800976939861189e-02,9.988571270302101235e-01,2.925815883913897686e+00,0.000000000000000000e+00,0.000000000000000000e+00,0.000000000000000000e+00,1.000000000000000056e-01
9.850582143547110814e-01,-1.682365811654774057e-01,-3.683431945970768590e-02,6.351900167188482271e+01,1.671675831783913102e-01,9.854591161691719226e-01,-3.041922900683358480e-02,9.201167611253353584e+00,4.141634298925587349e-02,2.380720724541840125e-02,9.988582999688043751e-01,2.970021399531259654e+00,0.000000000000000000e+00,0.000000000000000000e+00,0.000000000000000000e+00,1.000000000000000056e-01
9.847649042641902772e-01,-1.699792490808111622e-01,-3.667612590587590593e-02,6.431912443301250448e+01,1.689820906003919598e-01,9.851987128283401507e-01,-2.878453226479097543e-02,9.336562193349857708e+00,4.102604521351063682e-02,2.214838872932827635e-02,9.989125649879641022e-01,3.016937449150439043e+00,0.000000000000000000e+00,0.000000000000000000e+00,0.000000000000000000e+00,1.000000000000000056e-01
9.844309051094640717e-01,-1.714709978175323890e-01,-3.864569798594946759e-02,6.511013008742810371e+01,1.703446347060508792e-01,9.849034276291824819e-01,-3.078869388508952143e-02,9.476571820406810787e+00,4.334164847145868804e-02,2.372625448205997051e-02,9.987785371923192379e-01,3.072484892941345080e+00,0.000000000000000000e+00,0.000000000000000000e+00,0.000000000000000000e+00,1.000000000000000056e-01
9.839223999228113859e-01,-1.745696115857241493e-01,-3.771155845287633979e-02,6.586013120037831925e+01,1.734979978541216217e-01,9.843754639045836363e-01,-3.005646025810480501e-02,9.605465293421133310e+00,4.236927743951407477e-02,2.303034462280635977e-02,9.988365469664234331e-01,3.123799555584021004e+00,0.000000000000000000e+00,0.000000000000000000e+00,0.000000000000000000e+00,1.000000000000000056e-01
9.834640382073861486e-01,-1.777429966870662237e-01,-3.472625349101752384e-02,6.664258592679205151e+01,1.767371953915432004e-01,9.837952651874092291e-01,-3.018012524769650429e-02,9.748225876933934941e+00,3.952782966407734216e-02,2.354364720124607624e-02,9.989410630054762485e-01,3.178506608477540851e+00,0.000000000000000000e+00,0.000000000000000000e+00,0.000000000000000000e+00,1.000000000000000056e-01
9.803175432638491227e-01,-1.945140099242352871e-01,-3.379074299753913324e-02,6.744483533188005708e+01,1.936906874054956651e-01,9.807136495751929139e-01,-2.616591579311438112e-02,9.927377851713503176e+00,3.822868009123255029e-02,1.910595404841885017e-02,9.990863478891011118e-01,3.227661049019875161e+00,0.000000000000000000e+00,0.000000000000000000e+00,0.000000000000000000e+00,1.000000000000000056e-01
9.798074792107247521e-01,-1.973995613629715984e-01,-3.179177340809513641e-02,6.817572193492935639e+01,1.966498138504946258e-01,9.801491609895603974e-01,-2.522841501217602117e-02,1.006203577168524532e+01,3.614075808960122427e-02,1.846714339488318007e-02,9.991760656758856829e-01,3.281038674432335434e+00,0.000000000000000000e+00,0.000000000000000000e+00,0.000000000000000000e+00,1.000000000000000056e-01
9.799230148293099907e-01,-1.962245754943066911e-01,-3.531006910096633200e-02,6.884506077125531931e+01,1.955318838945539761e-01,9.804474466634455210e-01,-2.213790215392669528e-02,1.020818579085796785e+01,3.896366754404102795e-02,1.478919548891329851e-02,9.991311787289535173e-01,3.322751405846707140e+00,0.000000000000000000e+00,0.000000000000000000e+00,0.000000000000000000e+00,1.000000000000000056e-01
9.794199495724338345e-01,-1.979925926917023293e-01,-3.918540058170630336e-02,6.950477147688863511e+01,1.971701286423028776e-01,9.800783193533704196e-01,-2.388364094209008068e-02,1.036342208573791623e+01,4.313354553834940208e-02,1.566592393351278270e-02,9.989464830893597380e-01,3.361728479312587226e+00,0.000000000000000000e+00,0.000000000000000000e+00,0.000000000000000000e+00,1.000000000000000056e-01
9.787533266263672704e-01,-2.000730068218045388e-01,-4.486332086573284472e-02,7.022060871705201635e+01,1.990152271213318225e-01,9.796253320723866675e-01,-2.696568441391617582e-02,1.051905667307622139e+01,4.934435116266365495e-02,1.746426933336623494e-02,9.986291275067973316e-01,3.407308673084926021e+00,0.000000000000000000e+00,0.000000000000000000e+00,0.000000000000000000e+00,1.000000000000000056e-01
9.777629127706829459e-01,-2.043407416409417920e-01,-4.716511121390258576e-02,7.093209401074460629e+01,2.032486903724153304e-01,9.787563750979615396e-01,-2.694305229546944264e-02,1.067399734852691573e+01,5.166871657093841108e-02,1.675767020585601508e-02,9.985236723369075307e-01,3.451224004054257222e+00,0.000000000000000000e+00,0.000000000000000000e+00,0.000000000000000000e+00,1.000000000000000056e-01
9.778069542245320100e-01,-2.047528051857653297e-01,-4.438298140846391043e-02,7.159672255785211803e+01,2.037581810563404705e-01,9.786777970080854372e-01,-2.593016189714651351e-02,1.080916608874031226e+01,4.874591185684807454e-02,1.631129706555186146e-02,9.986780150104855869e-01,3.510080979183825889e+00,0.000000000000000000e+00,0.000000000000000000e+00,0.000000000000000000e+00,1.000000000000000056e-01
9.767653921509223958e-01,-2.102551215343248514e-01,-4.149882606581779820e-02,7.215890729716204532e+01,2.092405702064775164e-01,9.774777475324960552e-01,-2.748884971158378418e-02,1.094305799002787438e+01,4.634385046500626160e-02,1.816691903940175976e-02,9.987603369060532588e-01,3.546501199994235964e+00,0.000000000000000000e+00,0.000000000000000000e+00,0.000000000000000000e+00,1.000000000000000056e-01
9.773684513599379953e-01,-2.066961481051278748e-01,-4.502902002908202445e-02,7.268431339766516430e+01,2.054719151914111142e-01,9.781921873178409665e-01,-3.035352924968613003e-02,1.104024275214187867e+01,5.032099317233306585e-02,2.041438289150642599e-02,9.985244366650768422e-01,3.586171586757775032e+00,0.000000000000000000e+00,0.000000000000000000e+00,0.000000000000000000e+00,1.000000000000000056e-01
9.769370109139732250e-01,-2.085812228284243397e-01,-4.569409359939859139e-02,7.330137311254596000e+01,2.069250637034588114e-01,9.776013063514706891e-01,-3.844091350654112171e-02,1.116272932111646199e+01,5.268865834115447899e-02,2.809909790895549764e-02,9.982155809137183144e-01,3.638181132770783144e+00,0.000000000000000000e+00,0.000000000000000000e+00,0.000000000000000000e+00,1.000000000000000056e-01
9.769908496991431823e-01,-2.068813786969229129e-01,-5.185532520972711834e-02,7.388176866084106109e+01,2.047562070730400419e-01,9.778477674370185113e-01,-4.345847884476457951e-02,1.127831139959913642e+01,5.969736400552816402e-02,3.184083646669606110e-02,9.977085676007261261e-01,3.683098759741880279e+00,0.000000000000000000e+00,0.000000000000000000e+00,0.000000000000000000e+00,1.000000000000000056e-01
9.780191559347969354e-01,-2.019571900486548388e-01,-5.188279109915709675e-02,7.445212641355384164e+01,2.000268918521848349e-01,9.789699565284171179e-01,-4.008823706155578009e-02,1.137921195906791638e+01,5.888780145787092524e-02,2.882911032967623924e-02,9.978482395820807982e-01,3.735016930357665910e+00,0.000000000000000000e+00,0.000000000000000000e+00,0.000000000000000000e+00,1.000000000000000056e-01
9.784566971668160473e-01,-2.005167541841688106e-01,-4.914797107563310258e-02,7.501741977470705081e+01,1.986421271905572938e-01,9.792350791273016775e-01,-4.049648270847415465e-02,1.151456750637086834e+01,5.624764061377247187e-02,2.986119719624295843e-02,9.979701958612746671e-01,3.764684607986027665e+00,0.000000000000000000e+00,0.000000000000000000e+00,0.000000000000000000e+00,1.000000000000000056e-01
9.792692864791213703e-01,-1.968774794487574142e-01,-4.765419860386599371e-02,7.559510027813753652e+01,1.948944431695485424e-01,9.798708287907500480e-01,-4.323557454874788625e-02,1.160754657293020031e+01,5.520707002100549987e-02,3.305173173727566499e-02,9.979277340814127761e-01,3.806616625034906054e+00,0.000000000000000000e+00,0.000000000000000000e+00,0.000000000000000000e+00,1.000000000000000056e-01
9.800948018129440609e-01,-1.937706479801922232e-01,-4.321013122616331609e-02,7.618248564509467258e+01,1.917036781265187284e-01,9.802901437894878667e-01,-4.775912249978338242e-02,1.170699801004914775e+01,5.161278186660667872e-02,3.852492661280026987e-02,9.979238201273022968e-01,3.856187729226100647e+00,0.000000000000000000e+00,0.000000000000000000e+00,0.000000000000000000e+00,1.000000000000000056e-01
9.817381665713867944e-01,-1.859868777085076363e-01,-3.998816846634400957e-02,7.674944842333330541e+01,1.839954303608780095e-01,9.817156164396160234e-01,-4.878657648267566149e-02,1.178735710855886154e+01,4.833067249032826918e-02,4.053800388308848035e-02,9.980084249833802712e-01,3.916006651480888667e+00,0.000000000000000000e+00,0.000000000000000000e+00,0.000000000000000000e+00,1.000000000000000056e-01
9.836761394296662520e-01,-1.758193605141207538e-01,-3.832499426162327277e-02,7.724425503444000185e+01,1.740334478986647893e-01,9.836729755643522921e-01,-4.582396923964564966e-02,1.190261919078726294e+01,4.575600211175092497e-02,3.840611426295157532e-02,9.982140845820451913e-01,3.960269552146116645e+00,0.000000000000000000e+00,0.000000000000000000e+00,0.000000000000000000e+00,1.000000000000000056e-01
9.862071975227979515e-01,-1.607520124591861610e-01,-3.942276048871466015e-02,7.774186796056334003e+01,1.589989719180131267e-01,9.862893258376856931e-01,-4.418928227136427467e-02,1.198122512180759003e+01,4.598576391932377577e-02,3.731160984151032922e-02,9.982450366957960064e-01,3.993877748116036130e+00,0.000000000000000000e+00,0.000000000000000000e+00,0.000000000000000000e+00,1.000000000000000056e-01
9.892770187967780959e-01,-1.408202347066887239e-01,-3.873811530924382851e-02,7.820432506731127376e+01,1.395048459152184728e-01,9.896096630237837255e-01,-3.480104619295783241e-02,1.206261055841070551e+01,4.323630473028790278e-02,2.902372042151625878e-02,9.986432023531544022e-01,4.026369464109167851e+00,0.000000000000000000e+00,0.000000000000000000e+00,0.000000000000000000e+00,1.000000000000000056e-01
9.924652678655673244e-01,-1.168955717831154512e-01,-3.671671796370429980e-02,7.867961035666439784e+01,1.155256775993013379e-01,9.925981931988034912e-01,-3.745189813204435891e-02,1.210635468464829145e+01,4.082290895747125309e-02,3.292798438971396291e-02,9.986236718345308239e-01,4.066205412742185388e+00,0.000000000000000000e+00,0.000000000000000000e+00,0.000000000000000000e+00,1.000000000000000056e-01
9.949067116290620794e-01,-9.396039762083685520e-02,-3.649765519016930776e-02,7.923041790756677472e+01,9.258252546223064150e-02,9.949883814279107952e-01,-3.777031642046099064e-02,1.221434530554206610e+01,3.986365681271188816e-02,3.419889621611444525e-02,9.986197095807380908e-01,4.110704290828092411e+00,0.000000000000000000e+00,0.000000000000000000e+00,0.000000000000000000e+00,1.000000000000000056e-01
9.972947776223825000e-01,-6.458461247451227627e-02,-3.509920737908100302e-02,7.972018467336948788e+01,6.329947047349473999e-02,9.973243305725224550e-01,-3.656988769254182481e-02,1.229038381001289970e+01,3.736714552782734872e-02,3.424919677287378839e-02,9.987145182460877013e-01,4.140741363449197188e+00,0.000000000000000000e+00,0.000000000000000000e+00,0.000000000000000000e+00,1.000000000000000056e-01
9.988139125279972275e-01,-3.248478101933540557e-02,-3.626992063184315135e-02,8.018890501694129114e+01,3.107242062042899974e-02,9.987619212043894468e-01,-3.884751509304313483e-02,1.229179887820960992e+01,3.748696863313321498e-02,3.767444431233062802e-02,9.985866829817307000e-01,4.159349048460982523e+00,0.000000000000000000e+00,0.000000000000000000e+00,0.000000000000000000e+00,1.000000000000000056e-01
