1.000000000000000000e+00,-7.890400679878514928e-13,-1.547439198944993138e-13,-5.611108450753774496e-21,7.890400679878510889e-13,1.000000000000000000e+00,-2.411349041286727393e-15,2.085254575189789397e-19,1.547439198945012323e-13,2.411349041164628291e-15,1.000000000000000000e+00,4.591862017516684199e-20,0.000000000000000000e+00,0.000000000000000000e+00,0.000000000000000000e+00,1.000000000000000056e-01
9.999990308257924454e-01,-6.289134916222549913e-04,-1.242101161670619179e-03,6.468619345618856764e-01,6.255929508325659043e-04,9.999962347654816064e-01,-2.671907243843083587e-03,-4.491036158428595229e-03,1.243776883382466175e-03,2.671127604568535995e-03,9.999956590387703015e-01,-3.714270146979540286e-04,0.000000000000000000e+00,0.000000000000000000e+00,0.000000000000000000e+00,1.000000000000000056e-01
9.999803666545387104e-01,-5.426042860033030747e-03,-3.134384203528439803e-03,1.307175445350927001e+00,5.417286254304250724e-03,9.999814189465506820e-01,-2.795491241631497138e-03,5.313258316054321126e-03,3.149494418659963112e-03,2.778456500324732927e-03,9.999911803932985954e-01,4.363643186202187732e-03,0.000000000000000000e+00,0.000000000000000000e+00,0.000000000000000000e+00,1.000000000000000056e-01
9.999363140213383128e-01,-9.948295663605562222e-03,-5.329100750493006092e-03,2.004906845372472102e+00,9.932990528252680362e-03,9.999464880498435404e-01,-2.890801956145172286e-03,1.418376340235853565e-02,5.357574132483928706e-03,2.837683945314726803e-03,9.999816218057416828e-01,8.820003863818806286e-03,0.000000000000000000e+00,0.000000000000000000e+00,0.000000000000000000e+00,1.000000000000000056e-01
9.998571544760491703e-01,-1.609531322250829996e-02,-5.158636964092908235e-03,2.702843615501156371e+00,1.608789119614900329e-02,9.998694905368356034e-01,-1.477041119850128204e-03,2.265381667141311978e-02,5.181737152618577126e-03,1.393838540938707130e-03,9.999856033034690839e-01,1.665548703289262966e-02,0.000000000000000000e+00,0.000000000000000000e+00,0.000000000000000000e+00,1.000000000000000056e-01
9.997519228866683649e-01,-2.134732426468565966e-02,-6.354874597306732660e-03,3.410883469300447057e+00,2.133779325405003521e-02,9.997711002879798858e-01,-1.563843984991184844e-03,3.075791417782444345e-02,6.386803852988470580e-03,1.427857030776941800e-03,9.999785847511151182e-01,3.035284042840856109e-02,0.000000000000000000e+00,0.000000000000000000e+00,0.000000000000000000e+00,1.000000000000000056e-01
9.996524348362695322e-01,-2.532629820006349064e-02,-7.320392434796656363e-03,4.129948385637310260e+00,2.532375164189089312e-02,9.996792053844852921e-01,-4.403687361705538881e-04,5.367103902907000013e-02,7.329197002250359590e-03,2.548358793986975476e-04,9.999731086034148175e-01,4.090950916102521068e-02,0.000000000000000000e+00,0.000000000000000000e+00,0.000000000000000000e+00,1.000000000000000056e-01
9.994982591425332075e-01,-3.007403880143336150e-02,-9.938921531803547246e-03,4.893414161030891663e+00,3.008862473069860710e-02,9.995463615627091514e-01,1.321267787028663045e-03,8.574708012333230600e-02,9.894676996277320877e-03,-1.619653333194553306e-03,9.999497347818137039e-01,5.570793232045391508e-02,0.000000000000000000e+00,0.000000000000000000e+00,0.000000000000000000e+00,1.000000000000000056e-01
9.993436678873124368e-01,-3.476074295240883655e-02,-1.019432209269305854e-02,5.655656527446718762e+00,3.478132609062108832e-02,9.993932366898394815e-01,1.848733075450713793e-03,1.260699928619749277e-01,1.012387321685189433e-02,-2.202091733544288017e-03,9.999463275511771831e-01,6.018940832725322432e-02,0.000000000000000000e+00,0.000000000000000000e+00,0.000000000000000000e+00,1.000000000000000056e-01
9.992107456357938178e-01,-3.888422742167802620e-02,-8.118045564059919381e-03,6.438747686024044015e+00,3.890100786255560467e-02,9.992412258239345979e-01,1.919427299453813985e-03,1.623042016840588186e-01,8.037250353094450503e-03,-2.233712537397023259e-03,9.999652059622184952e-01,7.110369356910943572e-02,0.000000000000000000e+00,0.000000000000000000e+00,0.000000000000000000e+00,1.000000000000000056e-01
9.991043103237789991e-01,-4.179913850981221285e-02,-6.588559196329790008e-03,7.236618696783287952e+00,4.180890900790858872e-02,9.991247102760140164e-01,1.352199482094219689e-03,2.025065830752072749e-01,6.526271524724416850e-03,-1.626448802910488052e-03,9.999773809663281554e-01,8.615952242030784636e-02,0.000000000000000000e+00,0.000000000000000000e+00,0.000000000000000000e+00,1.000000000000000056e-01
9.991217726847345659e-01,-4.144216375875361957e-02,-6.183074502718593525e-03,8.032327855683746520e+00,4.145452735184226856e-02,9.991386135614229724e-01,1.884954268105963962e-03,2.421781526070861390e-01,6.099631902736630563e-03,-2.139615280871113787e-03,9.999791080503137586e-01,1.004216374496329361e-01,0.000000000000000000e+00,0.000000000000000000e+00,0.000000000000000000e+00,1.000000000000000056e-01
9.990409066224080759e-01,-4.332046721405117401e-02,-6.372128014510259654e-03,8.867530535227581723e+00,4.332073191441718901e-02,9.990612117712900364e-01,-9.654263714828318775e-05,2.886737831416790745e-01,6.370328207885743964e-03,-1.795952056966075106e-04,9.999796931258584376e-01,1.154284516372162117e-01,0.000000000000000000e+00,0.000000000000000000e+00,0.000000000000000000e+00,1.000000000000000056e-01
9.989020181523320385e-01,-4.643499008185143079e-02,-6.208850722682682927e-03,9.642561166352571433e+00,4.643345242166626446e-02,9.989213087636529265e-01,-3.916556084482769812e-04,3.523934668351776933e-01,6.220339814114135557e-03,1.029272030747489103e-04,9.999806482020479059e-01,1.318545270222067634e-01,0.000000000000000000e+00,0.000000000000000000e+00,0.000000000000000000e+00,1.000000000000000056e-01
9.988339529056203814e-01,-4.802094511268552302e-02,-4.972258381996053078e-03,1.042539564536013508e+01,4.802183091104486601e-02,9.988462846171050069e-01,5.884349000317302535e-05,3.587911128124492421e-01,4.963696091009333830e-03,-2.975518269888716540e-04,9.999876365155853097e-01,1.385585023380819236e-01,0.000000000000000000e+00,0.000000000000000000e+00,0.000000000000000000e+00,1.000000000000000056e-01
9.987800459568626499e-01,-4.899396164730496911e-02,-6.165348368882849796e-03,1.122785265849731573e+01,4.898577905038036667e-02,9.987983923377762308e-01,-1.471364774945766590e-03,4.107309966621421893e-01,6.230028028395410457e-03,1.167555384572923662e-03,9.999799115808223338e-01,1.644399186332952123e-01,0.000000000000000000e+00,0.000000000000000000e+00,0.000000000000000000e+00,1.000000000000000056e-01
9.986547108631635972e-01,-5.136033091985805349e-02,-7.133363765694505400e-03,1.209555548726442353e+01,5.135533181379580564e-02,9.986800545585593492e-01,-8.823384882874903915e-04,4.615823203850456524e-01,7.169265311451611215e-03,5.148152247684352652e-04,9.999741679664422289e-01,1.757985861966877283e-01,0.000000000000000000e+00,0.000000000000000000e+00,0.000000000000000000e+00,1.000000000000000056e-01
9.985044495773155449e-01,-5.416628310782249656e-02,-7.407965212210448729e-03,1.299373485908149561e+01,5.416831719226512798e-02,9.985318161813623306e-01,7.406826686697377381e-05,5.326108306692945993e-01,7.393076954844428512e-03,-4.752345034034345488e-04,9.999725579061190528e-01,1.966380840202122671e-01,0.000000000000000000e+00,0.000000000000000000e+00,0.000000000000000000e+00,1.000000000000000056e-01
9.986601670683579179e-01,-5.092157539423698004e-02,-9.212158833223861240e-03,1.388363953549154850e+01,5.095432851319450090e-02,9.986953450765921891e-01,3.356207400604033393e-03,5.832727867529904353e-01,9.029236776658325705e-03,-3.821110010907098099e-03,9.999519348456282763e-01,2.089651420701066076e-01,0.000000000000000000e+00,0.000000000000000000e+00,0.000000000000000000e+00,1.000000000000000056e-01
9.978929844736160737e-01,-6.415500563602578865e-02,-9.681259741429500479e-03,1.481593299200347502e+01,6.421716577258458625e-02,9.979163618959803195e-01,6.252222039182440266e-03,7.113762578733119346e-01,9.259976159575912871e-03,-6.860751571974309931e-03,9.999335892595025976e-01,2.282674808394631050e-01,0.000000000000000000e+00,0.000000000000000000e+00,0.000000000000000000e+00,1.000000000000000056e-01
9.976605026550171562e-01,-6.766813965441317857e-02,-9.723390244623575027e-03,1.577732840676167214e+01,6.770666917535850260e-02,9.976984497953494957e-01,3.689203861966515365e-03,7.739697979341418899e-01,9.451369811671014518e-03,-4.338911345881981026e-03,9.999459212662530350e-01,2.345733462979044670e-01,0.000000000000000000e+00,0.000000000000000000e+00,0.000000000000000000e+00,1.000000000000000056e-01
9.975630700177291477e-01,-6.940481983825262657e-02,-7.133885338504288368e-03,1.670258054531730352e+01,6.942824271672139169e-02,9.975821638895675525e-01,3.089563508966702583e-03,8.582030557342652521e-01,6.902206174206493988e-03,-3.577327581814507534e-03,9.999697806820470047e-01,2.527817757230656492e-01,0.000000000000000000e+00,0.000000000000000000e+00,0.000000000000000000e+00,1.000000000000000056e-01
9.973704507328288171e-01,-7.215828771588396473e-02,-6.735393003062623181e-03,1.758207353434953646e+01,7.218712670792155894e-02,9.973825086819457786e-01,4.141269486856900654e-03,9.374905696967388291e-01,6.418936255211791890e-03,-4.616588482852307211e-03,9.999687416955249653e-01,2.724055858686586507e-01,0.000000000000000000e+00,0.000000000000000000e+00,0.000000000000000000e+00,1.000000000000000056e-01
9.972941094964223874e-01,-7.319952355647234288e-02,-6.803595728970697129e-03,1.849137876326069119e+01,7.323646401111004456e-02,9.973002617675562620e-01,5.348665021577153102e-03,1.007123291861657943e+00,6.393708070220487094e-03,-5.832463413439354337e-03,9.999625507325979878e-01,2.861654638010206475e-01,0.000000000000000000e+00,0.000000000000000000e+00,0.000000000000000000e+00,1.000000000000000056e-01
9.973357552521433522e-01,-7.257122131215773542e-02,-7.403319046123880108e-03,1.940823243333048964e+01,7.260429035046525592e-02,9.973515564119720400e-01,4.299993642128460865e-03,1.078232348596094292e+00,7.071655983022271698e-03,-4.826050132233509864e-03,9.999633497892704836e-01,3.070103493098162994e-01,0.000000000000000000e+00,0.000000000000000000e+00,0.000000000000000000e+00,1.000000000000000056e-01
9.972793723375833475e-01,-7.347592966580021590e-02,-5.928007228578153695e-03,2.033541520106044942e+01,7.347461884555675504e-02,9.972969907480655483e-01,-4.388967453521742208e-04,1.130837057176299121e+00,5.944232116585818071e-03,2.144599092339388594e-06,9.999823328939091427e-01,3.257820501426191839e-01,0.000000000000000000e+00,0.000000000000000000e+00,0.000000000000000000e+00,1.000000000000000056e-01
9.974168529998560517e-01,-7.179674901407101517e-02,-2.201858958696885013e-03,2.125117829228801369e+01,7.179610876700392996e-02,9.974192613606750468e-01,-3.685548017732869722e-04,1.211599063546121569e+00,2.222637572804679953e-03,2.095178652544941317e-04,9.999975079891370022e-01,3.310439715843634945e-01,0.000000000000000000e+00,0.000000000000000000e+00,0.000000000000000000e+00,1.000000000000000056e-01
9.973999053755101540e-01,-7.206509095643348628e-02,-2.267649980447651180e-04,2.221318399904344787e+01,7.206470553693522518e-02,9.973989764333462960e-01,-1.400009138532988485e-03,1.292968506438819221e+00,3.270669628489763733e-04,1.380027229487472461e-03,9.999989942755180827e-01,3.491249836935527706e-01,0.000000000000000000e+00,0.000000000000000000e+00,0.000000000000000000e+00,1.000000000000000056e-01
9.975460839702713356e-01,-7.000445681598338465e-02,1.089211400777138992e-03,2.318527088185343743e+01,7.000678684310515654e-02,9.975439263752408081e-01,-2.272608143144712409e-03,1.359218785041846234e+00,-9.274435187674769099e-04,2.343283543954243018e-03,9.999968244303339970e-01,3.633228045095384107e-01,0.000000000000000000e+00,0.000000000000000000e+00,0.000000000000000000e+00,1.000000000000000056e-01
9.978454012368196402e-01,-6.556962089354333167e-02,2.275971530453180409e-03,2.411532496786739088e+01,6.557811434235728820e-02,9.978398848285005007e-01,-3.882674947194894154e-03,1.422940619183569844e+00,-2.016469645479920282e-03,4.023563261819845284e-03,9.999898723431387415e-01,3.695541658100469640e-01,0.000000000000000000e+00,0.000000000000000000e+00,0.000000000000000000e+00,1.000000000000000056e-01
9.979662342831011612e-01,-6.374340406786849211e-02,-4.167357040101486807e-04,2.507209318721503521e+01,6.374048129456730272e-02,9.979536258824728279e-01,-5.070663897594931968e-03,1.491972046061319057e+00,7.391042845683595212e-04,5.033788420851849008e-03,9.999870572657381107e-01,3.809214730280107708e-01,0.000000000000000000e+00,0.000000000000000000e+00,0.000000000000000000e+00,1.000000000000000056e-01
9.980441193116228460e-01,-6.227502298999975511e-02,-5.455036121068416489e-03,2.602742762992859937e+01,6.225545109841482821e-02,9.980534370837446101e-01,-3.687212206634183330e-03,1.564579903766320834e+00,5.674038774985463128e-03,3.340394725010017302e-03,9.999783232885905981e-01,3.896488584380215503e-01,0.000000000000000000e+00,0.000000000000000000e+00,0.000000000000000000e+00,1.000000000000000056e-01
9.981071773655020296e-01,-6.086297277628926333e-02,-8.818221833393166328e-03,2.698244142397641099e+01,6.082211696322178257e-02,9.981369363565008035e-01,-4.829737981582571914e-03,1.630474193415189621e+00,9.095745136184730725e-03,4.284253224454062127e-03,9.999494550199656828e-01,4.093287182068298113e-01,0.000000000000000000e+00,0.000000000000000000e+00,0.000000000000000000e+00,1.000000000000000056e-01
9.981601511271231963e-01,-6.017645014641449103e-02,-7.423445942060028814e-03,2.795315767510309257e+01,6.011788370753343852e-02,9.981602166421801314e-01,-7.875402933401115177e-03,1.684592786916763396e+00,7.883702201762890494e-03,7.414631522336720404e-03,9.999414335244749541e-01,4.332513568811255378e-01,0.000000000000000000e+00,0.000000000000000000e+00,0.000000000000000000e+00,1.000000000000000056e-01
9.982188821597777206e-01,-5.950269281736475513e-02,-4.300331053080388294e-03,2.896363101018377151e+01,5.945231382077224846e-02,9.981702951449219485e-01,-1.102199036724821161e-02,1.732056249846027240e+00,4.948300823532448059e-03,1.074669427226940081e-02,9.999300089912184220e-01,4.499805095675151190e-01,0.000000000000000000e+00,0.000000000000000000e+00,0.000000000000000000e+00,1.000000000000000056e-01
9.982316660170887923e-01,-5.943043379295935569e-02,-1.250799715335223702e-03,2.992154414785715488e+01,5.940247391189897030e-02,9.981027982057488757e-01,-1.619105638926534099e-02,1.779642604834367869e+00,2.210668200651346501e-03,1.608812459657376140e-02,9.998681339022019721e-01,4.580134299167570866e-01,0.000000000000000000e+00,0.000000000000000000e+00,0.000000000000000000e+00,1.000000000000000056e-01
9.982680296572493672e-01,-5.879220163716110392e-02,-2.101901731421301767e-03,3.085098757593236485e+01,5.872994645539927894e-02,9.980183976620570219e-01,-2.258475851998896500e-02,1.825008525264251169e+00,3.425544274869973989e-03,2.242219781189327271e-02,9.997427222499323252e-01,4.788658050395484533e-01,0.000000000000000000e+00,0.000000000000000000e+00,0.000000000000000000e+00,1.000000000000000056e-01
9.982837603474516985e-01,-5.834107654271671745e-02,-5.084546625668945156e-03,3.180008322070459670e+01,5.819444643071979700e-02,9.979835154256206931e-01,-2.534382258740722899e-02,1.863438310320191249e+00,6.552879609287528585e-03,2.500443413790358338e-02,9.996658631974333353e-01,4.928535071962715230e-01,0.000000000000000000e+00,0.000000000000000000e+00,0.000000000000000000e+00,1.000000000000000056e-01
9.982882503410894781e-01,-5.790861497235168937e-02,-8.195214634787914218e-03,3.278829749264823334e+01,5.767644292396911093e-02,9.979918165690727649e-01,-2.618705773469861761e-02,1.935966177640300989e+00,9.695213384162846768e-03,2.566956121842035518e-02,9.996234673437240925e-01,5.077071133178699958e-01,0.000000000000000000e+00,0.000000000000000000e+00,0.000000000000000000e+00,1.000000000000000056e-01
9.982148749057861981e-01,-5.893983071865861040e-02,-9.651936162316434448e-03,3.376159949940547023e+01,5.866448080169633233e-02,9.979210872327576309e-01,-2.668299736645596970e-02,2.000045449800464059e+00,1.120456197684531474e-02,2.606913905457485664e-02,9.995973478255433253e-01,5.240756405379072280e-01,0.000000000000000000e+00,0.000000000000000000e+00,0.000000000000000000e+00,1.000000000000000056e-01
9.982089852952498177e-01,-5.918897625430241671e-02,-8.688312022210561633e-03,3.473002542693546957e+01,5.892540813472255112e-02,9.978703412385825366e-01,-2.797460191944227750e-02,2.070798625402798354e+00,1.032559693112396378e-02,2.741253666413445353e-02,9.995708753668512969e-01,5.510787321080345968e-01,0.000000000000000000e+00,0.000000000000000000e+00,0.000000000000000000e+00,1.000000000000000056e-01
9.981767940224792746e-01,-5.970401586256981336e-02,-8.861058903259541597e-03,3.571426384607269000e+01,5.945899674223156101e-02,9.978990970910277536e-01,-2.572974409742442153e-02,2.135829539607284833e+00,1.037861172856559960e-02,2.515596380172428759e-02,9.996296623769195255e-01,5.621304314688334580e-01,0.000000000000000000e+00,0.000000000000000000e+00,0.000000000000000000e+00,1.000000000000000056e-01
9.982733876379477067e-01,-5.814034399346769411e-02,-8.363249020392132110e-03,3.670134939525600970e+01,5.792118511494497024e-02,9.980225445525721106e-01,-2.441591447579748164e-02,2.204477366961122176e+00,9.766260734596514392e-03,2.388934836136024503e-02,9.996669041166329484e-01,5.873949643525474551e-01,0.000000000000000000e+00,0.000000000000000000e+00,0.000000000000000000e+00,1.000000000000000056e-01
9.982214464666018250e-01,-5.924154722581487231e-02,-6.662048965347333596e-03,3.771247587077284180e+01,5.906200677689527057e-02,9.979532138329137991e-01,-2.451657308933235732e-02,2.269009615282789216e+00,8.100812898167435161e-03,2.407949507049815877e-02,9.996772252820100846e-01,6.055946584613550732e-01,0.000000000000000000e+00,0.000000000000000000e+00,0.000000000000000000e+00,1.000000000000000056e-01
9.983547068875769925e-01,-5.716015064084126879e-02,-4.538327239912102323e-03,3.870645416251159077e+01,5.703369616680658422e-02,9.980762300459223857e-01,-2.431041996493294235e-02,2.330494284910911595e+00,5.919183809663870408e-03,2.401158462149783832e-02,9.996941567634534120e-01,6.373275250670735748e-01,0.000000000000000000e+00,0.000000000000000000e+00,0.000000000000000000e+00,1.000000000000000056e-01
9.983831783151767558e-01,-5.675807430142913029e-02,-3.090349313508579387e-03,3.972090405358933651e+01,5.668524607177657243e-02,9.981915728202513938e-01,-2.000916860878889508e-02,2.394061596060245822e+00,4.220442520422576158e-03,1.980164013980294235e-02,9.997950204480444691e-01,6.558803890537675541e-01,0.000000000000000000e+00,0.000000000000000000e+00,0.000000000000000000e+00,1.000000000000000056e-01
9.982835560520424423e-01,-5.850412497298067283e-02,-2.684972483002689807e-03,4.073007596213550841e+01,5.842815527982671286e-02,9.980320174888503981e-01,-2.276494537070888544e-02,2.463586850051361576e+00,4.011531713084253575e-03,2.256899262884280374e-02,9.997372395709955839e-01,6.751448638281570824e-01,0.000000000000000000e+00,0.000000000000000000e+00,0.000000000000000000e+00,1.000000000000000056e-01
9.983396482177747666e-01,-5.737448377001851813e-02,-5.110323721019994526e-03,4.174551827863404441e+01,5.725062903853763568e-02,9.981226733590947697e-01,-2.175992649770821380e-02,2.526926251813756519e+00,6.349194523834428804e-03,2.143122811734769761e-02,9.997501638860984974e-01,7.108807714996085991e-01,0.000000000000000000e+00,0.000000000000000000e+00,0.000000000000000000e+00,1.000000000000000056e-01
9.983925278267125059e-01,-5.624510671740431955e-02,-6.989159472707945700e-03,4.277733385489571560e+01,5.611319988381309465e-02,9.982653822667509891e-01,-1.781952206476611691e-02,2.602799949218568720e+00,7.979296872931992621e-03,1.739869357639381789e-02,9.998167913589210976e-01,7.371804525153677901e-01,0.000000000000000000e+00,0.000000000000000000e+00,0.000000000000000000e+00,1.000000000000000056e-01
9.984129039593149235e-01,-5.583198751376523133e-02,-7.379862992673772229e-03,4.383684033940230762e+01,5.567952985544920991e-02,9.982590045124628553e-01,-1.946149698411727205e-02,2.669552344896276797e+00,8.453588741121299474e-03,1.901970241747827015e-02,9.997833704144846179e-01,7.629245254950663968e-01,0.000000000000000000e+00,0.000000000000000000e+00,0.000000000000000000e+00,1.000000000000000056e-01
9.983904475718576865e-01,-5.627709764689298177e-02,-7.028689615272656031e-03,4.484256479200965373e+01,5.610892487071610091e-02,9.981780858787115962e-01,-2.218777639520853190e-02,2.729077166080905226e+00,8.264547605169016153e-03,2.175769178827362954e-02,9.997291133606784896e-01,7.960433748448414448e-01,0.000000000000000000e+00,0.000000000000000000e+00,0.000000000000000000e+00,1.000000000000000056e-01
9.985054611692949500e-01,-5.435701070719377304e-02,-5.670926032998781403e-03,4.582443380304169978e+01,5.421546796337026186e-02,9.982716380122251820e-01,-2.268082392466300862e-02,2.789567439830821449e+00,6.893986408928747152e-03,2.233947464393052501e-02,9.997266730582048400e-01,8.168239461827918602e-01,0.000000000000000000e+00,0.000000000000000000e+00,0.000000000000000000e+00,1.000000000000000056e-01
9.983284200783678619e-01,-5.722579100547117714e-02,-8.097808816467688339e-03,4.673789313227874942e+01,5.705294948558060908e-02,9.981673768774607103e-01,-2.017049063768640293e-02,2.845893791047318988e+00,9.237240866498781441e-03,1.967477017317715432e-02,9.997637604953516499e-01,8.413568915959148686e-01,0.000000000000000000e+00,0.000000000000000000e+00,0.000000000000000000e+00,1.000000000000000056e-01
9.984181505349813968e-01,-5.476598412721192521e-02,-1.272335116568343479e-02,4.769216564203499331e+01,5.452310845839825060e-02,9.983371949808323986e-01,-1.871031164457912649e-02,2.903478667338401209e+00,1.372688334404671175e-02,1.798699809255296933e-02,9.997439875154425781e-01,8.573228641725619825e-01,0.000000000000000000e+00,0.000000000000000000e+00,0.000000000000000000e+00,1.000000000000000056e-01
9.985171010786114687e-01,-5.310509617811909333e-02,-1.197696177996861872e-02,4.865435421319553200e+01,5.285386755588164509e-02,9.983938933429212792e-01,-2.039858867541878215e-02,2.963073741563673202e+00,1.304099451542823848e-02,1.973531087863383479e-02,9.997201858353027548e-01,8.836341280438584356e-01,0.000000000000000000e+00,0.000000000000000000e+00,0.000000000000000000e+00,1.000000000000000056e-01
9.987198190959271082e-01,-4.842839890757268811e-02,-1.460866606667207690e-02,4.961878568360512531e+01,4.813150703388447554e-02,9.986400996920495876e-01,-2.003270620011899164e-02,3.029190773953116089e+00,1.555895162424683273e-02,1.930392359864100196e-02,9.996925915290421072e-01,9.043727977761610859e-01,0.000000000000000000e+00,0.000000000000000000e+00,0.000000000000000000e+00,1.000000000000000056e-01
9.988066558488036817e-01,-4.746287955702751388e-02,-1.151257122820849299e-02,5.062755146240285598e+01,4.718482920718102686e-02,9.986137431996534586e-01,-2.332774711509077656e-02,3.090907425338348613e+00,1.260381389971426333e-02,2.275669037737186942e-02,9.996615811954813191e-01,9.426920496575327268e-01,0.000000000000000000e+00,0.000000000000000000e+00,0.000000000000000000e+00,1.000000000000000056e-01
9.989175063662101284e-01,-4.537943096932637449e-02,-1.022363536187718795e-02,5.157919796220765818e+01,4.513701997892779344e-02,9.987203559437154432e-01,-2.281008660834361879e-02,3.142078678520371149e+00,1.124566149830042751e-02,2.232393040121757183e-02,9.996875397987649015e-01,9.675324012217002556e-01,0.000000000000000000e+00,0.000000000000000000e+00,0.000000000000000000e+00,1.000000000000000056e-01
9.989572695160647831e-01,-4.448470807418741790e-02,-1.027056125840597467e-02,5.253761579830474915e+01,4.419517947791615220e-02,9.986612654601551009e-01,-2.687867147826146497e-02,3.180668532083482436e+00,1.145250155743820358e-02,2.639673496998921898e-02,9.995859405728959590e-01,9.934940465778251406e-01,0.000000000000000000e+00,0.000000000000000000e+00,0.000000000000000000e+00,1.000000000000000056e-01
9.989155246905578878e-01,-4.507009003223280685e-02,-1.168167439513197702e-02,5.352180143011673863e+01,4.470448157829762237e-02,9.985536727751868069e-01,-2.986757295129349732e-02,3.235739227327525391e+00,1.301091307338197479e-02,2.931295910807400762e-02,9.994856009814875319e-01,1.035088377883404798e+00,0.000000000000000000e+00,0.000000000000000000e+00,0.000000000000000000e+00,1.000000000000000056e-01
9.989269392831272576e-01,-4.473292979955578730e-02,-1.199728994362121888e-02,5.448306693892718044e+01,4.437012868990848624e-02,9.985950219434058805e-01,-2.897022315912924778e-02,3.275323221848691180e+00,1.327635697336662819e-02,2.840681505196953477e-02,9.995082747051766692e-01,1.053990688400810116e+00,0.000000000000000000e+00,0.000000000000000000e+00,0.000000000000000000e+00,1.000000000000000056e-01
9.988989493435950218e-01,-4.632150226872675663e-02,-7.430170107759988263e-03,5.542516762627269600e+01,4.606530402387306461e-02,9.984392279737402953e-01,-3.157682391231965424e-02,3.318586293813643451e+00,8.881259226599144685e-03,3.119978318466075373e-02,9.994737098912507278e-01,1.086910703344055706e+00,0.000000000000000000e+00,0.000000000000000000e+00,0.000000000000000000e+00,1.000000000000000056e-01
9.987744048763382843e-01,-4.945858995627695071e-02,-1.880437037808854999e-03,5.636667715851765337e+01,4.937446896739695196e-02,9.982788569942906420e-01,-3.164625558198365385e-02,3.364705063407781527e+00,3.442379715234423956e-03,3.151462450529178561e-02,9.994973629100711854e-01,1.123883530100820982e+00,0.000000000000000000e+00,0.000000000000000000e+00,0.000000000000000000e+00,1.000000000000000056e-01
9.987801113891091598e-01,-4.934857517497479029e-02,-1.734134296564941030e-03,5.732370195514812394e+01,4.927868385958651676e-02,9.983732919770365033e-01,-2.867718926258169820e-02,3.426319973301759969e+00,3.146491796523315579e-03,2.855675043023742088e-02,9.995872206037047514e-01,1.135990465401391702e+00,0.000000000000000000e+00,0.000000000000000000e+00,0.000000000000000000e+00,1.000000000000000056e-01
9.987098432221924726e-01,-5.055060888139039504e-02,-4.825452603068125859e-03,5.822733988976658281e+01,5.039402498490603427e-02,9.983259378036427600e-01,-2.838598517398744497e-02,3.479851547602482942e+00,6.252303329528202322e-03,2.810618882377798750e-02,9.995853894754953561e-01,1.153983179397481296e+00,0.000000000000000000e+00,0.000000000000000000e+00,0.000000000000000000e+00,1.000000000000000056e-01
9.985036509415693429e-01,-5.363904218503012800e-02,-1.064482079836022617e-02,5.914445228023916457e+01,5.331881835933291458e-02,9.981742387741607825e-01,-2.837767884075487884e-02,3.537667334869209590e+00,1.214753740974306058e-02,2.776764666112564728e-02,9.995405920390535437e-01,1.175084338739325718e+00,0.000000000000000000e+00,0.000000000000000000e+00,0.000000000000000000e+00,1.000000000000000056e-01
9.984263890809981223e-01,-5.371710472589712182e-02,-1.610025610188658279e-02,6.008779710822197018e+01,5.327700278900424080e-02,9.982248976930147011e-01,-2.661981591955033324e-02,3.596819889903189349e+00,1.750161593967165807e-02,2.572015329731361724e-02,9.995159664326843663e-01,1.208718833591987174e+00,0.000000000000000000e+00,0.000000000000000000e+00,0.000000000000000000e+00,1.000000000000000056e-01
9.984017090668653172e-01,-5.421157997688640096e-02,-1.597284973860542065e-02,6.100064360105646699e+01,5.382766443012955426e-02,9.982723110886715379e-01,-2.355791704884091162e-02,3.665213501210744962e+00,1.722236552741180857e-02,2.266048344789567751e-02,9.995948642402819884e-01,1.225647670787040067e+00,0.000000000000000000e+00,0.000000000000000000e+00,0.000000000000000000e+00,1.000000000000000056e-01
9.983829657765916910e-01,-5.526105923014332927e-02,-1.332925278848838546e-02,6.191991899187684822e+01,5.496939840653351089e-02,9.982600503390323121e-01,-2.133628683572959608e-02,3.724684960420113544e+00,1.448512637019868168e-02,2.056908432272394963e-02,9.996834968549616063e-01,1.260996434906168195e+00,0.000000000000000000e+00,0.000000000000000000e+00,0.000000000000000000e+00,1.000000000000000056e-01
9.982386135177390152e-01,-5.801803507997211479e-02,-1.239266265340752647e-02,6.280446431241644945e+01,5.775026997654485877e-02,9.981107924031350498e-01,-2.097027434303165572e-02,3.787555079309006256e+00,1.358590445344797469e-02,2.021765797131200304e-02,9.997032907349744368e-01,1.297379121942170421e+00,0.000000000000000000e+00,0.000000000000000000e+00,0.000000000000000000e+00,1.000000000000000056e-01
9.983059720769154044e-01,-5.633670734786408452e-02,-1.453827777854489398e-02,6.363184220847131201e+01,5.603181664213061075e-02,9.982166546516468841e-01,-2.058994657247565502e-02,3.849877357490121277e+00,1.567232080285718004e-02,1.974046051326727030e-02,9.996822958217157495e-01,1.327042397935645823e+00,0.000000000000000000e+00,0.000000000000000000e+00,0.000000000000000000e+00,1.000000000000000056e-01
9.982774360630918276e-01,-5.725133945244267192e-02,-1.282360238781638656e-02,6.445257043238582639e+01,5.701235939659097390e-02,9.982060157509429210e-01,-1.828499370145660746e-02,3.897381409334010893e+00,1.384743742840434041e-02,1.752239280262671284e-02,9.997505760074043568e-01,1.353319048215458897e+00,0.000000000000000000e+00,0.000000000000000000e+00,0.000000000000000000e+00,1.000000000000000056e-01
9.981539172684192884e-01,-5.905768691268513393e-02,-1.417557964363017065e-02,6.526270596755516351e+01,5.879187614656858352e-02,9.980990459783225521e-01,-1.848809661184427564e-02,3.948277482145522210e+00,1.524049673981077782e-02,1.762055713323522690e-02,9.997285847796081315e-01,1.383423132729958427e+00,0.000000000000000000e+00,0.000000000000000000e+00,0.000000000000000000e+00,1.000000000000000056e-01
9.981197729415242081e-01,-5.996452985494973853e-02,-1.269543313301984243e-02,6.606882225744335813e+01,5.972451974349834991e-02,9.980432950361083355e-01,-1.850845684751145984e-02,3.990854975586715092e+00,1.378044282919135659e-02,1.771542809933083010e-02,9.997480997744826459e-01,1.416185165569390447e+00,0.000000000000000000e+00,0.000000000000000000e+00,0.000000000000000000e+00,1.000000000000000056e-01
9.980167070619810898e-01,-6.156730341409748924e-02,-1.311943502885201847e-02,6.681963600321539332e+01,6.132817904678564830e-02,9.979569532228852458e-01,-1.791016384351361637e-02,4.044534767778623419e+00,1.419531190094855573e-02,1.707005168160190614e-02,9.997535228523189987e-01,1.439627040860032459e+00,0.000000000000000000e+00,0.000000000000000000e+00,0.000000000000000000e+00,1.000000000000000056e-01
9.979342084843303429e-01,-6.320913943758617315e-02,-1.148565315133808981e-02,6.760803166307215406e+01,6.300429806344885753e-02,9.978615960337129387e-01,-1.739809146381035218e-02,4.099387256607853303e+00,1.256081057436773604e-02,1.663850511947527130e-02,9.997826694762736999e-01,1.459457028425964475e+00,0.000000000000000000e+00,0.000000000000000000e+00,0.000000000000000000e+00,1.000000000000000056e-01
9.978181996182795555e-01,-6.553792974998177978e-02,-7.976231856057133460e-03,6.835969766875585663e+01,6.540986287336507388e-02,9.977399751878489598e-01,-1.537828830000353801e-02,4.158904129771892499e+00,8.966066552435572948e-03,1.482301171276951927e-02,9.998499327270770065e-01,1.483816282601665204e+00,0.000000000000000000e+00,0.000000000000000000e+00,0.000000000000000000e+00,1.000000000000000056e-01
9.979267556965056851e-01,-6.395358296402282872e-02,-7.220075561276684262e-03,6.905454768532901255e+01,6.386058192264408573e-02,9.978811628133048561e-01,-1.245034051212204687e-02,4.207837195411414655e+00,8.001021281559033554e-03,1.196344968771013637e-02,9.998964244010585256e-01,1.509345632447506524e+00,0.000000000000000000e+00,0.000000000000000000e+00,0.000000000000000000e+00,1.000000000000000056e-01
9.979951458416791432e-01,-6.265232205453950820e-02,-8.965233829619150691e-03,6.971788396097582563e+01,6.255954259201450263e-02,9.979882877742675129e-01,-1.028013113066899090e-02,4.256456272331052837e+00,9.591272445479127190e-03,9.698660039412158873e-03,9.999069674156273457e-01,1.541552189110616311e+00,0.000000000000000000e+00,0.000000000000000000e+00,0.000000000000000000e+00,1.000000000000000056e-01
9.977317475063788299e-01,-6.585937581905054738e-02,-1.392489262409891092e-02,7.040526450256946589e+01,6.572950287661247226e-02,9.977914150766816759e-01,-9.587723966953523580e-03,4.316724633876614092e+00,1.452557983217941072e-02,8.650700318365098923e-03,9.998570762436703729e-01,1.564707098052631640e+00,0.000000000000000000e+00,0.000000000000000000e+00,0.000000000000000000e+00,1.000000000000000056e-01
9.977155048844932317e-01,-6.518727158204534744e-02,-1.773107263448487486e-02,7.114589264780119038e+01,6.501180555575347686e-02,9.978313439578642141e-01,-1.029923072969364181e-02,4.371517323231998375e+00,1.836399878734523705e-02,9.122973140990107976e-03,9.997897453512949451e-01,1.592295065232673501e+00,0.000000000000000000e+00,0.000000000000000000e+00,0.000000000000000000e+00,1.000000000000000056e-01
9.975836019016138811e-01,-6.719028831129997270e-02,-1.767547378846500913e-02,7.185595355823045338e+01,6.701294659438272738e-02,9.976974660736023237e-01,-1.044179960790552267e-02,4.422490373334689195e+00,1.833636293654590868e-02,9.232082482172433019e-03,9.997892510160837354e-01,1.614309003631832162e+00,0.000000000000000000e+00,0.000000000000000000e+00,0.000000000000000000e+00,1.000000000000000056e-01
9.975751189232674454e-01,-6.783917984619057540e-02,-1.554759733929915282e-02,7.253592527412307334e+01,6.770472806069562088e-02,9.976646508576331174e-01,-9.017440176921237907e-03,4.473656593874660636e+00,1.612302401710137903e-02,7.942928107021211478e-03,9.998384659481903691e-01,1.632692598604814638e+00,0.000000000000000000e+00,0.000000000000000000e+00,0.000000000000000000e+00,1.000000000000000056e-01
9.975148055143225889e-01,-6.881042155435602992e-02,-1.514393163069167533e-02,7.317185038024757660e+01,6.867256202962120082e-02,9.975945609359704314e-01,-9.443051162431636766e-03,4.521219080694127257e+00,1.575728415721048756e-02,8.379610759473776413e-03,9.998407323766663746e-01,1.652520179853919302e+00,0.000000000000000000e+00,0.000000000000000000e+00,0.000000000000000000e+00,1.000000000000000056e-01
9.974212234017708623e-01,-6.974668903593769786e-02,-1.692047505949031971e-02,7.375521861613914609e+01,6.957847387604582101e-02,9.975229422479500174e-01,-1.033516628184426647e-02,4.557936451717589321e+00,1.759940569437034447e-02,9.131213365000809962e-03,9.998034216093120152e-01,1.678942010989487033e+00,0.000000000000000000e+00,0.000000000000000000e+00,0.000000000000000000e+00,1.000000000000000056e-01
9.973924241398474111e-01,-6.923801875141448459e-02,-2.035802121566833434e-02,7.439736317850537262e+01,6.889124191403765696e-02,9.974746953568085495e-01,-1.726930544010338991e-02,4.588347780018255051e+00,2.150230350405200191e-02,1.582178505165645482e-02,9.996435975195353540e-01,1.711886176465947873e+00,0.000000000000000000e+00,0.000000000000000000e+00,0.000000000000000000e+00,1.000000000000000056e-01
9.973569459235945844e-01,-6.830074568377077215e-02,-2.478165767257696842e-02,7.502385744169494330e+01,6.780851417660770097e-02,9.974940812623904751e-01,-2.018819584956596525e-02,4.611103267485089141e+00,2.609842568280159106e-02,1.845442997061972484e-02,9.994890225466904754e-01,1.733622722367222480e+00,0.000000000000000000e+00,0.000000000000000000e+00,0.000000000000000000e+00,1.000000000000000056e-01
9.976962997595220095e-01,-6.315696857737343461e-02,-2.476470807973971122e-02,7.561213659923926400e+01,6.266108131695805050e-02,9.978281072698232945e-01,-2.031396639043187360e-02,4.651438574444695995e+00,2.599389032729870069e-02,1.871538571439787871e-02,9.994868943629093838e-01,1.763536812734272319e+00,0.000000000000000000e+00,0.000000000000000000e+00,0.000000000000000000e+00,1.000000000000000056e-01
9.980069265279712942e-01,-5.837585677806880757e-02,-2.396735170224183198e-02,7.618365201418279753e+01,5.800249843510807413e-02,9.981883943616658428e-01,-1.598873156209228152e-02,4.704011380199014880e+00,2.485728821649380027e-02,1.456669856576152042e-02,9.995848770941947459e-01,1.775159111801371425e+00,0.000000000000000000e+00,0.000000000000000000e+00,0.000000000000000000e+00,1.000000000000000056e-01
9.984790531803354741e-01,-5.127705573097038338e-02,-2.025447890378362717e-02,7.672249410272738146e+01,5.090926169877811602e-02,9.985360577875167509e-01,-1.827534873676362956e-02,4.723295513128154433e+00,2.116193359280247113e-02,1.721641233613908570e-02,9.996278145954552441e-01,1.802754762657908350e+00,0.000000000000000000e+00,0.000000000000000000e+00,0.000000000000000000e+00,1.000000000000000056e-01
9.988864080323955896e-01,-4.390589275391488383e-02,-1.726894407948132565e-02,7.728895485866989645e+01,4.350955659786342328e-02,9.987952372505891629e-01,-2.269344685579083656e-02,4.730198247064190120e+00,1.824451514279972625e-02,2.191681151584344220e-02,9.995933128228615683e-01,1.822992720839266889e+00,0.000000000000000000e+00,0.000000000000000000e+00,0.000000000000000000e+00,1.000000000000000056e-01
9.992570892768736224e-01,-3.566192417851470758e-02,-1.461152605979189160e-02,7.784361121980968790e+01,3.528689564586073163e-02,9.990602816689424515e-01,-2.516721254432915944e-02,4.735327448543982243e+00,1.549530656644921255e-02,2.463292015696012804e-02,9.995764676696589079e-01,1.855829718236388315e+00,0.000000000000000000e+00,0.000000000000000000e+00,0.000000000000000000e+00,1.000000000000000056e-01
9.996059907337221384e-01,-2.382379377307411450e-02,-1.484217435256472359e-02,7.833032458702108158e+01,2.350572255423597628e-02,9.994978706114755473e-01,-2.124823875828990918e-02,4.749701144715777090e+00,1.534093531885123707e-02,2.089099072289407263e-02,9.996640546754488321e-01,1.880602162341088235e+00,0.000000000000000000e+00,0.000000000000000000e+00,0.000000000000000000e+00,1.000000000000000056e-01
9.998482523308055425e-01,-9.501808544423260422e-03,-1.460095700353046359e-02,7.883444436558082202e+01,9.216269976722736568e-03,9.997673674094205154e-01,-1.950054950387374378e-02,4.759735298682183924e+00,1.478285083297464948e-02,1.936302397927546284e-02,9.997032262744919295e-01,1.888373861845818125e+00,0.000000000000000000e+00,0.000000000000000000e+00,0.000000000000000000e+00,1.000000000000000056e-01
9.998633557450654630e-01,9.377611928422572435e-03,-1.361360469297666180e-02,7.932742889295134603e+01,-9.547210323859214171e-03,9.998769546831386412e-01,-1.244693812167089152e-02,4.751197384072698426e+00,1.349520704727147184e-02,1.257520926635476329e-02,9.998298572750559110e-01,1.903189172931700757e+00,0.000000000000000000e+00,0.000000000000000000e+00,0.000000000000000000e+00,1.000000000000000056e-01
9.994147530048418382e-01,3.154615991912225470e-02,-1.322842661196504954e-02,7.981803181321186003e+01,-3.173588575835920023e-02,9.993927486718008346e-01,-1.438636359040015508e-02,4.721916715442574741e+00,1.276655910585754866e-02,1.479775985005778172e-02,9.998090023959659289e-01,1.922689848713549310e+00,0.000000000000000000e+00,0.000000000000000000e+00,0.000000000000000000e+00,1.000000000000000056e-01
9.983386682439815418e-01,5.615384920521632878e-02,-1.290924894295108517e-02,8.030479012052136056e+01,-5.637386939813043146e-02,9.982587410947300066e-01,-1.736296855515449475e-02,4.702512273017761757e+00,1.191177308026776689e-02,1.806186721805294257e-02,9.997659119087235480e-01,1.941549886561377614e+00,0.000000000000000000e+00,0.000000000000000000e+00,0.000000000000000000e+00,1.000000000000000056e-01
9.963549603489230133e-01,8.457265136879420220e-02,-1.114718029586194911e-02,8.077388906751517084e+01,-8.476670064363596435e-02,9.962333681772015392e-01,-1.826698093009792787e-02,4.653252945562376119e+00,9.560305962063499891e-03,1.914530675546221791e-02,9.997710026696868812e-01,1.958225877553950278e+00,0.000000000000000000e+00,0.000000000000000000e+00,0.000000000000000000e+00,1.000000000000000056e-01
9.930383348045238590e-01,1.174107462566640891e-01,-9.464791181619870361e-03,8.123928159764250267e+01,-1.175734506941683299e-01,9.928822852036041091e-01,-1.900661518353295720e-02,4.589782184996869852e+00,7.165842624869809066e-03,1.998710565144873330e-02,9.997745577414707263e-01,1.973612340070586502e+00,0.000000000000000000e+00,0.000000000000000000e+00,0.000000000000000000e+00,1.000000000000000056e-01
