1.000000000000000000e+00,-1.585234090827746131e-09,-4.854125121272181777e-11,9.727060757042955336e-17,1.585234090827408227e-09,1.000000000000000000e+00,-6.958705562349506246e-12,3.242815302267468027e-15,4.854125122375299502e-11,6.958705485400260744e-12,1.000000000000000000e+00,1.022455044697256590e-16,0.000000000000000000e+00,0.000000000000000000e+00,0.000000000000000000e+00,1.000000000000000056e-01
9.999819470758061213e-01,-5.934869848292770832e-03,-9.395969154453616672e-04,6.406015000389401193e-01,5.933346996976914152e-03,9.999810928807115751e-01,-1.615324893341307409e-03,7.010314038687563698e-03,9.491658933790864984e-04,1.609720777466833131e-03,9.999982539400383841e-01,8.286083074796932180e-03,0.000000000000000000e+00,0.000000000000000000e+00,0.000000000000000000e+00,1.000000000000000056e-01
9.999347492733619003e-01,-1.133822874297231095e-02,-1.393472134937147810e-03,1.303314633581472926e+00,1.133886976768709240e-02,9.999356103461686240e-01,4.529834728530902975e-04,1.598060953066279474e-02,1.388246379516761215e-03,-4.687543144152848148e-04,9.999989265201150168e-01,1.336058522559058735e-02,0.000000000000000000e+00,0.000000000000000000e+00,0.000000000000000000e+00,1.000000000000000056e-01
9.998124133115560142e-01,-1.925474874852366874e-02,-2.095910006077091828e-03,2.028850700627299108e+00,1.925890857195770162e-02,9.998125635466605932e-01,1.982981308972350289e-03,2.296610492980612206e-02,2.057335349261753179e-03,-2.022974267257443906e-03,9.999958374645240289e-01,1.891911301683223828e-02,0.000000000000000000e+00,0.000000000000000000e+00,0.000000000000000000e+00,1.000000000000000056e-01
9.996279271640581277e-01,-2.722911365056643676e-02,-1.607048068075939010e-03,2.746017748639449696e+00,2.723537466962832124e-02,9.996209975390043523e-01,4.011937902163010237e-03,4.257552464577833706e-02,1.497197479806188078e-03,-4.054213725296279720e-03,9.999906608317780110e-01,2.497842651700747651e-02,0.000000000000000000e+00,0.000000000000000000e+00,0.000000000000000000e+00,1.000000000000000056e-01
9.994330326328608738e-01,-3.361747028306386748e-02,-1.865200806934991717e-03,3.443694434950042460e+00,3.362128697424144469e-02,9.994325338750499332e-01,2.054092084815774179e-03,5.957647072293015267e-02,1.795088989040855747e-03,-2.115637933229132499e-03,9.999961508584205294e-01,3.090779489759561821e-02,0.000000000000000000e+00,0.000000000000000000e+00,0.000000000000000000e+00,1.000000000000000056e-01
9.991159042383519484e-01,-4.199957290697235029e-02,-1.856279508095147511e-03,4.181914885371234014e+00,4.200696713068561433e-02,9.991087315928595114e-01,4.142121121942507651e-03,9.735940534761232390e-02,1.680657746764225658e-03,-4.216435762496283275e-03,9.999896984764388153e-01,4.486499761043850204e-02,0.000000000000000000e+00,0.000000000000000000e+00,0.000000000000000000e+00,1.000000000000000056e-01
9.988712004590993843e-01,-4.741772643262804482e-02,-2.807866335511354384e-03,4.952171543158346623e+00,4.743448122157239294e-02,9.988548863993924609e-01,6.235856580860454045e-03,1.375001758914558836e-01,2.508960868157528255e-03,-6.362007231779354642e-03,9.999766147162366670e-01,5.309598049744106846e-02,0.000000000000000000e+00,0.000000000000000000e+00,0.000000000000000000e+00,1.000000000000000056e-01
9.985135560537864441e-01,-5.448033651944304834e-02,-1.603530339649956093e-03,5.737695040045828421e+00,5.448889775709918337e-02,9.984969793572391339e-01,5.894254463923406448e-03,1.903791195749312826e-01,1.279999233722392332e-03,-5.972867585785657588e-03,9.999813430533412983e-01,5.590395731807836638e-02,0.000000000000000000e+00,0.000000000000000000e+00,0.000000000000000000e+00,1.000000000000000056e-01
9.980484088233256834e-01,-6.241066648405731859e-02,2.069384991627855851e-03,6.546096356888279288e+00,6.240041456721289598e-02,9.980401504438586313e-01,4.695355560546680268e-03,2.400827221208658158e-01,-2.358369578283871226e-03,-4.557061664686621119e-03,9.999868355543068965e-01,5.822795501189452494e-02,0.000000000000000000e+00,0.000000000000000000e+00,0.000000000000000000e+00,1.000000000000000056e-01
9.978474498114104918e-01,-6.546483734426790380e-02,3.849931993305190717e-03,7.370308863552199163e+00,6.544238935645745048e-02,9.978401071910714126e-01,5.693343150473872093e-03,3.080264964788081428e-01,-4.214330336168860616e-03,-5.429139195099855035e-03,9.999763816547958539e-01,6.832443165433335630e-02,0.000000000000000000e+00,0.000000000000000000e+00,0.000000000000000000e+00,1.000000000000000056e-01
9.975116747246846050e-01,-7.042175982244949783e-02,3.351795259903699985e-03,8.187096298698611108e+00,7.040233471045445612e-02,9.975029686942452622e-01,5.598099095655769374e-03,3.689439661268443804e-01,-3.737653712185782639e-03,-5.348194992413673500e-03,9.999787131509604299e-01,7.348512083083350022e-02,0.000000000000000000e+00,0.000000000000000000e+00,0.000000000000000000e+00,1.000000000000000056e-01
9.972237797307111906e-01,-7.437278713461298318e-02,3.663560211548877975e-03,9.019941875157469369e+00,7.434988473535417142e-02,9.972139577607079808e-01,6.034657162124231269e-03,4.433993203813184625e-01,-4.102167650602346616e-03,-5.745518345142844666e-03,9.999750803092605222e-01,7.754391800752634401e-02,0.000000000000000000e+00,0.000000000000000000e+00,0.000000000000000000e+00,1.000000000000000056e-01
9.970213913868309907e-01,-7.699244185152573361e-02,4.528687978541229807e-03,9.800919548593974184e+00,7.697195638348292013e-02,9.970229384349157398e-01,4.536316248395271672e-03,5.270210483394992540e-01,-4.864467860594760308e-03,-4.174222364187064188e-03,9.999794561990199560e-01,8.838815139377617647e-02,0.000000000000000000e+00,0.000000000000000000e+00,0.000000000000000000e+00,1.000000000000000056e-01
9.967691847518442838e-01,-8.016682541881857416e-02,4.946961836565093827e-03,1.057655655742632028e+01,8.013972983574020603e-02,9.967687284509567647e-01,5.452126568362476722e-03,5.634420786565155215e-01,-5.368056538295615070e-03,-5.038063569620492010e-03,9.999729005750456201e-01,9.177065042273591100e-02,0.000000000000000000e+00,0.000000000000000000e+00,0.000000000000000000e+00,1.000000000000000056e-01
9.965373967680662970e-01,-8.294708934590420968e-02,5.744319956979796957e-03,1.137741452115915131e+01,8.292403522772000268e-02,9.965472636000162199e-01,4.141955199145952449e-03,6.451873464376689515e-01,-6.068049462341471370e-03,-3.651271061214977302e-03,9.999749231832566476e-01,1.061041116448955962e-01,0.000000000000000000e+00,0.000000000000000000e+00,0.000000000000000000e+00,1.000000000000000056e-01
9.962474664025706694e-01,-8.641779440751476415e-02,4.790667615192341702e-03,1.223598337630941835e+01,8.638478354107001489e-02,9.962392112289383261e-01,6.715890298786406608e-03,7.264907413918836321e-01,-5.353023353323183367e-03,-6.276847909847956854e-03,9.999659725817151568e-01,9.968043245588834034e-02,0.000000000000000000e+00,0.000000000000000000e+00,0.000000000000000000e+00,1.000000000000000056e-01
9.959896537802928052e-01,-8.943431832025966477e-02,2.472300386862024812e-03,1.311181579515825923e+01,8.941899576061373978e-02,9.959775803230307423e-01,5.736086736116410498e-03,8.289591018451335502e-01,-2.975358764208986453e-03,-5.492012424546534322e-03,9.999804923296018444e-01,9.982053551251858503e-02,0.000000000000000000e+00,0.000000000000000000e+00,0.000000000000000000e+00,1.000000000000000056e-01
9.962743527246595843e-01,-8.624036908700086212e-02,-1.133260712509136085e-04,1.398556859590993540e+01,8.623757305866822098e-02,9.962296104547075926e-01,9.468064544166338720e-03,9.210001386824154812e-01,-7.036305930117913755e-04,-9.442562840643570210e-03,9.999551704506502992e-01,1.084250773889577357e-01,0.000000000000000000e+00,0.000000000000000000e+00,0.000000000000000000e+00,1.000000000000000056e-01
9.947631266701936203e-01,-1.022054205387542408e-01,6.114162548034842359e-04,1.494007458268961308e+01,1.021942649088900118e-01,9.947143060730455622e-01,9.989069693967395427e-03,1.042101901019700572e+00,-1.629121564481490932e-03,-9.874274966584493593e-03,9.999499210744567934e-01,1.100940593997076500e-01,0.000000000000000000e+00,0.000000000000000000e+00,0.000000000000000000e+00,1.000000000000000056e-01
9.940203087424411832e-01,-1.091737208583294094e-01,2.173587249120917733e-03,1.591525091099232014e+01,1.091476258399954324e-01,9.939774352036129246e-01,9.780290360711261718e-03,1.170293891861684310e+00,-3.228247368826187534e-03,-9.484565356147294304e-03,9.999498094599201803e-01,1.176740720877696433e-01,0.000000000000000000e+00,0.000000000000000000e+00,0.000000000000000000e+00,1.000000000000000056e-01
9.937279527822121539e-01,-1.117808075158665537e-01,3.131601886324255658e-03,1.683904385513205781e+01,1.117463733467962961e-01,9.936904896733502746e-01,9.589513886315877492e-03,1.285412377725719812e+00,-4.183766617780541354e-03,-9.179422848862551013e-03,9.999491158519265843e-01,1.247017470973643821e-01,0.000000000000000000e+00,0.000000000000000000e+00,0.000000000000000000e+00,1.000000000000000056e-01
9.933529176389904736e-01,-1.150673949732780588e-01,3.078251479099973834e-03,1.772793806717415421e+01,1.150371389860010418e-01,9.933234304240282642e-01,8.661363896993935774e-03,1.383091337116115094e+00,-4.054339899470116998e-03,-8.249677854576857594e-03,9.999577516791773313e-01,1.344414489121991962e-01,0.000000000000000000e+00,0.000000000000000000e+00,0.000000000000000000e+00,1.000000000000000056e-01
9.930074712589815888e-01,-1.180097343375349217e-01,3.140800125342493344e-03,1.863820456942742254e+01,1.179784229406851681e-01,9.929774256598942195e-01,8.770624280983230908e-03,1.492587944312924408e+00,-4.153762664348026323e-03,-8.338748793061966785e-03,9.999566048205764668e-01,1.402838921868236333e-01,0.000000000000000000e+00,0.000000000000000000e+00,0.000000000000000000e+00,1.000000000000000056e-01
9.925097071364762380e-01,-1.221392188258514783e-01,2.548031490588335661e-03,1.956327432640683384e+01,1.221215640591335333e-01,9.924957392805355827e-01,6.207342566191834110e-03,1.602124363402875895e+00,-3.287070369980681951e-03,-5.849678161564267689e-03,9.999774879634986124e-01,1.509620798199632630e-01,0.000000000000000000e+00,0.000000000000000000e+00,0.000000000000000000e+00,1.000000000000000056e-01
9.922722285225542560e-01,-1.239995749464195968e-01,4.464293448138201281e-03,2.048698242782585410e+01,1.239797533621753017e-01,9.922746644308878539e-01,4.473375104233208790e-03,1.720598338693774432e+00,-4.984501894673157296e-03,-3.885323883058250643e-03,9.999800293001784857e-01,1.644182225892833193e-01,0.000000000000000000e+00,0.000000000000000000e+00,0.000000000000000000e+00,1.000000000000000056e-01
9.924304693458090298e-01,-1.226760338190963362e-01,5.688078803350652551e-03,2.140840759996822484e+01,1.226511974935832194e-01,9.924395086841353297e-01,4.528284021812764744e-03,1.842123011323444359e+00,-6.200586056756341932e-03,-3.796357360429944341e-03,9.999735698523959382e-01,1.659269487345852723e-01,0.000000000000000000e+00,0.000000000000000000e+00,0.000000000000000000e+00,1.000000000000000056e-01
9.923454815986806343e-01,-1.230807133675081988e-01,1.007884654253234091e-02,2.236131935439384577e+01,1.230624982309000137e-01,9.923959955595725857e-01,2.410295935046969339e-03,1.965798282444509271e+00,-1.029886789178092316e-02,-1.151518245649628272e-03,9.999463022212130570e-01,1.705930048268902988e-01,0.000000000000000000e+00,0.000000000000000000e+00,0.000000000000000000e+00,1.000000000000000056e-01
9.925918837696655617e-01,-1.208037657752803473e-01,1.295385846371111330e-02,2.332390564494436802e+01,1.207756877251402738e-01,9.926754963902526541e-01,2.931231973913517828e-03,2.094258205417707241e+00,-1.321308174144316533e-02,-1.345005902103854969e-03,9.999117988252850253e-01,1.700146017976326418e-01,0.000000000000000000e+00,0.000000000000000000e+00,0.000000000000000000e+00,1.000000000000000056e-01
9.928763172349748256e-01,-1.184060103363174382e-01,1.329042475428893720e-02,2.424194647690900339e+01,1.184049935253261437e-01,9.929650081169166809e-01,8.661198757083957101e-04,2.198222023623880084e+00,-1.329948052297540324e-02,7.137027445030498995e-04,9.999113032895524666e-01,1.665757545148433272e-01,0.000000000000000000e+00,0.000000000000000000e+00,0.000000000000000000e+00,1.000000000000000056e-01
9.929020799201520031e-01,-1.183318409605031846e-01,1.195972847243397495e-02,2.519288425561670053e+01,1.183378374782435710e-01,9.929733698118536900e-01,2.075222021937125341e-04,2.309124015943266883e+00,-1.190024836753329589e-02,1.209239178067066274e-03,9.999284583555971828e-01,1.633980940784931224e-01,0.000000000000000000e+00,0.000000000000000000e+00,0.000000000000000000e+00,1.000000000000000056e-01
9.930885209935611524e-01,-1.171121348024710823e-01,7.741921778806053200e-03,2.613237988571978221e+01,1.171162685508645857e-01,9.931182069866891782e-01,-8.119276676522488561e-05,2.430223837667012887e+00,-7.679134817352672310e-03,9.873365948086889644e-04,9.999700275782796854e-01,1.594344666491437912e-01,0.000000000000000000e+00,0.000000000000000000e+00,0.000000000000000000e+00,1.000000000000000056e-01
9.929994425920350976e-01,-1.179244427655909283e-01,6.777374885054042279e-03,2.707166992678505935e+01,1.179367375090181053e-01,9.930200626580317769e-01,-1.442603329955037018e-03,2.544595647770792723e+00,-6.559951039196603058e-03,2.231805785345595747e-03,9.999759927544760174e-01,1.609889938402244147e-01,0.000000000000000000e+00,0.000000000000000000e+00,0.000000000000000000e+00,1.000000000000000056e-01
9.930764764976289793e-01,-1.172184713697384945e-01,7.677356107149468749e-03,2.802435697290046690e+01,1.172425582396801474e-01,9.930994606372286482e-01,-2.764745822083444163e-03,2.657997868027542676e+00,-7.300298930139579277e-03,3.645716909925403055e-03,9.999667066376476399e-01,1.631359636359819010e-01,0.000000000000000000e+00,0.000000000000000000e+00,0.000000000000000000e+00,1.000000000000000056e-01
9.930060689421678077e-01,-1.175859838365402033e-01,1.060582147763660874e-02,2.902997242455835547e+01,1.176514646968193079e-01,9.930381568391185576e-01,-5.775111796258067601e-03,2.777642217680347692e+00,-9.852913209587980253e-03,6.982511493660695928e-03,9.999270796585745247e-01,1.677510432599653989e-01,0.000000000000000000e+00,0.000000000000000000e+00,0.000000000000000000e+00,1.000000000000000056e-01
9.930726149275281855e-01,-1.165447351010429483e-01,1.497017706071418833e-02,2.998336400611883334e+01,1.166803783653382470e-01,9.931328955475048348e-01,-8.528838487769413793e-03,2.886051112649013817e+00,-1.387338406888925096e-02,1.021648186298395634e-02,9.998515653399860925e-01,1.664778019509865481e-01,0.000000000000000000e+00,0.000000000000000000e+00,0.000000000000000000e+00,1.000000000000000056e-01
9.929045645942142784e-01,-1.178670540071301009e-01,1.574430651549762680e-02,3.091065083990325846e+01,1.181115944388489991e-01,9.928773854858973236e-01,-1.562525679154281796e-02,2.974371339789708912e+00,-1.379046290327180790e-02,1.737397393715899366e-02,9.997539538119089020e-01,1.701767629368349799e-01,0.000000000000000000e+00,0.000000000000000000e+00,0.000000000000000000e+00,1.000000000000000056e-01
9.930077600157691808e-01,-1.174284141062845593e-01,1.208950408195029469e-02,3.186114472424039334e+01,1.176424459115642668e-01,9.928771147422548182e-01,-1.884913634732432453e-02,3.077006076840929527e+00,-9.789967743012099877e-03,2.013957749254681462e-02,9.997492455361056685e-01,1.715250797344683997e-01,0.000000000000000000e+00,0.000000000000000000e+00,0.000000000000000000e+00,1.000000000000000056e-01
9.927623135589352943e-01,-1.197944336761711387e-01,8.501907863280437974e-03,3.285914490659740750e+01,1.199339278250616675e-01,9.926109547181981574e-01,-1.842133355324971494e-02,3.194267450176202505e+00,-6.232313660525553266e-03,1.930767292121502582e-02,9.997941648323439567e-01,1.664308702060229572e-01,0.000000000000000000e+00,0.000000000000000000e+00,0.000000000000000000e+00,1.000000000000000056e-01
9.926263535146596650e-01,-1.210221780347693205e-01,6.823102806672842399e-03,3.382762873656455582e+01,1.211288422132125592e-01,9.924674161158277830e-01,-1.833661725779767160e-02,3.316116339702869897e+00,-4.552569854102635205e-03,1.902788406767568635e-02,9.998085885486434066e-01,1.677461811861568619e-01,0.000000000000000000e+00,0.000000000000000000e+00,0.000000000000000000e+00,1.000000000000000056e-01
9.924170314934167569e-01,-1.226522945288360117e-01,8.052965205827281037e-03,3.479202354079504289e+01,1.227839775704904629e-01,9.922582282278951116e-01,-1.864680578564866312e-02,3.436703910281938334e+00,-5.703547471871681269e-03,1.949418274383595343e-02,9.997937019132426828e-01,1.783093440404662222e-01,0.000000000000000000e+00,0.000000000000000000e+00,0.000000000000000000e+00,1.000000000000000056e-01
9.923223442379537351e-01,-1.233044728983752336e-01,9.611039972126464437e-03,3.576797586582031840e+01,1.234612913611489449e-01,9.921875688708128305e-01,-1.792031566863749523e-02,3.572146113610502383e+00,-7.326299306570520364e-03,1.896932106006884652e-02,9.997932237202803440e-01,1.746901372447808298e-01,0.000000000000000000e+00,0.000000000000000000e+00,0.000000000000000000e+00,1.000000000000000056e-01
9.922995278887895010e-01,-1.233510793825479124e-01,1.123201526199975493e-02,3.673888097750782578e+01,1.235404684640862283e-01,9.921743308452568577e-01,-1.810662484951155657e-02,3.688908343467553586e+00,-8.910645507456205552e-03,1.935480371709295475e-02,9.997729702135946805e-01,1.865775683975142984e-01,0.000000000000000000e+00,0.000000000000000000e+00,0.000000000000000000e+00,1.000000000000000056e-01
9.920558113952694379e-01,-1.250483075302653013e-01,1.371815806476194520e-02,3.772658236125289477e+01,1.252727806667390253e-01,9.919775995410496927e-01,-1.694616277509100599e-02,3.829165272921708052e+00,-1.148901653304973229e-02,1.853005106827779885e-02,9.997622916006135840e-01,1.887348800938172533e-01,0.000000000000000000e+00,0.000000000000000000e+00,0.000000000000000000e+00,1.000000000000000056e-01
9.921655106401848778e-01,-1.241165104431219274e-01,1.423697058800416429e-02,3.872905004040127608e+01,1.243396925049231466e-01,9.921101126700324624e-01,-1.603637133633263601e-02,3.970276794753591965e+00,-1.213426404370903863e-02,1.768095510084216615e-02,9.997700452918358849e-01,1.994242107107687956e-01,0.000000000000000000e+00,0.000000000000000000e+00,0.000000000000000000e+00,1.000000000000000056e-01
9.922799040971757023e-01,-1.230483679435294408e-01,1.548195954437108640e-02,3.975571324465501277e+01,1.232394804280963485e-01,9.923036772040799702e-01,-1.205996148725286404e-02,4.114174008166536112e+00,-1.387884680773594781e-02,1.387484607824400473e-02,9.998074145842250626e-01,1.993577062109075926e-01,0.000000000000000000e+00,0.000000000000000000e+00,0.000000000000000000e+00,1.000000000000000056e-01
9.918506290368575007e-01,-1.265498466504839936e-01,1.474672817709610749e-02,4.075608116911977419e+01,1.267684357229428016e-01,9.918193641600444588e-01,-1.497039015935587233e-02,4.235500457033916533e+00,-1.273158998508407309e-02,1.671781055952622011e-02,9.997791863339361429e-01,2.130967276552301892e-01,0.000000000000000000e+00,0.000000000000000000e+00,0.000000000000000000e+00,1.000000000000000056e-01
9.920519508775278439e-01,-1.250491726022767702e-01,1.398682206854363549e-02,4.176300743964127804e+01,1.252351778907289659e-01,9.920376547662453914e-01,-1.332072612755107709e-02,4.356473049184318214e+00,-1.220970838179900181e-02,1.496649449182233839e-02,9.998134461307557341e-01,2.350736643734262221e-01,0.000000000000000000e+00,0.000000000000000000e+00,0.000000000000000000e+00,1.000000000000000056e-01
9.922747859406937376e-01,-1.236504825676818242e-01,1.006515509715619205e-02,4.277264540474209298e+01,1.237658687987921169e-01,9.922414681357608623e-01,-1.178467786025914898e-02,4.464767779305121032e+00,-8.529883166290677665e-03,1.293936136636280806e-02,9.998798997982708547e-01,2.424357797482307453e-01,0.000000000000000000e+00,0.000000000000000000e+00,0.000000000000000000e+00,1.000000000000000056e-01
9.925488493095141473e-01,-1.215159927942362217e-01,8.980268904132298127e-03,4.380797571695485004e+01,1.216194975058360606e-01,9.925036279036788534e-01,-1.205182245404234388e-02,4.598009252150253801e+00,-7.448460296419076414e-03,1.305419830043014727e-02,9.998870477938723855e-01,2.508310572940172234e-01,0.000000000000000000e+00,0.000000000000000000e+00,0.000000000000000000e+00,1.000000000000000056e-01
9.925128384633575829e-01,-1.215968750812618376e-01,1.150936383476927616e-02,4.479401543952496212e+01,1.217532647211398561e-01,9.924612094067148949e-01,-1.403176228080229258e-02,4.720797886360364792e+00,-9.716378705728341558e-03,1.532800683170873653e-02,9.998353085340675461e-01,2.618521090774628690e-01,0.000000000000000000e+00,0.000000000000000000e+00,0.000000000000000000e+00,1.000000000000000056e-01
9.923260112255879450e-01,-1.232036088917812661e-01,1.048609561062761181e-02,4.575275155487548773e+01,1.233339075559595627e-01,9.922820707564132814e-01,-1.284676232918169174e-02,4.842368450534386248e+00,-8.822397185133133701e-03,1.404146756594411120e-02,9.998624917939977763e-01,2.645779018129733040e-01,0.000000000000000000e+00,0.000000000000000000e+00,0.000000000000000000e+00,1.000000000000000056e-01
9.918474406796864429e-01,-1.272650401895231709e-01,6.501073966277619992e-03,4.665785773808752879e+01,1.273434062133574352e-01,9.917661697917421471e-01,-1.354700522614349541e-02,4.963251970875409924e+00,-4.723485062515133184e-03,1.426443136533553542e-02,9.998871009702484658e-01,2.786881907617563270e-01,0.000000000000000000e+00,0.000000000000000000e+00,0.000000000000000000e+00,1.000000000000000056e-01
9.921448078809284032e-01,-1.249880597746404615e-01,5.163826941966587897e-03,4.761236858213790413e+01,1.250455637640594808e-01,9.920665907058862087e-01,-1.294166094936235675e-02,5.085696714155642617e+00,-3.505307096989962110e-03,1.348571536740348145e-02,9.999029194392748954e-01,2.806602455313127464e-01,0.000000000000000000e+00,0.000000000000000000e+00,0.000000000000000000e+00,1.000000000000000056e-01
9.921824824283071997e-01,-1.247001207422034075e-01,4.878672901699899339e-03,4.855188855890021671e+01,1.247502537640593490e-01,9.921172544636984725e-01,-1.186286564097494521e-02,5.212823044607296730e+00,-3.360914786882837537e-03,1.237874316289489483e-02,9.999177321007475250e-01,2.925491508786473571e-01,0.000000000000000000e+00,0.000000000000000000e+00,0.000000000000000000e+00,1.000000000000000056e-01
9.925930162599047035e-01,-1.212315759497028939e-01,7.874583469370668304e-03,4.951096552720846233e+01,1.213333199703396231e-01,9.925120841512936609e-01,-1.407083077257953452e-02,5.344011451893758036e+00,-6.109790261527013946e-03,1.492205771355970337e-02,9.998699928773506773e-01,2.940155713242365021e-01,0.000000000000000000e+00,0.000000000000000000e+00,0.000000000000000000e+00,1.000000000000000056e-01
9.928896314544377599e-01,-1.186062262486922286e-01,1.013621454561943781e-02,5.049651802802956979e+01,1.187645924994481378e-01,9.927804728561420156e-01,-1.679000547870653989e-02,5.471439911389476940e+00,-8.071636681047119830e-03,1.787444574186839927e-02,9.998076579376206086e-01,3.157603999797099492e-01,0.000000000000000000e+00,0.000000000000000000e+00,0.000000000000000000e+00,1.000000000000000056e-01
9.930459995568686749e-01,-1.173106747294760804e-01,9.891832924929212789e-03,5.141305081025400625e+01,1.174619015436009078e-01,9.929416434463911312e-01,-1.641932994190932124e-02,5.598109389610939957e+00,-7.895850167085063931e-03,1.746706341933114762e-02,9.998162617429484644e-01,3.193350218805245389e-01,0.000000000000000000e+00,0.000000000000000000e+00,0.000000000000000000e+00,1.000000000000000056e-01
9.930116126867081228e-01,-1.175920317914442847e-01,1.000255609847504334e-02,5.234800161444042033e+01,1.177696333268357931e-01,9.928485010084389106e-01,-1.954910512935378528e-02,5.718477767431363823e+00,-7.632203836758510301e-03,2.059048577513010805e-02,9.997588616062066391e-01,3.318761351358321399e-01,0.000000000000000000e+00,0.000000000000000000e+00,0.000000000000000000e+00,1.000000000000000056e-01
9.931635819489277317e-01,-1.165251443402052084e-01,6.927497879459550666e-03,5.331301215754863421e+01,1.166537141415992379e-01,9.929152700434086265e-01,-2.260923465301243815e-02,5.839285589694775069e+00,-4.243874096344877299e-03,2.326278683045666582e-02,9.997203770462693706e-01,3.554039811516693792e-01,0.000000000000000000e+00,0.000000000000000000e+00,0.000000000000000000e+00,1.000000000000000056e-01
9.929358010264230927e-01,-1.183405313140581117e-01,8.603120847808056956e-03,5.424671045359248467e+01,1.185288834763700838e-01,9.926011133947915122e-01,-2.634261697829745619e-02,5.959945474152020140e+00,-5.422068042789770365e-03,2.717624579898100801e-02,9.996159526750324487e-01,3.555968404992440601e-01,0.000000000000000000e+00,0.000000000000000000e+00,0.000000000000000000e+00,1.000000000000000056e-01
9.929349308088910586e-01,-1.179700737374379804e-01,1.277829730152126378e-02,5.518346231016302283e+01,1.182858506076581162e-01,9.925934278045118742e-01,-2.769015394164583629e-02,6.070384470895542783e+00,-9.417044417725169841e-03,2.900601285376363733e-02,9.995348770767140678e-01,3.679316521151823616e-01,0.000000000000000000e+00,0.000000000000000000e+00,0.000000000000000000e+00,1.000000000000000056e-01
9.926800767198358244e-01,-1.194260967878674473e-01,1.799090574473176732e-02,5.612253021404479369e+01,1.198667951683830279e-01,9.924542981803450292e-01,-2.581506225868397328e-02,6.191527738824899707e+00,-1.477215961062608787e-02,2.778261019727519196e-02,9.995048323400265167e-01,3.891584555466327533e-01,0.000000000000000000e+00,0.000000000000000000e+00,0.000000000000000000e+00,1.000000000000000056e-01
9.926838726360250886e-01,-1.192447094698158155e-01,1.895859361353171776e-02,5.707355072946268848e+01,1.196651722714823923e-01,9.925513363624526297e-01,-2.284931575224739136e-02,6.316505565783534060e+00,-1.609271740820273841e-02,2.495083061881257086e-02,9.995591430715098369e-01,3.851207536893240801e-01,0.000000000000000000e+00,0.000000000000000000e+00,0.000000000000000000e+00,1.000000000000000056e-01
9.927678987248421683e-01,-1.192894948428203095e-01,1.348761215361421462e-02,5.795380561959776600e+01,1.195966175285133881e-01,9.925107679640110536e-01,-2.488020400293205342e-02,6.421964447413640364e+00,-1.041865332948829423e-02,2.631334063994499040e-02,9.995994496632969462e-01,3.959810853044693491e-01,0.000000000000000000e+00,0.000000000000000000e+00,0.000000000000000000e+00,1.000000000000000056e-01
9.928005972064044560e-01,-1.195147209219082768e-01,7.950199341220556826e-03,5.886499512382371790e+01,1.196765067720637205e-01,9.925081168488602001e-01,-2.460023812822822661e-02,6.527610652962404281e+00,-4.950546782220179368e-03,2.537458319042358232e-02,9.996657554475242291e-01,4.029344170232103672e-01,0.000000000000000000e+00,0.000000000000000000e+00,0.000000000000000000e+00,1.000000000000000056e-01
9.929771657203281254e-01,-1.182169784513102118e-01,4.592860096556599346e-03,5.981720424721254403e+01,1.182946863624154132e-01,9.926730992333550052e-01,-2.462692097813751896e-02,6.654654240268310872e+00,-1.647888479799443362e-03,2.499728113791809675e-02,9.996861609521610070e-01,4.134520210860297418e-01,0.000000000000000000e+00,0.000000000000000000e+00,0.000000000000000000e+00,1.000000000000000056e-01
9.927712590943422732e-01,-1.200107460306076984e-01,1.627253333455005741e-03,6.072905461039477615e+01,1.200176090692148673e-01,9.925325337368253731e-01,-2.179318671665035623e-02,6.772286923452533358e+00,1.000314722163746749e-03,2.183094847079825040e-02,9.997611760112121715e-01,4.177638107291792857e-01,0.000000000000000000e+00,0.000000000000000000e+00,0.000000000000000000e+00,1.000000000000000056e-01
9.925279980252181833e-01,-1.219674813042182504e-01,3.479459779569340355e-03,6.165602455253301173e+01,1.220119300072194657e-01,9.923448662740711468e-01,-1.909856841255795287e-02,6.901836274355216183e+00,-1.123419763866750735e-03,1.938039947475156746e-02,9.998115512656539083e-01,4.386807430168174760e-01,0.000000000000000000e+00,0.000000000000000000e+00,0.000000000000000000e+00,1.000000000000000056e-01
9.922750448271986379e-01,-1.239682518182473880e-01,4.701909644883034770e-03,6.252486328590054399e+01,1.240323981807434361e-01,9.921230528815071503e-01,-1.754457587437179347e-02,7.027268193430205478e+00,-2.489902551215890207e-03,1.799223394150046770e-02,9.998350263433861684e-01,4.519741467861220219e-01,0.000000000000000000e+00,0.000000000000000000e+00,0.000000000000000000e+00,1.000000000000000056e-01
9.922237232332884460e-01,-1.243724749345042485e-01,4.854949200210495648e-03,6.332938417062463543e+01,1.244372171164546542e-01,9.920858743238406552e-01,-1.676296404019861352e-02,7.137756683346784037e+00,-2.731675197171062712e-03,1.723674696010754626e-02,9.998477046554892222e-01,4.652639349710940841e-01,0.000000000000000000e+00,0.000000000000000000e+00,0.000000000000000000e+00,1.000000000000000056e-01
9.920448803895849377e-01,-1.257295008646720225e-01,6.248832301687320262e-03,6.413526020812528827e+01,1.258163176814925122e-01,9.919195686432598080e-01,-1.630409603869805574e-02,7.246423905883666805e+00,-4.148433184218572670e-03,1.696060007457798197e-02,9.998475526535164359e-01,4.744085328053735395e-01,0.000000000000000000e+00,0.000000000000000000e+00,0.000000000000000000e+00,1.000000000000000056e-01
9.921552185284162606e-01,-1.247692622886276831e-01,7.788037928907605607e-03,6.492806851076694841e+01,1.248876019793227904e-01,9.920214769979286418e-01,-1.721847980230681308e-02,7.360250207149242385e+00,-5.577563866485355480e-03,1.805603397205012006e-02,9.998214192637180364e-01,4.949064061284711435e-01,0.000000000000000000e+00,0.000000000000000000e+00,0.000000000000000000e+00,1.000000000000000056e-01
9.921758829485261000e-01,-1.245386152508869831e-01,8.783541808647599147e-03,6.572594956972938007e+01,1.246826195789078745e-01,9.920262781878919078e-01,-1.838770675262883098e-02,7.470486627105173305e+00,-6.423524753128643551e-03,1.933899418457112745e-02,9.997923492574221083e-01,5.055070862295318879e-01,0.000000000000000000e+00,0.000000000000000000e+00,0.000000000000000000e+00,1.000000000000000056e-01
9.921461760162757493e-01,-1.247323172710057548e-01,9.370936158482553319e-03,6.646651815591933143e+01,1.248934710099238177e-01,9.919839500425851053e-01,-1.922144003459205081e-02,7.566978964948664732e+00,-6.898283509288064691e-03,2.024084697129194255e-02,9.997713347553580654e-01,5.153084098296112359e-01,0.000000000000000000e+00,0.000000000000000000e+00,0.000000000000000000e+00,1.000000000000000056e-01
9.919134184407164545e-01,-1.264190849126750060e-01,1.122431677626489419e-02,6.724402964322673881e+01,1.266075942986186198e-01,9.917883177227819758e-01,-1.806792446659434212e-02,7.682064147002384047e+00,-8.848015775781169212e-03,1.934290046647678049e-02,9.997737568161986221e-01,5.201908874266295557e-01,0.000000000000000000e+00,0.000000000000000000e+00,0.000000000000000000e+00,1.000000000000000056e-01
9.921478197829327605e-01,-1.243275906553577143e-01,1.361447398201783184e-02,6.798489754696475984e+01,1.245520350445405849e-01,9.920655897794576905e-01,-1.710719561472335767e-02,7.790746989635681352e+00,-1.137955474685914577e-02,1.866857727226919547e-02,9.997609664096676063e-01,5.308946354418777602e-01,0.000000000000000000e+00,0.000000000000000000e+00,0.000000000000000000e+00,1.000000000000000056e-01
9.919482004148248988e-01,-1.257555666801729588e-01,1.497682018116695130e-02,6.869622964041491286e+01,1.259736233457495191e-01,9.919256866097790892e-01,-1.463142046629588300e-02,7.889360333865428565e+00,-1.301591006936030429e-02,1.640029550547418558e-02,9.997807841684093200e-01,5.473793504145474387e-01,0.000000000000000000e+00,0.000000000000000000e+00,0.000000000000000000e+00,1.000000000000000056e-01
9.916274594195910730e-01,-1.285397084557619307e-01,1.235010425684497648e-02,6.936064003333216021e+01,1.287029940744600365e-01,9.915914954058164810e-01,-1.348501224048702721e-02,7.987256039295075993e+00,-1.051289880654806760e-02,1.496160382326392271e-02,9.998328007070577117e-01,5.550734083998509760e-01,0.000000000000000000e+00,0.000000000000000000e+00,0.000000000000000000e+00,1.000000000000000056e-01
9.919227335544946733e-01,-1.266786462142892034e-01,6.466162006476314401e-03,7.005669198734312886e+01,1.267595390735952732e-01,9.918320285101029921e-01,-1.418613673217118502e-02,8.091207711692192106e+00,-4.616265983316114770e-03,1.489119924146919786e-02,9.998784637512312390e-01,5.599223276072259337e-01,0.000000000000000000e+00,0.000000000000000000e+00,0.000000000000000000e+00,1.000000000000000056e-01
9.921847225995786834e-01,-1.247716431141210197e-01,1.230168524841708088e-03,7.080964890807631207e+01,1.247749521148943247e-01,9.920490793263267992e-01,-1.642667137654975698e-02,8.191514710282019607e+00,8.291952260623706647e-04,1.645178660175683136e-02,9.998643163714201476e-01,5.742192202999816253e-01,0.000000000000000000e+00,0.000000000000000000e+00,0.000000000000000000e+00,1.000000000000000056e-01
9.921157121884880414e-01,-1.253124010347828610e-01,1.793258382629481316e-03,7.152914395140231818e+01,1.253252174519680073e-01,9.920072782169000458e-01,-1.466798675056662019e-02,8.298380983120329901e+00,5.915527076797366061e-05,1.477708061816031260e-02,9.998908112334358167e-01,5.863330460601094973e-01,0.000000000000000000e+00,0.000000000000000000e+00,0.000000000000000000e+00,1.000000000000000056e-01
9.923553997256963077e-01,-1.233224514734576061e-01,4.725843610432610246e-03,7.220050421444427968e+01,1.233731102017859571e-01,9.922804428146833056e-01,-1.259358910850975379e-02,8.400257931013360491e+00,-3.136289908722154386e-03,1.308035817830268017e-02,9.999095298653452035e-01,5.970351110897892388e-01,0.000000000000000000e+00,0.000000000000000000e+00,0.000000000000000000e+00,1.000000000000000056e-01
9.923041331866642167e-01,-1.236274094365292231e-01,6.983616303592478196e-03,7.282323123478509785e+01,1.237105617459224871e-01,9.922319688972458529e-01,-1.309262429016086471e-02,8.485610239298457813e+00,-5.310760131218106132e-03,1.385581229332214989e-02,9.998899000852647934e-01,6.104871042077767429e-01,0.000000000000000000e+00,0.000000000000000000e+00,0.000000000000000000e+00,1.000000000000000056e-01
9.923723866895663992e-01,-1.232099843059747263e-01,4.043006724608388079e-03,7.340196012424900118e+01,1.232598185792795203e-01,9.922422117451326073e-01,-1.619908500287680492e-02,8.539236909353173033e+00,-2.015752925550270101e-03,1.657386492188205052e-02,9.998606121563616833e-01,6.206591382813113622e-01,0.000000000000000000e+00,0.000000000000000000e+00,0.000000000000000000e+00,1.000000000000000056e-01
9.924483441766553948e-01,-1.226623134393802633e-01,4.909202727396306263e-04,7.404738772885018250e+01,1.226402671757759605e-01,9.921765289829534984e-01,-2.334738106068091554e-02,8.601505710133345417e+00,2.376764201439720767e-03,2.323127626794497039e-02,9.997272922126779759e-01,6.414390997928612892e-01,0.000000000000000000e+00,0.000000000000000000e+00,0.000000000000000000e+00,1.000000000000000056e-01
9.927543944598099523e-01,-1.200990594999761518e-01,-3.863701328673922915e-03,7.466844462338238486e+01,1.199563687610286089e-01,9.924263303449825102e-01,-2.646598631564371293e-02,8.672983246324950102e+00,7.012978996412942180e-03,2.581074863720360726e-02,9.996422476968362947e-01,6.505724366393585978e-01,0.000000000000000000e+00,0.000000000000000000e+00,0.000000000000000000e+00,1.000000000000000056e-01
9.932581757853145010e-01,-1.158270121610761316e-01,-4.722233525279644593e-03,7.526031421363984464e+01,1.156843833429911095e-01,9.930025320827517987e-01,-2.372961710174528380e-02,8.739207830337713645e+00,7.437720496310276826e-03,2.302334752118994840e-02,9.997072600430274569e-01,6.624633938969078928e-01,0.000000000000000000e+00,0.000000000000000000e+00,0.000000000000000000e+00,1.000000000000000056e-01
9.939253025199171754e-01,-1.100340893330815362e-01,-2.234322118790154320e-03,7.583775354686623871e+01,1.099673428214817950e-01,9.937312393300883340e-01,-2.013473347897705434e-02,8.821525230346368929e+00,4.435822750491517745e-03,1.976671859783955820e-02,9.997947790983907623e-01,6.689400466195984940e-01,0.000000000000000000e+00,0.000000000000000000e+00,0.000000000000000000e+00,1.000000000000000056e-01
9.947519903003426700e-01,-1.023033158175573887e-01,1.584097926263162981e-03,7.638982060222440396e+01,1.023139183180016010e-01,9.945283877141060103e-01,-2.109853429028210603e-02,8.858769932574897865e+00,5.830196601985314191e-04,2.114988424351355728e-02,9.997761461870161570e-01,6.824672325708960319e-01,0.000000000000000000e+00,0.000000000000000000e+00,0.000000000000000000e+00,1.000000000000000056e-01
9.956493566223360014e-01,-9.297357804757173938e-02,6.186472545847307609e-03,7.696823996219340813e+01,9.309733623279727033e-02,9.953619869680738752e-01,-2.423635462121835615e-02,8.911682875854703312e+00,-3.904438997593544756e-03,2.470685500018254821e-02,9.996871143873536925e-01,6.950580943949485890e-01,0.000000000000000000e+00,0.000000000000000000e+00,0.000000000000000000e+00,1.000000000000000056e-01
9.965816165103422719e-01,-8.204561887349243188e-02,9.674608896422512080e-03,7.750152129181557825e+01,8.227925103940758600e-02,9.962458316914541978e-01,-2.691407969440772971e-02,8.953694883460009635e+00,-7.430106461367809098e-03,2.761809662283786979e-02,9.995909334607353536e-01,7.111476316309675028e-01,0.000000000000000000e+00,0.000000000000000000e+00,0.000000000000000000e+00,1.000000000000000056e-01
9.975464229946203742e-01,-6.936287749126665569e-02,9.482889684558877888e-03,7.798534539553045875e+01,6.957532215262854369e-02,9.972809423739638079e-01,-2.428984407230061135e-02,8.992567275517108882e+00,-7.772291682376262015e-03,2.489002217416158222e-02,9.996599813327398110e-01,7.218740052785015404e-01,0.000000000000000000e+00,0.000000000000000000e+00,0.000000000000000000e+00,1.000000000000000056e-01
9.986119908166383174e-01,-5.192207754466589276e-02,8.842491768493040971e-03,7.847855766229992014e+01,5.209802979261274336e-02,9.984213561481583010e-01,-2.099025676356570599e-02,9.033221561316320702e+00,-7.738674883867441984e-03,2.142179849401263866e-02,9.997405760797766217e-01,7.237954007455169592e-01,0.000000000000000000e+00,0.000000000000000000e+00,0.000000000000000000e+00,1.000000000000000056e-01
9.994452909615154645e-01,-3.172635107720045422e-02,1.012664910905557332e-02,7.896432538908469212e+01,3.188580445998319413e-02,9.993635529436994958e-01,-1.599326488510869129e-02,9.046544175629041007e+00,-9.612796096424307615e-03,1.630728962984825600e-02,9.998208171748259598e-01,7.283267252573254469e-01,0.000000000000000000e+00,0.000000000000000000e+00,0.000000000000000000e+00,1.000000000000000056e-01
9.998967347486505952e-01,-9.598098826228428776e-03,1.069562237125794638e-02,7.944109683347785733e+01,9.770288303057844681e-03,9.998216041233373153e-01,-1.616481966220632491e-02,9.052787353442262486e+00,-1.053856277970255731e-02,1.626764971218871633e-02,9.998121334867765553e-01,7.346623234324229923e-01,0.000000000000000000e+00,0.000000000000000000e+00,0.000000000000000000e+00,1.000000000000000056e-01
9.997779069619485703e-01,1.720293314863955564e-02,1.217357145084299944e-02,7.992972628733544127e+01,-1.697633602019003179e-02,9.996851229704395436e-01,-1.847860727724925933e-02,9.057616638786193164e+00,-1.248762451849589825e-02,1.826784066770479470e-02,9.997551426380483219e-01,7.444467378018994053e-01,0.000000000000000000e+00,0.000000000000000000e+00,0.000000000000000000e+00,1.000000000000000056e-01
9.988180249812976808e-01,4.644602513967622387e-02,1.432898186140298992e-02,8.040900940719201628e+01,-4.616534909061411479e-02,9.987466998680066821e-01,-1.933365061512104174e-02,9.037907053888854847e+00,-1.520899456905639054e-02,1.864929627332890041e-02,9.997104031831958171e-01,7.442376062857790631e-01,0.000000000000000000e+00,0.000000000000000000e+00,0.000000000000000000e+00,1.000000000000000056e-01
9.967125261653861923e-01,7.936210180308750362e-02,1.630328133876061264e-02,8.088311083816068958e+01,-7.902134128134968849e-02,9.966604838627491914e-01,-2.057929854409834905e-02,8.987440909146416246e+00,-1.788205265373254277e-02,1.922333747992385419e-02,9.996552883314437921e-01,7.421387606732056108e-01,0.000000000000000000e+00,0.000000000000000000e+00,0.000000000000000000e+00,1.000000000000000056e-01
