1.000000000000000000e+00,-1.131135017816254141e-13,4.467914898198299797e-14,6.165545148727101364e-21,1.131135017816257928e-13,1.000000000000000000e+00,-8.531628654990895361e-15,2.650983014746502200e-20,-4.467914898198203872e-14,8.531628654995950381e-15,1.000000000000000000e+00,-1.391077887424885966e-20,0.000000000000000000e+00,0.000000000000000000e+00,0.000000000000000000e+00,1.000000000000000056e-01
9.999970979124369608e-01,-2.266497119779815970e-03,-8.167971045989140229e-04,6.462950337358689401e-01,2.265305637429247416e-03,9.999963731869623285e-01,-1.456709748213187846e-03,1.709475492599847948e-02,8.200957706772062572e-04,1.454855225628260773e-03,9.999986054186272844e-01,6.593483796847423792e-03,0.000000000000000000e+00,0.000000000000000000e+00,0.000000000000000000e+00,1.000000000000000056e-01
9.999758303493191391e-01,-6.895645505129144835e-03,-8.881386475888688277e-04,1.299010191254504676e+00,6.894976085360546465e-03,9.999759446504881133e-01,-7.546026412863127315e-04,1.889584342038930914e-02,8.933207554148305885e-04,7.484607080684602554e-04,9.999993208920676668e-01,1.042916833290413563e-02,0.000000000000000000e+00,0.000000000000000000e+00,0.000000000000000000e+00,1.000000000000000056e-01
9.999237794234817622e-01,-1.193641135505734210e-02,-3.155539165189479023e-03,2.001015354266674873e+00,1.193596226412605224e-02,9.999287508855105866e-01,-1.611129162150422961e-04,2.351829787072236624e-02,3.157237445860778223e-03,1.234362396970103840e-04,9.999950082951439834e-01,1.659117873367931678e-02,0.000000000000000000e+00,0.000000000000000000e+00,0.000000000000000000e+00,1.000000000000000056e-01
9.998456285882222350e-01,-1.707141730505533708e-02,-4.157607992500946675e-03,2.705494402367651485e+00,1.706793496804992830e-02,9.998539522634569687e-01,-8.716301229234087308e-04,3.301897360258320563e-02,4.171880744828290397e-03,8.005337853121341973e-04,9.999909772376496253e-01,1.898334849025983331e-02,0.000000000000000000e+00,0.000000000000000000e+00,0.000000000000000000e+00,1.000000000000000056e-01
9.997468963162818856e-01,-2.212939830089881432e-02,-4.053768222483847446e-03,3.417110375886182716e+00,2.212823078001296268e-02,9.997550853850791786e-01,-3.326397744360394104e-04,3.937011840170025895e-02,4.060136513459875092e-03,2.428528633279730198e-04,9.999917281227774790e-01,3.633480162886538328e-02,0.000000000000000000e+00,0.000000000000000000e+00,0.000000000000000000e+00,1.000000000000000056e-01
9.996154028113530821e-01,-2.738625253949036886e-02,-4.363442922702648157e-03,4.159164067969070011e+00,2.739232732209050114e-02,9.996238635890241087e-01,1.338561627895333648e-03,6.777611823350858378e-02,4.325143486160990848e-03,-1.457571677646344373e-03,9.999895842550704517e-01,4.717197572437975550e-02,0.000000000000000000e+00,0.000000000000000000e+00,0.000000000000000000e+00,1.000000000000000056e-01
9.994664644418811417e-01,-3.231972505786429029e-02,-4.714003418540028620e-03,4.927043496100293574e+00,3.233578337229511823e-02,9.994713769652648905e-01,3.371014811205956876e-03,1.001082617634363736e-01,4.602561215883003987e-03,-3.521647248295401746e-03,9.999832070744550938e-01,5.711966623213790561e-02,0.000000000000000000e+00,0.000000000000000000e+00,0.000000000000000000e+00,1.000000000000000056e-01
9.993097667996857503e-01,-3.688039733777216667e-02,-4.452670093971508244e-03,5.697602317339697464e+00,3.689778142048695531e-02,9.993114843960008153e-01,3.887271601955775025e-03,1.416076598664171016e-01,4.306240239892381375e-03,-4.048882125902365965e-03,9.999825312716852377e-01,6.517071157847424689e-02,0.000000000000000000e+00,0.000000000000000000e+00,0.000000000000000000e+00,1.000000000000000056e-01
9.991994724757703450e-01,-3.995791348658138398e-02,-1.944056054015192055e-03,6.491116753753180646e+00,3.996603814486522632e-02,9.991916256514057348e-01,4.337167636165950926e-03,1.838511277473243444e-01,1.769180359786176951e-03,-4.411391832506529609e-03,9.999887047476859747e-01,7.641334806083117936e-02,0.000000000000000000e+00,0.000000000000000000e+00,0.000000000000000000e+00,1.000000000000000056e-01
9.990592598437134653e-01,-4.336507055506631791e-02,-2.568584933611662104e-04,7.288510159145671352e+00,4.336555032623469474e-02,9.990565828557463890e-01,2.318037424609909955e-03,2.203260642112094825e-01,1.560943121873891804e-04,-2.326995563641378467e-03,9.999972803594080473e-01,8.320132729581479480e-02,0.000000000000000000e+00,0.000000000000000000e+00,0.000000000000000000e+00,1.000000000000000056e-01
9.989371422331017047e-01,-4.609062296645609347e-02,4.902465990424122004e-04,8.096948863370727167e+00,4.608914123769895788e-02,9.989336951728298164e-01,2.695126773885268313e-03,2.712315999305058289e-01,-6.139439187092966127e-04,-2.669667192716301818e-03,9.999962479679335159e-01,9.759238942032213981e-02,0.000000000000000000e+00,0.000000000000000000e+00,0.000000000000000000e+00,1.000000000000000056e-01
9.988151584634799018e-01,-4.866464593881502515e-02,-1.773674809535880699e-04,8.927478359498449478e+00,4.866488367723801473e-02,9.988136014046409272e-01,1.765997104151329324e-03,3.059548006525154573e-01,9.121542862082528797e-05,-1.772536245257687543e-03,9.999984248962618949e-01,1.009915144035853085e-01,0.000000000000000000e+00,0.000000000000000000e+00,0.000000000000000000e+00,1.000000000000000056e-01
9.987078655765631030e-01,-5.080960230677573214e-02,-9.917403556033213812e-04,9.700704764034004057e+00,5.081169467531639755e-02,9.987057999050052981e-01,2.212898625325860139e-03,3.768612388010884051e-01,8.780203460428717384e-04,-2.260431270982606392e-03,9.999970597610480239e-01,1.185621649731922328e-01,0.000000000000000000e+00,0.000000000000000000e+00,0.000000000000000000e+00,1.000000000000000056e-01
9.985770873169387274e-01,-5.331363905487555149e-02,-1.206887047440584467e-03,1.050317288676981597e+01,5.331402841497100836e-02,9.985777529417256826e-01,2.927524917488032630e-04,4.394117764771964252e-01,1.189562855210181446e-03,-3.566799408562039181e-04,9.999992288595193068e-01,1.270778203864794398e-01,0.000000000000000000e+00,0.000000000000000000e+00,0.000000000000000000e+00,1.000000000000000056e-01
9.984431126527689715e-01,-5.576925367419654361e-02,-1.068241954426762822e-03,1.131010708997914271e+01,5.576908431358263557e-02,9.984436759292092400e-01,-1.877013389832920902e-04,4.967651871444039302e-01,1.077047387348405551e-03,1.278342335198382417e-04,9.999994118134940546e-01,1.503500430655549391e-01,0.000000000000000000e+00,0.000000000000000000e+00,0.000000000000000000e+00,1.000000000000000056e-01
9.982861270987947178e-01,-5.848521306675349279e-02,-2.070819795536169277e-03,1.216418239340522511e+01,5.848579802159473845e-02,9.982882157472465767e-01,2.230021435245257641e-04,5.461664796069998218e-01,2.054232670941505499e-03,-3.437334944946768517e-04,9.999978309853568836e-01,1.549261335726162814e-01,0.000000000000000000e+00,0.000000000000000000e+00,0.000000000000000000e+00,1.000000000000000056e-01
9.981981094086956885e-01,-5.989051290754539292e-02,-3.696056895778345244e-03,1.304150606023860881e+01,5.990346532073352603e-02,9.981980418071921823e-01,3.499167737424624478e-03,6.073790560315901477e-01,3.479829805230017468e-03,-3.714269236080879315e-03,9.999870474103994544e-01,1.697353056464470378e-01,0.000000000000000000e+00,0.000000000000000000e+00,0.000000000000000000e+00,1.000000000000000056e-01
9.983668971390970981e-01,-5.697621904601188336e-02,-4.153210814836408478e-03,1.392821232877827597e+01,5.700561425516761926e-02,9.983468691092441949e-01,7.340904791687182483e-03,6.695237946651568794e-01,3.728088014335494658e-03,-7.565672672701217495e-03,9.999644303457833061e-01,1.875829242023816790e-01,0.000000000000000000e+00,0.000000000000000000e+00,0.000000000000000000e+00,1.000000000000000056e-01
9.975289387393043716e-01,-7.011973703916450640e-02,-4.386211941486862533e-03,1.488594222329088623e+01,7.014139010859070378e-02,9.975245563634816959e-01,4.994481501966891931e-03,7.611634707724083126e-01,4.025142391482998579e-03,-5.289794835096908732e-03,9.999779079056351216e-01,1.915898196558819822e-01,0.000000000000000000e+00,0.000000000000000000e+00,0.000000000000000000e+00,1.000000000000000056e-01
9.972744601620746607e-01,-7.371063117050506708e-02,-3.223966638841172221e-03,1.582627540775461128e+01,7.371404926741430275e-02,9.972789620088104989e-01,9.543978366696656817e-04,8.417309076726016137e-01,3.144844836205872279e-03,-1.189448222996630994e-03,9.999943475659655023e-01,1.890872861337526412e-01,0.000000000000000000e+00,0.000000000000000000e+00,0.000000000000000000e+00,1.000000000000000056e-01
9.970695665982555189e-01,-7.648658689659892929e-02,-1.442701797333977715e-03,1.673085149891717194e+01,7.648968333361966243e-02,9.970678804399436546e-01,2.229380748295409567e-03,9.258599895268742053e-01,1.267953898844584749e-03,-2.333199500108318683e-03,9.999964742302860365e-01,2.048243793555965808e-01,0.000000000000000000e+00,0.000000000000000000e+00,0.000000000000000000e+00,1.000000000000000056e-01
9.970262540372643034e-01,-7.705452898696062147e-02,-1.117283767928333067e-03,1.760297597564030170e+01,7.705640495074499163e-02,9.970252056599800961e-01,1.746348974603710450e-03,1.001527039648877127e+00,9.793959808143534382e-04,-1.827249646857334814e-03,9.999978509688112194e-01,2.213463064307300554e-01,0.000000000000000000e+00,0.000000000000000000e+00,0.000000000000000000e+00,1.000000000000000056e-01
9.969716701503062994e-01,-7.774274332891058237e-02,-1.885411733270079453e-03,1.850193227198376533e+01,7.774444196979289623e-02,9.969729624446213023e-01,8.449243759808973929e-04,1.074989785997366942e+00,1.814017782251896522e-03,-9.889459493587630153e-04,9.999978656604197047e-01,2.241814005401330523e-01,0.000000000000000000e+00,0.000000000000000000e+00,0.000000000000000000e+00,1.000000000000000056e-01
9.968034129653680075e-01,-7.989233503189153984e-02,-4.131630984594172971e-04,1.941986029193067154e+01,7.989234339577748478e-02,9.968034979135300677e-01,3.752617428697396513e-06,1.150979409823021493e+00,4.115426163842794303e-04,-3.674919000106208081e-05,9.999999146410822881e-01,2.341741386453356499e-01,0.000000000000000000e+00,0.000000000000000000e+00,0.000000000000000000e+00,1.000000000000000056e-01
9.966382618529987525e-01,-8.192101153725962759e-02,1.059660014196875041e-03,2.034523860678812213e+01,8.192337827203603762e-02,9.966356787776810000e-01,-2.425671009850275447e-03,1.214467381938439505e+00,-8.573815547391290320e-04,2.504327467267188686e-03,9.999964966142662615e-01,2.501922713149415389e-01,0.000000000000000000e+00,0.000000000000000000e+00,0.000000000000000000e+00,1.000000000000000056e-01
9.966627743827038977e-01,-8.152747894847318932e-02,4.072387024561759106e-03,2.127860472088637067e+01,8.153437230679531911e-02,9.966693156046632085e-01,-1.556105609887955578e-03,1.304093680112061948e+00,-3.931957821295538336e-03,1.882952054221400176e-03,9.999904970544735150e-01,2.525127818971137916e-01,0.000000000000000000e+00,0.000000000000000000e+00,0.000000000000000000e+00,1.000000000000000056e-01
9.967815615278712293e-01,-7.981877004577669910e-02,7.448660714394656455e-03,2.224176763107234223e+01,7.983323899771146981e-02,9.968068421770659437e-01,-1.665334837246918581e-03,1.394259156596652005e+00,-7.291950986740672845e-03,2.254625770562879682e-03,9.999708716324899882e-01,2.641827835176370209e-01,0.000000000000000000e+00,0.000000000000000000e+00,0.000000000000000000e+00,1.000000000000000056e-01
9.969405308628150886e-01,-7.754439212207761556e-02,9.820650354527308765e-03,2.321438599309899331e+01,7.755617616788271218e-02,9.969876429236631532e-01,-8.242546540561284437e-04,1.471444895674492992e+00,-9.727150722835043936e-03,1.583384961359762593e-03,9.999514365362346391e-01,2.668882741664651559e-01,0.000000000000000000e+00,0.000000000000000000e+00,0.000000000000000000e+00,1.000000000000000056e-01
9.970943384385650976e-01,-7.545672688956350793e-02,1.044809173361608938e-02,2.413416819782775491e+01,7.547974287212821931e-02,9.971456637936777501e-01,-1.825813085489840382e-03,1.557096378033863360e+00,-1.028049948775065607e-02,2.609127168146718485e-03,9.999437503108375980e-01,2.643423882049445450e-01,0.000000000000000000e+00,0.000000000000000000e+00,0.000000000000000000e+00,1.000000000000000056e-01
9.971769256497506895e-01,-7.462879828143928473e-02,8.289838284295318951e-03,2.507453500985461758e+01,7.464972933991129156e-02,9.972072906347959620e-01,-2.244418474266322589e-03,1.633394918850373134e+00,-8.099188921707583741e-03,2.856916498234676315e-03,9.999631199033955919e-01,2.712715768619688994e-01,0.000000000000000000e+00,0.000000000000000000e+00,0.000000000000000000e+00,1.000000000000000056e-01
9.973966866500915129e-01,-7.193056719917209629e-02,5.083597331075276164e-03,2.600546175573005669e+01,7.195096585080240637e-02,9.974003473378155737e-01,-3.950397896605390216e-03,1.708067812595628343e+00,-4.786227382374831120e-03,4.305883510991134755e-03,9.999792754825641561e-01,2.724621000486880384e-01,0.000000000000000000e+00,0.000000000000000000e+00,0.000000000000000000e+00,1.000000000000000056e-01
9.974646106275396606e-01,-7.109982778056087027e-02,3.027380918444147646e-03,2.695864067001594222e+01,7.111200678750725923e-02,9.974598045569572635e-01,-4.125625267772374538e-03,1.778927021688722965e+00,-2.726359533205015111e-03,4.330448333734479918e-03,9.999869070047490149e-01,2.798476081810848393e-01,0.000000000000000000e+00,0.000000000000000000e+00,0.000000000000000000e+00,1.000000000000000056e-01
9.973796009020942099e-01,-7.219662501726731296e-02,4.645324584500654629e-03,2.792729005140814991e+01,7.222217758897384043e-02,9.973729013287315759e-01,-5.590416747873988394e-03,1.849839989616302471e+00,-4.229511636820593688e-03,5.911263081971173707e-03,9.999735837511357639e-01,2.874402309430084679e-01,0.000000000000000000e+00,0.000000000000000000e+00,0.000000000000000000e+00,1.000000000000000056e-01
9.975232672923489696e-01,-6.988287654019609274e-02,7.982153648267995352e-03,2.892192924117403763e+01,6.995803338268999361e-02,9.975041265867057305e-01,-9.559864419525311574e-03,1.919503047946416352e+00,-7.294160378225752854e-03,1.009460296202805904e-02,9.999224441002491082e-01,2.928160397117446911e-01,0.000000000000000000e+00,0.000000000000000000e+00,0.000000000000000000e+00,1.000000000000000056e-01
9.973755883469158645e-01,-7.135360199814000381e-02,1.227188867023165306e-02,2.986652786743470855e+01,7.150022354117155365e-02,9.973689357772149711e-01,-1.195508177253913965e-02,1.973255206067950907e+00,-1.138656239635242942e-02,1.280114949981564845e-02,9.998532276130719376e-01,2.985413580401579114e-01,0.000000000000000000e+00,0.000000000000000000e+00,0.000000000000000000e+00,1.000000000000000056e-01
9.974129438874799192e-01,-7.082588236850199948e-02,1.229283337697213881e-02,3.077262616184585653e+01,7.106004738938086207e-02,9.972756939784630514e-01,-1.979039829801182079e-02,2.019397945847935638e+00,-1.085767151510071658e-02,2.061272874944314673e-02,9.997285763559887739e-01,3.131665468813166209e-01,0.000000000000000000e+00,0.000000000000000000e+00,0.000000000000000000e+00,1.000000000000000056e-01
9.973904235869608392e-01,-7.158102879928184004e-02,9.407404161577641311e-03,3.171193954821492866e+01,7.177462744485381407e-02,9.971744820640147111e-01,-2.216878831863386412e-02,2.083985918619892352e+00,-7.793958697306727253e-03,2.278615010045230427e-02,9.997099807301237373e-01,3.091371662939292331e-01,0.000000000000000000e+00,0.000000000000000000e+00,0.000000000000000000e+00,1.000000000000000056e-01
9.974371565582553778e-01,-7.118689363551336524e-02,7.179477105501425385e-03,3.269091472277448673e+01,7.133544987456988395e-02,9.971836434022660622e-01,-2.315242799740483901e-02,2.166209240071025111e+00,-5.511107708531927038e-03,2.360524317833634714e-02,9.997061669242200965e-01,3.079769472733899782e-01,0.000000000000000000e+00,0.000000000000000000e+00,0.000000000000000000e+00,1.000000000000000056e-01
9.973975175069689225e-01,-7.185662906404149952e-02,5.900587300295944901e-03,3.365758631194211858e+01,7.197428069483954860e-02,9.971410186291731481e-01,-2.301069068140602220e-02,2.244801203158236280e+00,-4.230246966326272479e-03,2.337549628837101712e-02,9.997178057751479052e-01,3.064329957442370467e-01,0.000000000000000000e+00,0.000000000000000000e+00,0.000000000000000000e+00,1.000000000000000056e-01
9.975081648201176154e-01,-7.014231688816355281e-02,7.583963262135430539e-03,3.461264622535998825e+01,7.030573418035870881e-02,9.972365962738963807e-01,-2.400572418017074897e-02,2.301475657966896016e+00,-5.879188597222825483e-03,2.447910197728134576e-02,9.996830541265687708e-01,3.189727447693514462e-01,0.000000000000000000e+00,0.000000000000000000e+00,0.000000000000000000e+00,1.000000000000000056e-01
9.973393157137669940e-01,-7.223870952967550996e-02,9.790718925704296541e-03,3.559075820764434184e+01,7.244190316037593669e-02,9.971235092108852172e-01,-2.229076143770093721e-02,2.388523765004131327e+00,-8.152300172202324793e-03,2.294071107130180726e-02,9.997035879586735341e-01,3.145300643242976424e-01,0.000000000000000000e+00,0.000000000000000000e+00,0.000000000000000000e+00,1.000000000000000056e-01
9.973410851300520408e-01,-7.197383928694318922e-02,1.142481377999530513e-02,3.657196773867895701e+01,7.219969942558256137e-02,9.971739153996358462e-01,-2.076983026929755949e-02,2.466493564821389484e+00,-9.897641863890123057e-03,2.153947317965714675e-02,9.997190044110779716e-01,3.234574691429622506e-01,0.000000000000000000e+00,0.000000000000000000e+00,0.000000000000000000e+00,1.000000000000000056e-01
9.973894738293060946e-01,-7.108764035451708985e-02,1.268009792259916155e-02,3.757158792220040056e+01,7.133175585321946399e-02,9.972527543861425814e-01,-1.996808644183676110e-02,2.544166248498977545e+00,-1.122577843165281641e-02,2.082045287881142612e-02,9.997202061779708604e-01,3.191525675968037157e-01,0.000000000000000000e+00,0.000000000000000000e+00,0.000000000000000000e+00,1.000000000000000056e-01
9.972858680756256922e-01,-7.196053637254852531e-02,1.557493311770260201e-02,3.856317244208741357e+01,7.225626264578054181e-02,9.971985934435304566e-01,-1.933902124484268570e-02,2.612737014025182880e+00,-1.413965505625110371e-02,2.041191904793909079e-02,9.996916643223903165e-01,3.361130043356648778e-01,0.000000000000000000e+00,0.000000000000000000e+00,0.000000000000000000e+00,1.000000000000000056e-01
9.974465063070990789e-01,-6.941103185586267044e-02,1.680998847312348971e-02,3.957614409256265731e+01,6.971313423845934554e-02,9.974027456649072754e-01,-1.810640369468094479e-02,2.692380770789860822e+00,-1.550954449404220309e-02,1.923204609001927246e-02,9.996947446259676351e-01,3.325017469826468952e-01,0.000000000000000000e+00,0.000000000000000000e+00,0.000000000000000000e+00,1.000000000000000056e-01
9.974079595114802022e-01,-7.025371354557392867e-02,1.554921336279773379e-02,4.058575327344327377e+01,7.056417336131205753e-02,9.972984276756586830e-01,-2.040939963579709721e-02,2.774106349998329613e+00,-1.407336992266109039e-02,2.145371503295921689e-02,9.996707849938921697e-01,3.458284948453964613e-01,0.000000000000000000e+00,0.000000000000000000e+00,0.000000000000000000e+00,1.000000000000000056e-01
9.974612258944215437e-01,-6.993458026846670339e-02,1.342599418557384981e-02,4.159355015973221725e+01,7.015910616474842210e-02,9.973900686241503610e-01,-1.705141730402787853e-02,2.846924641137685175e+00,-1.219846954995728629e-02,1.795008335874596905e-02,9.997644681864088501e-01,3.612146555628503175e-01,0.000000000000000000e+00,0.000000000000000000e+00,0.000000000000000000e+00,1.000000000000000056e-01
9.975963489211836510e-01,-6.839412162976102327e-02,1.112514025158384962e-02,4.262631049705237984e+01,6.855588799348685813e-02,9.975363882642093172e-01,-1.487428351958913070e-02,2.920331412878716559e+00,-1.008041866930340161e-02,1.560122480096006597e-02,9.998274785902623307e-01,3.696427180682332336e-01,0.000000000000000000e+00,0.000000000000000000e+00,0.000000000000000000e+00,1.000000000000000056e-01
9.975794350470383876e-01,-6.864059368487029911e-02,1.112383341389989316e-02,4.367522059535979650e+01,6.883677967908741202e-02,9.974594495785861215e-01,-1.833423600254014546e-02,2.989921257890364892e+00,-9.837099910259591851e-03,1.905558566333256931e-02,9.997700316174630286e-01,3.785968162198203868e-01,0.000000000000000000e+00,0.000000000000000000e+00,0.000000000000000000e+00,1.000000000000000056e-01
9.975839028613462389e-01,-6.829667249951741625e-02,1.272482917047213814e-02,4.468835564007578398e+01,6.854632574025552871e-02,9.974405380261949228e-01,-2.034144364408712116e-02,3.075381426761065740e+00,-1.130300753935954174e-02,2.116453702561084740e-02,9.997121107564200804e-01,3.869264673285992551e-01,0.000000000000000000e+00,0.000000000000000000e+00,0.000000000000000000e+00,1.000000000000000056e-01
9.975775906008003124e-01,-6.827836178926932620e-02,1.330473759514525303e-02,4.567510974530247125e+01,6.854667112257120665e-02,9.974294286414299160e-01,-2.087794908616975170e-02,3.140349069683133987e+00,-1.184502465662643986e-02,2.173936961837392989e-02,9.996935006288075742e-01,3.885574879847377705e-01,0.000000000000000000e+00,0.000000000000000000e+00,0.000000000000000000e+00,1.000000000000000056e-01
9.970129772081095521e-01,-7.642830653273890995e-02,1.112821814843844778e-02,4.659094431799275782e+01,7.660574203632039558e-02,9.969248945166403475e-01,-1.650196897495168069e-02,3.196673087292344562e+00,-9.832780160578806494e-03,1.730516262631560942e-02,9.998019042694360481e-01,4.010951479947661991e-01,0.000000000000000000e+00,0.000000000000000000e+00,0.000000000000000000e+00,1.000000000000000056e-01
9.970422423171096948e-01,-7.649049242923045000e-02,7.481417192200618890e-03,4.754824696495065695e+01,7.660264145162382077e-02,9.969321664314723108e-01,-1.607142983325511934e-02,3.272216993166526589e+00,-6.229153867410717332e-03,1.659699075691493594e-02,9.998428564229036031e-01,3.967703853540609504e-01,0.000000000000000000e+00,0.000000000000000000e+00,0.000000000000000000e+00,1.000000000000000056e-01
9.971367124873463661e-01,-7.527680449538440288e-02,7.195784522262181626e-03,4.849494975966209864e+01,7.538273471467782372e-02,9.970294767387963830e-01,-1.580081709590751976e-02,3.363512841400008835e+00,-5.984974257560235836e-03,1.629801272933276146e-02,9.998492660717468450e-01,4.079301084227769936e-01,0.000000000000000000e+00,0.000000000000000000e+00,0.000000000000000000e+00,1.000000000000000056e-01
9.972526076466952105e-01,-7.350368803144712027e-02,9.189362744082704704e-03,4.946607315473416833e+01,7.364518818397371158e-02,9.971537900336940874e-01,-1.614637045241637883e-02,3.450661263503332687e+00,-7.976390111681906647e-03,1.677876238628054836e-02,9.998274102731785629e-01,4.136205858899049126e-01,0.000000000000000000e+00,0.000000000000000000e+00,0.000000000000000000e+00,1.000000000000000056e-01
9.972530427973682610e-01,-7.309204777013568466e-02,1.199671555713071811e-02,5.046502379674892325e+01,7.329082576861191411e-02,9.971646444651707242e-01,-1.706243496118452913e-02,3.540556647926372591e+00,-1.071557229201830150e-02,1.789481437226673327e-02,9.997824524010394676e-01,4.295747657834109723e-01,0.000000000000000000e+00,0.000000000000000000e+00,0.000000000000000000e+00,1.000000000000000056e-01
9.973570353179348480e-01,-7.157167982849835242e-02,1.250754765517997705e-02,5.140107890747435704e+01,7.181220127684009857e-02,9.972181542815727884e-01,-1.997399607058798071e-02,3.612329439340677961e+00,-1.104318113562758469e-02,2.081940003410716333e-02,9.997222617970580316e-01,4.397508088327854447e-01,0.000000000000000000e+00,0.000000000000000000e+00,0.000000000000000000e+00,1.000000000000000056e-01
9.974125382350595981e-01,-7.090938045331461603e-02,1.183589182202939190e-02,5.233900708467110974e+01,7.117148274383199025e-02,9.971889482338419652e-01,-2.342694099383079570e-02,3.682222690096864870e+00,-1.014143064563012044e-02,2.420870265030917318e-02,9.996554857051747067e-01,4.434426996108041252e-01,0.000000000000000000e+00,0.000000000000000000e+00,0.000000000000000000e+00,1.000000000000000056e-01
9.974212202596582921e-01,-7.089313911278337377e-02,1.118356841395904896e-02,5.332325071606273781e+01,7.116602135417875175e-02,9.971189214173553639e-01,-2.625364652969946686e-02,3.759691366620090403e+00,-9.290144258876226191e-03,2.698183422648231175e-02,9.995927539960580699e-01,4.575848658545496606e-01,0.000000000000000000e+00,0.000000000000000000e+00,0.000000000000000000e+00,1.000000000000000056e-01
9.973299320402678747e-01,-7.182250508670640077e-02,1.321114755139711668e-02,5.428774433969792312e+01,7.218648245580958078e-02,9.969542067610643876e-01,-2.951984708757749223e-02,3.838454212839631730e+00,-1.105071975990016241e-02,3.039469336063279833e-02,9.994768852796452885e-01,4.485962361238681750e-01,0.000000000000000000e+00,0.000000000000000000e+00,0.000000000000000000e+00,1.000000000000000056e-01
9.971796431574074804e-01,-7.302598659918345392e-02,1.731948479837816524e-02,5.524345502993406143e+01,7.355036019195089481e-02,9.967822526077768641e-01,-3.186668168793734685e-02,3.922607713309676836e+00,-1.493665920142978054e-02,3.305066061944778727e-02,9.993420585788023169e-01,4.554140523212598102e-01,0.000000000000000000e+00,0.000000000000000000e+00,0.000000000000000000e+00,1.000000000000000056e-01
9.970324565744521639e-01,-7.387072065575998880e-02,2.166557561921398159e-02,5.620126932289616661e+01,7.450608256967371223e-02,9.967646139981174436e-01,-3.015208021521637721e-02,3.990794403796812606e+00,-1.936812322436453140e-02,3.167681977381178737e-02,9.993104897336879677e-01,4.736846644968583653e-01,0.000000000000000000e+00,0.000000000000000000e+00,0.000000000000000000e+00,1.000000000000000056e-01
9.969032514279341228e-01,-7.505797329624444569e-02,2.345651161348195901e-02,5.716782602955495207e+01,7.568166692567077081e-02,9.967680473577926747e-01,-2.693965586055070000e-02,4.064922227528597887e+00,-2.135866530860457135e-02,2.863145841890226556e-02,9.993618198655788154e-01,4.619717890640512858e-01,0.000000000000000000e+00,0.000000000000000000e+00,0.000000000000000000e+00,1.000000000000000056e-01
9.967342880806681071e-01,-7.858041559243657270e-02,1.859777539502387514e-02,5.806609708649710910e+01,7.908355728211065305e-02,9.964726884899776094e-01,-2.807084005089935039e-02,4.144401610220136867e+00,-1.632635697058371430e-02,2.944994700973166749e-02,9.994329145516436252e-01,4.654093924653444625e-01,0.000000000000000000e+00,0.000000000000000000e+00,0.000000000000000000e+00,1.000000000000000056e-01
9.964706081947367622e-01,-8.296923726880821304e-02,1.274490765143147797e-02,5.898435805730820647e+01,8.329421016269290823e-02,9.961446477949916778e-01,-2.753026012890469332e-02,4.227863458354873316e+00,-1.041160685890779938e-02,2.849467207083142273e-02,9.995397201243136909e-01,4.637477459881668151e-01,0.000000000000000000e+00,0.000000000000000000e+00,0.000000000000000000e+00,1.000000000000000056e-01
9.965297950083967793e-01,-8.285956548872405736e-02,7.915811237166451436e-03,5.993797305224385497e+01,8.305970033487813931e-02,9.961030170717136700e-01,-2.966252789142416468e-02,4.308462409528763359e+00,-5.427139283531112746e-03,3.021707774833828214e-02,9.995286260890920982e-01,4.737135854397316326e-01,0.000000000000000000e+00,0.000000000000000000e+00,0.000000000000000000e+00,1.000000000000000056e-01
9.963959735295134790e-01,-8.442581985637440112e-02,8.206392371317603254e-03,6.084983429401779631e+01,8.461765133802967576e-02,9.960522769314901215e-01,-2.682749898200947544e-02,4.396555114081625248e+00,-5.909062210591909878e-03,2.742521761396058202e-02,9.996063927479746924e-01,4.763597779474095795e-01,0.000000000000000000e+00,0.000000000000000000e+00,0.000000000000000000e+00,1.000000000000000056e-01
9.963362671978500673e-01,-8.486090468824709909e-02,1.061459004137876166e-02,6.177899570179205568e+01,8.511259738281191922e-02,9.960301598410757906e-01,-2.607233119059991500e-02,4.491293906774243894e+00,-8.359930203396068876e-03,2.688024446416387159e-02,9.996037034868073823e-01,4.969614415309728805e-01,0.000000000000000000e+00,0.000000000000000000e+00,0.000000000000000000e+00,1.000000000000000056e-01
9.961678411904986152e-01,-8.688978393523971722e-02,9.989876152834576556e-03,6.267429309365606116e+01,8.711956205259255293e-02,9.958717412684002790e-01,-2.548836697022640110e-02,4.576550927612433206e+00,-7.733956660473963879e-03,2.626100513559622915e-02,9.996252025252475581e-01,5.119529582044259897e-01,0.000000000000000000e+00,0.000000000000000000e+00,0.000000000000000000e+00,1.000000000000000056e-01
9.959712582516918600e-01,-8.912263054182359423e-02,9.920154325786993341e-03,6.348854487898251620e+01,8.933453135115695942e-02,9.957246358154009380e-01,-2.349023496171102898e-02,4.656634406830385764e+00,-7.784230521443629217e-03,2.428181120906854756e-02,9.996748468375085128e-01,5.205170768506373058e-01,0.000000000000000000e+00,0.000000000000000000e+00,0.000000000000000000e+00,1.000000000000000056e-01
9.958090142455024996e-01,-9.086292644699145438e-02,1.040844584408200969e-02,6.430877797400222562e+01,9.107800872717491947e-02,9.955897302866038023e-01,-2.249189352055692287e-02,4.738113737952480697e+00,-8.318862524000403616e-03,2.334561083664422193e-02,9.996928423175643896e-01,5.297438683641298995e-01,0.000000000000000000e+00,0.000000000000000000e+00,0.000000000000000000e+00,1.000000000000000056e-01
9.957441471186452286e-01,-9.166561587065459593e-02,9.539829454208817797e-03,6.510406414587767188e+01,9.186856560042667985e-02,9.954910836836320387e-01,-2.361501558136279433e-02,4.815736666969191226e+00,-7.332130214466643300e-03,2.439092399728847588e-02,9.996756087316908124e-01,5.328322761447129574e-01,0.000000000000000000e+00,0.000000000000000000e+00,0.000000000000000000e+00,1.000000000000000056e-01
9.957489935471437459e-01,-9.160838123830868096e-02,9.583649448249102407e-03,6.590685903745702490e+01,9.182689359144972918e-02,9.954458196593383157e-01,-2.560159635828588090e-02,4.893481898468948543e+00,-7.194682980840945777e-03,2.637280056506551354e-02,9.996262861325528881e-01,5.418078124740995927e-01,0.000000000000000000e+00,0.000000000000000000e+00,0.000000000000000000e+00,1.000000000000000056e-01
9.956187041308355301e-01,-9.285633733931150657e-02,1.100439006778085316e-02,6.666326762641483583e+01,9.311443556410917144e-02,9.953190003357242910e-01,-2.588029096188346548e-02,4.967811270618919472e+00,-8.549729493571828209e-03,2.679156931988809290e-02,9.996044787509529295e-01,5.542024096448834314e-01,0.000000000000000000e+00,0.000000000000000000e+00,0.000000000000000000e+00,1.000000000000000056e-01
9.953113881364945570e-01,-9.574338120394665363e-02,1.372754899609223041e-02,6.745989543374949449e+01,9.605970861536611283e-02,9.950713012278451508e-01,-2.460971055201446184e-02,5.059725976727449392e+00,-1.130367314351018830e-02,2.581298952773063149e-02,9.996028794201755607e-01,5.622440341986846279e-01,0.000000000000000000e+00,0.000000000000000000e+00,0.000000000000000000e+00,1.000000000000000056e-01
9.952053543858684348e-01,-9.640073790645843632e-02,1.652877287606026313e-02,6.820124910754951486e+01,9.677140271458888054e-02,9.950333819563339510e-01,-2.332090069425640788e-02,5.138476642617597179e+00,-1.419852873888480770e-02,2.480859777639229241e-02,9.995913841455518201e-01,5.697221707603975505e-01,0.000000000000000000e+00,0.000000000000000000e+00,0.000000000000000000e+00,1.000000000000000056e-01
9.949764351418804997e-01,-9.848665316057085561e-02,1.795195425530603586e-02,6.892880573817909351e+01,9.885322691939636697e-02,9.948841231627925108e-01,-2.082356852760364543e-02,5.212011927498438446e+00,-1.580927069720522785e-02,2.249356858817412250e-02,9.996219817171847488e-01,5.755225113672634008e-01,0.000000000000000000e+00,0.000000000000000000e+00,0.000000000000000000e+00,1.000000000000000056e-01
9.950929904379943736e-01,-9.780425982714342770e-02,1.497555143673080097e-02,6.959654606109947395e+01,9.808784476339928171e-02,9.949858449178987652e-01,-1.954336518326219019e-02,5.292674822256223877e+00,-1.298903733310652689e-02,2.091638526800650849e-02,9.996968489179505202e-01,5.880915267609897468e-01,0.000000000000000000e+00,0.000000000000000000e+00,0.000000000000000000e+00,1.000000000000000056e-01
9.950808522365889308e-01,-9.861812554443721845e-02,9.410782443855644427e-03,7.028733179299557321e+01,9.878225119766265161e-02,9.949286314510982221e-01,-1.894954266378491570e-02,5.367401443672687122e+00,-7.494288520322507294e-03,1.978594533870819960e-02,9.997761509491150944e-01,5.902184243693520127e-01,0.000000000000000000e+00,0.000000000000000000e+00,0.000000000000000000e+00,1.000000000000000056e-01
9.952307278583549799e-01,-9.750047509019454939e-02,3.075009547182558887e-03,7.101751303557458073e+01,9.754430149230494673e-02,9.949965474201634130e-01,-2.160971698872807267e-02,5.429445843504146829e+00,-9.526662097650503980e-04,2.180660402586698937e-02,9.997617538433603013e-01,6.080659871854319221e-01,0.000000000000000000e+00,0.000000000000000000e+00,0.000000000000000000e+00,1.000000000000000056e-01
9.950981844512056806e-01,-9.889161721063025046e-02,2.265996036751058516e-04,7.171543371692308710e+01,9.887648183534625268e-02,9.949002304095201366e-01,-1.992417804949770874e-02,5.505049949028943068e+00,1.744890191000300237e-03,1.984891877533441137e-02,9.998014681833946593e-01,6.082292273391423088e-01,0.000000000000000000e+00,0.000000000000000000e+00,0.000000000000000000e+00,1.000000000000000056e-01
9.950612551702808783e-01,-9.922032686892089115e-02,2.902618640064810220e-03,7.237423222180710525e+01,9.925786312161762048e-02,9.948774130973155883e-01,-1.915227185802067730e-02,5.579146734834090182e+00,-9.874550498004798591e-04,1.934579139807431417e-02,9.998123650404143747e-01,6.202446532021196335e-01,0.000000000000000000e+00,0.000000000000000000e+00,0.000000000000000000e+00,1.000000000000000056e-01
9.949361886596892468e-01,-1.003081263440672027e-01,6.345099264301501570e-03,7.297739424170012512e+01,1.004185191827093732e-01,9.947339095981883039e-01,-2.050780584692510691e-02,5.645435642599132109e+00,-4.254585818034257484e-03,2.104112365930101494e-02,9.997695582556367366e-01,6.355983642057972949e-01,0.000000000000000000e+00,0.000000000000000000e+00,0.000000000000000000e+00,1.000000000000000056e-01
9.949187391191830487e-01,-1.006189809208690028e-01,3.538817308199735789e-03,7.356687422172826984e+01,1.006725900600105444e-01,9.946784821354478501e-01,-2.190312277577606895e-02,5.697580481248637696e+00,-1.316115535991501263e-03,2.214808919901345083e-02,9.997538346936851728e-01,6.551846522242852355e-01,0.000000000000000000e+00,0.000000000000000000e+00,0.000000000000000000e+00,1.000000000000000056e-01
9.949033336023550556e-01,-1.008332378418232561e-01,1.222016989296367730e-04,7.420679841237974017e+01,1.007939116700727472e-01,9.944799726082488300e-01,-2.915769969222782240e-02,5.748472586875714718e+00,2.818538125782637550e-03,2.902140981122166771e-02,9.995748164171617267e-01,6.712743290652219974e-01,0.000000000000000000e+00,0.000000000000000000e+00,0.000000000000000000e+00,1.000000000000000056e-01
9.950394826477949595e-01,-9.943851413859597366e-02,-2.899978951087657519e-03,7.483003577630103109e+01,9.928971714169726459e-02,9.945121266581017361e-01,-3.297244303811209393e-02,5.818161351207308485e+00,6.162794977139276695e-03,3.252094457250657294e-02,9.994520539386477775e-01,6.973353519774979636e-01,0.000000000000000000e+00,0.000000000000000000e+00,0.000000000000000000e+00,1.000000000000000056e-01
9.954638339181453022e-01,-9.511198270306477076e-02,-2.337970760983019199e-03,7.543537860673006890e+01,9.499776949820180894e-02,9.950145961714400578e-01,-3.035419569273048804e-02,5.871134356165559787e+00,5.213362768292578026e-03,2.999440201234174555e-02,9.995364709186794760e-01,7.100682564760475435e-01,0.000000000000000000e+00,0.000000000000000000e+00,0.000000000000000000e+00,1.000000000000000056e-01
9.959291218024270975e-01,-9.013980321939409068e-02,1.488002720981371381e-05,7.600013216268746419e+01,9.011069691990826469e-02,9.956033126218890583e-01,-2.557549993508455646e-02,5.949331778447731089e+00,2.290555927004153669e-03,2.547272603962886031e-02,9.996728932914282773e-01,7.135174299625691718e-01,0.000000000000000000e+00,0.000000000000000000e+00,0.000000000000000000e+00,1.000000000000000056e-01
9.965246884484018075e-01,-8.325351362352204077e-02,2.719886422949371191e-03,7.655858539676606256e+01,8.329660959691886912e-02,9.961614282208740567e-01,-2.690880440686276714e-02,5.988206371576287879e+00,-4.691934294043704785e-04,2.704184524558827379e-02,9.996341923239918659e-01,7.274560988344210832e-01,0.000000000000000000e+00,0.000000000000000000e+00,0.000000000000000000e+00,1.000000000000000056e-01
9.970749158101442911e-01,-7.610742511387452724e-02,7.019409143916665803e-03,7.713550560135138312e+01,7.629265346840186091e-02,9.965832961580611826e-01,-3.164118906559080374e-02,6.016443019456181318e+00,-4.587296474403106464e-03,3.208416527307658001e-02,9.994746435251801175e-01,7.396298908820593265e-01,0.000000000000000000e+00,0.000000000000000000e+00,0.000000000000000000e+00,1.000000000000000056e-01
9.977453401031983748e-01,-6.645931557995828076e-02,9.348565397774871721e-03,7.768345740844877412e+01,6.674899025194099000e-02,9.971506940133013641e-01,-3.514350194755330031e-02,6.036974958875915398e+00,-6.986315387902625705e-03,3.568827260368468562e-02,9.993385505402390123e-01,7.543115488998753948e-01,0.000000000000000000e+00,0.000000000000000000e+00,0.000000000000000000e+00,1.000000000000000056e-01
9.983776259496843775e-01,-5.623954606706321052e-02,8.901093261105155405e-03,7.817985606757055450e+01,5.650567566064083197e-02,9.978508422132075228e-01,-3.317838622547788358e-02,6.075211587832292537e+00,-7.016026026653505651e-03,3.362752076147144248e-02,9.994098084500823154e-01,7.622000622530634706e-01,0.000000000000000000e+00,0.000000000000000000e+00,0.000000000000000000e+00,1.000000000000000056e-01
9.991482363085552043e-01,-4.045218553980391846e-02,8.150004083232156166e-03,7.867171344937939637e+01,4.066708596320834507e-02,9.987747367963883960e-01,-2.819952582165497629e-02,6.116061203626505183e+00,-6.999285732447608696e-03,2.850694340609743332e-02,9.995690892463997557e-01,7.593068423326544414e-01,0.000000000000000000e+00,0.000000000000000000e+00,0.000000000000000000e+00,1.000000000000000056e-01
9.996673210757387462e-01,-2.427752151608453604e-02,8.709140158019070682e-03,7.915173817705485249e+01,2.446765046623114101e-02,9.994489053617593433e-01,-2.243255785333738220e-02,6.131972587981837641e+00,-8.159733691629089680e-03,2.263818721137013032e-02,9.997104236857113913e-01,7.632034829665512721e-01,0.000000000000000000e+00,0.000000000000000000e+00,0.000000000000000000e+00,1.000000000000000056e-01
9.999582073233316271e-01,1.607875914141511983e-03,8.999907874732761617e-03,7.964581503627125869e+01,-1.397631929144427070e-03,9.997271117396069329e-01,-2.331841928120785903e-02,6.145042461163023439e+00,-9.034945030247236095e-03,2.330486618344533925e-02,9.996875776863850538e-01,7.665847623007832068e-01,0.000000000000000000e+00,0.000000000000000000e+00,0.000000000000000000e+00,1.000000000000000056e-01
9.995943641478742814e-01,2.617256886383634296e-02,1.122959495594395493e-02,8.014337645221158368e+01,-2.589225749086425388e-02,9.993664157880588483e-01,-2.442044219410015315e-02,6.136875168234216638e+00,-1.186162576688379669e-02,2.411977682310405269e-02,9.996387038326247643e-01,7.814730471607215234e-01,0.000000000000000000e+00,0.000000000000000000e+00,0.000000000000000000e+00,1.000000000000000056e-01
9.985142666495121500e-01,5.290317183365957771e-02,1.305808972726620575e-02,8.062607410025711374e+01,-5.259743734725724068e-02,9.983568326575308349e-01,-2.274080628571518645e-02,6.116310816598902633e+00,-1.423969388324048367e-02,2.202019745509476920e-02,9.996561118815561198e-01,7.854017066493526045e-01,0.000000000000000000e+00,0.000000000000000000e+00,0.000000000000000000e+00,1.000000000000000056e-01
9.964168919806872804e-01,8.342045115298676872e-02,1.394294463086805970e-02,8.111958953104473835e+01,-8.310576514416645466e-02,9.963022043743340328e-01,-2.180250808153580411e-02,6.074723155347268033e+00,-1.571016153163148910e-02,2.056564825807668390e-02,9.996650663779219625e-01,7.836131499013061497e-01,0.000000000000000000e+00,0.000000000000000000e+00,0.000000000000000000e+00,1.000000000000000056e-01
