1.000000000000000000e+00,3.997461383277392300e-11,-3.654062989505243605e-10,-2.171389537621963864e-15,-3.997461388783598888e-11,1.000000000000000000e+00,-1.506872462881538192e-10,2.003953283343523842e-16,3.654062989445007279e-10,1.506872463027607949e-10,1.000000000000000000e+00,4.863475758143521045e-16,0.000000000000000000e+00,0.000000000000000000e+00,0.000000000000000000e+00,1.000000000000000056e-01
9.999968289704711522e-01,-2.225297343090550106e-03,-1.179025333575242076e-03,6.457522058152210809e-01,2.223400998861068886e-03,9.999962365677269593e-01,-1.607276697031644790e-03,1.714484507256027954e-02,1.182597564956766991e-03,1.604650154205423821e-03,9.999980132784674902e-01,6.715168971626009342e-03,0.000000000000000000e+00,0.000000000000000000e+00,0.000000000000000000e+00,1.000000000000000056e-01
9.999755069528154516e-01,-6.811439546313645226e-03,-1.609281133499730534e-03,1.297923177854674037e+00,6.809745668827375288e-03,9.999762561351116519e-01,-1.055712996692652773e-03,1.896817468738480617e-02,1.616433848201159068e-03,1.044728343835636154e-03,9.999981478404357249e-01,1.090919696426889338e-02,0.000000000000000000e+00,0.000000000000000000e+00,0.000000000000000000e+00,1.000000000000000056e-01
9.999213355297440486e-01,-1.180732835866506354e-02,-4.231991191360276634e-03,1.999381276019601472e+00,1.180484016836054299e-02,9.999301328882816975e-01,-6.124464244121794430e-04,2.357921829711560197e-02,4.238926870394044664e-03,5.624402670307252113e-04,9.999908575381744047e-01,1.770046446193850043e-02,0.000000000000000000e+00,0.000000000000000000e+00,0.000000000000000000e+00,1.000000000000000056e-01
9.998416258478680652e-01,-1.689731412245909503e-02,-5.586053825264628882e-03,2.703315734347250032e+00,1.688933143793076852e-02,9.998562798448651368e-01,-1.473138950187756306e-03,3.303752778447264365e-02,5.610143088329621990e-03,1.378560928570532560e-03,9.999833127929158572e-01,2.097689500721101191e-02,0.000000000000000000e+00,0.000000000000000000e+00,0.000000000000000000e+00,1.000000000000000056e-01
9.997430122861015178e-01,-2.190704729276261864e-02,-5.830151286581283440e-03,3.414364472384860516e+00,2.190108557688190405e-02,9.997595542906423383e-01,-1.084460755473788543e-03,3.930298440921503600e-02,5.852506784776828966e-03,9.564954201298419634e-04,9.999824164858327480e-01,3.947016797461190551e-02,0.000000000000000000e+00,0.000000000000000000e+00,0.000000000000000000e+00,1.000000000000000056e-01
9.996114086053284886e-01,-2.711080235040266503e-02,-6.483531598472300206e-03,4.155861225260013114e+00,2.711419982204075693e-02,9.996322471199561299e-01,4.366759867675801114e-04,6.758458324059735123e-02,6.469308624685683393e-03,-6.123020695503558243e-04,9.999788863431537944e-01,5.176840284812969650e-02,0.000000000000000000e+00,0.000000000000000000e+00,0.000000000000000000e+00,1.000000000000000056e-01
9.994625435308314154e-01,-3.198694602096677914e-02,-7.173518183753909913e-03,4.923183783231560362e+00,3.200431233664110392e-02,9.994850398755870113e-01,2.319279361127271361e-03,9.974717551316671094e-02,7.095637444205604716e-03,-2.547616365936259102e-03,9.999715803862190278e-01,6.349505089690773985e-02,0.000000000000000000e+00,0.000000000000000000e+00,0.000000000000000000e+00,1.000000000000000056e-01
9.993077034036420558e-01,-3.649082247809981583e-02,-7.248019937223544075e-03,5.693191045109332826e+00,3.651110297266832450e-02,9.993296384886624084e-01,2.685702485123003282e-03,1.410363530939520993e-01,7.145157651010606605e-03,-2.948476384709644571e-03,9.999701261583523459e-01,7.360731105515672112e-02,0.000000000000000000e+00,0.000000000000000000e+00,0.000000000000000000e+00,1.000000000000000056e-01
9.992063360772174274e-01,-3.950926411346588479e-02,-5.071093802642250015e-03,6.486144031472449889e+00,3.952472146632930033e-02,9.992141344313475448e-01,2.984953202649339409e-03,1.830134352750551197e-01,4.949175300177537443e-03,-3.183017723060265966e-03,9.999826868811393377e-01,8.724145536852373484e-02,0.000000000000000000e+00,0.000000000000000000e+00,0.000000000000000000e+00,1.000000000000000056e-01
9.990740499022359167e-01,-4.286325678593735228e-02,-3.712684964728174032e-03,7.282985256623987880e+00,4.286656280591872453e-02,9.990804736291658550e-01,8.154790788036874556e-04,2.191789913477444618e-01,3.674316963838184999e-03,-9.738740290900551331e-04,9.999927754560153925e-01,9.669502184407605117e-02,0.000000000000000000e+00,0.000000000000000000e+00,0.000000000000000000e+00,1.000000000000000056e-01
9.989577778198859281e-01,-4.552516842816395348e-02,-3.288947056852045171e-03,8.090851599266731142e+00,4.552881607260882146e-02,9.989624815177787776e-01,1.042797616025549186e-03,2.697093726904180588e-01,3.238061176387463207e-03,-1.191452654844722030e-03,9.999940476824795699e-01,1.140783934911400316e-01,0.000000000000000000e+00,0.000000000000000000e+00,0.000000000000000000e+00,1.000000000000000056e-01
9.988363508448392381e-01,-4.803806445182898233e-02,-4.276516653437925468e-03,8.920838644982071131e+00,4.803835362897809769e-02,9.988454912279022269e-01,-3.513272003876849263e-05,3.040103378232892894e-01,4.273267085317098736e-03,-1.703449814192881302e-04,9.999908550436873433e-01,1.207958180118202940e-01,0.000000000000000000e+00,0.000000000000000000e+00,0.000000000000000000e+00,1.000000000000000056e-01
9.987289083487520536e-01,-5.011332108860817175e-02,-5.405800401418624571e-03,9.693487464930088393e+00,5.011547423699803244e-02,9.987433953777746787e-01,2.634981497873736703e-04,3.744502463502969447e-01,5.385802680260825398e-03,-5.340774702367082852e-04,9.999853538381174856e-01,1.417854192172889882e-01,0.000000000000000000e+00,0.000000000000000000e+00,0.000000000000000000e+00,1.000000000000000056e-01
9.986003630776658646e-01,-5.255577069846506522e-02,-5.933449877113644230e-03,1.049541009811528625e+01,5.254591527192989386e-02,9.986168779572399679e-01,-1.804950738966881003e-03,4.364761633346672665e-01,6.020103768958165111e-03,1.490645908756572458e-03,9.999807679777574787e-01,1.540871146412164661e-01,0.000000000000000000e+00,0.000000000000000000e+00,0.000000000000000000e+00,1.000000000000000056e-01
9.984709557352667852e-01,-5.494103725723396142e-02,-6.101883168504443691e-03,1.130172562143042647e+01,5.492706930972616336e-02,9.984874030776812459e-01,-2.433711616571415312e-03,4.932120866829048933e-01,6.226364119402827760e-03,2.094831804065787166e-03,9.999784218019733828e-01,1.814141931664564333e-01,0.000000000000000000e+00,0.000000000000000000e+00,0.000000000000000000e+00,1.000000000000000056e-01
9.983134716086856653e-01,-5.757913640315481113e-02,-7.406446899891014693e-03,1.215526492535219205e+01,5.756453417737456696e-02,9.983394289428764168e-01,-2.170028330069552480e-03,5.419349638094355104e-01,7.519096325748717349e-03,1.740019849979247343e-03,9.999702173171788333e-01,1.905204768367653456e-01,0.000000000000000000e+00,0.000000000000000000e+00,0.000000000000000000e+00,1.000000000000000056e-01
9.982210966354392312e-01,-5.888690080773646696e-02,-9.326046600826792127e-03,1.303200929043246958e+01,5.889837447892706801e-02,9.982635220628990336e-01,9.602095167508945244e-04,6.023567933684002007e-01,9.253308364096525518e-03,-1.507790381914284441e-03,9.999560504604605438e-01,2.102773299154646613e-01,0.000000000000000000e+00,0.000000000000000000e+00,0.000000000000000000e+00,1.000000000000000056e-01
9.983874201392282099e-01,-5.586700950511712394e-02,-1.007157170909199657e-02,1.391811880556785930e+01,5.591605361269198771e-02,9.984246203933963004e-01,4.655356128692664415e-03,6.636212071899660891e-01,9.795624335323669177e-03,-5.211011538804473896e-03,9.999384436567201329e-01,2.333977149218578462e-01,0.000000000000000000e+00,0.000000000000000000e+00,0.000000000000000000e+00,1.000000000000000056e-01
9.975647044928342977e-01,-6.893773634302403919e-02,-1.059475615688593858e-02,1.487536237054576205e+01,6.896430323133868889e-02,9.976167842206122849e-01,2.162572805757386352e-03,7.542644111211027624e-01,1.042042369292818516e-02,-2.887966278185180678e-03,9.999415355013692164e-01,2.434464789662851847e-01,0.000000000000000000e+00,0.000000000000000000e+00,0.000000000000000000e+00,1.000000000000000056e-01
9.973235828170777806e-01,-7.246503182452811165e-02,-9.720613127652313543e-03,1.581524220039915463e+01,7.244867225827843205e-02,9.973700861157738240e-01,-2.025144297680914630e-03,8.337900963414009992e-01,9.841800898205419271e-03,1.315478652049903354e-03,9.999507030204018987e-01,2.471354420537087426e-01,0.000000000000000000e+00,0.000000000000000000e+00,0.000000000000000000e+00,1.000000000000000056e-01
9.971391009880490319e-01,-7.514058590552889771e-02,-8.216181017920650559e-03,1.671925770535673195e+01,7.513573100617350342e-02,9.971729111741454155e-01,-8.984134058606719261e-04,9.167829280602425301e-01,8.260460454075441161e-03,2.785143689750069033e-04,9.999658430280671251e-01,2.691199890417974028e-01,0.000000000000000000e+00,0.000000000000000000e+00,0.000000000000000000e+00,1.000000000000000056e-01
9.971036076383865687e-01,-7.561565012839464861e-02,-8.165114216874132594e-03,1.759080740808617094e+01,7.560564536190496343e-02,9.971366270467426629e-01,-1.527544190914432304e-03,9.912674376788013220e-01,8.257240696761125251e-03,9.057910937674070080e-04,9.999654981640967444e-01,2.919069117927033941e-01,0.000000000000000000e+00,0.000000000000000000e+00,0.000000000000000000e+00,1.000000000000000056e-01
9.970492810399282924e-01,-7.621038328609304469e-02,-9.203730610401156947e-03,1.848928255692793954e+01,7.618974533067703059e-02,9.970900170851786370e-01,-2.573040132767578578e-03,1.063465732067955472e+00,9.373040286300989010e-03,1.864217923164174923e-03,9.999543343609879065e-01,3.014386814490827571e-01,0.000000000000000000e+00,0.000000000000000000e+00,0.000000000000000000e+00,1.000000000000000056e-01
9.969005492067384289e-01,-7.826453729370407009e-02,-7.997324146588567773e-03,1.940668502968556908e+01,7.823814814138647933e-02,9.969283365426969690e-01,-3.561456670736695088e-03,1.138045438627132810e+00,8.251494816678067029e-03,2.924722279717930067e-03,9.999616786821767800e-01,3.185276548099422178e-01,0.000000000000000000e+00,0.000000000000000000e+00,0.000000000000000000e+00,1.000000000000000056e-01
9.967550657689057125e-01,-8.020759545325148454e-02,-6.788261606040110752e-03,2.033147470167882886e+01,8.016639872643402387e-02,9.967625957475920728e-01,-6.138096916533830605e-03,1.199992081696904522e+00,7.258607253384454297e-03,5.573988709166441055e-03,9.999581207583702058e-01,3.419068678149548846e-01,0.000000000000000000e+00,0.000000000000000000e+00,0.000000000000000000e+00,1.000000000000000056e-01
9.968107433465472900e-01,-7.970011744150647115e-02,-4.029048115116749817e-03,2.126440528982739409e+01,7.967783210658822834e-02,9.968059403670137542e-01,-5.418516386230936080e-03,1.288011245292919105e+00,4.448035487514228128e-03,5.080209527528668778e-03,9.999772029658767769e-01,3.519977168025646974e-01,0.000000000000000000e+00,0.000000000000000000e+00,0.000000000000000000e+00,1.000000000000000056e-01
9.969622182197666049e-01,-7.788145039311507312e-02,-9.028438331857923478e-04,2.222706408648929610e+01,7.787511504652334937e-02,9.969469491836324693e-01,-5.678641557488522257e-03,1.376372836803222421e+00,1.342348245843655915e-03,5.591082016250319489e-03,9.999834688148971917e-01,3.719310839490320708e-01,0.000000000000000000e+00,0.000000000000000000e+00,0.000000000000000000e+00,1.000000000000000056e-01
9.971462081158436463e-01,-7.548467780830128704e-02,1.225991994910506254e-03,2.319923252825713789e+01,7.548989224991109470e-02,9.971340975040866583e-01,-4.986758747664419081e-03,1.451658637662599727e+00,-8.460545440171458398e-04,5.065077579617136699e-03,9.999868145034818134e-01,3.831799425229133749e-01,0.000000000000000000e+00,0.000000000000000000e+00,0.000000000000000000e+00,1.000000000000000056e-01
9.973096902382498907e-01,-7.328565046199213284e-02,1.610960349822953630e-03,2.411863571161462616e+01,7.329422165107106479e-02,9.972914988326051500e-01,-6.133793995523906598e-03,1.535426946425506367e+00,-1.157077979073000253e-03,6.235366274612194962e-03,9.999798904867895910e-01,3.890078071397174986e-01,0.000000000000000000e+00,0.000000000000000000e+00,0.000000000000000000e+00,1.000000000000000056e-01
9.973799795774149768e-01,-7.233644880729384052e-02,-7.839082249281063494e-04,2.505852719430663456e+01,7.232962010732918445e-02,9.973583376024862668e-01,-6.691223351107380632e-03,1.609642968078246694e+00,1.265856739442760160e-03,6.616992425167340930e-03,9.999773062514771826e-01,4.046842208661117213e-01,0.000000000000000000e+00,0.000000000000000000e+00,0.000000000000000000e+00,1.000000000000000056e-01
9.975712925744238957e-01,-6.952455381181411875e-02,-4.225239479748369928e-03,2.598903289439587638e+01,6.948667869626089233e-02,9.975463891217328793e-01,-8.532469393723733295e-03,1.682161029484563697e+00,4.808088513709177919e-03,8.218148663804663787e-03,9.999546711313388458e-01,4.147609702699004419e-01,0.000000000000000000e+00,0.000000000000000000e+00,0.000000000000000000e+00,1.000000000000000056e-01
9.976254879648108753e-01,-6.856406473136351931e-02,-6.508055814639342532e-03,2.694172978816572339e+01,6.850540662576835860e-02,9.976115372158531613e-01,-8.844776812361095433e-03,1.750660453285419527e+00,7.098945415426115985e-03,8.377937773446518868e-03,9.999397057486281160e-01,4.314460924789522145e-01,0.000000000000000000e+00,0.000000000000000000e+00,0.000000000000000000e+00,1.000000000000000056e-01
9.975658299418789232e-01,-6.954314953464009463e-02,-5.115201381468084327e-03,2.790989984153077685e+01,6.948690319509963353e-02,9.975280683602670839e-01,-1.045576959334400431e-02,1.819043765791539702e+00,5.829684101659293738e-03,1.007487896884775962e-02,9.999322535037250548e-01,4.487100412234589775e-01,0.000000000000000000e+00,0.000000000000000000e+00,0.000000000000000000e+00,1.000000000000000056e-01
9.977419239135112417e-01,-6.713442345624758001e-02,-2.005605285777880675e-03,2.890408203933023756e+01,6.709825774641568763e-02,9.976398929491426815e-01,-1.457627537536921453e-02,1.885982447225070802e+00,2.979441686066590465e-03,1.440878841611132125e-02,9.998917490126714158e-01,4.642269692934165581e-01,0.000000000000000000e+00,0.000000000000000000e+00,0.000000000000000000e+00,1.000000000000000056e-01
9.976493585253261021e-01,-6.849446059197913939e-02,2.065502897385526442e-03,2.984818344799463574e+01,6.851985204533264651e-02,9.975027458742109499e-01,-1.712605760515611628e-02,1.937013567663940394e+00,-8.873047340208705617e-04,1.722732833677984368e-02,9.998512048543451991e-01,4.797389263956426397e-01,0.000000000000000000e+00,0.000000000000000000e+00,0.000000000000000000e+00,1.000000000000000056e-01
9.976899043953416646e-01,-6.790736916494997943e-02,1.855769573316906054e-03,3.075367736388004758e+01,6.793256426008680016e-02,9.973740565721058715e-01,-2.510294783388788628e-02,1.980370687339643165e+00,-1.462212817178621272e-04,2.517102481022412061e-02,9.996831488673497690e-01,5.039253556440593806e-01,0.000000000000000000e+00,0.000000000000000000e+00,0.000000000000000000e+00,1.000000000000000056e-01
9.976473665064872209e-01,-6.854335889673268678e-02,-1.240989050888234666e-03,3.169263716467554204e+01,6.848308672805383801e-02,9.972700537030035894e-01,-2.761352602269717682e-02,2.042030565396713460e+00,3.130325042002149363e-03,2.746357475570165158e-02,9.996179035645417210e-01,5.100923258534014737e-01,0.000000000000000000e+00,0.000000000000000000e+00,0.000000000000000000e+00,1.000000000000000056e-01
9.976777279070009330e-01,-6.801228839124930092e-02,-3.671493716423914616e-03,3.267129174998516561e+01,6.787943015317897399e-02,9.972797714348414777e-01,-2.873047944170182416e-02,2.121037569097005360e+00,5.615532067747581318e-03,2.841454054979404564e-02,9.995804518321375065e-01,5.198400510927405627e-01,0.000000000000000000e+00,0.000000000000000000e+00,0.000000000000000000e+00,1.000000000000000056e-01
9.976357669166561193e-01,-6.853035104962879043e-02,-5.144662635208150335e-03,3.363764525765759572e+01,6.835554620253878055e-02,9.972474214393708403e-01,-2.872454935901299494e-02,2.196308628365513993e+00,7.099004998452357156e-03,2.830497160465682283e-02,9.995741256707736389e-01,5.292537959155999561e-01,0.000000000000000000e+00,0.000000000000000000e+00,0.000000000000000000e+00,1.000000000000000056e-01
9.977680116723024462e-01,-6.667563325431243026e-02,-3.654423844665082195e-03,3.459216465799953255e+01,6.653743536027838246e-02,9.973368580742314471e-01,-2.986571985231655305e-02,2.249473557406935331e+00,5.636007379058922441e-03,2.955590392386443430e-02,9.995472394859916676e-01,5.526920590999400140e-01,0.000000000000000000e+00,0.000000000000000000e+00,0.000000000000000000e+00,1.000000000000000056e-01
9.976430066465197255e-01,-6.859873204546859671e-02,-1.626422775983532836e-03,3.557004172130733366e+01,6.852542963769117645e-02,9.972479157759766011e-01,-2.829946949044308616e-02,2.332868258930784755e+00,3.563254448123975068e-03,2.812131650945029829e-02,9.995981666527371523e-01,5.597686105318451233e-01,0.000000000000000000e+00,0.000000000000000000e+00,0.000000000000000000e+00,1.000000000000000056e-01
9.976745630228874839e-01,-6.815745516778616564e-02,-1.661389231380419476e-04,3.655084134547701780e+01,6.812828271913222433e-02,9.973131750927303196e-01,-2.692522757933506899e-02,2.406933289187142666e+00,2.000847528562257373e-03,2.685129589997871380e-02,9.996374365326956557e-01,5.803826597743826365e-01,0.000000000000000000e+00,0.000000000000000000e+00,0.000000000000000000e+00,1.000000000000000056e-01
9.977459305956296598e-01,-6.709855045939687457e-02,9.178813151542796834e-04,3.755020996242026854e+01,6.709948149410914497e-02,9.974004307728555618e-01,-2.626861772807851172e-02,2.480540524117635481e+00,8.470909529928494523e-04,2.627099580088253575e-02,9.996544989227764688e-01,5.881572897975095859e-01,0.000000000000000000e+00,0.000000000000000000e+00,0.000000000000000000e+00,1.000000000000000056e-01
9.976923285508890737e-01,-6.779911854584673436e-02,3.646515475225379360e-03,3.854126769000564678e+01,6.787084933905924988e-02,9.973606772592484848e-01,-2.579200005753604780e-02,2.544777715862496237e+00,-1.888216274571742148e-03,2.597997269781937568e-02,9.996606802600175312e-01,6.172247327424482677e-01,0.000000000000000000e+00,0.000000000000000000e+00,0.000000000000000000e+00,1.000000000000000056e-01
9.978699641438374401e-01,-6.506325317269709418e-02,4.723107680546038620e-03,3.955400963010707471e+01,6.516055826045691335e-02,9.975689281404723774e-01,-2.470496419456280623e-02,2.619947922601777446e+00,-3.104240126361087690e-03,2.496010206819181121e-02,9.996836284535139949e-01,6.262185267450862680e-01,0.000000000000000000e+00,0.000000000000000000e+00,0.000000000000000000e+00,1.000000000000000056e-01
9.978301719245690204e-01,-6.575790300633846397e-02,3.293355309402961131e-03,4.056320734934003269e+01,6.582322738543397445e-02,9.974621068021320980e-01,-2.714126434817512590e-02,2.696925383646679997e+00,-1.500244496888373733e-03,2.729915174618161716e-02,9.996261829205898009e-01,6.522942091378344243e-01,0.000000000000000000e+00,0.000000000000000000e+00,0.000000000000000000e+00,1.000000000000000056e-01
9.978706041925188286e-01,-6.521649732772119568e-02,1.032358833303474981e-03,4.157053525833349994e+01,6.522251748777743718e-02,9.975841901412246804e-01,-2.391248194632725546e-02,2.764805765511908930e+00,5.296234642956458832e-04,2.392889584958307267e-02,9.997135226865774271e-01,6.805134585201084718e-01,0.000000000000000000e+00,0.000000000000000000e+00,0.000000000000000000e+00,1.000000000000000056e-01
9.979831847900781927e-01,-6.346328008365824391e-02,-1.405331731573698437e-03,4.260292122429746797e+01,6.341751256554557792e-02,9.977475928854038223e-01,-2.186229611411545648e-02,2.833007716115288233e+00,2.789619373945116318e-03,2.172908126004285956e-02,9.997600037265658157e-01,7.022448533528223846e-01,0.000000000000000000e+00,0.000000000000000000e+00,0.000000000000000000e+00,1.000000000000000056e-01
9.979763562732292259e-01,-6.356681820459619825e-02,-1.565868114642978478e-03,4.365143895966106413e+01,6.350650578860686513e-02,9.976566252900678222e-01,-2.545941353124222400e-02,2.897109012814144791e+00,3.180572610440145481e-03,2.530844993627569262e-02,9.996746302271017903e-01,7.248332104383067298e-01,0.000000000000000000e+00,0.000000000000000000e+00,0.000000000000000000e+00,1.000000000000000056e-01
9.980097511458795312e-01,-6.305968611685489056e-02,-1.122701356969073045e-04,4.466428636540417330e+01,6.303254826145199274e-02,9.976294163227571454e-01,-2.761241654007724755e-02,2.977075245111775015e+00,1.853234309890906166e-03,2.755038428695222308e-02,9.996186982285965028e-01,7.466142024581985392e-01,0.000000000000000000e+00,0.000000000000000000e+00,0.000000000000000000e+00,1.000000000000000056e-01
9.980225788750415328e-01,-6.285556082128011812e-02,3.324597024795378740e-04,4.565074025046155981e+01,6.283979431050414066e-02,9.976226072575319348e-01,-2.828946340420430278e-02,3.036546327170197568e+00,1.446480772408641159e-03,2.825441492097543333e-02,9.995997177524853505e-01,7.613582977347166381e-01,0.000000000000000000e+00,0.000000000000000000e+00,0.000000000000000000e+00,1.000000000000000056e-01
9.974919042872636421e-01,-7.075387221598986032e-02,-1.946907242735121391e-03,4.656610189142765677e+01,7.068687664835388018e-02,9.972088593168012549e-01,-2.403864326005982627e-02,3.087509086932842095e+00,3.642300244191547416e-03,2.384073124984626563e-02,9.997091342897711508e-01,7.861684578836284354e-01,0.000000000000000000e+00,0.000000000000000000e+00,0.000000000000000000e+00,1.000000000000000056e-01
9.974878840519100232e-01,-7.060652268822537048e-02,-5.713153553028899045e-03,4.752326698572802854e+01,7.045261181946202433e-02,9.972330144310607158e-01,-2.372223464507621990e-02,3.157381003409211573e+00,7.372289838277513996e-03,2.326013505156346653e-02,9.997022634064220981e-01,7.949181611431767047e-01,0.000000000000000000e+00,0.000000000000000000e+00,0.000000000000000000e+00,1.000000000000000056e-01
9.975851617146385131e-01,-6.918428155905959054e-02,-6.113944057262350740e-03,4.846973998354313551e+01,6.902247327247668096e-02,9.973362717709429726e-01,-2.358514772873106582e-02,3.242755982328538344e+00,7.729379672962690545e-03,2.310619387074800898e-02,9.997031361832764418e-01,8.192549683025674989e-01,0.000000000000000000e+00,0.000000000000000000e+00,0.000000000000000000e+00,1.000000000000000056e-01
9.977299334639085915e-01,-6.720900777412974758e-02,-4.234282007796150681e-03,4.944069196671858890e+01,6.708839795243773385e-02,9.974564497959598208e-01,-2.407857181427486629e-02,3.323669602063152428e+00,5.841808819186797806e-03,2.373984065778053307e-02,9.997011019476087501e-01,8.385297572221424023e-01,0.000000000000000000e+00,0.000000000000000000e+00,0.000000000000000000e+00,1.000000000000000056e-01
9.977785334724358357e-01,-6.660051719079636279e-02,-1.539237315561268245e-03,5.043936435307644217e+01,6.654090897346508215e-02,9.974667257689677768e-01,-2.514832830865332616e-02,3.406857007513187430e+00,3.210229677174570532e-03,2.499003988898813519e-02,9.996825457772915424e-01,8.685728131155600051e-01,0.000000000000000000e+00,0.000000000000000000e+00,0.000000000000000000e+00,1.000000000000000056e-01
9.978908224299489760e-01,-6.490442947790188433e-02,-1.149584371923311095e-03,5.137511846711759489e+01,6.484631585303475554e-02,9.974967806365531153e-01,-2.819801305058004803e-02,3.472181252347285252e+00,2.976882659521925927e-03,2.806399212265230786e-02,9.996016959348213993e-01,8.919633829625133181e-01,0.000000000000000000e+00,0.000000000000000000e+00,0.000000000000000000e+00,1.000000000000000056e-01
9.979434888349870691e-01,-6.407042730571685385e-02,-1.942533581934529187e-03,5.231283198812880642e+01,6.397657723439881261e-02,9.974452427909079599e-01,-3.178026430282827886e-02,3.535458262034025800e+00,3.973745994033005963e-03,3.159063118472740794e-02,9.994929921535845585e-01,9.089792603482858002e-01,0.000000000000000000e+00,0.000000000000000000e+00,0.000000000000000000e+00,1.000000000000000056e-01
9.979544717656582131e-01,-6.387127622897739720e-02,-2.707832307905248467e-03,5.329678003022470278e+01,6.373909835338692487e-02,9.973618945016736737e-01,-3.473584225450145752e-02,3.605676085733984682e+00,4.919311336288664446e-03,3.449219431862817625e-02,9.993928601441289805e-01,9.372293942020093471e-01,0.000000000000000000e+00,0.000000000000000000e+00,0.000000000000000000e+00,1.000000000000000056e-01
9.979093660127891230e-01,-6.462405664037619568e-02,-7.927971333377544991e-04,5.426132029031227688e+01,6.454684849576493300e-02,9.971851601251296993e-01,-3.815050164131898042e-02,3.677305812527174034e+00,3.256005715281514758e-03,3.801957034950507325e-02,9.992716901309779409e-01,9.421873726753479117e-01,0.000000000000000000e+00,0.000000000000000000e+00,0.000000000000000000e+00,1.000000000000000056e-01
9.978383671725942206e-01,-6.563737779586627241e-02,3.213663705765811961e-03,5.521691788395592226e+01,6.571382440740276831e-02,9.970096422226685240e-01,-4.066284049079129520e-02,3.754038095361665661e+00,-5.350514779624312815e-04,4.078612449239597121e-02,9.991677565698398045e-01,9.629636779507726452e-01,0.000000000000000000e+00,0.000000000000000000e+00,0.000000000000000000e+00,1.000000000000000056e-01
9.977761347817657445e-01,-6.623166884768943996e-02,7.493390528305449681e-03,5.617435068403833753e+01,6.647532394525076938e-02,9.970209480927132439e-01,-3.911854254290587224e-02,3.814464256187201308e+00,-4.880180973454064340e-03,3.952967373957406300e-02,9.992064795264836707e-01,9.951630754505946808e-01,0.000000000000000000e+00,0.000000000000000000e+00,0.000000000000000000e+00,1.000000000000000056e-01
9.977007471360256341e-01,-6.714114881968467896e-02,9.235004027566847892e-03,5.714100257653802117e+01,6.743259906448710594e-02,9.970720670954964504e-01,-3.605742089115426124e-02,3.880793616256132950e+00,-6.787027893294317153e-03,3.659725608685258230e-02,9.993070484587252000e-01,9.976329139961127579e-01,0.000000000000000000e+00,0.000000000000000000e+00,0.000000000000000000e+00,1.000000000000000056e-01
9.975068699242857218e-01,-7.043852091966380791e-02,4.296419963675761691e-03,5.803922595303367160e+01,7.054998324638929452e-02,9.968112748960679115e-01,-3.728246375992243233e-02,3.952685788728349081e+00,-1.656598257990649905e-03,3.749262608468262314e-02,9.992955311975960653e-01,1.014421056500681706e+00,0.000000000000000000e+00,0.000000000000000000e+00,0.000000000000000000e+00,1.000000000000000056e-01
9.972141697321044163e-01,-7.457400452154315518e-02,-1.617879825713109667e-03,5.895755872334861891e+01,7.446410975884266981e-02,9.965435493333190120e-01,-3.682459286908544571e-02,4.028212912351596842e+00,4.358445059034076093e-03,3.660153182274929196e-02,9.993204350081587028e-01,1.026491330175403283e+00,0.000000000000000000e+00,0.000000000000000000e+00,0.000000000000000000e+00,1.000000000000000056e-01
9.972187965297458767e-01,-7.424342007801586207e-02,-6.525827371653722224e-03,5.991106892513188598e+01,7.393428530944064214e-02,9.964984955884097495e-01,-3.904445858016797333e-02,4.100227331573083944e+00,9.401771298408700267e-03,3.845338561369461561e-02,9.992161647167728811e-01,1.050719090669965716e+00,0.000000000000000000e+00,0.000000000000000000e+00,0.000000000000000000e+00,1.000000000000000056e-01
9.971245306493269345e-01,-7.552089005105598607e-02,-6.266222407143983569e-03,6.082301964112310344e+01,7.524538363742729052e-02,9.965025115114426457e-01,-3.634386870771421502e-02,4.179946923581529639e+00,8.989027679113555450e-03,3.576785871817730195e-02,9.993196974262543719e-01,1.067169038443379181e+00,0.000000000000000000e+00,0.000000000000000000e+00,0.000000000000000000e+00,1.000000000000000056e-01
9.971233811873490005e-01,-7.569505017519181922e-02,-3.901546934720568835e-03,6.175209379940697119e+01,7.550820622396436921e-02,9.965043809469964486e-01,-3.574254532462162182e-02,4.265746714836867071e+00,6.593442374655674246e-03,3.534512883578942721e-02,9.993534151566368928e-01,1.101932988626858290e+00,0.000000000000000000e+00,0.000000000000000000e+00,0.000000000000000000e+00,1.000000000000000056e-01
9.969850483463363888e-01,-7.745943153307727203e-02,-4.566162549214038309e-03,6.264731868600327402e+01,7.725138052171626191e-02,9.963871297982643815e-01,-3.528330738274949169e-02,4.342205920410842523e+00,7.282690529078305990e-03,3.482418755619581113e-02,9.993669187939475673e-01,1.130565011074250226e+00,0.000000000000000000e+00,0.000000000000000000e+00,0.000000000000000000e+00,1.000000000000000056e-01
9.968315690519690131e-01,-7.940485736978925013e-02,-4.657420688864601435e-03,6.346157001765711669e+01,7.920623400615497967e-02,9.962980412219322179e-01,-3.341534904655595745e-02,4.414126831006900176e+00,7.293520134465802593e-03,3.294057806755027601e-02,9.994306993887188684e-01,1.151610280935393194e+00,0.000000000000000000e+00,0.000000000000000000e+00,0.000000000000000000e+00,1.000000000000000056e-01
9.967158862416363174e-01,-8.086928779747309948e-02,-4.195283623191674652e-03,6.428182448414992223e+01,8.069102045871642814e-02,9.962074625998081912e-01,-3.255227607683799929e-02,4.487159247068504442e+00,6.811852235666918456e-03,3.210684898243892915e-02,9.994612293218473331e-01,1.173452552619741018e+00,0.000000000000000000e+00,0.000000000000000000e+00,0.000000000000000000e+00,1.000000000000000056e-01
9.966666934719018434e-01,-8.142123671750900460e-02,-5.107282562902776789e-03,6.507720297259692188e+01,8.120375491178299932e-02,9.961244002346348880e-01,-3.379540568503525133e-02,4.556438081158142417e+00,7.839152506045840921e-03,3.326802471714242204e-02,9.994157224195577838e-01,1.188794406843547202e+00,0.000000000000000000e+00,0.000000000000000000e+00,0.000000000000000000e+00,1.000000000000000056e-01
9.966909685597969970e-01,-8.112322386111364692e-02,-5.112312755826373643e-03,6.588002371868482498e+01,8.088897251181517700e-02,9.960759937804506414e-01,-3.591084432689500144e-02,4.625483215372444334e+00,8.005455472148535409e-03,3.537848448799522233e-02,9.993419212251710704e-01,1.210158460603952379e+00,0.000000000000000000e+00,0.000000000000000000e+00,0.000000000000000000e+00,1.000000000000000056e-01
9.966166976147649015e-01,-8.210558563126410525e-02,-3.718984214465412275e-03,6.663639751545009915e+01,8.191726675337782093e-02,9.959766007911282637e-01,-3.633417240292393519e-02,4.691369476811718009e+00,6.687259759888508973e-03,3.590659388881960873e-02,9.993327759421318790e-01,1.234265975189619891e+00,0.000000000000000000e+00,0.000000000000000000e+00,0.000000000000000000e+00,1.000000000000000056e-01
9.964056096624115400e-01,-8.470452771606094833e-02,-1.002006824831780732e-03,6.743326087769649746e+01,8.461683770676471650e-02,9.957907666105190181e-01,-3.522413816890125615e-02,4.774217645801195786e+00,3.981433132050267790e-03,3.501274221813921450e-02,9.993789351755324457e-01,1.254801343686642534e+00,0.000000000000000000e+00,0.000000000000000000e+00,0.000000000000000000e+00,1.000000000000000056e-01
9.963734970510735867e-01,-8.506833576894488880e-02,1.797949864813613591e-03,6.817473965825365667e+01,8.508008973168994238e-02,9.957904948138420753e-01,-3.409792911088857514e-02,4.844326454436253648e+00,1.110272697097520155e-03,3.412724260624706851e-02,9.994168792884340347e-01,1.273860221820600103e+00,0.000000000000000000e+00,0.000000000000000000e+00,0.000000000000000000e+00,1.000000000000000056e-01
9.962170179230200873e-01,-8.683988293396383007e-02,3.238507770641876112e-03,6.890240638753708424e+01,8.689899053234259596e-02,9.957111064735397754e-01,-3.174835255094127923e-02,4.909191475068199750e+00,-4.675949367590266810e-04,3.190967215836735399e-02,9.994906473688088822e-01,1.291001344246615945e+00,0.000000000000000000e+00,0.000000000000000000e+00,0.000000000000000000e+00,1.000000000000000056e-01
9.963081852476145528e-01,-8.584828054263503316e-02,2.696970114679174933e-04,6.957027343916958273e+01,8.581639378619680680e-02,9.958421129892235379e-01,-3.056194618624427303e-02,4.981629972244308924e+00,2.355114888358523194e-03,3.047226156739138089e-02,9.995328382343579010e-01,1.314140198287236716e+00,0.000000000000000000e+00,0.000000000000000000e+00,0.000000000000000000e+00,1.000000000000000056e-01
9.962501008996994534e-01,-8.635819135831826476e-02,-5.291431059625861626e-03,7.026128052711764838e+01,8.616216532410397866e-02,9.958285333969673081e-01,-3.002687694561070875e-02,5.047764549815149770e+00,7.862424816840107508e-03,2.945835802900694661e-02,9.995350856364344505e-01,1.327111855965520615e+00,0.000000000000000000e+00,0.000000000000000000e+00,0.000000000000000000e+00,1.000000000000000056e-01
9.963145842242556727e-01,-8.497825955976573420e-02,-1.165953104724690333e-02,7.099130794239052022e+01,8.455822512411145797e-02,9.958808171408853882e-01,-3.273079000975268743e-02,5.100342316896586681e+00,1.439290887585671815e-02,3.162425418876350230e-02,9.993961930691429574e-01,1.356229528330622269e+00,0.000000000000000000e+00,0.000000000000000000e+00,0.000000000000000000e+00,1.000000000000000056e-01
9.961856955119667845e-01,-8.604835075340434847e-02,-1.448245110325337669e-02,7.168952681475063571e+01,8.556640006834796697e-02,9.958459457238606483e-01,-3.113267679935189519e-02,5.166877752285329528e+00,1.710120570844193486e-02,2.977471608544036974e-02,9.994103336694838413e-01,1.367356821304795966e+00,0.000000000000000000e+00,0.000000000000000000e+00,0.000000000000000000e+00,1.000000000000000056e-01
9.962190326685333996e-01,-8.607351973143204105e-02,-1.178932356050447008e-02,7.234845957565725882e+01,8.568088143880561725e-02,9.958550341731287059e-01,-3.052109873359860545e-02,5.232087856091426126e+00,1.436751561129563648e-02,2.939557982213510459e-02,9.994645938611730340e-01,1.389757161083756021e+00,0.000000000000000000e+00,0.000000000000000000e+00,0.000000000000000000e+00,1.000000000000000056e-01
9.961830103441505768e-01,-8.688849352530425563e-02,-8.354615165836727295e-03,7.295163301040085457e+01,8.658014366851565780e-02,9.957292813396889652e-01,-3.204804214122373290e-02,5.290013415338780334e+00,1.110354105703466841e-02,3.120237131452715390e-02,9.994514112253507498e-01,1.414608000144590871e+00,0.000000000000000000e+00,0.000000000000000000e+00,0.000000000000000000e+00,1.000000000000000056e-01
9.961531731198649542e-01,-8.691478792362468397e-02,-1.116581046837915488e-02,7.354088907306146439e+01,8.649835907046750372e-02,9.956876571686479327e-01,-3.352794715048178914e-02,5.333755329522033684e+00,1.403173408174822508e-02,3.243314665894091869e-02,9.993754056591840351e-01,1.443325958594608327e+00,0.000000000000000000e+00,0.000000000000000000e+00,0.000000000000000000e+00,1.000000000000000056e-01
9.961067021296333701e-01,-8.692718190411721779e-02,-1.466639078418263166e-02,7.418062566961241089e+01,8.626697057670554281e-02,9.954340810875331735e-01,-4.085339639413419766e-02,5.375384965745201526e+00,1.815069585287741247e-02,3.942911685071012751e-02,9.990575043431830782e-01,1.469242772613615688e+00,0.000000000000000000e+00,0.000000000000000000e+00,0.000000000000000000e+00,1.000000000000000056e-01
9.961996957991720025e-01,-8.527624822192905740e-02,-1.772364462601030977e-02,7.480381919473551022e+01,8.441394527639348166e-02,9.954256825314780066e-01,-4.474367440896132031e-02,5.435736163400622267e+00,2.145814373405143666e-02,4.307751206758618501e-02,9.988412666793236028e-01,1.505103874674608155e+00,0.000000000000000000e+00,0.000000000000000000e+00,0.000000000000000000e+00,1.000000000000000056e-01
9.965999177616575722e-01,-8.059833132552600421e-02,-1.710300865339163187e-02,7.540908722467722214e+01,7.981762547487920856e-02,9.959134022347722048e-01,-4.225685639884729783e-02,5.479602418302762068e+00,2.043894764925947502e-02,4.074805807276736525e-02,9.989603821885476576e-01,1.527172602161647186e+00,0.000000000000000000e+00,0.000000000000000000e+00,0.000000000000000000e+00,1.000000000000000056e-01
9.970575864820020451e-01,-7.524225867521737443e-02,-1.465509290781298254e-02,7.597430017502423993e+01,7.464691837259947171e-02,9.964994669756558343e-01,-3.763840983235372528e-02,5.549225271906328416e+00,1.743579123984415405e-02,3.643370454243467782e-02,9.991839562148479015e-01,1.539676935057217699e+00,0.000000000000000000e+00,0.000000000000000000e+00,0.000000000000000000e+00,1.000000000000000056e-01
9.976098989216258817e-01,-6.805790089088110950e-02,-1.194201406423942534e-02,7.653248446170050556e+01,6.754429694497311731e-02,9.969484294510059241e-01,-3.913562271616542743e-02,5.579326150748798341e+00,1.456906049794501855e-02,3.823546967803263807e-02,9.991625450019168131e-01,1.562084392948111855e+00,0.000000000000000000e+00,0.000000000000000000e+00,0.000000000000000000e+00,1.000000000000000056e-01
9.981287047067508578e-01,-6.066325480343136289e-02,-7.684943531205171499e-03,7.710900083430883001e+01,6.026817580872251279e-02,9.972094687224728471e-01,-4.405703661088031936e-02,5.598343345690055095e+00,1.033614169372524920e-02,4.351143535781708954e-02,9.989994590428914467e-01,1.582835729210944953e+00,0.000000000000000000e+00,0.000000000000000000e+00,0.000000000000000000e+00,1.000000000000000056e-01
9.986972955524643369e-01,-5.074236797381077857e-02,-5.378098976778475371e-03,7.765640384368191462e+01,5.042898169274184772e-02,9.975869881347125823e-01,-4.771916711077366091e-02,5.609909215256859483e+00,7.786505097073464707e-03,4.738579108470404588e-02,9.988463130740634632e-01,1.605569084648061251e+00,0.000000000000000000e+00,0.000000000000000000e+00,0.000000000000000000e+00,1.000000000000000056e-01
9.991764448894849826e-01,-4.016545676581007029e-02,-5.759171885246416531e-03,7.815265433501538439e+01,3.985986028577716278e-02,9.981517468063471066e-01,-4.587245235908257029e-02,5.639931636922876024e+00,7.591015479387126785e-03,4.560511407980268744e-02,9.989307033291948690e-01,1.620990813491463900e+00,0.000000000000000000e+00,0.000000000000000000e+00,0.000000000000000000e+00,1.000000000000000056e-01
9.996921679913923775e-01,-2.397354789192463267e-02,-6.390481839684996820e-03,7.864457038218981211e+01,2.369187756896498284e-02,9.988778809583361840e-01,-4.100821709659031172e-02,5.672618349852435848e+00,7.366423414854829724e-03,4.084419094139953715e-02,9.991383727354362643e-01,1.625581983099857686e+00,0.000000000000000000e+00,0.000000000000000000e+00,0.000000000000000000e+00,1.000000000000000056e-01
9.999565127516462093e-01,-7.387113219640389916e-03,-5.692377697154862685e-03,7.912415051514625475e+01,7.181224297826444003e-03,9.993481930393076640e-01,-3.537822899263010079e-02,5.680330674864376483e+00,5.950010348827889685e-03,3.533581224976836688e-02,9.993577826531887531e-01,1.636454027189094163e+00,0.000000000000000000e+00,0.000000000000000000e+00,0.000000000000000000e+00,1.000000000000000056e-01
9.998086476089178554e-01,1.881021525866891433e-02,-5.370658092762960883e-03,7.961774066050118392e+01,-1.899344824078113766e-02,9.991570411113700478e-01,-3.639307793381424405e-02,5.684809326526590212e+00,4.681569218925315384e-03,3.648812134783659122e-02,9.993231208724002723e-01,1.646942117878383849e+00,0.000000000000000000e+00,0.000000000000000000e+00,0.000000000000000000e+00,1.000000000000000056e-01
9.990409723807254228e-01,4.367439117329326159e-02,-3.111761593814349035e-03,8.011428345520494076e+01,-4.376069620968392471e-02,9.983320105292624591e-01,-3.765897263394805961e-02,5.667685477340498323e+00,1.461838506241027857e-03,3.775902949286247257e-02,9.992858043222363484e-01,1.668675383389126132e+00,0.000000000000000000e+00,0.000000000000000000e+00,0.000000000000000000e+00,1.000000000000000056e-01
9.974945969533078882e-01,7.073247472810663405e-02,-1.202525590406310725e-03,8.059589312229996949e+01,-7.072967064043227114e-02,9.968406518789915127e-01,-3.613901565570337010e-02,5.638416081328037066e+00,-1.357475618123892480e-03,3.613352709472125029e-02,9.993460489138090708e-01,1.679050734775041409e+00,0.000000000000000000e+00,0.000000000000000000e+00,0.000000000000000000e+00,1.000000000000000056e-01
9.948307372491015377e-01,1.015467544457267779e-01,-2.467507816998153452e-04,8.108800595271908662e+01,-1.014919879657974200e-01,9.942083192978614647e-01,-3.534394173931412059e-02,5.587848869595481993e+00,-3.343740892986997275e-03,3.518628284517798938e-02,9.993751772464531946e-01,1.683540829330250510e+00,0.000000000000000000e+00,0.000000000000000000e+00,0.000000000000000000e+00,1.000000000000000056e-01
