1.000000000000000000e+00,-1.410311049242077966e-09,5.576956868255882913e-10,1.687255629910448831e-15,1.410311049197509888e-09,1.000000000000000000e+00,7.991468268418207442e-11,2.751645518358045656e-15,-5.576956869382928906e-10,-7.991468189765767331e-11,1.000000000000000000e+00,-1.462539673003510349e-15,0.000000000000000000e+00,0.000000000000000000e+00,0.000000000000000000e+00,1.000000000000000056e-01
9.999901030857887285e-01,-4.398943611678858383e-03,-6.656016637937322601e-04,6.429374671800422991e-01,4.397414394720318594e-03,9.999877280462815543e-01,-2.281776386323933030e-03,2.011395452648421373e-02,6.756309012188185196e-04,2.278826877441271839e-03,9.999971752314843476e-01,9.648955371364266453e-03,0.000000000000000000e+00,0.000000000000000000e+00,0.000000000000000000e+00,1.000000000000000056e-01
9.999551461716417178e-01,-9.442231838993902712e-03,-7.415542794114410958e-04,1.290494616654189519e+00,9.440875150259505841e-03,9.999537918474871168e-01,-1.812193761629889068e-03,3.868638405313650636e-02,7.586311671926893345e-04,1.805111556432888783e-03,9.999980830236731011e-01,1.392137237715956009e-02,0.000000000000000000e+00,0.000000000000000000e+00,0.000000000000000000e+00,1.000000000000000056e-01
9.998594205294331072e-01,-1.664171344771203306e-02,-2.047572238135680987e-03,1.997484289899123411e+00,1.663764441009896525e-02,9.998596074929125832e-01,-1.988490030646661300e-03,5.099760278069349201e-02,2.080376655619380500e-03,1.954143710968833485e-03,9.999959266693677629e-01,1.617240755963013712e-02,0.000000000000000000e+00,0.000000000000000000e+00,0.000000000000000000e+00,1.000000000000000056e-01
9.997190526911232666e-01,-2.363534191209532009e-02,-1.785020745395412504e-03,2.700725423216056242e+00,2.363534662864685137e-02,9.997206460052434629e-01,-1.845541440340372490e-05,6.153769336837687509e-02,1.784958292749016986e-03,-2.373935465235325543e-05,9.999984066788987214e-01,1.592689272022413879e-02,0.000000000000000000e+00,0.000000000000000000e+00,0.000000000000000000e+00,1.000000000000000056e-01
9.995719528817610389e-01,-2.922278135795253542e-02,-1.392861029566207784e-03,3.410139852151051088e+00,2.922426727889679623e-02,9.995723192558464421e-01,1.058668739371622109e-03,8.418693494769945163e-02,1.361328084623424127e-03,-1.098920922278966497e-03,9.999984695781551913e-01,2.784594725448138325e-02,0.000000000000000000e+00,0.000000000000000000e+00,0.000000000000000000e+00,1.000000000000000056e-01
9.994008030824836908e-01,-3.456218248690193229e-02,-1.868245120083687066e-03,4.146246579869815818e+00,3.456515765440199006e-02,9.994011905359042602e-01,1.584371087718553341e-03,1.063554132987140771e-01,1.812367074563830428e-03,-1.647997924559350307e-03,9.999969997097130081e-01,4.094619996393971534e-02,0.000000000000000000e+00,0.000000000000000000e+00,0.000000000000000000e+00,1.000000000000000056e-01
9.990990998410885782e-01,-4.241540796574228001e-02,-1.386313033248961438e-03,4.913376221680302969e+00,4.241835954249426055e-02,9.990975711993974606e-01,2.173935875016814318e-03,1.482738697202252431e-01,1.292853607410905919e-03,-2.230782500524348261e-03,9.999966760639683594e-01,4.348754514114846342e-02,0.000000000000000000e+00,0.000000000000000000e+00,0.000000000000000000e+00,1.000000000000000056e-01
9.987919926376614965e-01,-4.913446679982343829e-02,5.996792363856241715e-04,5.681372508286426815e+00,4.913217767082322246e-02,9.987865978347325591e-01,3.370623539194156446e-03,1.906215606065955470e-01,-7.645653746829664385e-04,-3.337088254355536406e-03,9.999941396237131963e-01,3.951966526900152488e-02,0.000000000000000000e+00,0.000000000000000000e+00,0.000000000000000000e+00,1.000000000000000056e-01
9.985234988274945822e-01,-5.424909649391374683e-02,2.803180139144805655e-03,6.475214744740820372e+00,5.423842701038406738e-02,9.985209656343327911e-01,3.751562890164050496e-03,2.458099534230154815e-01,-3.002553036617350464e-03,-3.593983621784031194e-03,9.999890339183667987e-01,4.701160546068969964e-02,0.000000000000000000e+00,0.000000000000000000e+00,0.000000000000000000e+00,1.000000000000000056e-01
9.982206995232147939e-01,-5.935213332839030242e-02,5.723575172271673332e-03,7.295539972034773335e+00,5.932611611666260831e-02,9.982279952162351755e-01,4.613189036679185041e-03,2.830734681638851780e-01,-5.987235580460221161e-03,-4.265423301954084957e-03,9.999729792220184432e-01,5.855488888407908016e-02,0.000000000000000000e+00,0.000000000000000000e+00,0.000000000000000000e+00,1.000000000000000056e-01
9.980131598858635877e-01,-6.262577261212419477e-02,6.909797346395086734e-03,8.107104421046154030e+00,6.259206174931213063e-02,9.980267107937788040e-01,4.991828134195798808e-03,3.391867256389474172e-01,-7.208779411525220379e-03,-4.549411707635109964e-03,9.999636675162305588e-01,6.070845822105307849e-02,0.000000000000000000e+00,0.000000000000000000e+00,0.000000000000000000e+00,1.000000000000000056e-01
9.978101959277250188e-01,-6.576757137203333159e-02,7.031319826281900824e-03,8.936453533816226980e+00,6.573614329171718895e-02,9.978263850889813602e-01,4.611364807368226702e-03,3.844792109813405800e-01,-7.319314708754426184e-03,-4.139054974303947067e-03,9.999646473031503779e-01,6.459281180635639830e-02,0.000000000000000000e+00,0.000000000000000000e+00,0.000000000000000000e+00,1.000000000000000056e-01
9.976290805298499986e-01,-6.836299142991465738e-02,7.919538112756639367e-03,9.716551490416263093e+00,6.834275667683901989e-02,9.976579757081687205e-01,2.798413066244552841e-03,4.545300446025177243e-01,-8.092298250581516847e-03,-2.250535187987191474e-03,9.999647242780073109e-01,7.062404741829517163e-02,0.000000000000000000e+00,0.000000000000000000e+00,0.000000000000000000e+00,1.000000000000000056e-01
9.972911298551935255e-01,-7.304712920576263147e-02,8.632451966160385390e-03,1.051789229142033122e+01,7.302705914514630303e-02,9.973265232156551807e-01,2.618152628198316609e-03,5.230043384524246664e-01,-8.800621839549294459e-03,-1.980657812408814951e-03,9.999593121971850351e-01,7.111265070257459520e-02,0.000000000000000000e+00,0.000000000000000000e+00,0.000000000000000000e+00,1.000000000000000056e-01
9.970684418897000079e-01,-7.590589494892593936e-02,9.634173532195131062e-03,1.132812066005494955e+01,7.587281748739238552e-02,9.971104361824276729e-01,3.754147388388353809e-03,5.910103434135915990e-01,-9.891296890230077965e-03,-3.012169997114555291e-03,9.999465431100493795e-01,8.669384497632916242e-02,0.000000000000000000e+00,0.000000000000000000e+00,0.000000000000000000e+00,1.000000000000000056e-01
9.966816104127114162e-01,-8.090765777226538447e-02,8.928514934189731023e-03,1.218520492623149742e+01,8.086084028959283909e-02,9.967103020757318577e-01,5.486186632286752136e-03,6.559368070659065131e-01,-9.343017327663762778e-03,-4.746014107575490838e-03,9.999450901811087755e-01,9.107537191795506137e-02,0.000000000000000000e+00,0.000000000000000000e+00,0.000000000000000000e+00,1.000000000000000056e-01
9.965327117925216749e-01,-8.286551982399897875e-02,7.473951547966650732e-03,1.305887818555238411e+01,8.280662362138158095e-02,9.965345341382415567e-01,7.873077816510240523e-03,7.533888613059834816e-01,-8.100457509904651632e-03,-7.226886893843578220e-03,9.999410756109351484e-01,1.021086696212788608e-01,0.000000000000000000e+00,0.000000000000000000e+00,0.000000000000000000e+00,1.000000000000000056e-01
9.968488629469299811e-01,-7.903393395440232172e-02,6.780982606078928866e-03,1.393764931086235315e+01,7.895076833301793717e-02,9.968091172991806470e-01,1.176264633721389730e-02,8.499371631315993936e-01,-7.688993499730989965e-03,-1.119021683969578448e-02,9.999078249649022698e-01,1.042114455526990530e-01,0.000000000000000000e+00,0.000000000000000000e+00,0.000000000000000000e+00,1.000000000000000056e-01
9.948541760656556265e-01,-1.010725281950624749e-01,7.036505452544873293e-03,1.490459286325765653e+01,1.010040624984601260e-01,9.948407745316784068e-01,9.487501674168345028e-03,9.903276317954137209e-01,-7.959128314869202969e-03,-8.727965024476678352e-03,9.999302350179231080e-01,9.169456098398624799e-02,0.000000000000000000e+00,0.000000000000000000e+00,0.000000000000000000e+00,1.000000000000000056e-01
9.945365699881867361e-01,-1.040227791492173981e-01,8.733405647604964087e-03,1.586823758959975450e+01,1.039471723168984563e-01,9.945447081038025772e-01,8.706833525634942450e-03,1.095127455982283893e+00,-9.591471391475503774e-03,-7.751451528278160280e-03,9.999239564465646213e-01,8.891963516822848357e-02,0.000000000000000000e+00,0.000000000000000000e+00,0.000000000000000000e+00,1.000000000000000056e-01
9.941439684638079255e-01,-1.074861682366147070e-01,1.115767022462587320e-02,1.677790383453268674e+01,1.073819940971115633e-01,9.941719552187898712e-01,9.551481569704062258e-03,1.213495805279356743e+00,-1.211929497781291491e-02,-8.297414914216226511e-03,9.998921319797361429e-01,8.877427509107881087e-02,0.000000000000000000e+00,0.000000000000000000e+00,0.000000000000000000e+00,1.000000000000000056e-01
9.937601110548747174e-01,-1.109578994490514059e-01,1.136601188003969268e-02,1.765763031509468206e+01,1.108626295743691259e-01,9.937976894186084653e-01,8.696543571510034765e-03,1.321740453519473446e+00,-1.226046655144980707e-02,-7.382212140622650652e-03,9.998975867076845825e-01,8.979719850864063824e-02,0.000000000000000000e+00,0.000000000000000000e+00,0.000000000000000000e+00,1.000000000000000056e-01
9.933538861766815220e-01,-1.145855965786017061e-01,1.087188458412190542e-02,1.856984780902537580e+01,1.145015575288751697e-01,9.933903480294246080e-01,8.062863352450478499e-03,1.431979431928351199e+00,-1.172391321812887854e-02,-6.764428926712103170e-03,9.999083919840603407e-01,8.368480554318001585e-02,0.000000000000000000e+00,0.000000000000000000e+00,0.000000000000000000e+00,1.000000000000000056e-01
9.930503480069973188e-01,-1.171859063388413502e-01,1.088437773719248824e-02,1.949397345126478953e+01,1.171146541688471432e-01,9.930939407572171307e-01,6.970122682722759005e-03,1.548831283662213787e+00,-1.162600972358639184e-02,-5.646962621194904705e-03,9.999164703669310983e-01,8.595530051101996083e-02,0.000000000000000000e+00,0.000000000000000000e+00,0.000000000000000000e+00,1.000000000000000056e-01
9.930179697185195220e-01,-1.171888947884170695e-01,1.349350786040732011e-02,2.041523442553847545e+01,1.171031322373008443e-01,9.930952138213884339e-01,6.982313747182735363e-03,1.664976756277081860e+00,-1.421858770493010862e-02,-5.353430985842770433e-03,9.998845796092452609e-01,8.419383036745121951e-02,0.000000000000000000e+00,0.000000000000000000e+00,0.000000000000000000e+00,1.000000000000000056e-01
9.920973195339169992e-01,-1.244516881514438483e-01,1.595888122246585591e-02,2.129347956604965830e+01,1.243658349035730998e-01,9.922166376911202290e-01,6.267614990210196302e-03,1.778766432743823289e+00,-1.661468273408197791e-02,-4.233344444299212000e-03,9.998530047524294417e-01,8.151313379107348600e-02,0.000000000000000000e+00,0.000000000000000000e+00,0.000000000000000000e+00,1.000000000000000056e-01
9.922352064709762942e-01,-1.229421891805805717e-01,1.882851982990925085e-02,2.220863532603638646e+01,1.228484312623714242e-01,9.924069290964840917e-01,6.062179283098901965e-03,1.903675491059106273e+00,-1.943085113610183365e-02,-3.702053588532911062e-03,9.998043492720735115e-01,7.710310856756122377e-02,0.000000000000000000e+00,0.000000000000000000e+00,0.000000000000000000e+00,1.000000000000000056e-01
9.921403945461853002e-01,-1.232784219844707402e-01,2.144453736406142647e-02,2.315323592169631439e+01,1.231714927881665117e-01,9.923657651734004714e-01,6.242713844639601745e-03,2.022846453800255517e+00,-2.205041664174417493e-02,-3.552292897576608387e-03,9.997505490576613640e-01,7.632538476160487251e-02,0.000000000000000000e+00,0.000000000000000000e+00,0.000000000000000000e+00,1.000000000000000056e-01
9.923933980117629616e-01,-1.211925352036870712e-01,2.162667319699557861e-02,2.407067425890733148e+01,1.211326846919348194e-01,9.926280167867725934e-01,4.061156151032720846e-03,2.133613132584153416e+00,-2.195942353503107375e-02,-1.410567567272550922e-03,9.997578676945469978e-01,6.614283182657072768e-02,0.000000000000000000e+00,0.000000000000000000e+00,0.000000000000000000e+00,1.000000000000000056e-01
9.925891072388908221e-01,-1.198633853679629824e-01,1.999082386578383830e-02,2.501872144028156697e+01,1.198136953835511331e-01,9.927896119957356769e-01,3.669429369012996902e-03,2.246553149693748974e+00,-2.028651249572515497e-02,-1.247061140343528728e-03,9.997934297890105348e-01,5.381976035068555819e-02,0.000000000000000000e+00,0.000000000000000000e+00,0.000000000000000000e+00,1.000000000000000056e-01
9.926619735255552968e-01,-1.197988837705652176e-01,1.644487043659063896e-02,2.594176525556895641e+01,1.197671813706823185e-01,9.927977617372226726e-01,2.902853093569815902e-03,2.363550265180976773e+00,-1.667418912186540564e-02,-9.119961005212545019e-04,9.998605601183802039e-01,4.346795469277144053e-02,0.000000000000000000e+00,0.000000000000000000e+00,0.000000000000000000e+00,1.000000000000000056e-01
9.928436073200237466e-01,-1.184878851287821944e-01,1.490612228149858741e-02,2.687822991377016990e+01,1.184569656850424368e-01,9.929548243200576607e-01,2.943491161196797132e-03,2.475247453395038377e+00,-1.514987407390419767e-02,-1.156692367000708866e-03,9.998845650265398843e-01,3.750356540234011521e-02,0.000000000000000000e+00,0.000000000000000000e+00,0.000000000000000000e+00,1.000000000000000056e-01
9.929566385924712968e-01,-1.172613473661912459e-01,1.693783601897752567e-02,2.782900824428052999e+01,1.172741763649761543e-01,9.930995475051480614e-01,2.372825038956453796e-04,2.586129023424758255e+00,-1.684878135227620838e-02,1.750759531065590978e-03,9.998565164102335423e-01,3.178267649568228270e-02,0.000000000000000000e+00,0.000000000000000000e+00,0.000000000000000000e+00,1.000000000000000056e-01
9.928996298867791559e-01,-1.168806169811860002e-01,2.211891373450144277e-02,2.882363489236569976e+01,1.169103302483573276e-01,9.931424732250776488e-01,-5.057268094031783408e-05,2.687149024212491799e+00,-2.196132172518420328e-02,2.636143105623513921e-03,9.997553456209221645e-01,2.491286463902122467e-02,0.000000000000000000e+00,0.000000000000000000e+00,0.000000000000000000e+00,1.000000000000000056e-01
9.926984598455421693e-01,-1.178195561772186067e-01,2.585188585948349285e-02,2.976447134887336787e+01,1.179467156385043541e-01,9.930139496207163186e-01,-3.445015058775710917e-03,2.799043772302515443e+00,-2.526539313722086025e-02,6.469006173178918490e-03,9.996598480827131317e-01,1.228830838209228615e-02,0.000000000000000000e+00,0.000000000000000000e+00,0.000000000000000000e+00,1.000000000000000056e-01
9.926540848789765503e-01,-1.182036121366236009e-01,2.580259388000314888e-02,3.066164935348052012e+01,1.185191960975191389e-01,9.928901708108760493e-01,-1.105933377501385970e-02,2.897397142350308208e+00,-2.431188864484879267e-02,1.403619553169627859e-02,9.996058809778564092e-01,7.571533603339649157e-03,0.000000000000000000e+00,0.000000000000000000e+00,0.000000000000000000e+00,1.000000000000000056e-01
9.925215357065914068e-01,-1.199629793239999076e-01,2.258062776671656072e-02,3.158394405236135682e+01,1.202853329313736674e-01,9.926475745725273914e-01,-1.349931023672296809e-02,2.993552556794097264e+00,-2.079518791014000126e-02,1.611447445585091273e-02,9.996538820375748813e-01,4.043106285527977651e-04,0.000000000000000000e+00,0.000000000000000000e+00,0.000000000000000000e+00,1.000000000000000056e-01
9.925270901325109474e-01,-1.205153003984201360e-01,1.913211234989815185e-02,3.254385832057511152e+01,1.207807797731594163e-01,9.925889948039134936e-01,-1.338247479146756347e-02,3.119962382304079185e+00,-1.737753119629294879e-02,1.559326021187537256e-02,9.997273986669998891e-01,-1.033278574440905581e-02,0.000000000000000000e+00,0.000000000000000000e+00,0.000000000000000000e+00,1.000000000000000056e-01
9.921497195539419334e-01,-1.234515148393481448e-01,1.996640861308446660e-02,3.349702892763357909e+01,1.237343416769266374e-01,9.922220904395070429e-01,-1.360646661085059515e-02,3.244088319300651779e+00,-1.813137277792353438e-02,1.597018245746801776e-02,9.997080606824489957e-01,-2.280732699963061716e-02,0.000000000000000000e+00,0.000000000000000000e+00,0.000000000000000000e+00,1.000000000000000056e-01
9.923947078537589395e-01,-1.212406274602780137e-01,2.129446117868481758e-02,3.446723421437258139e+01,1.215528206720899868e-01,9.924857944408467247e-01,-1.403066711814208826e-02,3.368317525570248883e+00,-1.943336333502693192e-02,1.651236161666341795e-02,9.996747902709807176e-01,-2.562081180219849194e-02,0.000000000000000000e+00,0.000000000000000000e+00,0.000000000000000000e+00,1.000000000000000056e-01
9.920156614205483114e-01,-1.240516174042956971e-01,2.271835636066997510e-02,3.543057829923180435e+01,1.243721331392957791e-01,9.921467751644942323e-01,-1.327964717437260869e-02,3.504011600544023608e+00,-2.089258228973718545e-02,1.599914841711197119e-02,9.996537036670217757e-01,-4.071732316900348453e-02,0.000000000000000000e+00,0.000000000000000000e+00,0.000000000000000000e+00,1.000000000000000056e-01
9.916582395744960587e-01,-1.266716634742404979e-01,2.383748217996506380e-02,3.639931497157964202e+01,1.269805932076374100e-01,9.918335761596200895e-01,-1.191998955769964924e-02,3.630717291415773929e+00,-2.213289029132657626e-02,1.484745348832326034e-02,9.996447810558829472e-01,-4.616376043659936590e-02,0.000000000000000000e+00,0.000000000000000000e+00,0.000000000000000000e+00,1.000000000000000056e-01
9.915554034451674603e-01,-1.273585583206173488e-01,2.444748496645534827e-02,3.739128550355650304e+01,1.276894293121542401e-01,9.917356732280530052e-01,-1.248054841891695424e-02,3.768816137848716608e+00,-2.265593830825637575e-02,1.549684062622030262e-02,9.996232072085852183e-01,-5.365008369653113257e-02,0.000000000000000000e+00,0.000000000000000000e+00,0.000000000000000000e+00,1.000000000000000056e-01
9.914365972305863028e-01,-1.277134201343701203e-01,2.725355003330743459e-02,3.837679847264308108e+01,1.280254441056496717e-01,9.917202488361435142e-01,-1.002166203425490336e-02,3.898344822038617430e+00,-2.574799668687446919e-02,1.342499035230636413e-02,9.995783162417305467e-01,-4.559292177792807071e-02,0.000000000000000000e+00,0.000000000000000000e+00,0.000000000000000000e+00,1.000000000000000056e-01
9.914127111058859132e-01,-1.276947318394289488e-01,2.819382411333345301e-02,3.938575763388298867e+01,1.280109429869860926e-01,9.917252837506588259e-01,-9.703609908579810539e-03,4.034999238665756494e+00,-2.672142835366125846e-02,1.322940021813608785e-02,9.995553752727301955e-01,-6.457100991110581445e-02,0.000000000000000000e+00,0.000000000000000000e+00,0.000000000000000000e+00,1.000000000000000056e-01
9.910479017915968525e-01,-1.308299614909972375e-01,2.660032952310015589e-02,4.039031228671805707e+01,1.311810237370559240e-01,9.912869615075088348e-01,-1.190373708163849908e-02,4.172512134073342871e+00,-2.481119436406271569e-02,1.528663211681997175e-02,9.995752715592526316e-01,-6.936813806047031905e-02,0.000000000000000000e+00,0.000000000000000000e+00,0.000000000000000000e+00,1.000000000000000056e-01
9.911155939915350377e-01,-1.303758690151223809e-01,2.630612334340088829e-02,4.140670897152709529e+01,1.307430437264455736e-01,9.913343021547711409e-01,-1.274981915392254736e-02,4.318690316158052767e+00,-2.441589367504934729e-02,1.607588721858413047e-02,9.995726236678273979e-01,-6.069574812160154209e-02,0.000000000000000000e+00,0.000000000000000000e+00,0.000000000000000000e+00,1.000000000000000056e-01
9.913465934019887182e-01,-1.290075833966062291e-01,2.426881077514396814e-02,4.243292486555883869e+01,1.292253156251992885e-01,9.915859665323641936e-01,-7.621599415129622253e-03,4.465173999880787115e+00,-2.308136806689932777e-02,1.069179134872955649e-02,9.996764156695483461e-01,-6.282993048542266645e-02,0.000000000000000000e+00,0.000000000000000000e+00,0.000000000000000000e+00,1.000000000000000056e-01
9.914484666297912474e-01,-1.282356726545277048e-01,2.419814613305188225e-02,4.347516817513217546e+01,1.284621758410533221e-01,9.916817865775265917e-01,-8.043851601514596245e-03,4.595610915585970346e+00,-2.296535206823553318e-02,1.108361083969085226e-02,9.996748202166223507e-01,-6.701134005984329955e-02,0.000000000000000000e+00,0.000000000000000000e+00,0.000000000000000000e+00,1.000000000000000056e-01
9.916077641158254075e-01,-1.265577589416330695e-01,2.640408674589956456e-02,4.446155774124326143e+01,1.268975917334783654e-01,9.918478565630656218e-01,-1.161165980796709067e-02,4.721481192491708612e+00,-2.471929120053678597e-02,1.486482703982835128e-02,9.995839102144546962e-01,-7.352422905185514168e-02,0.000000000000000000e+00,0.000000000000000000e+00,0.000000000000000000e+00,1.000000000000000056e-01
9.917487733673044925e-01,-1.252493959497621157e-01,2.733055686711517024e-02,4.542863608084243765e+01,1.255945021260335415e-01,9.920173960823441828e-01,-1.129189557688400555e-02,4.860829119232426443e+00,-2.569808475666350567e-02,1.463129126991898066e-02,9.995626712495890853e-01,-7.852755742398415117e-02,0.000000000000000000e+00,0.000000000000000000e+00,0.000000000000000000e+00,1.000000000000000056e-01
9.913128009594293077e-01,-1.291923479256890384e-01,2.466308762946481728e-02,4.633574473103477231e+01,1.295036601859027303e-01,9.915126478348912364e-01,-1.146608834333702649e-02,4.979368170760493761e+00,-2.297243244467553000e-02,1.456044027118304392e-02,9.996300620362935652e-01,-8.304832083129468079e-02,0.000000000000000000e+00,0.000000000000000000e+00,0.000000000000000000e+00,1.000000000000000056e-01
9.917140861155258058e-01,-1.270779118417967590e-01,1.882486977314707863e-02,4.727982887789612931e+01,1.272611330936680718e-01,9.918295609121351442e-01,-8.872773216805632940e-03,5.116623935039276816e+00,-1.754352882869110800e-02,1.119492843968615189e-02,9.997834256345057291e-01,-9.566023044175923917e-02,0.000000000000000000e+00,0.000000000000000000e+00,0.000000000000000000e+00,1.000000000000000056e-01
9.919743057973274825e-01,-1.251085691281604850e-01,1.829815751966600360e-02,4.822144903085231249e+01,1.252800670241159819e-01,9.920846358311840030e-01,-8.542842275267484298e-03,5.243749664139772726e+00,-1.708453816593321142e-02,1.076667443602611143e-02,9.997960778465003751e-01,-9.557867501865641158e-02,0.000000000000000000e+00,0.000000000000000000e+00,0.000000000000000000e+00,1.000000000000000056e-01
9.922245817611722307e-01,-1.231312422713348037e-01,1.814046652059114403e-02,4.918073246795123055e+01,1.233381686724490806e-01,9.923063269918691587e-01,-1.076334336682394435e-02,5.385447207810570625e+00,-1.667559586321680845e-02,1.291706579001235949e-02,9.997775122065825082e-01,-1.025226915476844247e-01,0.000000000000000000e+00,0.000000000000000000e+00,0.000000000000000000e+00,1.000000000000000056e-01
9.926290235348097513e-01,-1.194138700047494978e-01,2.068693517220333844e-02,5.017586541662161181e+01,1.196383735891975858e-01,9.927674400613777372e-01,-9.973440675634142466e-03,5.524442533056272531e+00,-1.934634852528372556e-02,1.237487795768464627e-02,9.997362558166381641e-01,-9.386059787136197263e-02,0.000000000000000000e+00,0.000000000000000000e+00,0.000000000000000000e+00,1.000000000000000056e-01
9.927363063887481021e-01,-1.185211645627628624e-01,2.067267588659321698e-02,5.110783160534236202e+01,1.187450531794710523e-01,9.928748493121297702e-01,-9.957205874143722907e-03,5.651950984329550565e+00,-1.934524031978504532e-02,1.233965777896526422e-02,9.997367126013066985e-01,-9.809493116211621955e-02,0.000000000000000000e+00,0.000000000000000000e+00,0.000000000000000000e+00,1.000000000000000056e-01
9.926555143025714845e-01,-1.192468379130291467e-01,2.037698634344623297e-02,5.204991339675076745e+01,1.195224534641040892e-01,9.927478701746645928e-01,-1.288601496151757161e-02,5.769567007672182335e+00,-1.869259325557351761e-02,1.522688121090909341e-02,9.997093222762156728e-01,-9.835630594155210515e-02,0.000000000000000000e+00,0.000000000000000000e+00,0.000000000000000000e+00,1.000000000000000056e-01
9.928367619948206269e-01,-1.179431316398820012e-01,1.909402342664637611e-02,5.303154830161000177e+01,1.182165784905517408e-01,9.928907532122474011e-01,-1.388498309697723532e-02,5.894699985701072897e+00,-1.732064091271089470e-02,1.604275177747226805e-02,9.997212739127737668e-01,-8.892825811382271128e-02,0.000000000000000000e+00,0.000000000000000000e+00,0.000000000000000000e+00,1.000000000000000056e-01
9.926525862821845569e-01,-1.194289215692789646e-01,1.943130567124113500e-02,5.399552202826508562e+01,1.196993641092842370e-01,9.927197086639574231e-01,-1.340306912541172450e-02,6.025233516916961740e+00,-1.768912601354838410e-02,1.563050616411953628e-02,9.997213522266743535e-01,-9.199930909509533572e-02,0.000000000000000000e+00,0.000000000000000000e+00,0.000000000000000000e+00,1.000000000000000056e-01
9.925043032005782528e-01,-1.200462343765486134e-01,2.289344317365730325e-02,5.493360647116629991e+01,1.204067094133432075e-01,9.926102197711812458e-01,-1.507235661925623339e-02,6.143711383514701474e+00,-2.091488600460086889e-02,1.771590296366697126e-02,9.996242865825122337e-01,-9.039522081104332807e-02,0.000000000000000000e+00,0.000000000000000000e+00,0.000000000000000000e+00,1.000000000000000056e-01
9.922261109123089451e-01,-1.215438307343071206e-01,2.672904851027158371e-02,5.588249261969637161e+01,1.219342743153428027e-01,9.924464733258404614e-01,-1.349186163183699327e-02,6.259297143085204240e+00,-2.488729738290365243e-02,1.664616452916417577e-02,9.995516633148298080e-01,-8.212240513532162445e-02,0.000000000000000000e+00,0.000000000000000000e+00,0.000000000000000000e+00,1.000000000000000056e-01
9.920010001045922454e-01,-1.233208986041800098e-01,2.694386310361580536e-02,5.684375801076414092e+01,1.236587297416873038e-01,9.922610575256209930e-01,-1.124776763667086933e-02,6.385682579290474337e+00,-2.534826128477411442e-02,1.448964063024861353e-02,9.995736671022527053e-01,-8.992552211164803189e-02,0.000000000000000000e+00,0.000000000000000000e+00,0.000000000000000000e+00,1.000000000000000056e-01
9.917357841111019701e-01,-1.259320250559246568e-01,2.452059499383543034e-02,5.773540550126027426e+01,1.262475159073074282e-01,9.919289701821202287e-01,-1.176787324339404264e-02,6.504791774660124481e+00,-2.284073643234598577e-02,1.476628520489832799e-02,9.996300603625701831e-01,-9.528204177018753662e-02,0.000000000000000000e+00,0.000000000000000000e+00,0.000000000000000000e+00,1.000000000000000056e-01
9.914255535009807163e-01,-1.294290797110102254e-01,1.798569404929857909e-02,5.860593520267613599e+01,1.296700461681825345e-01,9.914727164715263497e-01,-1.294340060856151789e-02,6.628213684519321802e+00,-1.615707250758678312e-02,1.516462389026738619e-02,9.997544614505360361e-01,-1.020048808865938739e-01,0.000000000000000000e+00,0.000000000000000000e+00,0.000000000000000000e+00,1.000000000000000056e-01
9.913139618416731969e-01,-1.306703368526571374e-01,1.489604392376697034e-02,5.953568111436861443e+01,1.308818210981227692e-01,9.912957987083632627e-01,-1.423335410882043024e-02,6.738838927867830009e+00,-1.290650858306272367e-02,1.605934400781048460e-02,9.997877372253742845e-01,-1.009572261890354927e-01,0.000000000000000000e+00,0.000000000000000000e+00,0.000000000000000000e+00,1.000000000000000056e-01
9.913504692693511089e-01,-1.303366177183864494e-01,1.538223524616916769e-02,6.043182865672170578e+01,1.305135073792790812e-01,9.913842356456564753e-01,-1.111403188929545142e-02,6.871405710215911178e+00,-1.380114020638003973e-02,1.302549020223828409e-02,9.998199163519374544e-01,-1.047468945201766033e-01,0.000000000000000000e+00,0.000000000000000000e+00,0.000000000000000000e+00,1.000000000000000056e-01
9.911637345838429924e-01,-1.316185047370327099e-01,1.646269894631257127e-02,6.134874936083630104e+01,1.317707658814292471e-01,9.912435206492977713e-01,-8.529245559065489618e-03,6.999982355247210464e+00,-1.519593711591317974e-02,1.062318133013701385e-02,9.998281009821619048e-01,-9.830129664961857749e-02,0.000000000000000000e+00,0.000000000000000000e+00,0.000000000000000000e+00,1.000000000000000056e-01
9.911595235815033877e-01,-1.312233391119177472e-01,1.957636549530585024e-02,6.223342511421235912e+01,1.313785577053251385e-01,9.913085372699876885e-01,-6.859920619513541415e-03,7.123224711010982979e+00,-1.850603655447903562e-02,9.371190316929548306e-03,9.997848305525985912e-01,-9.362819574726601035e-02,0.000000000000000000e+00,0.000000000000000000e+00,0.000000000000000000e+00,1.000000000000000056e-01
9.909963044875377269e-01,-1.323570544324150222e-01,2.019739176275420905e-02,6.304215646109511084e+01,1.324930745504528384e-01,9.911684149081373407e-01,-5.546033236347120386e-03,7.239796470935148776e+00,-1.928496015582058243e-02,8.172112974332349650e-03,9.997806293789268661e-01,-9.423941658984652525e-02,0.000000000000000000e+00,0.000000000000000000e+00,0.000000000000000000e+00,1.000000000000000056e-01
9.906222356650289385e-01,-1.352273678317521544e-01,1.952294023234879550e-02,6.385142146876848557e+01,1.353380306516255849e-01,9.907894597275743731e-01,-4.456899379719101058e-03,7.358447100931932106e+00,-1.874042863329220682e-02,7.057299911246892564e-03,9.997994753212281482e-01,-9.668974325226988020e-02,0.000000000000000000e+00,0.000000000000000000e+00,0.000000000000000000e+00,1.000000000000000056e-01
9.899857419735902386e-01,-1.397310443340858688e-01,2.008646156757512569e-02,6.464267367462667835e+01,1.398442200244502109e-01,9.901640153063133720e-01,-4.337847188627831814e-03,7.475221481226276055e+00,-1.928275952121748932e-02,7.103382418570415406e-03,9.997888362766721437e-01,-9.685373049795695244e-02,0.000000000000000000e+00,0.000000000000000000e+00,0.000000000000000000e+00,1.000000000000000056e-01
9.899009978639541352e-01,-1.405764200782790296e-01,1.828345005525736089e-02,6.543193377693160073e+01,1.407075741871931518e-01,9.900324688439948728e-01,-6.090090395040471082e-03,7.578772982552409054e+00,-1.724508609150442184e-02,8.601206464180210023e-03,9.998142958835191108e-01,-9.544320389270322114e-02,0.000000000000000000e+00,0.000000000000000000e+00,0.000000000000000000e+00,1.000000000000000056e-01
9.898953204240183990e-01,-1.403603888388640086e-01,2.015479713697918354e-02,6.618272787521313205e+01,1.404938921863147783e-01,9.900670301658890393e-01,-5.361160027148863250e-03,7.692099784259241346e+00,-1.920210563896695630e-02,8.138613118918761394e-03,9.997824974040756540e-01,-9.086606201451964682e-02,0.000000000000000000e+00,0.000000000000000000e+00,0.000000000000000000e+00,1.000000000000000056e-01
9.896815195512517205e-01,-1.414674936571711505e-01,2.274726570565110614e-02,6.697259386601913889e+01,1.415870525764374444e-01,9.899187960649115103e-01,-3.726089117741727529e-03,7.817744616882952080e+00,-2.199082539247660881e-02,6.908359845466231081e-03,9.997343037841620594e-01,-9.059918970334068788e-02,0.000000000000000000e+00,0.000000000000000000e+00,0.000000000000000000e+00,1.000000000000000056e-01
9.895925594621476362e-01,-1.417972391183908998e-01,2.449712708783959372e-02,6.771142101991053153e+01,1.418916366981718691e-01,9.898798611844035200e-01,-2.150315479189430189e-03,7.931212605339424293e+00,-2.394430396294474836e-02,5.603873655598824027e-03,9.996975877272997746e-01,-9.508400012601694873e-02,0.000000000000000000e+00,0.000000000000000000e+00,0.000000000000000000e+00,1.000000000000000056e-01
9.893437809946751260e-01,-1.431464824154826398e-01,2.660766016083083649e-02,6.839146884903023249e+01,1.431960093233613784e-01,9.896943472287167420e-01,4.446783173869643668e-05,8.037183148493404872e+00,-2.633981626785104543e-02,3.766116779678166122e-03,9.996459525468892604e-01,-9.493625568872697540e-02,0.000000000000000000e+00,0.000000000000000000e+00,0.000000000000000000e+00,1.000000000000000056e-01
9.894427975641847395e-01,-1.431834710285352918e-01,2.239294470542712093e-02,6.907126175339141128e+01,1.431409333277078866e-01,9.896961288840181448e-01,3.499382525764417346e-03,8.147116609605072668e+00,-2.266326442577064684e-02,-2.570918309489742155e-04,9.997431221815722413e-01,-9.751322654099281451e-02,0.000000000000000000e+00,0.000000000000000000e+00,0.000000000000000000e+00,1.000000000000000056e-01
9.896484653838309997e-01,-1.426084870234844981e-01,1.608522279301655838e-02,6.976236969764084961e+01,1.425859278842975808e-01,9.897791511410625187e-01,2.546592988989028992e-03,8.257783753748602962e+00,-1.628398393521113957e-02,-2.267054263422969753e-04,9.998673814420827588e-01,-1.006951787943386051e-01,0.000000000000000000e+00,0.000000000000000000e+00,0.000000000000000000e+00,1.000000000000000056e-01
9.899408636730613331e-01,-1.411420003837003390e-01,9.799089647565937047e-03,7.049585276749174056e+01,1.411280231148669961e-01,9.899891119153836350e-01,2.106983787230055655e-03,8.363137717417192363e+00,-9.998375964278707548e-03,-7.028631997893194970e-04,9.999497679690712015e-01,-9.873496299127587639e-02,0.000000000000000000e+00,0.000000000000000000e+00,0.000000000000000000e+00,1.000000000000000056e-01
9.898430585026336548e-01,-1.418580252877737757e-01,9.328461588337914542e-03,7.120654911201224024e+01,1.418336280811773598e-01,9.898852395723483077e-01,3.230235614440677729e-03,8.472291846948380112e+00,-9.692341279692118575e-03,-1.874336748792226025e-03,9.999512715039018396e-01,-9.447873635107187362e-02,0.000000000000000000e+00,0.000000000000000000e+00,0.000000000000000000e+00,1.000000000000000056e-01
9.896060274873084150e-01,-1.433155476084822799e-01,1.185597631869628188e-02,7.187213757096179734e+01,1.432648926749724161e-01,9.896716412567029275e-01,5.021256724414855342e-03,8.579916809076353346e+00,-1.245314769916704145e-02,-3.270520745187082030e-03,9.999171079676745233e-01,-8.391437278637266239e-02,0.000000000000000000e+00,0.000000000000000000e+00,0.000000000000000000e+00,1.000000000000000056e-01
9.893416924464581985e-01,-1.449942700546472119e-01,1.340437385698399660e-02,7.248895645745693628e+01,1.449576408643896142e-01,9.894310549396304610e-01,3.670132978612896876e-03,8.671232262011937308e+00,-1.379485201835834417e-02,-1.687949160991745329e-03,9.999034217790343515e-01,-7.504762247322931124e-02,0.000000000000000000e+00,0.000000000000000000e+00,0.000000000000000000e+00,1.000000000000000056e-01
9.895752406421636227e-01,-1.436224308849491926e-01,1.065084291039191354e-02,7.305742557745726629e+01,1.436264315906108924e-01,9.896318983590279839e-01,3.922994444371817515e-04,8.745973091359358520e+00,-1.059675688837982861e-02,1.141532743519036060e-03,9.999432012101707734e-01,-7.253158657642391760e-02,0.000000000000000000e+00,0.000000000000000000e+00,0.000000000000000000e+00,1.000000000000000056e-01
9.898088291083206869e-01,-1.421759144585970080e-01,8.030639269500717756e-03,7.368730912282798329e+01,1.422314355067880176e-01,9.898099060033981322e-01,-6.824128605368962909e-03,8.825144726924646577e+00,-6.978579575640300563e-03,7.896792095903121950e-03,9.999444685089770024e-01,-5.693921731527021995e-02,0.000000000000000000e+00,0.000000000000000000e+00,0.000000000000000000e+00,1.000000000000000056e-01
9.902662490498399528e-01,-1.391299044683341479e-01,3.952932505441476146e-03,7.428999083584717766e+01,1.391649504230083878e-01,9.902112331960299940e-01,-1.071588662497013726e-02,8.908837825670216759e+00,-2.423337888528282000e-03,1.116169050949778786e-02,9.999347699217425722e-01,-4.650867784598593929e-02,0.000000000000000000e+00,0.000000000000000000e+00,0.000000000000000000e+00,1.000000000000000056e-01
9.909814404134700272e-01,-1.339611296757235170e-01,3.193820916728012070e-03,7.486784323570535093e+01,1.339850884658356500e-01,9.909414687725479620e-01,-9.110517861660465469e-03,8.982484051089988597e+00,-1.944434325540049004e-03,9.456278491532773070e-03,9.999533979002442896e-01,-3.684031744044907047e-02,0.000000000000000000e+00,0.000000000000000000e+00,0.000000000000000000e+00,1.000000000000000056e-01
9.917680313697175842e-01,-1.279683989235941566e-01,4.501203168788542666e-03,7.544213104163326022e+01,1.280039086561006456e-01,9.917349310702043841e-01,-8.765036448160993046e-03,9.075041688366138004e+00,-3.342352733553382357e-03,9.269054542336610178e-03,9.999514554747623851e-01,-4.115693254131390366e-02,0.000000000000000000e+00,0.000000000000000000e+00,0.000000000000000000e+00,1.000000000000000056e-01
9.926106398312655177e-01,-1.212026442873362225e-01,5.834099032679423112e-03,7.599512302180198731e+01,1.212554657989299151e-01,9.925733283325332001e-01,-9.762166601824556408e-03,9.126656780478340281e+00,-4.607570688573572361e-03,1.039744683250111261e-02,9.999353296047275297e-01,-3.232885094955179062e-02,0.000000000000000000e+00,0.000000000000000000e+00,0.000000000000000000e+00,1.000000000000000056e-01
9.937730724005754412e-01,-1.110454824328276774e-01,9.164136772287403976e-03,7.656836572835617005e+01,1.111664275728977275e-01,9.937038270591292966e-01,-1.395455010810932490e-02,9.187827774071605447e+00,-7.556848033427221618e-03,1.488640048166820114e-02,9.998606348529274213e-01,-1.993710967293287756e-02,0.000000000000000000e+00,0.000000000000000000e+00,0.000000000000000000e+00,1.000000000000000056e-01
9.947514652444047201e-01,-1.015784429121480009e-01,1.230212703777072876e-02,7.712209013848473660e+01,1.017868264897779235e-01,9.946488003778723996e-01,-1.769762300420937157e-02,9.225798423309065299e+00,-1.043859891220104592e-02,1.885693088502912729e-02,9.997676989232785472e-01,-1.064459547314559884e-02,0.000000000000000000e+00,0.000000000000000000e+00,0.000000000000000000e+00,1.000000000000000056e-01
9.959034080903199637e-01,-8.961858783527798522e-02,1.203787641139915550e-02,7.761193923802184713e+01,8.978011253965814675e-02,9.958684313923100717e-01,-1.362346316418901714e-02,9.271397579136332112e+00,-1.076722556891402012e-02,1.464841529416269043e-02,9.998347317346591989e-01,1.698620217049916096e-03,0.000000000000000000e+00,0.000000000000000000e+00,0.000000000000000000e+00,1.000000000000000056e-01
9.970956730082561892e-01,-7.559443110229298324e-02,9.257475602633628148e-03,7.810454791370507621e+01,7.568045771389982079e-02,9.970885270810366796e-01,-9.324027219152302565e-03,9.311380940802445494e+00,-8.525678179904482012e-03,9.997557186110537369e-03,9.999136771051204686e-01,-1.653415957682781478e-03,0.000000000000000000e+00,0.000000000000000000e+00,0.000000000000000000e+00,1.000000000000000056e-01
9.981621789803951650e-01,-5.980504698311791406e-02,9.778589287653601317e-03,7.860385108292570067e+01,5.984259908449521964e-02,9.982013572425751935e-01,-3.593568406644967374e-03,9.337486702254393478e+00,-9.546087571457079549e-03,4.172140269444840968e-03,9.999457312562768374e-01,3.643634049989787679e-03,0.000000000000000000e+00,0.000000000000000000e+00,0.000000000000000000e+00,1.000000000000000056e-01
9.992919808381418578e-01,-3.588684739758138398e-02,1.129916883869987350e-02,7.909969452557299974e+01,3.593744834574250091e-02,9.993447579742534836e-01,-4.307495302113910005e-03,9.356231959482370186e+00,-1.113718272184799178e-02,4.710508809390999072e-03,9.999268844609473517e-01,1.379386065734111884e-02,0.000000000000000000e+00,0.000000000000000000e+00,0.000000000000000000e+00,1.000000000000000056e-01
9.998772251715638548e-01,-1.070983169650387493e-02,1.143827295732630089e-02,7.960038509445237764e+01,1.080962226618457922e-02,9.999037405707592585e-01,-8.698371058207539364e-03,9.379068275911476960e+00,-1.134401382563278438e-02,8.820946527239404561e-03,9.998967467957315947e-01,1.583814945638813143e-02,0.000000000000000000e+00,0.000000000000000000e+00,0.000000000000000000e+00,1.000000000000000056e-01
9.997761174778861948e-01,1.704782340184808620e-02,1.253342084601476690e-02,8.007970783308111606e+01,-1.695689385893402179e-02,9.998293836919937005e-01,-7.325793932727581517e-03,9.379177396135007783e+00,-1.265617128126680056e-02,7.111625928530212679e-03,9.998946174998403214e-01,2.557114042319141162e-02,0.000000000000000000e+00,0.000000000000000000e+00,0.000000000000000000e+00,1.000000000000000056e-01
9.987191499649014093e-01,4.903298150863939081e-02,1.248303720086670933e-02,8.056971651590708916e+01,-4.892767260959749592e-02,9.987652439658094572e-01,-8.606410339110831531e-03,9.351011739205722151e+00,-1.288962165437129888e-02,7.984620860788476521e-03,9.998850451343477275e-01,2.582652152895755296e-02,0.000000000000000000e+00,0.000000000000000000e+00,0.000000000000000000e+00,1.000000000000000056e-01
