1.000000000000000000e+00,-6.986468931853565789e-12,4.393686687962606956e-12,4.414831705699945176e-19,6.986468931858420629e-12,1.000000000000000000e+00,-1.104854217650223687e-12,1.638732786297985667e-18,-4.393686687954887680e-12,1.104854217680919843e-12,1.000000000000000000e+00,-1.391768021794808561e-18,0.000000000000000000e+00,0.000000000000000000e+00,0.000000000000000000e+00,1.000000000000000056e-01
9.999920202972801819e-01,-3.990928183578827844e-03,-1.784208435349688066e-04,6.556252631890745475e-01,3.990388618163010458e-03,9.999877500480437442e-01,-2.928575170164139391e-03,7.032578764699484557e-03,1.901063910725447350e-04,2.927839832501604334e-03,9.999956957974746041e-01,2.038736046449006727e-03,0.000000000000000000e+00,0.000000000000000000e+00,0.000000000000000000e+00,1.000000000000000056e-01
9.999534958525496675e-01,-9.353615520124711549e-03,-2.348618523014581964e-03,1.325919399655816955e+00,9.350342802293963237e-03,9.999553037053865445e-01,-1.400600209831788555e-03,9.439964444245692657e-03,2.361614224329314834e-03,1.378574687811107797e-03,9.999962611480532892e-01,6.221372411688364142e-03,0.000000000000000000e+00,0.000000000000000000e+00,0.000000000000000000e+00,1.000000000000000056e-01
9.998857140157476620e-01,-1.494241355684709435e-02,-2.298517851703728732e-03,2.043406018422833093e+00,1.494070714280970255e-02,9.998880942534918992e-01,-7.577863768293530795e-04,3.481531815604113167e-04,2.309583791778000838e-03,7.233582903825986178e-04,9.999970712834576059e-01,4.937205809612263581e-03,0.000000000000000000e+00,0.000000000000000000e+00,0.000000000000000000e+00,1.000000000000000056e-01
9.997908643093597059e-01,-1.998357272912001589e-02,-4.345625906987463961e-03,2.738281967919566018e+00,1.998479483409047394e-02,9.998002557214067387e-01,2.379807744971383469e-04,8.638235014463412423e-03,4.340002186960341228e-03,-3.247774464003575943e-04,9.999905294054676208e-01,1.024891145719253500e-02,0.000000000000000000e+00,0.000000000000000000e+00,0.000000000000000000e+00,1.000000000000000056e-01
9.996848527303574539e-01,-2.433029563302181036e-02,-6.183197869499377532e-03,3.444250799048810485e+00,2.432993760819069512e-02,9.997039743910740572e-01,-1.331265271097031746e-04,1.032443331957802468e-02,6.184606492346127020e-03,-1.735224573584992817e-05,9.999808749878341674e-01,2.506269311146743645e-02,0.000000000000000000e+00,0.000000000000000000e+00,0.000000000000000000e+00,1.000000000000000056e-01
9.995188146384169636e-01,-3.003815334008414634e-02,-7.736183020811054911e-03,4.165172503420700778e+00,3.003946191646578168e-02,9.995487121299482247e-01,5.298236580396483916e-05,4.509458894194330603e-02,7.731100282824922634e-03,-2.853476466975807713e-04,9.999700738847825399e-01,4.339867350706258509e-02,0.000000000000000000e+00,0.000000000000000000e+00,0.000000000000000000e+00,1.000000000000000056e-01
9.993666707707805630e-01,-3.454434067493102056e-02,-8.540836016496909308e-03,4.933997213800476622e+00,3.457360683479800134e-02,9.993966959459995580e-01,3.303005094165400654e-03,7.339222878198305156e-02,8.421583162279722493e-03,-3.596200710969851486e-03,9.999580712597340160e-01,5.539286756202042861e-02,0.000000000000000000e+00,0.000000000000000000e+00,0.000000000000000000e+00,1.000000000000000056e-01
9.992692574809707295e-01,-3.757611421281593228e-02,-6.999049513669305250e-03,5.704673517585166387e+00,3.760418913059781348e-02,9.992850089655995749e-01,3.923750304477630763e-03,1.091487273876174668e-01,6.846605966434084201e-03,-4.184076634942534428e-03,9.999678082265714973e-01,6.062521140696446043e-02,0.000000000000000000e+00,0.000000000000000000e+00,0.000000000000000000e+00,1.000000000000000056e-01
9.990752262092121860e-01,-4.268267803185282760e-02,-5.184724779655136388e-03,6.498384310567717925e+00,4.270355592795843647e-02,9.990798392623829738e-01,3.985108600619340948e-03,1.634900014374866817e-01,5.009858892155344239e-03,-4.202829461231120077e-03,9.999786185406168704e-01,7.174633529214999306e-02,0.000000000000000000e+00,0.000000000000000000e+00,0.000000000000000000e+00,1.000000000000000056e-01
9.988407231803789754e-01,-4.801850132729870019e-02,-3.381308441682942360e-03,7.323913290013039479e+00,4.802759523327065211e-02,9.988424629405380228e-01,2.661639154568028881e-03,1.981816179337300143e-01,3.249586528575807744e-03,-2.820949691189932225e-03,9.999907411722536166e-01,9.205016614230394911e-02,0.000000000000000000e+00,0.000000000000000000e+00,0.000000000000000000e+00,1.000000000000000056e-01
9.987613689350234303e-01,-4.967421498222235332e-02,-2.863614662978409588e-03,8.140513828873555013e+00,4.968318422000389534e-02,9.987600574454218449e-01,3.151008946162841499e-03,2.448993530586487388e-01,2.703540049495269798e-03,-3.289379503431966081e-03,9.999909353857580063e-01,1.069964372320002521e-01,0.000000000000000000e+00,0.000000000000000000e+00,0.000000000000000000e+00,1.000000000000000056e-01
9.986050028442876592e-01,-5.267658449646653307e-02,-3.636721070822444574e-03,8.987894214586058084e+00,5.268847966212530931e-02,9.986056880586017259e-01,3.256361144056755391e-03,2.954461700220415987e-01,3.460116364249945804e-03,-3.443431833699674670e-03,9.999880851149940408e-01,1.158823054000165109e-01,0.000000000000000000e+00,0.000000000000000000e+00,0.000000000000000000e+00,1.000000000000000056e-01
9.986154151085027131e-01,-5.249563565818997357e-02,-3.385401677124976871e-03,9.668640620921969742e+00,5.251293203319225278e-02,9.986064943640555747e-01,5.240360980777221921e-03,3.775034510856537517e-01,3.105588020043691371e-03,-5.410882624313165072e-03,9.999805386467657264e-01,1.336798215722952710e-01,0.000000000000000000e+00,0.000000000000000000e+00,0.000000000000000000e+00,1.000000000000000056e-01
9.983524961120749941e-01,-5.724990939274037655e-02,-3.839450652396840438e-03,1.042327826066970609e+01,5.727072540001854756e-02,9.983432557984285305e-01,5.550460697017458624e-03,4.411726434547341702e-01,3.515326292799045901e-03,-5.761204415439689398e-03,9.999772252430245700e-01,1.404630184994622999e-01,0.000000000000000000e+00,0.000000000000000000e+00,0.000000000000000000e+00,1.000000000000000056e-01
9.982118979253025159e-01,-5.961327650019485058e-02,-4.389089344813339871e-03,1.125047857712148236e+01,5.963093213799416925e-02,9.982124463474633114e-01,4.007978214345038828e-03,4.921108675797164489e-01,4.142314898625201400e-03,-4.262537029052783019e-03,9.999823358466671808e-01,1.617360140027701565e-01,0.000000000000000000e+00,0.000000000000000000e+00,0.000000000000000000e+00,1.000000000000000056e-01
9.980092335584638263e-01,-6.282422265390025240e-02,-5.539564963132558376e-03,1.214231145230661468e+01,6.285064252045341471e-02,9.980117281232733228e-01,4.731518061230519448e-03,5.566254926481921661e-01,5.231296857737365372e-03,-5.070263931073373115e-03,9.999734626263115933e-01,1.748777133415088669e-01,0.000000000000000000e+00,0.000000000000000000e+00,0.000000000000000000e+00,1.000000000000000056e-01
9.978703676434160785e-01,-6.483620676117055059e-02,-7.141125402643049014e-03,1.304135413126340204e+01,6.488625571404987857e-02,9.978680087985923874e-01,7.015043531096431043e-03,6.343499240913509363e-01,6.671071773295685070e-03,-7.463464956371757344e-03,9.999498954908893067e-01,1.881174568443464146e-01,0.000000000000000000e+00,0.000000000000000000e+00,0.000000000000000000e+00,1.000000000000000056e-01
9.980167580667020921e-01,-6.206727553811446085e-02,-1.049780573765783827e-02,1.391669487276195127e+01,6.217297302606919485e-02,9.980146795928706016e-01,1.006085196390256627e-02,6.969524358980196954e-01,9.852514558705066303e-03,-1.069357865336336734e-02,9.998942820780879481e-01,1.940985267081438148e-01,0.000000000000000000e+00,0.000000000000000000e+00,0.000000000000000000e+00,1.000000000000000056e-01
9.970290961374298488e-01,-7.665002687467631359e-02,-7.599660222085213336e-03,1.488510262905322534e+01,7.672139223023316523e-02,9.970064373801038604e-01,9.591235420307127682e-03,7.843429731845533714e-01,6.841741710592578844e-03,-1.014579729466521911e-02,9.999251238805939579e-01,2.062430702084522005e-01,0.000000000000000000e+00,0.000000000000000000e+00,0.000000000000000000e+00,1.000000000000000056e-01
9.966631981292700670e-01,-8.132508772622375204e-02,-6.978509945354302579e-03,1.584673496401008919e+01,8.137794485306081016e-02,9.966538992445334033e-01,7.657363264187434446e-03,8.803350704405791260e-01,6.332423408742515747e-03,-8.199708957612213481e-03,9.999463311532188481e-01,2.175395195057403253e-01,0.000000000000000000e+00,0.000000000000000000e+00,0.000000000000000000e+00,1.000000000000000056e-01
9.965249807978798779e-01,-8.305762281258517732e-02,-6.276459073995847501e-03,1.675512072066207026e+01,8.310457752971713019e-02,9.965116058217464712e-01,7.632080723598624016e-03,9.731204003107220002e-01,5.620661828686217623e-03,-8.127161576258971898e-03,9.999511775108427258e-01,2.363257301020430245e-01,0.000000000000000000e+00,0.000000000000000000e+00,0.000000000000000000e+00,1.000000000000000056e-01
9.963068576648216323e-01,-8.570156093924449769e-02,-5.280892218729449188e-03,1.764706839406070316e+01,8.574338819726831651e-02,9.962828393799393334e-01,8.281022732646966394e-03,1.061747332254165288e+00,4.551565719773990014e-03,-8.703241328552907552e-03,9.999517672567390658e-01,2.591159942784846404e-01,0.000000000000000000e+00,0.000000000000000000e+00,0.000000000000000000e+00,1.000000000000000056e-01
9.962525707615504933e-01,-8.631829279057603999e-02,-5.474265313459508210e-03,1.855623816187143760e+01,8.635835007435946342e-02,9.962354563555390063e-01,7.559819607981843430e-03,1.146018525785454045e+00,4.801106480399916325e-03,-8.004238239285147577e-03,9.999564398246418850e-01,2.627408275155671546e-01,0.000000000000000000e+00,0.000000000000000000e+00,0.000000000000000000e+00,1.000000000000000056e-01
9.960565187722948410e-01,-8.853709854367208809e-02,-5.709079845742567709e-03,1.949407984699233154e+01,8.856308897576714578e-02,9.960605290590502925e-01,4.472328439999547454e-03,1.231139564434489353e+00,5.290622107778795470e-03,-4.960305643100535421e-03,9.999737019970273977e-01,2.804622339027615929e-01,0.000000000000000000e+00,0.000000000000000000e+00,0.000000000000000000e+00,1.000000000000000056e-01
9.959140169119741204e-01,-9.021906470658261346e-02,-3.973824571561664250e-03,2.042561152572266892e+01,9.022901389308279896e-02,9.959181528668901162e-01,2.399550391949372124e-03,1.314505893567079475e+00,3.741118835048767854e-03,-2.748300142105112361e-03,9.999892253800493069e-01,2.986263826255430853e-01,0.000000000000000000e+00,0.000000000000000000e+00,0.000000000000000000e+00,1.000000000000000056e-01
9.960210153479165385e-01,-8.911769344813379179e-02,4.167730674672760175e-04,2.134844314062878468e+01,8.911621209998553395e-02,9.960173945412061913e-01,2.765955946418763300e-03,1.410298708612803820e+00,-6.616088388976927928e-04,-2.717809013081648462e-03,9.999960878863040081e-01,3.063509503405967838e-01,0.000000000000000000e+00,0.000000000000000000e+00,0.000000000000000000e+00,1.000000000000000056e-01
9.959042087018844525e-01,-9.036384208539538498e-02,3.030368531885871148e-03,2.229728830671435347e+01,9.036194580663797771e-02,9.959087033277267409e-01,7.572226384585280115e-04,1.503700865789489249e+00,-3.086395942120757300e-03,-4.802912155127814350e-04,9.999951217283196137e-01,3.159768238478519176e-01,0.000000000000000000e+00,0.000000000000000000e+00,0.000000000000000000e+00,1.000000000000000056e-01
9.959652111218164627e-01,-8.948613417453034347e-02,6.747594058150832227e-03,2.327482642858335282e+01,8.948395850274616647e-02,9.959880679348611654e-01,6.242612122905855879e-04,1.597217164231077735e+00,-6.776385891789386481e-03,-1.794102340120870163e-05,9.999770398725988940e-01,3.271686029102391924e-01,0.000000000000000000e+00,0.000000000000000000e+00,0.000000000000000000e+00,1.000000000000000056e-01
9.961439354126575552e-01,-8.736026684645650797e-02,8.089729111591864585e-03,2.420761155758454208e+01,8.737356626448619656e-02,9.961747625531436334e-01,-1.304749176420611639e-03,1.692589822943548095e+00,-7.944800740639478692e-03,2.006546461919466329e-03,9.999664263926503205e-01,3.379217674756958556e-01,0.000000000000000000e+00,0.000000000000000000e+00,0.000000000000000000e+00,1.000000000000000056e-01
9.961944972278232724e-01,-8.696152998458250849e-02,5.849444054355755658e-03,2.516484746254036509e+01,8.697956464028533397e-02,9.962058681003612692e-01,-2.902360658488764046e-03,1.771106626123204464e+00,-5.574856768644729892e-03,3.400097814192597385e-03,9.999786799261587422e-01,3.432503979582723352e-01,0.000000000000000000e+00,0.000000000000000000e+00,0.000000000000000000e+00,1.000000000000000056e-01
9.964878106590613349e-01,-8.373326686550063014e-02,8.850016619226491309e-04,2.610832924911970565e+01,8.373623328941200150e-02,9.964793530041896608e-01,-4.140322554192030907e-03,1.871353271317359068e+00,-5.352031501409013851e-04,4.199887663073421928e-03,9.999910372104370282e-01,3.457031230941078892e-01,0.000000000000000000e+00,0.000000000000000000e+00,0.000000000000000000e+00,1.000000000000000056e-01
9.965189417891481272e-01,-8.336090285098801678e-02,-9.790461196727817932e-04,2.706210405100427252e+01,8.335476374816661038e-02,9.965064478096246070e-01,-5.184865893266981524e-03,1.956307853840823396e+00,1.407840872980950378e-03,5.085208915273175742e-03,9.999860792202881488e-01,3.545416216161614287e-01,0.000000000000000000e+00,0.000000000000000000e+00,0.000000000000000000e+00,1.000000000000000056e-01
9.966062695130180060e-01,-8.228702640363996790e-02,2.188344806530833492e-03,2.804097206113139862e+01,8.230128713045087308e-02,9.965791716941203582e-01,-7.513499992145094251e-03,2.037142386959112983e+00,-1.562595282436236030e-03,7.668104792420538281e-03,9.999693787636078079e-01,3.620869629579829829e-01,0.000000000000000000e+00,0.000000000000000000e+00,0.000000000000000000e+00,1.000000000000000056e-01
9.966058431568700637e-01,-8.192418531421737093e-02,8.075967198168368735e-03,2.904230351321418624e+01,8.199570963592410500e-02,9.965923784537774610e-01,-8.962968768440920247e-03,2.113171710871228459e+00,-7.314163443986006208e-03,9.594741708071018865e-03,9.999272193238216699e-01,3.799188336353901962e-01,0.000000000000000000e+00,0.000000000000000000e+00,0.000000000000000000e+00,1.000000000000000056e-01
9.967416327005003129e-01,-7.999145554702055683e-02,1.036748190303956978e-02,2.998416591069023340e+01,8.010628315178947023e-02,9.967236457060543176e-01,-1.117843862250904492e-02,2.182904531323761610e+00,-9.439334783031610651e-03,1.197251560453793835e-02,9.998837721600211115e-01,3.848921483593485959e-01,0.000000000000000000e+00,0.000000000000000000e+00,0.000000000000000000e+00,1.000000000000000056e-01
9.966318843060707477e-01,-8.146244517952075381e-02,9.421104494935494955e-03,3.088811573173004987e+01,8.162968952586999172e-02,9.964817963400275369e-01,-1.899008559385294975e-02,2.246666893670625775e+00,-7.840980323976776828e-03,1.969516662344759222e-02,9.997752844710823261e-01,3.967918460432630079e-01,0.000000000000000000e+00,0.000000000000000000e+00,0.000000000000000000e+00,1.000000000000000056e-01
9.966382252315898471e-01,-8.159052983811197757e-02,7.431920879755469708e-03,3.182304127302062824e+01,8.174170620137487242e-02,9.963875416207759184e-01,-2.302521162105942987e-02,2.323311266037203282e+00,-5.526434159102774565e-03,2.355530393865928190e-02,9.997072602426384513e-01,4.051366286349601942e-01,0.000000000000000000e+00,0.000000000000000000e+00,0.000000000000000000e+00,1.000000000000000056e-01
9.968167030949889318e-01,-7.963792296710457685e-02,3.776460819634569130e-03,3.279160312488656359e+01,7.970745081920600772e-02,9.965084244013722170e-01,-2.485321671330565155e-02,2.390875183879120680e+00,-1.784016463088567957e-03,2.507511361051429841e-02,9.996839780464020775e-01,4.047670515212052345e-01,0.000000000000000000e+00,0.000000000000000000e+00,0.000000000000000000e+00,1.000000000000000056e-01
9.966759140884059454e-01,-8.135025475617206625e-02,4.388431057487450493e-03,3.373744576193778499e+01,8.143589004550981503e-02,9.963548618916244770e-01,-2.540049207038169374e-02,2.468485605667515514e+00,-2.306098119346145295e-03,2.567343444161282809e-02,9.996677231337601777e-01,4.071088460713132018e-01,0.000000000000000000e+00,0.000000000000000000e+00,0.000000000000000000e+00,1.000000000000000056e-01
9.966592555766616846e-01,-8.148716372789266416e-02,5.492760777438338710e-03,3.469930228866999755e+01,8.160294592760922172e-02,9.963275725825596618e-01,-2.592927549469966481e-02,2.557701731295650038e+00,-3.359685894579606414e-03,2.629087787290413508e-02,9.996486894161177306e-01,4.233934207693943463e-01,0.000000000000000000e+00,0.000000000000000000e+00,0.000000000000000000e+00,1.000000000000000056e-01
9.965974823091043877e-01,-8.220826482130949575e-02,5.937966842606629686e-03,3.567120988046217889e+01,8.233061617141373967e-02,9.963001479584001618e-01,-2.465126404274856423e-02,2.638620270779411303e+00,-3.889459601254760882e-03,2.505626414969739854e-02,9.996784761766509542e-01,4.260378173128990253e-01,0.000000000000000000e+00,0.000000000000000000e+00,0.000000000000000000e+00,1.000000000000000056e-01
9.966722981411929583e-01,-8.137103414563699733e-02,4.804676890548988631e-03,3.663424883242804952e+01,8.146176804207545807e-02,9.964015869910300971e-01,-2.340636215253933533e-02,2.714915230954962677e+00,-2.882787784782715745e-03,2.371987023207144246e-02,9.997144878867973983e-01,4.432486968348587353e-01,0.000000000000000000e+00,0.000000000000000000e+00,0.000000000000000000e+00,1.000000000000000056e-01
9.964882738699328835e-01,-8.344398261715298137e-02,6.944192156755939031e-03,3.762542515270907018e+01,8.358281360313170316e-02,9.962366093136409972e-01,-2.294627493611754374e-02,2.810372295871347958e+00,-5.003329881771110925e-03,2.344610902149913897e-02,9.997125820263772500e-01,4.552081300710196787e-01,0.000000000000000000e+00,0.000000000000000000e+00,0.000000000000000000e+00,1.000000000000000056e-01
9.966431138618020436e-01,-8.125195339400975714e-02,1.003113460725429951e-02,3.861113979847048228e+01,8.146202057770413063e-02,9.964180381222926819e-01,-2.269432765955070597e-02,2.896152844464158882e+00,-8.151245012198764239e-03,2.343530187940850301e-02,9.996921245216309204e-01,4.781697239227500895e-01,0.000000000000000000e+00,0.000000000000000000e+00,0.000000000000000000e+00,1.000000000000000056e-01
9.966846175644654693e-01,-8.053239965722173987e-02,1.158903429215860960e-02,3.960362452903308395e+01,8.072921229285685840e-02,9.965796894745060364e-01,-1.765550365953723680e-02,2.983101829387850845e+00,-1.012755611932943632e-02,1.853254252245476255e-02,9.997769638647928669e-01,4.836688751219112015e-01,0.000000000000000000e+00,0.000000000000000000e+00,0.000000000000000000e+00,1.000000000000000056e-01
9.965557824403202813e-01,-8.232600726185838880e-02,9.949925280195108523e-03,4.059948356922649282e+01,8.250558705845768837e-02,9.964049797362275473e-01,-1.923394033959733435e-02,3.063975222363386930e+00,-8.330701585117943064e-03,1.998861889096814615e-02,9.997654997677861699e-01,4.983004691207589265e-01,0.000000000000000000e+00,0.000000000000000000e+00,0.000000000000000000e+00,1.000000000000000056e-01
9.965425259813901482e-01,-8.263563883516936159e-02,8.622360751776263557e-03,4.160578453437180713e+01,8.275928114838862482e-02,9.964546759008003907e-01,-1.513209368305398414e-02,3.141675782113718007e+00,-7.341341459998202215e-03,1.579335523991673776e-02,9.998483258153876285e-01,5.239944716524764790e-01,0.000000000000000000e+00,0.000000000000000000e+00,0.000000000000000000e+00,1.000000000000000056e-01
9.964650946071974547e-01,-8.373647258164319818e-02,6.746731731192962683e-03,4.263049538238743708e+01,8.382344283020871922e-02,9.963844164102649836e-01,-1.384648572260617494e-02,3.200379071049040736e+00,-5.562882486598192192e-03,1.436307398711438033e-02,9.998813711856426867e-01,5.293031017699413310e-01,0.000000000000000000e+00,0.000000000000000000e+00,0.000000000000000000e+00,1.000000000000000056e-01
9.965375104002037743e-01,-8.270253258556259368e-02,8.560459642899767574e-03,4.365003195722961493e+01,8.282212370750335895e-02,9.964557501668279693e-01,-1.471168868767790648e-02,3.287656289192820491e+00,-7.313425322157209030e-03,1.536974506613871493e-02,9.998551318799434595e-01,5.423973040420398961e-01,0.000000000000000000e+00,0.000000000000000000e+00,0.000000000000000000e+00,1.000000000000000056e-01
9.966268516937929478e-01,-8.154613146079932318e-02,9.227509235777670016e-03,4.464073959534925962e+01,8.169908578901706464e-02,9.965010729094200270e-01,-1.763153628058428471e-02,3.375874569796201818e+00,-7.757439278341652332e-03,1.832594156251635478e-02,9.998019713931804997e-01,5.604734171812540966e-01,0.000000000000000000e+00,0.000000000000000000e+00,0.000000000000000000e+00,1.000000000000000056e-01
9.964724958137231026e-01,-8.327278685298154792e-02,1.040231015243829778e-02,4.562179715681074299e+01,8.343668304793626367e-02,9.963770633522072151e-01,-1.646412911726365461e-02,3.469900203083421619e+00,-8.993609327063457545e-03,1.727398608803442856e-02,9.998103442132925123e-01,5.716092501969072259e-01,0.000000000000000000e+00,0.000000000000000000e+00,0.000000000000000000e+00,1.000000000000000056e-01
9.958253812820594408e-01,-9.083577327918215816e-02,8.981775281869858185e-03,4.653407851029000142e+01,9.096803092809471747e-02,9.957313976815577172e-01,-1.561412886448498329e-02,3.541996265557517454e+00,-7.525114185591649102e-03,1.636600024149330312e-02,9.998377501837931725e-01,5.827277960694055015e-01,0.000000000000000000e+00,0.000000000000000000e+00,0.000000000000000000e+00,1.000000000000000056e-01
9.960492920059725863e-01,-8.870514003593052421e-02,4.148014658456529100e-03,4.748160473002062787e+01,8.875925736435660851e-02,9.959326720250837317e-01,-1.548893234231757919e-02,3.638502222241926098e+00,-2.757195409963491585e-03,1.579591479411490001e-02,9.998714352101916170e-01,5.817478536481209828e-01,0.000000000000000000e+00,0.000000000000000000e+00,0.000000000000000000e+00,1.000000000000000056e-01
9.962090894016344400e-01,-8.695055482924897439e-02,2.655411164407496180e-03,4.843137808722923410e+01,8.698435302337838293e-02,9.960476762895225100e-01,-1.796521325637024172e-02,3.730059318704028737e+00,-1.082830859634170825e-03,1.812808796118181229e-02,9.998350863538452149e-01,5.858916481999929537e-01,0.000000000000000000e+00,0.000000000000000000e+00,0.000000000000000000e+00,1.000000000000000056e-01
9.963662356700309086e-01,-8.505771225604898123e-02,4.417012848033917069e-03,4.940421980499999677e+01,8.512383012158718232e-02,9.962087179158432004e-01,-1.794781028156458916e-02,3.836653809900604895e+00,-2.873667023802197948e-03,1.825858522008329612e-02,9.998291684600910667e-01,5.977673966911721815e-01,0.000000000000000000e+00,0.000000000000000000e+00,0.000000000000000000e+00,1.000000000000000056e-01
9.964549010884301561e-01,-8.392906353761099558e-02,5.791579279142167538e-03,5.042132950168719674e+01,8.401690962433773502e-02,9.963175049105247316e-01,-1.710521283241902071e-02,3.934658195307840334e+00,-4.334627322249965178e-03,1.753116375390251572e-02,9.998369213543831791e-01,6.217789687452626168e-01,0.000000000000000000e+00,0.000000000000000000e+00,0.000000000000000000e+00,1.000000000000000056e-01
9.965618403534980407e-01,-8.266412732483700843e-02,5.580358847980082526e-03,5.136605724123949557e+01,8.275388414337221665e-02,9.963995147143751563e-01,-1.843371194694538168e-02,4.021137112812403380e+00,-4.036460136607761956e-03,1.883213027197833817e-02,9.998145117265425652e-01,6.294852553110101834e-01,0.000000000000000000e+00,0.000000000000000000e+00,0.000000000000000000e+00,1.000000000000000056e-01
9.966749150568183779e-01,-8.134871664896033139e-02,4.636808821930313816e-03,5.232212555807997489e+01,8.142580069531964171e-02,9.964783735198696757e-01,-2.001724477347550935e-02,4.108945256452604333e+00,-2.992102540029360595e-03,2.032824160527204466e-02,9.997888826725508382e-01,6.457162746253127805e-01,0.000000000000000000e+00,0.000000000000000000e+00,0.000000000000000000e+00,1.000000000000000056e-01
9.966368684821379498e-01,-8.184102219158435887e-02,4.123041202100497828e-03,5.330582171863996876e+01,8.191233632806167730e-02,9.963964673434844155e-01,-2.201020269563691220e-02,4.197675032020207198e+00,-2.306846201229679170e-03,2.227390742687759481e-02,9.997492443150646224e-01,6.682986484686195272e-01,0.000000000000000000e+00,0.000000000000000000e+00,0.000000000000000000e+00,1.000000000000000056e-01
9.966207715309727266e-01,-8.199494616862389174e-02,4.885340910626599469e-03,5.426316015782322211e+01,8.208879535285303064e-02,9.963390226879826894e-01,-2.387428630709133651e-02,4.277363212788626967e+00,-2.909884967827057814e-03,2.419464138936605266e-02,9.997030318537170057e-01,6.687448886218827493e-01,0.000000000000000000e+00,0.000000000000000000e+00,0.000000000000000000e+00,1.000000000000000056e-01
9.965362927219699740e-01,-8.264733655962111514e-02,9.210594310510437574e-03,5.521269369277523964e+01,8.286469235904370123e-02,9.962098442524461861e-01,-2.644596329797766973e-02,4.350473258416137412e+00,-6.989996294214722086e-03,2.711759528641235692e-02,9.996078110827711916e-01,6.861903801119541013e-01,0.000000000000000000e+00,0.000000000000000000e+00,0.000000000000000000e+00,1.000000000000000056e-01
9.963148664520805609e-01,-8.470049188706248178e-02,1.350975797941756686e-02,5.616218780681725065e+01,8.502392919998476295e-02,9.960526286728695888e-01,-2.549690917077179070e-02,4.438483502521322954e+00,-1.129682919976901685e-02,2.655160236136925450e-02,9.995836103408634044e-01,7.126446376488652090e-01,0.000000000000000000e+00,0.000000000000000000e+00,0.000000000000000000e+00,1.000000000000000056e-01
9.961552371942037354e-01,-8.643865666545624826e-02,1.425138745635009564e-02,5.711912952357138806e+01,8.674381210038203949e-02,9.959787851254505719e-01,-2.240023755064037350e-02,4.513407715355468142e+00,-1.225783312226319012e-02,2.355033362614804629e-02,9.996475015290359201e-01,7.105781373224125952e-01,0.000000000000000000e+00,0.000000000000000000e+00,0.000000000000000000e+00,1.000000000000000056e-01
9.961456833896135121e-01,-8.722958191922229598e-02,9.207469925959679835e-03,5.801438011898284230e+01,8.742017227003544277e-02,9.959091952408334336e-01,-2.286019061672004554e-02,4.595925315706637981e+00,-7.175719094076462440e-03,2.357699881140798426e-02,9.996962709656017632e-01,7.231036965308862419e-01,0.000000000000000000e+00,0.000000000000000000e+00,0.000000000000000000e+00,1.000000000000000056e-01
9.959579577975666842e-01,-8.972389147016945898e-02,4.167685106821702491e-03,5.894375860433386549e+01,8.979307957542034813e-02,9.957292781372341084e-01,-2.145710886081648311e-02,4.673259638361285440e+00,-2.224670776227365577e-03,2.174460760170099372e-02,9.997610828994022425e-01,7.382387320887247029e-01,0.000000000000000000e+00,0.000000000000000000e+00,0.000000000000000000e+00,1.000000000000000056e-01
9.959563696332769389e-01,-8.983766169596975326e-02,3.229983033225948107e-04,5.989228880776578023e+01,8.982445805924772764e-02,9.957341400695772782e-01,-2.109713331858128690e-02,4.774485745668736847e+00,1.573696688026620565e-03,2.104083745719347379e-02,9.997773785387594758e-01,7.521234467063024898e-01,0.000000000000000000e+00,0.000000000000000000e+00,0.000000000000000000e+00,1.000000000000000056e-01
9.959253991699984487e-01,-9.018085150983592979e-02,1.153648134776595439e-04,6.079746137362305802e+01,9.016935525282074315e-02,9.957763176258876969e-01,-1.729198163073806735e-02,4.866113268737963793e+00,1.444528078604018955e-03,1.723192607888323138e-02,9.998504758523856228e-01,7.620707710325034245e-01,0.000000000000000000e+00,0.000000000000000000e+00,0.000000000000000000e+00,1.000000000000000056e-01
9.957661507177993920e-01,-9.192205802410846616e-02,3.291401968595248392e-04,6.173762213925622433e+01,9.191553638982849495e-02,9.956382015089334514e-01,-1.600330797762034366e-02,4.958791127998868120e+00,1.143352450850981371e-03,1.596580548136826080e-02,9.998718846934862015e-01,7.811322037100697502e-01,0.000000000000000000e+00,0.000000000000000000e+00,0.000000000000000000e+00,1.000000000000000056e-01
9.956264379237268480e-01,-9.340145062238015827e-02,2.040864754549374677e-03,6.262130680688203199e+01,9.342032349426555859e-02,9.955393487810322295e-01,-1.319273235023487624e-02,5.045630866861928965e+00,-7.995408295095057403e-04,1.332569136192351435e-02,9.999108893717423285e-01,8.038420559566549217e-01,0.000000000000000000e+00,0.000000000000000000e+00,0.000000000000000000e+00,1.000000000000000056e-01
9.955018552463752446e-01,-9.472580754102127853e-02,1.754305197598494482e-03,6.344662473382579293e+01,9.473973043516092929e-02,9.954363955802272290e-01,-1.143528886029455613e-02,5.135781286847314497e+00,-6.630822708888573034e-04,1.155005367722292120e-02,9.999330760515702243e-01,8.207451111879936478e-01,0.000000000000000000e+00,0.000000000000000000e+00,0.000000000000000000e+00,1.000000000000000056e-01
9.952806791370186756e-01,-9.699085583208419403e-02,3.023842177538705201e-03,6.426452178497488887e+01,9.701679356069248250e-02,9.952312734277284356e-01,-1.012196416828212847e-02,5.220834583154362107e+00,-2.027684333612946813e-03,1.036755884390679408e-02,9.999441995530857774e-01,8.339240053288077270e-01,0.000000000000000000e+00,0.000000000000000000e+00,0.000000000000000000e+00,1.000000000000000056e-01
9.953202540626016059e-01,-9.655436189419187853e-02,3.853187247413151703e-03,6.505370255585724237e+01,9.659124151389041069e-02,9.952640730739817920e-01,-1.093420829292469747e-02,5.304912427572105571e+00,-2.779193329635613191e-03,1.125522311610034111e-02,9.999327957603166839e-01,8.496266147001518831e-01,0.000000000000000000e+00,0.000000000000000000e+00,0.000000000000000000e+00,1.000000000000000056e-01
9.952406678484938540e-01,-9.737837733326930312e-02,3.669426170840151425e-03,6.584914049320069296e+01,9.741537409364318945e-02,9.951737272370826393e-01,-1.181090628395119885e-02,5.384008773121768066e+00,-2.501589630489807741e-03,1.211215278107696108e-02,9.999235159772613679e-01,8.632932331898313105e-01,0.000000000000000000e+00,0.000000000000000000e+00,0.000000000000000000e+00,1.000000000000000056e-01
9.952567287715025079e-01,-9.718059631770573081e-02,4.469399778833303173e-03,6.659320380928259908e+01,9.722937674481785253e-02,9.951842781821542694e-01,-1.243787589899422383e-02,5.460014636433922597e+00,-3.239156196015822043e-03,1.281343663501829239e-02,9.999126580400601316e-01,8.812101160552882062e-01,0.000000000000000000e+00,0.000000000000000000e+00,0.000000000000000000e+00,1.000000000000000056e-01
9.952774562153969828e-01,-9.689718881954882679e-02,5.806888002812262209e-03,6.739324678728641516e+01,9.695775536129723482e-02,9.952248089319934987e-01,-1.125936772540488649e-02,5.550226654833022799e+00,-4.688157922611027595e-03,1.176921769472183930e-02,9.999197501250521869e-01,8.843345973553889960e-01,0.000000000000000000e+00,0.000000000000000000e+00,0.000000000000000000e+00,1.000000000000000056e-01
9.950318337238143185e-01,-9.909871010682549941e-02,9.544397905937741095e-03,6.813932865375376480e+01,9.919940421436582167e-02,9.950097545722883519e-01,-1.072690586839591953e-02,5.626259072500139347e+00,-8.433746482932002325e-03,1.162041140226660260e-02,9.998969136661557400e-01,8.936344939892146844e-01,0.000000000000000000e+00,0.000000000000000000e+00,0.000000000000000000e+00,1.000000000000000056e-01
9.948651591680982564e-01,-1.004233718922948326e-01,1.258814725114259722e-02,6.886797845503970450e+01,1.005548509054600970e-01,9.948783461036270204e-01,-1.028583557579758508e-02,5.705869409077291010e+00,-1.149073682647434869e-02,1.149881871730737241e-02,9.998678613373325197e-01,9.079686763857318654e-01,0.000000000000000000e+00,0.000000000000000000e+00,0.000000000000000000e+00,1.000000000000000056e-01
9.948132759579003670e-01,-1.013608315199802518e-01,8.516326173207173708e-03,6.955912587469198627e+01,1.014155946330745489e-01,9.948244243907163886e-01,-6.264327649459161020e-03,5.786406980058303340e+00,-7.837291823721634007e-03,7.095524593577143789e-03,9.999441136321628454e-01,9.223449264893138766e-01,0.000000000000000000e+00,0.000000000000000000e+00,0.000000000000000000e+00,1.000000000000000056e-01
9.948094068122329547e-01,-1.016998529826534103e-01,3.374021517393168725e-03,7.025914571768788619e+01,1.017226600687003157e-01,9.947847724326068786e-01,-7.467058641398281217e-03,5.864469579824939771e+00,-2.597026461319625404e-03,7.771514621559848061e-03,9.999664289435151732e-01,9.250751664948093644e-01,0.000000000000000000e+00,0.000000000000000000e+00,0.000000000000000000e+00,1.000000000000000056e-01
9.948519806738380655e-01,-1.013378095436266446e-01,-4.300072569592602845e-04,7.101133138908193132e+01,1.013300997641422840e-01,9.948137320216847712e-01,-8.823234263952449419e-03,5.943648665715607571e+00,1.321904357491263419e-03,8.734239405195382000e-03,9.999609820542411098e-01,9.529893183825952629e-01,0.000000000000000000e+00,0.000000000000000000e+00,0.000000000000000000e+00,1.000000000000000056e-01
9.946567861537177757e-01,-1.032350309816214284e-01,-6.372884597515657713e-04,7.174151390661779715e+01,1.032270360838891121e-01,9.946276110970698747e-01,-7.752049062752448642e-03,6.025757116471308628e+00,1.434147723466729215e-03,7.644842808032670071e-03,9.999697493418227001e-01,9.632605706494528075e-01,0.000000000000000000e+00,0.000000000000000000e+00,0.000000000000000000e+00,1.000000000000000056e-01
9.944960741873545285e-01,-1.047648228547472249e-01,1.374888414877624768e-03,7.242086788378489359e+01,1.047715689306939202e-01,9.944753307398692677e-01,-6.460254919767526374e-03,6.113222548517017962e+00,-6.904851488498865318e-04,6.568747372289710992e-03,9.999781871562090085e-01,9.740595195140098195e-01,0.000000000000000000e+00,0.000000000000000000e+00,0.000000000000000000e+00,1.000000000000000056e-01
9.944052639655123205e-01,-1.055445009323385669e-01,4.304569737310577453e-03,7.303230657343199539e+01,1.055678708423259532e-01,9.943962156919959883e-01,-5.620574993296590521e-03,6.170431819617820501e+00,-3.687227074343656617e-03,6.043553621907241102e-03,9.999749395940487062e-01,9.898746270832400329e-01,0.000000000000000000e+00,0.000000000000000000e+00,0.000000000000000000e+00,1.000000000000000056e-01
9.943324745396031616e-01,-1.063091530788933953e-01,1.137562129245605486e-03,7.360293081301375651e+01,1.063144603420247275e-01,9.943092253570867678e-01,-6.811746616993024847e-03,6.225573373436384728e+00,-4.069375056852105673e-04,6.894080173487715860e-03,9.999761527458682631e-01,9.999742068204184875e-01,0.000000000000000000e+00,0.000000000000000000e+00,0.000000000000000000e+00,1.000000000000000056e-01
9.945074723943267969e-01,-1.046555614825884772e-01,-1.449414575451701045e-03,7.423660677956942777e+01,1.046320913593782320e-01,9.944441441299932682e-01,-1.153124725812010830e-02,6.282635408748634021e+00,2.648170993367722752e-03,1.131625628595076156e-02,9.999324624863724642e-01,1.018842818265169869e+00,0.000000000000000000e+00,0.000000000000000000e+00,0.000000000000000000e+00,1.000000000000000056e-01
9.945764778297052633e-01,-1.039205900227331697e-01,-4.259192081228001074e-03,7.485316705051184272e+01,1.038409958976440478e-01,9.944666901881494825e-01,-1.590753523373704750e-02,6.336765798113648707e+00,5.888745099191757155e-03,1.537898161628805348e-02,9.998643956085258022e-01,1.040187294030245679e+00,0.000000000000000000e+00,0.000000000000000000e+00,0.000000000000000000e+00,1.000000000000000056e-01
9.951270616012914960e-01,-9.848829229288490195e-02,-4.710366228937344461e-03,7.543839192441237174e+01,9.841149401729974711e-02,9.950411926913786953e-01,-1.442923049235587431e-02,6.390702553356260474e+00,6.108118700747560727e-03,1.389536356306749799e-02,9.998847982429714953e-01,1.053256294603694521e+00,0.000000000000000000e+00,0.000000000000000000e+00,0.000000000000000000e+00,1.000000000000000056e-01
9.954998265799326340e-01,-9.468124030543921543e-02,-3.944364783805547059e-03,7.599732584837263971e+01,9.463372356966677501e-02,9.954528642845063002e-01,-1.086523589767805775e-02,6.468404601086084504e+00,4.955163232825509148e-03,1.044307052527998145e-02,9.999331920860213829e-01,1.056523317732469769e+00,0.000000000000000000e+00,0.000000000000000000e+00,0.000000000000000000e+00,1.000000000000000056e-01
9.961263610520241230e-01,-8.792840390473091738e-02,-9.319892804761942826e-04,7.654479909934204329e+01,8.790557369076054672e-02,9.960221953376096060e-01,-1.457382959097799566e-02,6.506902705332411330e+00,2.209735583885250911e-03,1.443544878467932155e-02,9.998933617576597488e-01,1.074021766633974639e+00,0.000000000000000000e+00,0.000000000000000000e+00,0.000000000000000000e+00,1.000000000000000056e-01
9.967787394270588575e-01,-8.017237203289645509e-02,2.129645233910913964e-03,7.709906418475797807e+01,8.019687530177585510e-02,9.966380356044262090e-01,-1.676565472571492355e-02,6.531858050403814175e+00,-7.783431344141971374e-04,1.688243907642841130e-02,9.998571785174099613e-01,1.088513419734382648e+00,0.000000000000000000e+00,0.000000000000000000e+00,0.000000000000000000e+00,1.000000000000000056e-01
9.974068536859682643e-01,-7.188913545700163776e-02,3.394174936898044625e-03,7.762830933550426948e+01,7.194183879756478606e-02,9.972187514310286716e-01,-1.947135395306274011e-02,6.563750270059945713e+00,-1.984956090849007097e-03,1.966504506949120004e-02,9.998046538958159646e-01,1.102532615546432782e+00,0.000000000000000000e+00,0.000000000000000000e+00,0.000000000000000000e+00,1.000000000000000056e-01
9.982157549791790263e-01,-5.957038439932421658e-02,4.083603049328365930e-03,7.810620898946518764e+01,5.962947549491708077e-02,9.980871538170752455e-01,-1.632050972032181649e-02,6.595523843010258958e+00,-3.103572707190400612e-03,1.653489304007696795e-02,9.998584725592939426e-01,1.113906249191198850e+00,0.000000000000000000e+00,0.000000000000000000e+00,0.000000000000000000e+00,1.000000000000000056e-01
9.989710842342933717e-01,-4.521919207148769604e-02,3.463745395108346493e-03,7.859059896305913639e+01,4.525898016366676491e-02,9.988979537282701715e-01,-1.242991359662232523e-02,6.626103703490957564e+00,-2.897857537051784765e-03,1.257388984668559098e-02,9.999167463923276378e-01,1.119123083331729607e+00,0.000000000000000000e+00,0.000000000000000000e+00,0.000000000000000000e+00,1.000000000000000056e-01
9.996136447024045468e-01,-2.767611732306817299e-02,2.567850208754572216e-03,7.905499858280624892e+01,2.769426062326104179e-02,9.995896261068187849e-01,-7.321701179451362528e-03,6.637953419786871478e+00,-2.364160169220356610e-03,7.389987114336016120e-03,9.999698989655360082e-01,1.118632385028337950e+00,0.000000000000000000e+00,0.000000000000000000e+00,0.000000000000000000e+00,1.000000000000000056e-01
9.999770620468708682e-01,-5.458255397817938712e-03,4.010340150267817545e-03,7.953694974957382158e+01,5.486873004204688431e-03,9.999593138620531674e-01,-7.159947288037496471e-03,6.656411262898882519e+00,-3.971096164082228187e-03,7.181787280610378923e-03,9.999663255963731068e-01,1.133132621669850293e+00,0.000000000000000000e+00,0.000000000000000000e+00,0.000000000000000000e+00,1.000000000000000056e-01
9.997971971823813586e-01,1.949278735808319257e-02,5.059223978737930824e-03,8.001574960679924686e+01,-1.944430031876960563e-02,9.997661639682544621e-01,-9.462376515168327909e-03,6.642185189072221441e+00,-5.242489043191326734e-03,9.362084448127182615e-03,9.999424321846823727e-01,1.147146040364289465e+00,0.000000000000000000e+00,0.000000000000000000e+00,0.000000000000000000e+00,1.000000000000000056e-01
9.988208945021603835e-01,4.810932447069261875e-02,6.504890842875052023e-03,8.048862425784693642e+01,-4.803562543176251309e-02,9.987845274319161470e-01,-1.104746359954613191e-02,6.634578176253508985e+00,-7.028470337385888528e-03,1.072197097447587580e-02,9.999178165945133978e-01,1.153559825857201515e+00,0.000000000000000000e+00,0.000000000000000000e+00,0.000000000000000000e+00,1.000000000000000056e-01
9.967631962335591345e-01,7.982121929661185888e-02,9.576198841998813729e-03,8.098940219711671773e+01,-7.971188039512443202e-02,9.967538604210147701e-01,-1.130300224178000003e-02,6.591598148941094415e+00,-1.044733258457278442e-02,1.050307982481837703e-02,9.998902632569540705e-01,1.159050646567078902e+00,0.000000000000000000e+00,0.000000000000000000e+00,0.000000000000000000e+00,1.000000000000000056e-01
