1.000000000000000000e+00,-1.451396456738129083e-13,6.280610174735566487e-14,1.076376009156750408e-20,1.451396456738138171e-13,1.000000000000000000e+00,-1.440939873875035877e-14,3.249425497344718164e-20,-6.280610174735356966e-14,1.440939873875947170e-14,1.000000000000000000e+00,-1.913198569047083661e-20,0.000000000000000000e+00,0.000000000000000000e+00,0.000000000000000000e+00,1.000000000000000056e-01
9.999966549531679183e-01,-2.141138551146877598e-03,-1.451071390236407816e-03,6.253726535667761821e-01,2.138368815009465598e-03,9.999958941672149049e-01,-1.907623527696098191e-03,-3.159562577119046436e-03,1.455149918656145278e-03,1.904514220796826298e-03,9.999971276780234009e-01,1.251645554810799053e-02,0.000000000000000000e+00,0.000000000000000000e+00,0.000000000000000000e+00,1.000000000000000056e-01
9.999870161244163169e-01,-4.286934569801251378e-03,-2.754954551445243632e-03,1.256102160572135418e+00,4.286975065313110116e-03,9.999908108415064278e-01,8.794076904191227298e-06,-8.434476347598357862e-03,2.754891536098938009e-03,-2.060438419110745330e-05,9.999962050668410596e-01,1.951480623250307148e-02,0.000000000000000000e+00,0.000000000000000000e+00,0.000000000000000000e+00,1.000000000000000056e-01
9.999636829886734413e-01,-8.375121482909206674e-03,-1.577987285821231146e-03,1.986087805007272555e+00,8.375952545834666405e-03,9.999647854785764789e-01,5.207895299606127380e-04,-6.773276175037537365e-03,1.573570042173700993e-03,-5.339877630653234748e-04,9.999986193662425693e-01,2.649741925743724635e-02,0.000000000000000000e+00,0.000000000000000000e+00,0.000000000000000000e+00,1.000000000000000056e-01
9.999079108867257037e-01,-1.332874785809727569e-02,-2.552298313100157066e-03,2.702565047824582400e+00,1.332479393851179750e-02,9.999100041625598179e-01,-1.559949398502080871e-03,-9.024166849596358675e-03,2.572860789080097434e-03,1.525796895053549342e-03,9.999955261555898423e-01,2.484979450060182185e-02,0.000000000000000000e+00,0.000000000000000000e+00,0.000000000000000000e+00,1.000000000000000056e-01
9.997970610819961745e-01,-1.995078245107217638e-02,-2.793372763041940959e-03,3.449169371130198058e+00,1.995071850380859477e-02,9.998009633195860113e-01,-5.075834535780582052e-05,-4.967208636219809341e-03,2.793829448105836569e-03,-4.981749157536548365e-06,9.999960972384828173e-01,3.524882593062678843e-02,0.000000000000000000e+00,0.000000000000000000e+00,0.000000000000000000e+00,1.000000000000000056e-01
9.997039858950977909e-01,-2.419678178807582736e-02,-2.540932221526090093e-03,4.197349305425714050e+00,2.419839257177208020e-02,9.997069928919422033e-01,6.051114713152963348e-04,1.548772163516566602e-02,2.525545960095212233e-03,-6.664188251795020957e-04,9.999965887459580927e-01,5.165030901116633710e-02,0.000000000000000000e+00,0.000000000000000000e+00,0.000000000000000000e+00,1.000000000000000056e-01
9.995418034454758294e-01,-3.005916902093402898e-02,-3.553803981174897750e-03,4.965402355593667494e+00,3.006859916154657614e-02,9.995443759543601869e-01,2.630559345639779147e-03,3.827978660581968923e-02,3.473112354637400596e-03,-2.736211939819791980e-03,9.999902252696235561e-01,6.653680300365069633e-02,0.000000000000000000e+00,0.000000000000000000e+00,0.000000000000000000e+00,1.000000000000000056e-01
9.994200984197664228e-01,-3.387883363618088978e-02,-3.419284439240925615e-03,5.750957277629171749e+00,3.388440058193704224e-02,9.994245043590800348e-01,1.583503650165213978e-03,8.700519752259501527e-02,3.363669399224844710e-03,-1.698445777539001099e-03,9.999929004798551180e-01,6.355369422128877288e-02,0.000000000000000000e+00,0.000000000000000000e+00,0.000000000000000000e+00,1.000000000000000056e-01
9.993533316169127545e-01,-3.590893771121831529e-02,-1.861928738892541227e-03,6.539539788401644849e+00,3.591155106963591498e-02,9.993540060156212990e-01,1.389661938220781382e-03,1.235779555936806079e-01,1.810824660148653781e-03,-1.455628036776916625e-03,9.999973010268921048e-01,6.699941843373193040e-02,0.000000000000000000e+00,0.000000000000000000e+00,0.000000000000000000e+00,1.000000000000000056e-01
9.993125373063999062e-01,-3.699895816217704803e-02,2.351569084374682556e-03,7.326187483005243806e+00,3.699928314760023151e-02,9.993152876112163518e-01,-9.483182801971572749e-05,1.664272132731018372e-01,-2.346450257052186319e-03,1.817730050697081718e-04,9.999972305610480561e-01,8.163297666489886806e-02,0.000000000000000000e+00,0.000000000000000000e+00,0.000000000000000000e+00,1.000000000000000056e-01
9.990736363935172060e-01,-4.292341002148570422e-02,3.074074748872132265e-03,8.128390081418242374e+00,4.292102385991188734e-02,9.990781167476396885e-01,8.380613381506990360e-04,2.084125422097375391e-01,-3.107213261285241002e-03,-7.053425529835424986e-04,9.999949238459322487e-01,7.317222400718066677e-02,0.000000000000000000e+00,0.000000000000000000e+00,0.000000000000000000e+00,1.000000000000000056e-01
9.989547100912506972e-01,-4.557667699234757563e-02,3.500528651570867286e-03,8.962528440302328647e+00,4.556056982219483520e-02,9.989512114944416599e-01,4.550992338394771637e-03,2.615068703931627825e-01,-3.704276445159389222e-03,-4.386749151984164520e-03,9.999835172481071899e-01,7.872020613716340653e-02,0.000000000000000000e+00,0.000000000000000000e+00,0.000000000000000000e+00,1.000000000000000056e-01
9.989602086612184850e-01,-4.553096246403200154e-02,2.330872933844072275e-03,9.743210168160864271e+00,4.552681149298495877e-02,9.989614882403596852e-01,1.804008838102707851e-03,3.073094383253188733e-01,-2.410590553584484024e-03,-1.696015832664543371e-03,9.999956562823052453e-01,9.732723897922865297e-02,0.000000000000000000e+00,0.000000000000000000e+00,0.000000000000000000e+00,1.000000000000000056e-01
9.988963781783962714e-01,-4.685434488785456680e-02,3.270478132063122864e-03,1.052503519125665932e+01,4.685291034733205656e-02,9.989016671707457995e-01,5.139216763016543014e-04,3.587398884954987599e-01,-3.290965522030102168e-03,-3.601230824106291641e-04,9.999945199136335283e-01,9.738451353238634922e-02,0.000000000000000000e+00,0.000000000000000000e+00,0.000000000000000000e+00,1.000000000000000056e-01
9.987211301845432265e-01,-5.050075443134769554e-02,2.403731427064739138e-03,1.128528108024255516e+01,5.050578020081116642e-02,9.987216066125226277e-01,-2.078136571316924284e-03,4.059632944382976505e-01,-2.295711048040229105e-03,2.196881236300584055e-03,9.999949516990660481e-01,1.080477215002380725e-01,0.000000000000000000e+00,0.000000000000000000e+00,0.000000000000000000e+00,1.000000000000000056e-01
9.984741507247327785e-01,-5.520654798249696737e-02,1.267830580121731858e-03,1.211387893018609674e+01,5.520443453066826989e-02,9.984737165436348150e-01,1.645533254090410409e-03,4.688442737212974443e-01,-1.356739721830554782e-03,-1.573032548110918881e-03,9.999978424106372721e-01,1.192653957214423049e-01,0.000000000000000000e+00,0.000000000000000000e+00,0.000000000000000000e+00,1.000000000000000056e-01
9.983696723130570660e-01,-5.705229554912642775e-02,-1.741544743636031043e-03,1.295744247538526217e+01,5.705627752320813206e-02,9.983682461063598801e-01,2.329455237903647110e-03,5.344375283424156464e-01,1.605802202518314976e-03,-2.425023522745780365e-03,9.999957703211551641e-01,1.218387468350817238e-01,0.000000000000000000e+00,0.000000000000000000e+00,0.000000000000000000e+00,1.000000000000000056e-01
9.983440524054428833e-01,-5.745949139849581416e-02,-2.749522668477610843e-03,1.384465896229496273e+01,5.747086629340352609e-02,9.983381198548387792e-01,4.254171152091782912e-03,5.860761949509213364e-01,2.500510780624850410e-03,-4.405143917256401295e-03,9.999871709941604569e-01,1.322143152720116621e-01,0.000000000000000000e+00,0.000000000000000000e+00,0.000000000000000000e+00,1.000000000000000056e-01
9.977892906852318111e-01,-6.632184652331228614e-02,-4.236043861918771698e-03,1.477051000418230942e+01,6.635460251933460174e-02,9.977630063018126938e-01,8.127113883162060889e-03,6.801164786678981500e-01,3.687562658857859894e-03,-8.390228203510459795e-03,9.999580020942530068e-01,1.474688971157494810e-01,0.000000000000000000e+00,0.000000000000000000e+00,0.000000000000000000e+00,1.000000000000000056e-01
9.974657753382550895e-01,-7.107169035696776771e-02,-3.292697777962816374e-03,1.572568696538921884e+01,7.108750069082857281e-02,9.974577364711647576e-01,4.962982908682444724e-03,7.490438451014634902e-01,2.931599287957623035e-03,-5.184475250565064378e-03,9.999822633137005479e-01,1.383774430895515772e-01,0.000000000000000000e+00,0.000000000000000000e+00,0.000000000000000000e+00,1.000000000000000056e-01
9.970448889781821089e-01,-7.680222139429798700e-02,-1.705330286397370139e-03,1.665074269857915823e+01,7.680532657332816981e-02,9.970444162987812664e-01,1.836773635217741783e-03,8.457535592065562602e-01,1.559221744614496972e-03,-1.962324214765862745e-03,9.999968590506808086e-01,1.485878672826275448e-01,0.000000000000000000e+00,0.000000000000000000e+00,0.000000000000000000e+00,1.000000000000000056e-01
9.968947908002933067e-01,-7.874335896405555701e-02,5.094058277439998542e-04,1.754607088402799775e+01,7.874073144570294114e-02,9.968872179451843119e-01,3.971386270106702990e-03,9.441007219852706189e-01,-8.205404530767134363e-04,-3.918943297445912771e-03,9.999919842662721159e-01,1.770162056898233749e-01,0.000000000000000000e+00,0.000000000000000000e+00,0.000000000000000000e+00,1.000000000000000056e-01
9.967842256862403660e-01,-8.012286290559346436e-02,1.238653661709283871e-03,1.848064424076883228e+01,8.011431062960717997e-02,9.967684475410493183e-01,5.861673732745859185e-03,1.022432362444305465e+00,-1.704304968309113683e-03,-5.743590028703777876e-03,9.999820530980328970e-01,1.932681029435384668e-01,0.000000000000000000e+00,0.000000000000000000e+00,0.000000000000000000e+00,1.000000000000000056e-01
9.964797036223956850e-01,-8.382465382876706783e-02,1.275805278984175469e-03,1.941941915841005084e+01,8.381862317248596483e-02,9.964721244228443853e-01,4.212322125871593645e-03,1.107871212477301581e+00,-1.624400840715683721e-03,-4.090557261629941543e-03,9.999903142846924275e-01,2.111669228115121699e-01,0.000000000000000000e+00,0.000000000000000000e+00,0.000000000000000000e+00,1.000000000000000056e-01
9.963780230655912007e-01,-8.502837326880409441e-02,1.005430835578000320e-03,2.035591186660499119e+01,8.502231146691106856e-02,9.963663860036604536e-01,5.023086185620407457e-03,1.182697401278013150e+00,-1.428882335173798247e-03,-4.919408629655593404e-03,9.999868787709200735e-01,2.191162317277052518e-01,0.000000000000000000e+00,0.000000000000000000e+00,0.000000000000000000e+00,1.000000000000000056e-01
9.966169933703205031e-01,-8.208212336085093930e-02,4.134434674374015163e-03,2.128379889360293475e+01,8.205664670648551984e-02,9.966096352532231029e-01,5.995135671910130359e-03,1.275309803846365497e+00,-4.612510898592930321e-03,-5.635596242780078688e-03,9.999734820474984742e-01,2.326516043484029850e-01,0.000000000000000000e+00,0.000000000000000000e+00,0.000000000000000000e+00,1.000000000000000056e-01
9.967597573730118121e-01,-8.004941223780832893e-02,7.878939146611547290e-03,2.222843516350939552e+01,8.000294567871694962e-02,9.967762886335710393e-01,6.046412209908615804e-03,1.363199290395973762e+00,-8.337551464479904528e-03,-5.396482026773447363e-03,9.999506803924440579e-01,2.239889154167293561e-01,0.000000000000000000e+00,0.000000000000000000e+00,0.000000000000000000e+00,1.000000000000000056e-01
9.967959167188941150e-01,-7.910958554690900035e-02,1.181413928882354969e-02,2.318951725460723523e+01,7.904187426861825072e-02,9.968526754245243815e-01,6.093078948434692797e-03,1.450533686534730471e+00,-1.225897730821700823e-02,-5.139744503786421344e-03,9.999116463477122352e-01,2.336735580073268925e-01,0.000000000000000000e+00,0.000000000000000000e+00,0.000000000000000000e+00,1.000000000000000056e-01
9.968919713896534640e-01,-7.723217911288339510e-02,1.554309777122346754e-02,2.412016299425880206e+01,7.715712116196178638e-02,9.970044681654899321e-01,5.372998422382697752e-03,1.527225559160075408e+00,-1.591150630357356446e-02,-4.157038311596077985e-03,9.998647623552033847e-01,2.398437427971183700e-01,0.000000000000000000e+00,0.000000000000000000e+00,0.000000000000000000e+00,1.000000000000000056e-01
9.971160970589252326e-01,-7.495293268973785006e-02,1.189734706493642165e-02,2.507936720314463486e+01,7.491024074690572077e-02,9.971822783262186407e-01,3.994949733413191532e-03,1.591750249759172897e+00,-1.216325685071845651e-02,-3.092195553243675538e-03,9.999212436534409276e-01,2.425810922841842299e-01,0.000000000000000000e+00,0.000000000000000000e+00,0.000000000000000000e+00,1.000000000000000056e-01
9.971837651643333800e-01,-7.446130580960166889e-02,8.947202345566635656e-03,2.604290388380581334e+01,7.442642314739070231e-02,9.972177853345546295e-01,4.170869205780195627e-03,1.665240730500952893e+00,-9.232877675409541240e-03,-3.493214790871399748e-03,9.999512745230417776e-01,2.358989405127730199e-01,0.000000000000000000e+00,0.000000000000000000e+00,0.000000000000000000e+00,1.000000000000000056e-01
9.973401155539975971e-01,-7.246350878598206702e-02,7.857086047805307560e-03,2.698520608267766008e+01,7.243239561258477122e-02,9.973645858644684115e-01,4.175036433295272083e-03,1.741543471952933020e+00,-8.138917161436720615e-03,-3.594823753848102460e-03,9.999604168513961389e-01,2.494932661094361737e-01,0.000000000000000000e+00,0.000000000000000000e+00,0.000000000000000000e+00,1.000000000000000056e-01
9.973785089655191616e-01,-7.185023668341779246e-02,8.582152542030974801e-03,2.794056650492933258e+01,7.184534049211434292e-02,9.974153981301839833e-01,8.778510003372703811e-04,1.810498202670077106e+00,-8.623044896670803428e-03,-2.589620502727961308e-04,9.999627873252916466e-01,2.592934348702438108e-01,0.000000000000000000e+00,0.000000000000000000e+00,0.000000000000000000e+00,1.000000000000000056e-01
9.975019950465202623e-01,-6.921468769479179051e-02,1.411016957815755535e-02,2.894415580644928099e+01,6.928029631303915525e-02,9.975883306767947545e-01,-4.214622197005908448e-03,1.897359944824269951e+00,-1.378442675592338879e-02,5.181650779282728943e-03,9.998915641579401159e-01,2.643998593384416229e-01,0.000000000000000000e+00,0.000000000000000000e+00,0.000000000000000000e+00,1.000000000000000056e-01
9.974044031578492842e-01,-6.982803051547636919e-02,1.756424537702126407e-02,2.992379303593397566e+01,6.998873916312628451e-02,9.975097810315173286e-01,-8.707073952262882333e-03,1.931590581750377345e+00,-1.691250873437720112e-02,9.913773286897503006e-03,9.998078236078800085e-01,2.602831496102137598e-01,0.000000000000000000e+00,0.000000000000000000e+00,0.000000000000000000e+00,1.000000000000000056e-01
9.972297548772185438e-01,-7.159462716705657093e-02,2.017486922715454670e-02,3.083923668331489409e+01,7.189375919664457715e-02,9.973067059255337208e-01,-1.451281173776481671e-02,1.986526093876730847e+00,-1.908149302590096338e-02,1.592305488187127291e-02,9.996911287728482698e-01,2.686110560248580748e-01,0.000000000000000000e+00,0.000000000000000000e+00,0.000000000000000000e+00,1.000000000000000056e-01
9.974458358872746455e-01,-7.010512465560249373e-02,1.367757172009416433e-02,3.175430102998695148e+01,7.029180093552823971e-02,9.974326498050398726e-01,-1.368107540132608956e-02,2.052151859876608864e+00,-1.268334310723933864e-02,1.460755283814280277e-02,9.998128585928993672e-01,2.541623848574793842e-01,0.000000000000000000e+00,0.000000000000000000e+00,0.000000000000000000e+00,1.000000000000000056e-01
9.974863745924832381e-01,-6.988262283617545367e-02,1.171970681720060567e-02,3.274052676743857404e+01,7.005353816796076882e-02,9.974324159340905993e-01,-1.486867290760606787e-02,2.101358152772648147e+00,-1.065055362384293575e-02,1.565230556244552595e-02,9.998207694572489590e-01,2.584524811337772232e-01,0.000000000000000000e+00,0.000000000000000000e+00,0.000000000000000000e+00,1.000000000000000056e-01
9.973007600501712089e-01,-7.277446346213543860e-02,9.750460048073832098e-03,3.368969863500138473e+01,7.286904730932795837e-02,9.972941131772863343e-01,-9.723876087283030850e-03,2.182846349510103590e+00,-9.016426541690041041e-03,1.040813574701185754e-02,9.999051828862025593e-01,2.473807983602737404e-01,0.000000000000000000e+00,0.000000000000000000e+00,0.000000000000000000e+00,1.000000000000000056e-01
9.969806276855162075e-01,-7.682325162181348477e-02,1.130557517535859743e-02,3.464338127969755732e+01,7.695607885879486576e-02,9.969643721944149162e-01,-1.182381079327058000e-02,2.261774187479935971e+00,-1.036291206529800502e-02,1.265814304104861433e-02,9.998661817804816998e-01,2.598829726797112216e-01,0.000000000000000000e+00,0.000000000000000000e+00,0.000000000000000000e+00,1.000000000000000056e-01
9.969439424152399809e-01,-7.722861618965019825e-02,1.176930426959799450e-02,3.562120796070773565e+01,7.736531256062155470e-02,9.969348777750881574e-01,-1.163863771956963333e-02,2.338115946133964673e+00,-1.083439402809447186e-02,1.251360527592897467e-02,9.998630034104883935e-01,2.521215909704626057e-01,0.000000000000000000e+00,0.000000000000000000e+00,0.000000000000000000e+00,1.000000000000000056e-01
9.969757802120420287e-01,-7.673464038378978447e-02,1.229181173629235665e-02,3.659869700408476945e+01,7.686766478332125729e-02,9.969834397002270698e-01,-1.074165137502861370e-02,2.411910529617302679e+00,-1.143047598960551109e-02,1.165400912450991963e-02,9.998667552679091353e-01,2.541758392861326876e-01,0.000000000000000000e+00,0.000000000000000000e+00,0.000000000000000000e+00,1.000000000000000056e-01
9.969042775460933425e-01,-7.760027259664385724e-02,1.265144668519336581e-02,3.759642999520662698e+01,7.771385117186439817e-02,9.969373339967024794e-01,-8.746966307506072805e-03,2.495750521860016224e+00,-1.193393255968196350e-02,9.703080772306254750e-03,9.998817087421827399e-01,2.567082962151283065e-01,0.000000000000000000e+00,0.000000000000000000e+00,0.000000000000000000e+00,1.000000000000000056e-01
9.967889780427151569e-01,-7.857929305399501130e-02,1.539571225029624617e-02,3.858811784386109167e+01,7.874397511944532246e-02,9.968406368963318442e-01,-1.039860637314309576e-02,2.576656554359698426e+00,-1.452995646750961621e-02,1.157753580213723675e-02,9.998274056204913274e-01,2.734107238338128743e-01,0.000000000000000000e+00,0.000000000000000000e+00,0.000000000000000000e+00,1.000000000000000056e-01
9.966542535830360539e-01,-8.031013768111089357e-02,1.518488065419661831e-02,3.960841982294192576e+01,8.042525385486715139e-02,9.967351574551728266e-01,-7.127723001907197362e-03,2.632539247084329403e+00,-1.456287599416268563e-02,8.325123329582078888e-03,9.998592975835779439e-01,2.658027602049725102e-01,0.000000000000000000e+00,0.000000000000000000e+00,0.000000000000000000e+00,1.000000000000000056e-01
9.963246835788398537e-01,-8.395485621528826770e-02,1.699138044406072259e-02,4.062480549855072098e+01,8.415753429307058775e-02,9.963851043547197195e-01,-1.158590703159914290e-02,2.724786214063776413e+00,-1.595726521792458288e-02,1.297327783963952291e-02,9.997885075098934538e-01,2.769710048252513324e-01,0.000000000000000000e+00,0.000000000000000000e+00,0.000000000000000000e+00,1.000000000000000056e-01
9.964300866640490861e-01,-8.296192285940448552e-02,1.563335364360034924e-02,4.164707511472875723e+01,8.316380729825487150e-02,9.964544745990303598e-01,-1.273817911748722879e-02,2.818104505351668010e+00,-1.452114135784036975e-02,1.399283413182182863e-02,9.997966478472634089e-01,2.895023118226633385e-01,0.000000000000000000e+00,0.000000000000000000e+00,0.000000000000000000e+00,1.000000000000000056e-01
9.962910283956167845e-01,-8.471198304033833448e-02,1.510187629991027736e-02,4.270445377484478655e+01,8.490996303947184742e-02,9.963039692952612159e-01,-1.298841572874214270e-02,2.908042558009387601e+00,-1.394578484847257271e-02,1.422254182207037185e-02,9.998015975127663157e-01,2.983477122732434150e-01,0.000000000000000000e+00,0.000000000000000000e+00,0.000000000000000000e+00,1.000000000000000056e-01
9.964116560421337754e-01,-8.385059471114464369e-02,1.152776951365288259e-02,4.377774730042181517e+01,8.400479468849614273e-02,9.963723419283607718e-01,-1.361435674342737628e-02,2.988284557996185864e+00,-1.034437879798261357e-02,1.453389165987757983e-02,9.998408672486350790e-01,3.049632463701570373e-01,0.000000000000000000e+00,0.000000000000000000e+00,0.000000000000000000e+00,1.000000000000000056e-01
9.964439979805427283e-01,-8.333182263333933915e-02,1.245657357212625119e-02,4.481117663346167745e+01,8.351001322131336446e-02,9.964008126959622569e-01,-1.454297598849613529e-02,3.064991359706255913e+00,-1.119984733503937013e-02,1.553150976021264867e-02,9.998166510036928800e-01,3.126274439700131857e-01,0.000000000000000000e+00,0.000000000000000000e+00,0.000000000000000000e+00,1.000000000000000056e-01
9.964143775445629680e-01,-8.334098949768085907e-02,1.458313039194641426e-02,4.581821200728649757e+01,8.354814599794506413e-02,9.964022243435699533e-01,-1.422373451285512992e-02,3.162894560900612273e+00,-1.334524345177406403e-02,1.539112707807907023e-02,9.997924873114817368e-01,3.251516510577557861e-01,0.000000000000000000e+00,0.000000000000000000e+00,0.000000000000000000e+00,1.000000000000000056e-01
9.959986369857674049e-01,-8.850625376052231874e-02,1.238378648764823509e-02,4.676450193895896490e+01,8.865236626412009713e-02,9.959928113799214611e-01,-1.179311813272420142e-02,3.240531184827191158e+00,-1.129039761327874439e-02,1.284378156144509384e-02,9.998537714070673266e-01,3.385695394668709057e-01,0.000000000000000000e+00,0.000000000000000000e+00,0.000000000000000000e+00,1.000000000000000056e-01
9.962157521534977800e-01,-8.664279316990569635e-02,6.870338634852796340e-03,4.772095579490180484e+01,8.672264902700232980e-02,9.961561825861415809e-01,-1.233053288163968308e-02,3.343822888347485200e+00,-5.775578497430417131e-03,1.287968505526310842e-02,9.999003732402029776e-01,3.324038921987880202e-01,0.000000000000000000e+00,0.000000000000000000e+00,0.000000000000000000e+00,1.000000000000000056e-01
9.962789611865898731e-01,-8.604551936592626238e-02,4.939645130709834769e-03,4.866923149255897130e+01,8.610255960333230985e-02,9.962038947309376224e-01,-1.281207838976588902e-02,3.429367127741807408e+00,-3.818471778597483293e-03,1.318972023808336926e-02,9.999057208323778312e-01,3.398864963197018030e-01,0.000000000000000000e+00,0.000000000000000000e+00,0.000000000000000000e+00,1.000000000000000056e-01
9.963519076381890383e-01,-8.514860954005464000e-02,5.708803651986746851e-03,4.963555424863154286e+01,8.522193337484067210e-02,9.962615941167105582e-01,-1.414419173671563681e-02,3.534136291632341553e+00,-4.483103567378348732e-03,1.457910770335659606e-02,9.998836689340305783e-01,3.466639518755442739e-01,0.000000000000000000e+00,0.000000000000000000e+00,0.000000000000000000e+00,1.000000000000000056e-01
9.967577028253640226e-01,-7.994117011433152231e-02,9.137350767849078403e-03,5.064449180389963345e+01,8.008381967134736712e-02,9.966517590731592824e-01,-1.648796419283932169e-02,3.613343604226044725e+00,-7.788689565666491628e-03,1.716625926428765048e-02,9.998223121423730486e-01,3.623456845258977155e-01,0.000000000000000000e+00,0.000000000000000000e+00,0.000000000000000000e+00,1.000000000000000056e-01
9.968112870530200231e-01,-7.931918593265141482e-02,8.701996706682080945e-03,5.158883403592521688e+01,7.944912510513077453e-02,9.967141791863821654e-01,-1.576963946466920091e-02,3.698252190321711819e+00,-7.422568539994258557e-03,1.641072063615262727e-02,9.998377837051725114e-01,3.662851710504483882e-01,0.000000000000000000e+00,0.000000000000000000e+00,0.000000000000000000e+00,1.000000000000000056e-01
9.968824693215835309e-01,-7.773592117647264155e-02,1.350810564614469099e-02,5.253752841808965002e+01,7.797337853341552993e-02,9.967921397435557385e-01,-1.804390161656967140e-02,3.780435215029143592e+00,-1.206211421712088429e-02,1.904092183453789250e-02,9.997459420754375437e-01,3.928235810084849122e-01,0.000000000000000000e+00,0.000000000000000000e+00,0.000000000000000000e+00,1.000000000000000056e-01
9.970594797646432639e-01,-7.532531978923040494e-02,1.408864827118298454e-02,5.353561506195890018e+01,7.556679631297608113e-02,9.969876301718828548e-01,-1.747353940236887407e-02,3.876440110797521044e+00,-1.273000810887876463e-02,1.848679212040655120e-02,9.997480609686846265e-01,4.202234574698389125e-01,0.000000000000000000e+00,0.000000000000000000e+00,0.000000000000000000e+00,1.000000000000000056e-01
9.970662937467086318e-01,-7.495238806462728443e-02,1.552241597212671367e-02,5.450320276511652651e+01,7.525561452470866386e-02,9.969642882908635872e-01,-1.996998635954083667e-02,3.939357200481781174e+00,-1.397849622494042390e-02,2.107954923857025681e-02,9.996800759478944309e-01,4.149547872909796209e-01,0.000000000000000000e+00,0.000000000000000000e+00,0.000000000000000000e+00,1.000000000000000056e-01
9.969692046017466502e-01,-7.550590662091295757e-02,1.874201539628477312e-02,5.543918424849477589e+01,7.584609883456196189e-02,9.969542134262924238e-01,-1.815669637187522847e-02,4.014584761741926577e+00,-1.731399339662747019e-02,1.952317589216935947e-02,9.996594776401337423e-01,4.240852261161043857e-01,0.000000000000000000e+00,0.000000000000000000e+00,0.000000000000000000e+00,1.000000000000000056e-01
9.969652049775034053e-01,-7.423967066340143861e-02,2.342757699708531566e-02,5.638336440473045741e+01,7.462155686424097600e-02,9.970856429880856631e-01,-1.586958720926786096e-02,4.099236519004842982e+00,-2.218114774581152193e-02,1.756962853407548555e-02,9.995995722477341028e-01,4.351148574956508197e-01,0.000000000000000000e+00,0.000000000000000000e+00,0.000000000000000000e+00,1.000000000000000056e-01
9.968889412359200897e-01,-7.460559197818650290e-02,2.542527260641881323e-02,5.734085259664650636e+01,7.498072564751415148e-02,9.970848154353911807e-01,-1.413370473528274655e-02,4.165393154408380205e+00,-2.429669983554494025e-02,1.599613933911227248e-02,9.995768074056866626e-01,4.196974611247142883e-01,0.000000000000000000e+00,0.000000000000000000e+00,0.000000000000000000e+00,1.000000000000000056e-01
9.969103962800185403e-01,-7.532532397572637428e-02,2.226560928356050711e-02,5.822623838606110525e+01,7.557973973560673520e-02,9.970811255123701589e-01,-1.081351415974841045e-02,4.232905840147290988e+00,-2.138608730727203228e-02,1.246293364088059234e-02,9.996936083394495354e-01,4.212033380687542072e-01,0.000000000000000000e+00,0.000000000000000000e+00,0.000000000000000000e+00,1.000000000000000056e-01
9.970626361697754181e-01,-7.485969608197641512e-02,1.619028896259325917e-02,5.912726435358176502e+01,7.497399673618619642e-02,9.971638379273526365e-01,-6.571159973298874683e-03,4.311789264630204954e+00,-1.565245564058515004e-02,7.765708757510065598e-03,9.998473355467388801e-01,4.250210371186062819e-01,0.000000000000000000e+00,0.000000000000000000e+00,0.000000000000000000e+00,1.000000000000000056e-01
9.971467957807922389e-01,-7.488876184083370635e-02,9.483723638213701831e-03,6.011343174617741880e+01,7.495537092856532912e-02,9.971631967569480892e-01,-6.873965553098296440e-03,4.375045122977993195e+00,-8.942037411032536035e-03,7.565208748665818057e-03,9.999314014388831495e-01,4.287026898435641331e-01,0.000000000000000000e+00,0.000000000000000000e+00,0.000000000000000000e+00,1.000000000000000056e-01
9.972952985637923984e-01,-7.288277947253828104e-02,9.496732012303936432e-03,6.103628346243028346e+01,7.292115287375207366e-02,9.973306262522309007e-01,-3.758643757499264149e-03,4.456232144728897282e+00,-9.197441281087043174e-03,4.440990395200433705e-03,9.999478409788136180e-01,4.358476716587594280e-01,0.000000000000000000e+00,0.000000000000000000e+00,0.000000000000000000e+00,1.000000000000000056e-01
9.970871295702143922e-01,-7.547097743545169712e-02,1.101760456578338224e-02,6.197978422853237390e+01,7.550338754482591175e-02,9.971422709521804428e-01,-2.555376603214777002e-03,4.536007239434370675e+00,-1.079326246721805035e-02,3.379799589616293027e-03,9.999360391745303334e-01,4.371189851457589204e-01,0.000000000000000000e+00,0.000000000000000000e+00,0.000000000000000000e+00,1.000000000000000056e-01
9.971935898202239912e-01,-7.386414877876608387e-02,1.220786413109276741e-02,6.285392624586531696e+01,7.391180307799662119e-02,9.972586436362524953e-01,-3.499008222536691831e-03,4.604874010535532136e+00,-1.191594676114165682e-02,4.391493819902111267e-03,9.999193592459421076e-01,4.476974853726284342e-01,0.000000000000000000e+00,0.000000000000000000e+00,0.000000000000000000e+00,1.000000000000000056e-01
9.973712681679725023e-01,-7.107282397842661081e-02,1.411407541221900569e-02,6.365880658908616141e+01,7.111713683831651089e-02,9.974644179045721870e-01,-2.662303929523758290e-03,4.679986622415267306e+00,-1.388907055675014934e-02,3.659058078874784497e-03,9.998968471862710317e-01,4.489991100684032621e-01,0.000000000000000000e+00,0.000000000000000000e+00,0.000000000000000000e+00,1.000000000000000056e-01
9.972721838325148136e-01,-7.248602468325672510e-02,1.392722440204822824e-02,6.446307744057455125e+01,7.250312541997659677e-02,9.973679207697995208e-01,-7.262393972176249459e-04,4.752319938914462583e+00,-1.383792463709258673e-02,1.734025647222291319e-03,9.999027477693982480e-01,4.602125413634498563e-01,0.000000000000000000e+00,0.000000000000000000e+00,0.000000000000000000e+00,1.000000000000000056e-01
9.971776673132879409e-01,-7.333680185979836452e-02,1.607523886622661338e-02,6.524462732120059627e+01,7.334200632546579446e-02,9.973068129594727660e-01,2.663320755027059048e-04,4.816356560727666825e+00,-1.605147718388876335e-02,9.134098728296711784e-04,9.998707495284674396e-01,4.608045283049753138e-01,0.000000000000000000e+00,0.000000000000000000e+00,0.000000000000000000e+00,1.000000000000000056e-01
9.965998191331074674e-01,-8.120571570650129967e-02,1.394389617188874012e-02,6.605789827033025574e+01,8.121650699214925939e-02,9.966964610839758043e-01,-2.084578443216648837e-04,4.882606914977329460e+00,-1.388090399980113077e-02,1.340223590889853952e-03,9.999027574243780636e-01,4.656433379499885228e-01,0.000000000000000000e+00,0.000000000000000000e+00,0.000000000000000000e+00,1.000000000000000056e-01
9.965093013898913554e-01,-8.241232940424814135e-02,1.331991762724010937e-02,6.680497346189868324e+01,8.239338934645515367e-02,9.965979462524765520e-01,1.965430576042365932e-03,4.946270168329040651e+00,-1.343657826361363723e-02,-8.610966911384044251e-04,9.999093543302084441e-01,4.697113170428625639e-01,0.000000000000000000e+00,0.000000000000000000e+00,0.000000000000000000e+00,1.000000000000000056e-01
9.963631543567066373e-01,-8.359767998565224845e-02,1.648916436239409797e-02,6.758808154324097472e+01,8.354369797063009029e-02,9.964963370673078913e-01,3.937098021445299516e-03,5.032268345112134611e+00,-1.676052414889543998e-02,-2.545213636378856892e-03,9.998562930330535670e-01,4.796433539927720258e-01,0.000000000000000000e+00,0.000000000000000000e+00,0.000000000000000000e+00,1.000000000000000056e-01
9.966744299860794687e-01,-7.919361631645993604e-02,1.919509694283489526e-02,6.832531993134635684e+01,7.907355671348728632e-02,9.968446528193759537e-01,6.936193055029456905e-03,5.113286147519624514e+00,-1.968383195931141388e-02,-5.395301672664745002e-03,9.997916970445686058e-01,4.768168533430977574e-01,0.000000000000000000e+00,0.000000000000000000e+00,0.000000000000000000e+00,1.000000000000000056e-01
9.962064171334128471e-01,-8.436798780010966448e-02,2.132644125889625666e-02,6.904814818924612041e+01,8.417508550610601492e-02,9.964029034241460581e-01,9.788208619128132074e-03,5.203057988477967299e+00,-2.207553945543226301e-02,-7.955921222107488130e-03,9.997246490285508491e-01,4.847172219022565787e-01,0.000000000000000000e+00,0.000000000000000000e+00,0.000000000000000000e+00,1.000000000000000056e-01
9.963398050877633194e-01,-8.412312311192517156e-02,1.517540627376037961e-02,6.972811918228207162e+01,8.391153220161114146e-02,9.963737288013562177e-01,1.408003260150464744e-02,5.277911724994377884e+00,-1.630483245101841880e-02,-1.275510534559931922e-02,9.997857069024176369e-01,4.810374555530398943e-01,0.000000000000000000e+00,0.000000000000000000e+00,0.000000000000000000e+00,1.000000000000000056e-01
9.963107881933570553e-01,-8.528833798304159830e-02,9.524323263208539503e-03,7.041623308743537279e+01,8.515605474928784890e-02,9.962758296345203268e-01,1.352470426976143392e-02,5.352963399522442600e+00,-1.064235260964054713e-02,-1.266375497783637366e-02,9.998631754599193178e-01,4.881904393873782166e-01,0.000000000000000000e+00,0.000000000000000000e+00,0.000000000000000000e+00,1.000000000000000056e-01
9.966501238554240638e-01,-8.149043249672312250e-02,6.916648788597053177e-03,7.115579269707924936e+01,8.140525567845098565e-02,9.966110716091450827e-01,1.181339468558741633e-02,5.428135562283666005e+00,-7.855887403330813826e-03,-1.121076971346991573e-02,9.999062974476846666e-01,4.979994129747491449e-01,0.000000000000000000e+00,0.000000000000000000e+00,0.000000000000000000e+00,1.000000000000000056e-01
9.968374131091296553e-01,-7.929269059369496719e-02,5.276461343631912507e-03,7.186575366736570913e+01,7.923515278888727809e-02,9.968022994220625543e-01,1.034245760979861720e-02,5.493679029932502011e+00,-6.079670091376084343e-03,-9.891667468195152607e-03,9.999325939913543682e-01,5.007778356446171975e-01,0.000000000000000000e+00,0.000000000000000000e+00,0.000000000000000000e+00,1.000000000000000056e-01
9.968892733125688244e-01,-7.833219033332435022e-02,8.708886950831310272e-03,7.254151292002593721e+01,7.822130076384643804e-02,9.968586754912913683e-01,1.241809987720167950e-02,5.565259835662621946e+00,-9.654266473968284648e-03,-1.169825009700716824e-02,9.998849664253971481e-01,5.098177555638536695e-01,0.000000000000000000e+00,0.000000000000000000e+00,0.000000000000000000e+00,1.000000000000000056e-01
9.968551611949802993e-01,-7.834360867972622877e-02,1.191916850991388103e-02,7.312973496721266997e+01,7.817692704052928154e-02,9.968431333440771480e-01,1.386129803669486002e-02,5.602409112276620640e+00,-1.296748539345848709e-02,-1.288590252175780826e-02,9.998328849556660236e-01,5.324785323311015395e-01,0.000000000000000000e+00,0.000000000000000000e+00,0.000000000000000000e+00,1.000000000000000056e-01
9.968344820368806314e-01,-7.898828173229016647e-02,9.048025820275220482e-03,7.371462285165060280e+01,7.889748775607091646e-02,9.968327034428370315e-01,9.987380668907074391e-03,5.631205119555958483e+00,-9.808254077288802719e-03,-9.241898929623361056e-03,9.999091886047102307e-01,5.403498772139739836e-01,0.000000000000000000e+00,0.000000000000000000e+00,0.000000000000000000e+00,1.000000000000000056e-01
9.968000213326622116e-01,-7.962476505581504715e-02,7.043739135609266254e-03,7.434096966294455910e+01,7.957922582937897171e-02,9.968071852903658270e-01,6.525501505244194096e-03,5.668152970619034114e+00,-7.540841305912703539e-03,-5.944084732277847387e-03,9.999539007219755415e-01,5.525587391261443937e-01,0.000000000000000000e+00,0.000000000000000000e+00,0.000000000000000000e+00,1.000000000000000056e-01
9.969421638959603538e-01,-7.812134048108182460e-02,1.837935765722630010e-03,7.496154524136434816e+01,7.811115673950605465e-02,9.969317144221908622e-01,5.079761022685876093e-03,5.685369507157134628e+00,-2.229134194335495416e-03,-4.920664657357309152e-03,9.999854089035866700e-01,5.660373318498576056e-01,0.000000000000000000e+00,0.000000000000000000e+00,0.000000000000000000e+00,1.000000000000000056e-01
9.974240367461759682e-01,-7.168459578033922752e-02,2.570923719654159313e-03,7.557298811136152494e+01,7.167514570844757404e-02,9.974215441152410877e-01,3.596779454022262963e-03,5.741318518091605760e+00,-2.822128387532566070e-03,-3.403242950105076978e-03,9.999902267166348446e-01,5.873552383130186128e-01,0.000000000000000000e+00,0.000000000000000000e+00,0.000000000000000000e+00,1.000000000000000056e-01
9.977165753114153324e-01,-6.735344219879713101e-02,5.014895097038104231e-03,7.614425956289055364e+01,6.732114394631610876e-02,9.977111340738246126e-01,6.352678402223369686e-03,5.799740869504717899e+00,-5.431291432098848439e-03,-6.000564064817717064e-03,9.999672466157497608e-01,5.818788732021846766e-01,0.000000000000000000e+00,0.000000000000000000e+00,0.000000000000000000e+00,1.000000000000000056e-01
9.979096143809985664e-01,-6.412180722198874971e-02,8.049556792318272869e-03,7.669322419602474383e+01,6.408756896030291805e-02,9.979343930293502751e-01,4.441926822970389439e-03,5.818168802113573790e+00,-8.317753947134107900e-03,-3.916764956991424136e-03,9.999577360676533688e-01,5.918959122693630004e-01,0.000000000000000000e+00,0.000000000000000000e+00,0.000000000000000000e+00,1.000000000000000056e-01
9.983150316697589899e-01,-5.689404902871409569e-02,1.140897573519910300e-02,7.726155612629077041e+01,5.690113811046722953e-02,9.983797734325257078e-01,-2.974601689577653012e-04,5.810454466789526151e+00,-1.137356689616849000e-02,9.461426620010965956e-04,9.999348712741853440e-01,6.084891303576301924e-01,0.000000000000000000e+00,0.000000000000000000e+00,0.000000000000000000e+00,1.000000000000000056e-01
9.987989991492809416e-01,-4.681105408162335862e-02,1.446666907625989915e-02,7.781193220826756374e+01,4.690170758755795449e-02,9.988815388191017997e-01,-5.991763659765752224e-03,5.826106001891779407e+00,-1.417000789575960026e-02,6.663079029293775442e-03,9.998773996116141483e-01,6.121643508180228954e-01,0.000000000000000000e+00,0.000000000000000000e+00,0.000000000000000000e+00,1.000000000000000056e-01
9.993014742497222658e-01,-3.450403138161627081e-02,1.435393258825449526e-02,7.831551190612854896e+01,3.451167977775594642e-02,9.994042537934715309e-01,-2.854092361045496799e-04,5.862196930250581417e+00,-1.433553351812712380e-02,7.805881954410982294e-04,9.998969362693436169e-01,6.143793336905097879e-01,0.000000000000000000e+00,0.000000000000000000e+00,0.000000000000000000e+00,1.000000000000000056e-01
9.997562133750185209e-01,-1.561508386415279628e-02,1.561034829720341771e-02,7.882769133632677949e+01,1.558239974127261993e-02,9.998761376168753268e-01,2.213197384474541694e-03,5.876604565109464495e+00,-1.564297402502841383e-02,-1.969411149286244729e-03,9.998757016666508513e-01,6.157002640271275196e-01,0.000000000000000000e+00,0.000000000000000000e+00,0.000000000000000000e+00,1.000000000000000056e-01
9.999023194739410370e-01,8.381106791974829613e-04,1.395166947437641129e-02,7.932745214647654564e+01,-9.153858583195193053e-04,9.999842721377291133e-01,5.533312381071120271e-03,5.882626698137967125e+00,-1.394681251624255679e-02,-5.545543045143681328e-03,9.998873603426393641e-01,6.250940851316710845e-01,0.000000000000000000e+00,0.000000000000000000e+00,0.000000000000000000e+00,1.000000000000000056e-01
9.996454459170146523e-01,2.310366309061309686e-02,1.323643491157582702e-02,7.984969213684861700e+01,-2.316578496825142525e-02,9.997212407986554306e-01,4.559287532231750401e-03,5.870717954537788330e+00,-1.312740889047330980e-02,-4.864303423129514442e-03,9.999020000420191234e-01,6.357618380743699227e-01,0.000000000000000000e+00,0.000000000000000000e+00,0.000000000000000000e+00,1.000000000000000056e-01
9.987126547584146419e-01,4.856431865347267396e-02,1.464719014431316302e-02,8.035937396586624004e+01,-4.863993249253899254e-02,9.988045986236169238e-01,4.850848939792853400e-03,5.832726024500488826e+00,-1.439410269940254519e-02,-5.557042562317335808e-03,9.998809574571563275e-01,6.534062600843442148e-01,0.000000000000000000e+00,0.000000000000000000e+00,0.000000000000000000e+00,1.000000000000000056e-01
9.973301555175588806e-01,7.143213311048363101e-02,1.516612193700089296e-02,8.081637164871992240e+01,-7.153116069335072047e-02,9.974197737346645054e-01,6.089992853256629216e-03,5.836354714858128290e+00,-1.469196873070004010e-02,-7.158583824809819016e-03,9.998664414472760997e-01,6.477045071686854394e-01,0.000000000000000000e+00,0.000000000000000000e+00,0.000000000000000000e+00,1.000000000000000056e-01
9.944229197988581070e-01,1.043350368337976897e-01,1.540313823881003970e-02,8.130809133334534522e+01,-1.043593082713336617e-01,9.945393552167658413e-01,7.782686865640436099e-04,5.759898787565245648e+00,-1.523782648026159557e-02,-2.381389071490982653e-03,9.998810617419692237e-01,6.447947647392370252e-01,0.000000000000000000e+00,0.000000000000000000e+00,0.000000000000000000e+00,1.000000000000000056e-01
