1.000000000000000000e+00,7.906851538706490819e-10,-3.168159701032607665e-10,-2.279919098579794960e-14,-7.906851539889712715e-10,1.000000000000000000e+00,-3.734727914472942127e-10,-5.255957856151155124e-14,3.168159698079614238e-10,3.734727916977959350e-10,1.000000000000000000e+00,-2.117072055289017583e-14,0.000000000000000000e+00,0.000000000000000000e+00,0.000000000000000000e+00,1.000000000000000056e-01
9.999949788103539294e-01,-2.834769215446607173e-03,-1.416487760271047634e-03,6.369807391950442765e-01,2.829385354747306850e-03,9.999888208250228283e-01,-3.788509402751460021e-03,-2.982318632724713630e-03,1.427211474933872456e-03,3.784482590203183238e-03,9.999918203460117505e-01,4.958784730271061439e-03,0.000000000000000000e+00,0.000000000000000000e+00,0.000000000000000000e+00,1.000000000000000056e-01
9.999530950911544869e-01,-8.511856043084050152e-03,-4.621247052741995001e-03,1.352769515302457259e+00,8.493314050465430518e-03,9.999558617137889183e-01,-4.017242919467403986e-03,-2.851101760044357294e-03,4.655237272237534168e-03,3.977804788530730010e-03,9.999812527417719643e-01,6.902956499500548584e-03,0.000000000000000000e+00,0.000000000000000000e+00,0.000000000000000000e+00,1.000000000000000056e-01
9.999310577370020825e-01,-1.071926972965590169e-02,-4.793436076872836099e-03,2.112664333234255842e+00,1.070255298416101716e-02,9.999366021314347597e-01,-3.499582469653924905e-03,-1.030001861892896123e-02,4.830645151675853899e-03,3.448039196929998749e-03,9.999823877914625347e-01,-5.129721370175062758e-04,0.000000000000000000e+00,0.000000000000000000e+00,0.000000000000000000e+00,1.000000000000000056e-01
9.998654924793305421e-01,-1.493077247620599492e-02,-6.787413522810432052e-03,2.812022427994605334e+00,1.491487518513856698e-02,9.998859183598745037e-01,-2.386789442370587915e-03,4.652413799425438382e-03,6.822275813656185871e-03,2.285234975717695145e-03,9.999741167919438123e-01,-1.271326410080406404e-03,0.000000000000000000e+00,0.000000000000000000e+00,0.000000000000000000e+00,1.000000000000000056e-01
9.997300581761754401e-01,-2.134826770448310443e-02,-9.168546508502298936e-03,3.514475387072701906e+00,2.132843811140123017e-02,9.997699795474020990e-01,-2.255154876103321500e-03,-1.002859815372655373e-02,9.214581205294874316e-03,2.058995338704964345e-03,9.999554250222387752e-01,6.940671306225503108e-03,0.000000000000000000e+00,0.000000000000000000e+00,0.000000000000000000e+00,1.000000000000000056e-01
9.995154937640828852e-01,-2.854083876276200180e-02,-1.241765872697394094e-02,4.252637264753453827e+00,2.849942114427087350e-02,9.995876826004164162e-01,-3.499683981535308720e-03,5.850832311505994865e-03,1.251242262645634040e-02,3.144092277136655011e-03,9.999167735185613415e-01,1.169345123056564524e-02,0.000000000000000000e+00,0.000000000000000000e+00,0.000000000000000000e+00,1.000000000000000056e-01
9.992212757920486688e-01,-3.654948996205698020e-02,-1.486528802358207807e-02,5.045298483421243319e+00,3.651238033736931010e-02,9.993293886383642910e-01,-2.760269148547075339e-03,1.046195541987104613e-02,1.495620562207687285e-02,2.215352609999071080e-03,9.998856955303458971e-01,1.607352744692920263e-02,0.000000000000000000e+00,0.000000000000000000e+00,0.000000000000000000e+00,1.000000000000000056e-01
9.953164993244603131e-01,-8.879463429113061690e-02,-3.821752338399182769e-02,5.456072685903531116e+00,8.870216765032777617e-02,9.960497073342531316e-01,-4.111687425116335518e-03,2.081353056671444435e-01,3.843164876289767440e-02,7.024531678960304303e-04,9.992609843944234571e-01,1.666893361996405754e-01,0.000000000000000000e+00,0.000000000000000000e+00,0.000000000000000000e+00,1.000000000000000056e-01
9.893427233625620154e-01,-1.342209481207044530e-01,-5.644211915872943824e-02,5.875891254665837060e+00,1.340135135177566439e-01,9.909514135204908758e-01,-7.461517028538345274e-03,4.393791101135608446e-01,5.693288965242410821e-02,-1.820091214189611603e-04,9.983779910176829864e-01,3.312768491879373722e-01,0.000000000000000000e+00,0.000000000000000000e+00,0.000000000000000000e+00,1.000000000000000056e-01
9.831204559741778537e-01,-1.698625184201664751e-01,-6.797715705355136806e-02,6.313895463227397364e+00,1.694332348430496182e-01,9.854677065203905073e-01,-1.207386997037201287e-02,7.115313410551986628e-01,6.904019101758465671e-02,3.524789356278363109e-04,9.976138169566695080e-01,5.128526745331045689e-01,0.000000000000000000e+00,0.000000000000000000e+00,0.000000000000000000e+00,1.000000000000000056e-01
9.777324982317456836e-01,-1.948506795846921824e-01,-7.792544235930323748e-02,6.735782646665626316e+00,1.941882198051234354e-01,9.808327497998317046e-01,-1.606400351773460550e-02,1.014130814711963202e+00,7.956190791092515591e-02,5.740953617183533475e-04,9.968297614056720324e-01,7.143265860032674830e-01,0.000000000000000000e+00,0.000000000000000000e+00,0.000000000000000000e+00,1.000000000000000056e-01
9.730657235174808850e-01,-2.154039318111411194e-01,-8.212334549750642532e-02,7.194272412948546247e+00,2.146395291477083689e-01,9.765250359914519063e-01,-1.813081931804371577e-02,1.365979340529599906e+00,8.410095268575491778e-02,1.556260805757152255e-05,9.964572391804645823e-01,9.220691582430562416e-01,0.000000000000000000e+00,0.000000000000000000e+00,0.000000000000000000e+00,1.000000000000000056e-01
9.700484640375305334e-01,-2.292441343764501094e-01,-8.033121605216653194e-02,7.581458722547615103e+00,2.284692469746116561e-01,9.733689535607392695e-01,-1.883304093675163687e-02,1.729852127325046451e+00,8.250927587418088738e-02,-8.425000614146159472e-05,9.965902930977477148e-01,1.138145530499113489e+00,0.000000000000000000e+00,0.000000000000000000e+00,0.000000000000000000e+00,1.000000000000000056e-01
9.702383724538200527e-01,-2.312740063761491438e-01,-7.176234801682022935e-02,8.016576386467081150e+00,2.304330059422892707e-01,9.728847100272065562e-01,-1.989901423887738621e-02,2.027992667079005606e+00,7.441861588717683940e-02,2.770373621571221162e-03,9.972232421275758485e-01,1.336874162552453615e+00,0.000000000000000000e+00,0.000000000000000000e+00,0.000000000000000000e+00,1.000000000000000056e-01
9.753135719706913509e-01,-2.150110818188754602e-01,-5.033558408171986964e-02,8.413092713696384450e+00,2.142734326361901975e-01,9.765753862142504405e-01,-1.968276166577577133e-02,2.407108611007633847e+00,5.338850434386699373e-02,8.411286201557875014e-03,9.985383907834292083e-01,1.540047530837212353e+00,0.000000000000000000e+00,0.000000000000000000e+00,0.000000000000000000e+00,1.000000000000000056e-01
9.812368590403994784e-01,-1.911046955707361161e-01,-2.555820399299433068e-02,8.856869314972216856e+00,1.908220191286129075e-01,9.815372539512030592e-01,-1.309870686788360862e-02,2.802718910955341425e+00,2.758955375156553827e-02,7.975865893288866873e-03,9.995875159719841418e-01,1.734610524875021431e+00,0.000000000000000000e+00,0.000000000000000000e+00,0.000000000000000000e+00,1.000000000000000056e-01
9.880500788548323143e-01,-1.540637744139213283e-01,4.625482493322546212e-03,9.343923395381054320e+00,1.540905342558055446e-01,9.880377333647193394e-01,-6.127373031579078089e-03,3.195040370623467574e+00,-3.626145021933455375e-03,6.766894475611627199e-03,9.999705296714678227e-01,1.901821787431028810e+00,0.000000000000000000e+00,0.000000000000000000e+00,0.000000000000000000e+00,1.000000000000000056e-01
9.939777112953662730e-01,-1.017511563718898754e-01,4.068183409101355785e-02,9.826703081133731033e+00,1.020051479565547287e-01,9.947749549494235843e-01,-4.211744974910775277e-03,3.565124203736776298e+00,-4.004071975360726232e-02,8.336137136319423172e-03,9.991632747350442934e-01,2.033199968429663329e+00,0.000000000000000000e+00,0.000000000000000000e+00,0.000000000000000000e+00,1.000000000000000056e-01
9.949202078341056188e-01,-5.808081587892040265e-02,8.222164477909080227e-02,1.042413937888700737e+01,5.876545785686071444e-02,9.982542078617065995e-01,-5.929371743301613089e-03,3.904384434716360541e+00,-8.173372012953752930e-02,1.073104436835874489e-02,9.965964296948643941e-01,2.130814845400706314e+00,0.000000000000000000e+00,0.000000000000000000e+00,0.000000000000000000e+00,1.000000000000000056e-01
9.912875103657454723e-01,6.742080233391232677e-03,1.315432101896886197e-01,1.101260775345213538e+01,-6.055688649011427976e-03,9.999658865335211422e-01,-5.617330701972431811e-03,4.162765896264062349e+00,-1.315765952890874946e-01,4.771805041659095067e-03,9.912945220512298095e-01,2.196386952018400063e+00,0.000000000000000000e+00,0.000000000000000000e+00,0.000000000000000000e+00,1.000000000000000056e-01
9.692880941561904384e-01,1.234808883859112444e-01,2.126806543399897276e-01,1.092317392896910100e+01,-1.228096147043084146e-01,9.922944583823860576e-01,-1.641665007808845722e-02,4.317387366912919688e+00,-2.130689772426745954e-01,-1.020676574793490110e-02,9.769838447332317433e-01,2.216738217737116212e+00,0.000000000000000000e+00,0.000000000000000000e+00,0.000000000000000000e+00,1.000000000000000056e-01
9.269690449221053008e-01,2.408274179832190220e-01,2.876291788114268555e-01,1.075237718913492735e+01,-2.413171932838696077e-01,9.698393731996779454e-01,-3.431621216351422171e-02,4.350276823387082104e+00,-2.872183872627158130e-01,-3.759979972276066701e-02,9.571268740762705063e-01,2.184631188199730456e+00,0.000000000000000000e+00,0.000000000000000000e+00,0.000000000000000000e+00,1.000000000000000056e-01
8.685526605972914149e-01,3.485213913427524512e-01,3.523480034651513271e-01,1.057250281806696179e+01,-3.502179268136397794e-01,9.346659018165401900e-01,-6.121319890211320003e-02,4.265962298788229745e+00,-3.506617736619182524e-01,-7.023170052038883726e-02,9.338649949185867660e-01,2.088629872234696538e+00,0.000000000000000000e+00,0.000000000000000000e+00,0.000000000000000000e+00,1.000000000000000056e-01
8.009576442661081597e-01,4.417790193419767197e-01,4.041016582011611180e-01,1.036591107153348723e+01,-4.444571952823268557e-01,8.909515133150333055e-01,-9.307632611690026814e-02,4.082146499921235794e+00,-4.011541519833171088e-01,-1.050556947094890697e-01,9.099662891314449498e-01,1.935391681626675187e+00,0.000000000000000000e+00,0.000000000000000000e+00,0.000000000000000000e+00,1.000000000000000056e-01
7.320521665623893615e-01,5.160554706603024400e-01,4.447318030373874076e-01,1.008082034115318315e+01,-5.196896470931415823e-01,8.451276031667801503e-01,-1.252278126846402273e-01,3.810085785825057414e+00,-4.404796205677599663e-01,-1.394492221819364497e-01,8.868661783478583027e-01,1.739340606320905369e+00,0.000000000000000000e+00,0.000000000000000000e+00,0.000000000000000000e+00,1.000000000000000056e-01
6.666369607816425846e-01,5.749494987906906829e-01,4.743714118284830805e-01,9.744220442266385618e+00,-5.797012836889618992e-01,7.999662679935457543e-01,-1.549205982490649836e-01,3.494539638670202564e+00,-4.685526482789148517e-01,-1.717179196030863275e-01,8.665860441283390614e-01,1.506458955621285734e+00,0.000000000000000000e+00,0.000000000000000000e+00,0.000000000000000000e+00,1.000000000000000056e-01
6.113073978988023960e-01,6.174823184351685423e-01,4.949937895510657104e-01,9.365776321526173120e+00,-6.237738593755088878e-01,7.608764187144716473e-01,-1.788106479044887509e-01,3.110763865545473905e+00,-4.870415153084781124e-01,-1.994559145880846485e-01,8.502987125133451007e-01,1.252449466055435501e+00,0.000000000000000000e+00,0.000000000000000000e+00,0.000000000000000000e+00,1.000000000000000056e-01
5.714280142610158597e-01,6.479379197693617698e-01,5.036332759485461219e-01,8.951303824689082589e+00,-6.549628850108268896e-01,7.298438297642309003e-01,-1.958356540913188115e-01,2.678487402551386509e+00,-4.944629852435940554e-01,-2.179551244638041063e-01,8.414284996028842389e-01,9.737934612493991393e-01,0.000000000000000000e+00,0.000000000000000000e+00,0.000000000000000000e+00,1.000000000000000056e-01
5.505173705617444346e-01,6.667842735656464015e-01,5.023239564616804875e-01,8.485387696369709687e+00,-6.749529204416193640e-01,7.096081758464413136e-01,-2.022246076994964614e-01,2.263802431252822878e+00,-4.912933745707468991e-01,-2.277168621279929139e-01,8.406996198437753920e-01,7.074337560778486411e-01,0.000000000000000000e+00,0.000000000000000000e+00,0.000000000000000000e+00,1.000000000000000056e-01
5.559250523129621868e-01,6.695648460321810269e-01,4.925751243909218813e-01,8.031638706408081418e+00,-6.791160657823767099e-01,7.075612669337090210e-01,-1.953418099932299201e-01,1.821257683230732338e+00,-4.793210880058346168e-01,-2.259202746392325323e-01,8.480632783583055279e-01,4.344716234939834942e-01,0.000000000000000000e+00,0.000000000000000000e+00,0.000000000000000000e+00,1.000000000000000056e-01
5.825526945437474735e-01,6.605964102684934725e-01,4.735448667446406912e-01,7.549481669787789784e+00,-6.714672978585102259e-01,7.194407096202480867e-01,-1.775858475433913231e-01,1.371948715630206372e+00,-4.580000283694424246e-01,-2.145167780885544329e-01,8.626810105317583854e-01,1.913786827916405531e-01,0.000000000000000000e+00,0.000000000000000000e+00,0.000000000000000000e+00,1.000000000000000056e-01
6.280012910384948910e-01,6.373733185107541832e-01,4.465082656620953383e-01,7.133123374687728280e+00,-6.472379055068802067e-01,7.463499701112800144e-01,-1.550639087278474215e-01,9.608216877479608398e-01,-4.320850288184611143e-01,-1.916167397840807252e-01,8.812409164952961227e-01,-3.398599554959975955e-02,0.000000000000000000e+00,0.000000000000000000e+00,0.000000000000000000e+00,1.000000000000000056e-01
6.836392137767572930e-01,6.013996949489637256e-01,4.134680547539198447e-01,6.746235146522412407e+00,-6.094035928108596512e-01,7.821268195346520180e-01,-1.300188418415803293e-01,5.421794220310142132e-01,-4.015777464650067130e-01,-1.630829392668134703e-01,9.011876987976387143e-01,-2.239765988282626519e-01,0.000000000000000000e+00,0.000000000000000000e+00,0.000000000000000000e+00,1.000000000000000056e-01
7.539235195525995081e-01,5.412330164843512925e-01,3.723790387933656465e-01,6.484875502828641558e+00,-5.451880049137143303e-01,8.317063263933610617e-01,-1.050458277870360141e-01,1.499048906591430586e-01,-3.665642726229942916e-01,-1.238200650319232349e-01,9.221167092791808795e-01,-4.365403255933577586e-01,0.000000000000000000e+00,0.000000000000000000e+00,0.000000000000000000e+00,1.000000000000000056e-01
8.214388381699816444e-01,4.711653996015765511e-01,3.213120000314919067e-01,6.216948271336439014e+00,-4.726610641985454775e-01,8.777222689226718000e-01,-7.870919277908722256e-02,-1.407824056639847277e-01,-3.191077459677988393e-01,-8.721688400489749360e-02,9.436967000089737656e-01,-5.694018564955026784e-01,0.000000000000000000e+00,0.000000000000000000e+00,0.000000000000000000e+00,1.000000000000000056e-01
8.839475863957462209e-01,3.893299629615996071e-01,2.589572251269585679e-01,5.988397069660789995e+00,-3.881737703286229912e-01,9.197714769027867110e-01,-5.780617877811970728e-02,-3.518105190067793986e-01,-2.606871468523070390e-01,-4.942277022168958811e-02,9.641574566685764403e-01,-6.158531741023068884e-01,0.000000000000000000e+00,0.000000000000000000e+00,0.000000000000000000e+00,1.000000000000000056e-01
9.368890445163327030e-01,2.923652772837946334e-01,1.917327903725471738e-01,5.832392064609645210e+00,-2.906271216328616958e-01,9.560905208359152807e-01,-3.777290218008089867e-02,-4.786903697629626975e-01,-1.943573884283049946e-01,-2.033373075650534573e-02,9.807200135394662510e-01,-6.291606162292388005e-01,0.000000000000000000e+00,0.000000000000000000e+00,0.000000000000000000e+00,1.000000000000000056e-01
9.747107303229941566e-01,1.882365220238851611e-01,1.204408733344568688e-01,5.723635931210059091e+00,-1.873563878196312371e-01,9.821141157144288591e-01,-1.869351913485803318e-02,-5.038010981412465172e-01,-1.218054848370762749e-01,-4.344593285541242453e-03,9.925444818106582412e-01,-5.982145136233651961e-01,0.000000000000000000e+00,0.000000000000000000e+00,0.000000000000000000e+00,1.000000000000000056e-01
9.947268221341488692e-01,8.487476448459740919e-02,5.757450547405044278e-02,5.635780133538824899e+00,-8.450977296173653452e-02,9.963842366977442300e-01,-8.749350502139038172e-03,-4.408922880573347136e-01,-5.810892875327409307e-02,3.837605234734323568e-03,9.983028724716809243e-01,-4.987619966033468022e-01,0.000000000000000000e+00,0.000000000000000000e+00,0.000000000000000000e+00,1.000000000000000056e-01
9.998538934925064181e-01,-1.699001454940050546e-02,1.879115080749739139e-03,5.613323688579649584e+00,1.700789620249177139e-02,9.998058562313594244e-01,-9.948935231642839355e-03,-2.743097188299432054e-01,-1.709717707929598110e-03,9.979441421708791504e-03,9.999487424934689894e-01,-3.259722366756732104e-01,0.000000000000000000e+00,0.000000000000000000e+00,0.000000000000000000e+00,1.000000000000000056e-01
9.973233880842725663e-01,-6.929239929677394327e-02,-2.333715877744894571e-02,5.925642490448701949e+00,6.905602511955288847e-02,9.975544558277005258e-01,-1.078763426279770801e-02,-2.159372007802037863e-01,2.402758778560806427e-02,9.147188529632886700e-03,9.996694473510773227e-01,-2.750822732611815646e-01,0.000000000000000000e+00,0.000000000000000000e+00,0.000000000000000000e+00,1.000000000000000056e-01
9.920802406489580560e-01,-1.162921330062204189e-01,-4.746510207267055220e-02,6.239140519539223106e+00,1.158343143783077539e-01,9.931924634127858864e-01,-1.229399172561277884e-02,-1.088636755738207340e-01,4.857167617462732762e-02,6.698538714198037924e-03,9.987972376076545977e-01,-1.794083201007609929e-01,0.000000000000000000e+00,0.000000000000000000e+00,0.000000000000000000e+00,1.000000000000000056e-01
9.848794564845700927e-01,-1.589262491350134365e-01,-6.895580853367955232e-02,6.586966898660262970e+00,1.583354667101825874e-01,9.872863275982937115e-01,-1.398525363171567934e-02,2.747308731143051352e-02,7.030175087667794864e-02,2.855638869044856663e-03,9.975216835489457701e-01,-6.281783297167727043e-02,0.000000000000000000e+00,0.000000000000000000e+00,0.000000000000000000e+00,1.000000000000000056e-01
9.769455856536534144e-01,-1.964929353182912897e-01,-8.347364279724410474e-02,6.916241640989879258e+00,1.957828310281119755e-01,9.805052396439944973e-01,-1.669006007450743109e-02,2.107595780649174633e-01,8.512582302954761759e-02,-3.742558898950018587e-05,9.963702087341167468e-01,8.015445899950118802e-02,0.000000000000000000e+00,0.000000000000000000e+00,0.000000000000000000e+00,1.000000000000000056e-01
9.691922863856017312e-01,-2.269951407123706744e-01,-9.560082689820634250e-02,7.246445684704549528e+00,2.261753724125480092e-01,9.738920008090095060e-01,-1.946976307687039304e-02,4.188285658855390725e-01,9.752442219616067054e-02,-2.752608434791369713e-03,9.952293254431914260e-01,2.279349835944627922e-01,0.000000000000000000e+00,0.000000000000000000e+00,0.000000000000000000e+00,1.000000000000000056e-01
9.626914019865979721e-01,-2.502936458794735031e-01,-1.028511320960498465e-01,7.556267225008091337e+00,2.492017668636139494e-01,9.681654218348032526e-01,-2.354135415583324606e-02,6.806344256095441247e-01,1.054691610525625711e-01,-2.967624605316441372e-03,9.944181460889933710e-01,4.051294698974797215e-01,0.000000000000000000e+00,0.000000000000000000e+00,0.000000000000000000e+00,1.000000000000000056e-01
9.581323903194234326e-01,-2.652489144379056030e-01,-1.078208514634379361e-01,7.862136499653712640e+00,2.641064060186334994e-01,9.641693802754712772e-01,-2.500424842170461889e-02,9.240474592856680047e-01,1.105899132864694573e-01,-4.518797265448990658e-03,9.938558504886737532e-01,5.786944143685501807e-01,0.000000000000000000e+00,0.000000000000000000e+00,0.000000000000000000e+00,1.000000000000000056e-01
9.543086714836669371e-01,-2.788140278706904285e-01,-1.075067318524774440e-01,8.172253118593671317e+00,2.778282490708728902e-01,9.603221965200867682e-01,-2.434631161077223729e-02,1.214356709766746922e+00,1.100291940772614718e-01,-6.634510785102208652e-03,9.939062127370724697e-01,7.575899039849169903e-01,0.000000000000000000e+00,0.000000000000000000e+00,0.000000000000000000e+00,1.000000000000000056e-01
9.543197674630798932e-01,-2.810106279683348696e-01,-1.015224526794701737e-01,8.469851755319462328e+00,2.796128552575738446e-01,9.597032764134827421e-01,-2.804054949414317571e-02,1.507137714133174766e+00,1.053111228879466260e-01,-1.627332193670881846e-03,9.944379916244205919e-01,9.427567338767622873e-01,0.000000000000000000e+00,0.000000000000000000e+00,0.000000000000000000e+00,1.000000000000000056e-01
9.564284549238136757e-01,-2.791621419405014848e-01,-8.551671836101946977e-02,8.752405687218523411e+00,2.775378283718308303e-01,9.602282024728223675e-01,-3.057045957228408592e-02,1.803080091224192216e+00,9.064967972748065594e-02,5.504333111627766201e-03,9.958676307031478769e-01,1.117243747437212775e+00,0.000000000000000000e+00,0.000000000000000000e+00,0.000000000000000000e+00,1.000000000000000056e-01
9.562106838208476178e-01,-2.822004324172150413e-01,-7.761471568204005023e-02,9.029645317001262939e+00,2.807001078896805835e-01,9.593317977860682522e-01,-2.983204966595424251e-02,2.053467239859023685e+00,8.287688204553013416e-02,6.739265545084064182e-03,9.965370061981261296e-01,1.243131783282022562e+00,0.000000000000000000e+00,0.000000000000000000e+00,0.000000000000000000e+00,1.000000000000000056e-01
9.570702224912971401e-01,-2.810444871980766202e-01,-7.092662008039767041e-02,9.257062681027626638e+00,2.796605313299772577e-01,9.596624835228624306e-01,-2.894658762214547681e-02,2.282210965530041324e+00,7.620089524863703223e-02,7.868540798767156841e-03,9.970614372389519087e-01,1.378079614399867481e+00,0.000000000000000000e+00,0.000000000000000000e+00,0.000000000000000000e+00,1.000000000000000056e-01
9.595203268962241294e-01,-2.751813048162886632e-01,-5.996658863540531986e-02,9.536642759989687690e+00,2.738258804718485262e-01,9.613138324614479702e-01,-2.991826703036187460e-02,2.542603049963378936e+00,6.587965889999773672e-02,1.228678142915834784e-02,9.977519258539829794e-01,1.495266310704581381e+00,0.000000000000000000e+00,0.000000000000000000e+00,0.000000000000000000e+00,1.000000000000000056e-01
9.645653086587474556e-01,-2.599911713263455271e-01,-4.492611895556963830e-02,9.811012718094527685e+00,2.586889835141846783e-01,9.654033620370578994e-01,-3.280790112066402087e-02,2.785698901332453570e+00,5.190159092410408237e-02,2.002347122504530980e-02,9.984514437165418199e-01,1.608272720352643903e+00,0.000000000000000000e+00,0.000000000000000000e+00,0.000000000000000000e+00,1.000000000000000056e-01
9.707159618171504745e-01,-2.387836089021868058e-01,-2.632317596818312469e-02,1.012296440576190371e+01,2.379901462511748722e-01,9.708026887172502839e-01,-3.004712742845997570e-02,3.029677151964734971e+00,3.272937153000104321e-02,2.290256970309669654e-02,9.992018117178560477e-01,1.703324825536932652e+00,0.000000000000000000e+00,0.000000000000000000e+00,0.000000000000000000e+00,1.000000000000000056e-01
9.767574620706203081e-01,-2.143345072343901814e-01,2.362053757184299878e-03,1.046108257471425951e+01,2.142968841564226179e-01,9.762278971224080948e-01,-3.249520458175123722e-02,3.240556167807141286e+00,4.658940889244236709e-03,3.224611431711150306e-02,9.994691002633540045e-01,1.810180700255681341e+00,0.000000000000000000e+00,0.000000000000000000e+00,0.000000000000000000e+00,1.000000000000000056e-01
9.825098808641661297e-01,-1.842714073910049766e-01,2.680265700299865744e-02,1.076062990656090790e+01,1.850761937480789043e-01,9.822192109427854145e-01,-3.149958988075030053e-02,3.402422470814270294e+00,-2.052161085309014976e-02,3.590919204145635868e-02,9.991443306224202514e-01,1.851375220140932587e+00,0.000000000000000000e+00,0.000000000000000000e+00,0.000000000000000000e+00,1.000000000000000056e-01
9.868204662765954760e-01,-1.536012403678923832e-01,5.091194648692586033e-02,1.106504627423089104e+01,1.552570471123570772e-01,9.874087164669964611e-01,-3.031956409564420460e-02,3.565510922516545111e+00,-4.561377708098711403e-02,3.782440485246918449e-02,9.982428050018504750e-01,1.881889362900737828e+00,0.000000000000000000e+00,0.000000000000000000e+00,0.000000000000000000e+00,1.000000000000000056e-01
9.905129488550262762e-01,-1.149610918409547239e-01,7.528642316683474556e-02,1.141806770933611581e+01,1.177070409525476785e-01,9.924966273616417922e-01,-3.309829581657613984e-02,3.696871909374965348e+00,-7.091650485405635862e-02,4.164603268622225907e-02,9.966124910419208449e-01,1.903083333475668049e+00,0.000000000000000000e+00,0.000000000000000000e+00,0.000000000000000000e+00,1.000000000000000056e-01
