1.000000000000000000e+00,-5.174461386526327861e-11,3.464751251924635370e-11,2.704080965263852175e-18,5.174461386566347893e-11,1.000000000000000000e+00,-1.155064291329338315e-11,1.229151807482114586e-17,-3.464751251864866401e-11,1.155064291508620665e-11,1.000000000000000000e+00,-1.125967070457240044e-17,0.000000000000000000e+00,0.000000000000000000e+00,0.000000000000000000e+00,1.000000000000000056e-01
9.999918462605349445e-01,-4.035527083401880578e-03,-1.480999855700881125e-04,6.556258295962393845e-01,4.035074431771794139e-03,9.999875400635646061e-01,-2.939029083003778884e-03,7.035241759496862340e-03,1.599586717170493628e-04,2.938407524461236677e-03,9.999956700778476204e-01,2.036268962445619661e-03,0.000000000000000000e+00,0.000000000000000000e+00,0.000000000000000000e+00,1.000000000000000056e-01
9.999527974757870252e-01,-9.442831310410128645e-03,-2.288177700880974965e-03,1.325920543715001676e+00,9.439593519357565229e-03,9.999544353820565279e-01,-1.421701073306927410e-03,9.475202293780113361e-03,2.301498324347314110e-03,1.400034498031216615e-03,9.999963714978507001e-01,6.196229713588240727e-03,0.000000000000000000e+00,0.000000000000000000e+00,0.000000000000000000e+00,1.000000000000000056e-01
9.998839100338174912e-01,-1.507617321074288148e-02,-2.208043659984181267e-03,2.043408438081918188e+00,1.507446236739827354e-02,9.998860622030730783e-01,-7.894278727039646384e-04,4.501602096480193356e-04,2.219693631700317502e-03,7.560511569909149398e-04,9.999972506696352958e-01,4.866138640346039969e-03,0.000000000000000000e+00,0.000000000000000000e+00,0.000000000000000000e+00,1.000000000000000056e-01
9.997878002168779643e-01,-2.016187804419113452e-02,-4.225306051326802037e-03,2.738284273023954274e+00,2.016288322831514060e-02,9.997966893059669902e-01,1.954296526648124964e-04,8.835752193671671251e-03,4.220506772597758943e-03,-2.805825350516970447e-04,9.999910542579986128e-01,1.011285637964065391e-02,0.000000000000000000e+00,0.000000000000000000e+00,0.000000000000000000e+00,1.000000000000000056e-01
9.996803281265113084e-01,-2.455291942201149463e-02,-6.032885273804336826e-03,3.444255065349810963e+00,2.455223966221520976e-02,9.996985308893867606e-01,-1.867221760745907313e-04,1.064989019329853209e-02,6.035651119789873717e-03,3.854164114965023976e-05,9.999817845491497659e-01,2.483929786512326793e-02,0.000000000000000000e+00,0.000000000000000000e+00,0.000000000000000000e+00,1.000000000000000056e-01
9.995121350330822274e-01,-3.030507911023121517e-02,-7.556063904727632237e-03,4.165172215165888758e+00,3.030585553505909732e-02,9.995406720000299394e-01,-1.174804827370677879e-05,4.558232021812276547e-02,7.552949218538953201e-03,-2.172506642978257814e-04,9.999714524726448506e-01,4.306632910074496834e-02,0.000000000000000000e+00,0.000000000000000000e+00,0.000000000000000000e+00,1.000000000000000056e-01
9.993576081035033809e-01,-3.485612776959920445e-02,-8.331955505995872202e-03,4.933991902750990199e+00,3.488402993907142868e-02,9.993861563077035548e-01,3.227233447432312479e-03,7.408718578808295985e-02,8.214352126277996158e-03,-3.515812484139750529e-03,9.999600809440953864e-01,5.492140238296428639e-02,0.000000000000000000e+00,0.000000000000000000e+00,0.000000000000000000e+00,1.000000000000000056e-01
9.992574430401763852e-01,-3.793222515243331594e-02,-6.760830111288732361e-03,5.704658479461218512e+00,3.795874068370114207e-02,9.992719380076277025e-01,3.837696729470910142e-03,1.100858706090118155e-01,6.610335431438768561e-03,-4.091479618055716277e-03,9.999697811734207242e-01,5.999220915357995204e-02,0.000000000000000000e+00,0.000000000000000000e+00,0.000000000000000000e+00,1.000000000000000056e-01
9.990594023315402250e-01,-4.308286204888228665e-02,-4.917073379832634199e-03,6.498352846686409556e+00,4.310216210205881915e-02,9.990631007093979665e-01,3.889013120467255287e-03,1.647110040570044509e-01,4.744916761495846479e-03,-4.097291617678799035e-03,9.999803487900780219e-01,7.092534303473056745e-02,0.000000000000000000e+00,0.000000000000000000e+00,0.000000000000000000e+00,1.000000000000000056e-01
9.988202561436956284e-01,-4.846221972953684842e-02,-3.083695174371773977e-03,7.323873559191391713e+00,4.847016351579271076e-02,9.988213613494814069e-01,2.555652699620216198e-03,1.997332008757089494e-01,2.956208009371462907e-03,-2.702104893383652090e-03,9.999919796995125898e-01,9.100785470285274736e-02,0.000000000000000000e+00,0.000000000000000000e+00,0.000000000000000000e+00,1.000000000000000056e-01
9.987378744369719286e-01,-5.016196130247012330e-02,-2.536888529048997483e-03,8.140457870004285112e+00,5.016958066860141563e-02,9.987361032901556079e-01,3.034659837999825662e-03,2.468142227537354627e-01,2.381457674623982564e-03,-3.158104349948564604e-03,9.999921774875335512e-01,1.057127412205533940e-01,0.000000000000000000e+00,0.000000000000000000e+00,0.000000000000000000e+00,1.000000000000000056e-01
9.985780542485090949e-01,-5.320813754602335410e-02,-3.280803582223277941e-03,8.987816440282225372e+00,5.321841459419751619e-02,9.985779937860564948e-01,3.129005320307937099e-03,2.977757233774855350e-01,3.109649713677445186e-03,-3.299155209727219762e-03,9.999897227739694694e-01,1.143240328457608701e-01,0.000000000000000000e+00,0.000000000000000000e+00,0.000000000000000000e+00,1.000000000000000056e-01
9.985861930002684073e-01,-5.307171044615527356e-02,-3.001449574807087562e-03,9.668525458932904826e+00,5.308655202675607865e-02,9.985768785470285902e-01,5.102511654409848905e-03,3.801950968946072318e-01,2.726379126456195904e-03,-5.254634296725312938e-03,9.999824776841175211e-01,1.318861862531612306e-01,0.000000000000000000e+00,0.000000000000000000e+00,0.000000000000000000e+00,1.000000000000000056e-01
9.983182635713916397e-01,-5.786970306043728862e-02,-3.426672948825634779e-03,1.042312881419122661e+01,5.788767746752931931e-02,9.983084886229727228e-01,5.401697948914018985e-03,4.442999547166613383e-01,3.108282036221517511e-03,-5.590975855145317169e-03,9.999795395765708195e-01,1.383838785108193747e-01,0.000000000000000000e+00,0.000000000000000000e+00,0.000000000000000000e+00,1.000000000000000056e-01
9.981739500442775581e-01,-6.027596264572342155e-02,-3.946362899619283715e-03,1.125030600803157732e+01,6.029114457047309028e-02,9.981734164458718750e-01,3.848192713265912758e-03,4.957494955439500361e-01,3.707201017809856267e-03,-4.079096457240739999e-03,9.999848087009652886e-01,1.593179557916528932e-01,0.000000000000000000e+00,0.000000000000000000e+00,0.000000000000000000e+00,1.000000000000000056e-01
9.979670170302841203e-01,-6.353065221717937860e-02,-5.068446363171746037e-03,1.214210136884893387e+01,6.355387454895872201e-02,9.979679901167239908e-01,4.560233788023258968e-03,5.608553354036801553e-01,4.768432603252991363e-03,-4.873082314717427400e-03,9.999767572895192913e-01,1.720705622518703681e-01,0.000000000000000000e+00,0.000000000000000000e+00,0.000000000000000000e+00,1.000000000000000056e-01
9.978247323306389527e-01,-6.558715496685307844e-02,-6.642940060148693274e-03,1.304109465915846755e+01,6.563235806703798803e-02,9.978204847765612673e-01,6.831817827514123642e-03,6.392147000892615116e-01,6.180382176600730457e-03,-7.252948615716518083e-03,9.999545977755834869e-01,1.848948207096583751e-01,0.000000000000000000e+00,0.000000000000000000e+00,0.000000000000000000e+00,1.000000000000000056e-01
9.979723024581055313e-01,-6.286345269251394918e-02,-9.973456875304735278e-03,1.391639051867380950e+01,6.296171057339952637e-02,9.979671945556261026e-01,9.864156955599253165e-03,7.024745710801968412e-01,9.333087813739539620e-03,-1.047210133398674033e-02,9.999016094424049150e-01,1.904444641274584960e-01,0.000000000000000000e+00,0.000000000000000000e+00,0.000000000000000000e+00,1.000000000000000056e-01
9.969683489392145992e-01,-7.748843586047324261e-02,-7.046525478122432802e-03,1.488473425214368184e+01,7.755288748909672236e-02,9.969440570847543093e-01,9.385983459055481648e-03,7.906328754412449422e-01,6.297686521255982210e-03,-9.904006829939204087e-03,9.999311225245429702e-01,2.020881655940212906e-01,0.000000000000000000e+00,0.000000000000000000e+00,0.000000000000000000e+00,1.000000000000000056e-01
9.965948996918851943e-01,-8.220526322563900812e-02,-6.395358170160155356e-03,1.584629126140607092e+01,8.225210079226952242e-02,9.965837704703235378e-01,7.441797525582320716e-03,8.874289601840864572e-01,5.761755234263993969e-03,-7.942489103349709492e-03,9.999518583629232182e-01,2.128623959610749794e-01,0.000000000000000000e+00,0.000000000000000000e+00,0.000000000000000000e+00,1.000000000000000056e-01
9.964512799396970655e-01,-8.398068063631167202e-02,-5.664978940939141040e-03,1.675460492447834326e+01,8.402153386797484025e-02,9.964364145463123767e-01,7.406322472196972401e-03,9.810112701420810044e-01,5.022803302162650967e-03,-7.856019727014296530e-03,9.999565262555349943e-01,2.311305971716645091e-01,0.000000000000000000e+00,0.000000000000000000e+00,0.000000000000000000e+00,1.000000000000000056e-01
9.962264595951144663e-01,-8.666772585293629205e-02,-4.641820554927892327e-03,1.764648314643554983e+01,8.670305969720569494e-02,9.962017119400879972e-01,8.045406564041663808e-03,1.070458033554879451e+00,3.926912492870078368e-03,-8.417506941976149806e-03,9.999568615371140501e-01,2.533871598763945410e-01,0.000000000000000000e+00,0.000000000000000000e+00,0.000000000000000000e+00,1.000000000000000056e-01
9.961681224392914258e-01,-8.732680414137830582e-02,-4.806361849709082056e-03,1.855557185911255758e+01,8.736049358784106489e-02,9.961499188790569059e-01,7.313226192117092996e-03,1.155608132602558680e+00,4.149216295370488326e-03,-7.705088948327487412e-03,9.999617070710420386e-01,2.564417225001919265e-01,0.000000000000000000e+00,0.000000000000000000e+00,0.000000000000000000e+00,1.000000000000000056e-01
9.959664877821207130e-01,-8.958602743335940255e-02,-5.009880602975681947e-03,1.949333737638148989e+01,8.960738643263606307e-02,9.959682488445112947e-01,4.214687451023234332e-03,1.241672458757684616e+00,4.612104905455371821e-03,-4.646609764867198553e-03,9.999785685233629762e-01,2.735488206027382740e-01,0.000000000000000000e+00,0.000000000000000000e+00,0.000000000000000000e+00,1.000000000000000056e-01
9.958173442930403629e-01,-9.130877032192612208e-02,-3.244266859240926663e-03,2.042479164836742811e+01,9.131593423882410077e-02,9.958196877585325790e-01,2.132985370173463499e-03,1.326015233052295406e+00,3.035944539509457564e-03,-2.420317085913686710e-03,9.999924625245715237e-01,2.910770642014032239e-01,0.000000000000000000e+00,0.000000000000000000e+00,0.000000000000000000e+00,1.000000000000000056e-01
9.959184612160677519e-01,-9.024987719187470281e-02,1.173999945224146139e-03,2.134752133689519837e+01,9.024674322708768626e-02,9.959163153575871785e-01,2.493620153711773556e-03,1.422817243414645993e+00,-1.394254612313312186e-03,-2.377492674736744922e-03,9.999962017841156348e-01,2.981500240160730453e-01,0.000000000000000000e+00,0.000000000000000000e+00,0.000000000000000000e+00,1.000000000000000056e-01
9.957944097528022009e-01,-9.153642387398039371e-02,3.817932612192507201e-03,2.229626456870991902e+01,9.153526558587515849e-02,9.958017208518237240e-01,4.773915268386783929e-04,1.517296780902334996e+00,-3.845602578472148703e-03,-1.259083380432956547e-04,9.999925977165525781e-01,3.070789891899241009e-01,0.000000000000000000e+00,0.000000000000000000e+00,0.000000000000000000e+00,1.000000000000000056e-01
9.958494895483664955e-01,-9.070055762100967534e-02,7.563267382278744504e-03,2.327369783076988696e+01,9.070059704847019399e-02,9.958781487286212375e-01,3.384965365132809384e-04,1.611963970648336408e+00,-7.562794543617855879e-03,3.489012641092614645e-04,9.999713407926243969e-01,3.175257418532649867e-01,0.000000000000000000e+00,0.000000000000000000e+00,0.000000000000000000e+00,1.000000000000000056e-01
9.960258498764238411e-01,-8.861523314257788164e-02,8.935705514073940051e-03,2.420637157695592379e+01,8.863289165541313186e-02,9.960630769515554928e-01,-1.599140581542561482e-03,1.708474337754388728e+00,-8.758818113620317827e-03,2.384782775496401691e-03,9.999587971093439887e-01,3.275447049455891269e-01,0.000000000000000000e+00,0.000000000000000000e+00,0.000000000000000000e+00,1.000000000000000056e-01
9.960750162977098920e-01,-8.825718731351583912e-02,6.725384377408397119e-03,2.516350870966119402e+01,8.828023302840493081e-02,9.960905062620838413e-01,-3.209951868183104351e-03,1.788200667874807026e+00,-6.415790206002233709e-03,3.791071359458557562e-03,9.999722323214680353e-01,3.320884645521166023e-01,0.000000000000000000e+00,0.000000000000000000e+00,0.000000000000000000e+00,1.000000000000000056e-01
9.963733422692719888e-01,-8.507030642968543832e-02,1.790468966385496720e-03,2.610685741865223264e+01,8.507756023587162431e-02,9.963643272974245235e-01,-4.464978551151844305e-03,1.889680080606554569e+00,-1.404122313691140173e-03,4.601114333509894946e-03,9.999884290267653242e-01,3.337495365484349774e-01,0.000000000000000000e+00,0.000000000000000000e+00,0.000000000000000000e+00,1.000000000000000056e-01
9.964032001987643827e-01,-8.473877901315372829e-02,-4.432855801545155421e-05,2.706052097248291943e+01,8.473724287673640998e-02,9.963880265345077536e-01,-5.522702990206257261e-03,1.975918871117708031e+00,5.121555526825074308e-04,5.499082653401868824e-03,9.999847487770305854e-01,3.417571754110834137e-01,0.000000000000000000e+00,0.000000000000000000e+00,0.000000000000000000e+00,1.000000000000000056e-01
9.964856677283152608e-01,-8.370403534567473491e-02,3.154120939918063794e-03,2.803927854448361501e+01,8.372656428824849784e-02,9.964577875649783811e-01,-7.857482649945575492e-03,2.058112804926377493e+00,-2.485245368044053643e-03,8.093952554743630984e-03,9.999641551013227492e-01,3.484217064096988836e-01,0.000000000000000000e+00,0.000000000000000000e+00,0.000000000000000000e+00,1.000000000000000056e-01
9.964764798682399505e-01,-8.338064296580084689e-02,9.071573623734981509e-03,2.904051267263517033e+01,8.346461596009731310e-02,9.964672616667201721e-01,-9.308829628997405611e-03,2.135570978267488762e+00,-8.263349928126341101e-03,1.003318518905529748e-02,9.999155225532442293e-01,3.653237095067511930e-01,0.000000000000000000e+00,0.000000000000000000e+00,0.000000000000000000e+00,1.000000000000000056e-01
9.966092824748393753e-01,-8.148688494031119944e-02,1.139410670962604129e-02,2.998227141808805030e+01,8.161771469105211230e-02,9.965970006130349113e-01,-1.153113254248911736e-02,2.206691374861243116e+00,-1.041569650075688074e-02,1.242199467987800850e-02,9.998685950236546605e-01,3.693967922639731505e-01,0.000000000000000000e+00,0.000000000000000000e+00,0.000000000000000000e+00,1.000000000000000056e-01
9.964951525301848356e-01,-8.299050459379217481e-02,1.048747496356168887e-02,3.088613055030867827e+01,8.318181095754936805e-02,9.963464218727017263e-01,-1.935442965542763516e-02,2.271820593716979531e+00,-8.842924271195234942e-03,2.015896249146111735e-02,9.997576801013342562e-01,3.804074503083941239e-01,0.000000000000000000e+00,0.000000000000000000e+00,0.000000000000000000e+00,1.000000000000000056e-01
9.965000930507428301e-01,-8.315503109374403068e-02,8.532605326590576161e-03,3.182093894529363709e+01,8.333428468590345362e-02,9.962468056650853887e-01,-2.340297412728496729e-02,2.349918754735961457e+00,-6.554505759376287079e-03,2.403212445690214999e-02,9.996896995809940734e-01,3.878121951100242382e-01,0.000000000000000000e+00,0.000000000000000000e+00,0.000000000000000000e+00,1.000000000000000056e-01
9.966823643906114194e-01,-8.124145954104962375e-02,4.908132473810882836e-03,3.278938545686522588e+01,8.134004932383497033e-02,9.963665838633763983e-01,-2.524731542998893269e-02,2.419032236871284880e+00,-2.839170431054287985e-03,2.556278177478463198e-02,9.996691869309557443e-01,3.864388455470965655e-01,0.000000000000000000e+00,0.000000000000000000e+00,0.000000000000000000e+00,1.000000000000000056e-01
9.965346627125446499e-01,-8.299322055505045648e-02,5.548995791633388325e-03,3.373509611039615663e+01,8.310955682855242221e-02,9.962062794240075236e-01,-2.580407719601511204e-02,2.498193998746357725e+00,-3.386380982174143264e-03,2.617583194622553552e-02,9.996516184380268566e-01,3.877803624671500859e-01,0.000000000000000000e+00,0.000000000000000000e+00,0.000000000000000000e+00,1.000000000000000056e-01
9.965130026501739513e-01,-8.316961396546272700e-02,6.682130047401129563e-03,3.469681319453608381e+01,8.331802044472970403e-02,9.961748014526665695e-01,-2.634145819638622835e-02,2.589021605093616785e+00,-4.465760663769901065e-03,2.680634744936858174e-02,9.996306701567923003e-01,4.030270374766858343e-01,0.000000000000000000e+00,0.000000000000000000e+00,0.000000000000000000e+00,1.000000000000000056e-01
9.964457914100879332e-01,-8.393223388456971801e-02,7.152964159669969457e-03,3.566857630996305772e+01,8.408671147280086244e-02,9.961429427251738966e-01,-2.507314524587535634e-02,2.671614103545482788e+00,-5.020929676222748300e-03,2.558549929113580410e-02,9.996600284552792370e-01,4.045938081281166276e-01,0.000000000000000000e+00,0.000000000000000000e+00,0.000000000000000000e+00,1.000000000000000056e-01
9.965198045737932997e-01,-8.313684485608992258e-02,6.045173246749004081e-03,3.663149233719303055e+01,8.325835779622768607e-02,9.962427736052795746e-01,-2.384076123648367490e-02,2.749601010915649013e+00,-4.040414494097034973e-03,2.426110192538918908e-02,9.996974912362648347e-01,4.207104452917838633e-01,0.000000000000000000e+00,0.000000000000000000e+00,0.000000000000000000e+00,1.000000000000000056e-01
9.963257712705879676e-01,-8.524981375818345419e-02,8.211379680848219370e-03,3.762250175439505284e+01,8.542071701969981834e-02,9.960704481905268137e-01,-2.338724749437933945e-02,2.846842280992384566e+00,-6.185354145752689978e-03,2.400273933779266747e-02,9.996927577502867646e-01,4.315257773413143649e-01,0.000000000000000000e+00,0.000000000000000000e+00,0.000000000000000000e+00,1.000000000000000056e-01
9.964770217370755301e-01,-8.309803868791380832e-02,1.132524243581078949e-02,3.860807678100771767e+01,8.334228881830112179e-02,9.962522808737117597e-01,-2.313991677715795600e-02,2.934432381402753531e+00,-9.359916908540870384e-03,2.400226697936877138e-02,9.996680864843672243e-01,4.533203959431842955e-01,0.000000000000000000e+00,0.000000000000000000e+00,0.000000000000000000e+00,1.000000000000000056e-01
9.965137777016924714e-01,-8.242486446426018631e-02,1.290087472810215984e-02,3.960039446628250204e+01,8.265104507817737367e-02,9.964140144275952515e-01,-1.810846762619804443e-02,3.023251720301925793e+00,-1.136202438771096758e-02,1.911160826127170434e-02,9.997527948605499093e-01,4.576196714334036519e-01,0.000000000000000000e+00,0.000000000000000000e+00,0.000000000000000000e+00,1.000000000000000056e-01
9.963801535019182198e-01,-8.425605835193226978e-02,1.129187046018695004e-02,4.059610594746270351e+01,8.446675283444061988e-02,9.962315305918667541e-01,-1.970038375747843254e-02,3.106037936799849852e+00,-9.589440708371570893e-03,2.058285902352218963e-02,9.997421610301920891e-01,4.710191083274039570e-01,0.000000000000000000e+00,0.000000000000000000e+00,0.000000000000000000e+00,1.000000000000000056e-01
9.963640425491894215e-01,-8.461105623201597981e-02,9.983179770982687426e-03,4.160227660819573003e+01,8.476026207368550502e-02,9.962790653855890799e-01,-1.561159337214642132e-02,3.185706707785752378e+00,-8.625119607128901508e-03,1.640100721662314867e-02,9.998282923952707124e-01,4.954406671421048847e-01,0.000000000000000000e+00,0.000000000000000000e+00,0.000000000000000000e+00,1.000000000000000056e-01
9.962832099525347207e-01,-8.575337443578330554e-02,8.131687374087297887e-03,4.262686506459142066e+01,8.586357583227301193e-02,9.962036958751611104e-01,-1.434024650991103794e-02,3.246465734769012013e+00,-6.871092487301314403e-03,1.498516257989408393e-02,9.998641072618243975e-01,4.994175884944498933e-01,0.000000000000000000e+00,0.000000000000000000e+00,0.000000000000000000e+00,1.000000000000000056e-01
9.963516635353747430e-01,-8.475781444605653969e-02,9.973738547772649510e-03,4.364622868263077748e+01,8.490340497292939159e-02,9.962730561890178471e-01,-1.521214435235511940e-02,3.335825397535445269e+00,-8.647218876276133170e-03,1.600344969442493714e-02,9.998345439139336710e-01,5.111757824257870952e-01,0.000000000000000000e+00,0.000000000000000000e+00,0.000000000000000000e+00,1.000000000000000056e-01
9.964391384513779926e-01,-8.363684395488515944e-02,1.067341067990058324e-02,4.463676471011324054e+01,8.382080119279688990e-02,9.963157022515447547e-01,-1.814096839776911316e-02,3.426104330898723571e+00,-9.116833313889570120e-03,1.897102475559575216e-02,9.997784672466442091e-01,5.279308622495610948e-01,0.000000000000000000e+00,0.000000000000000000e+00,0.000000000000000000e+00,1.000000000000000056e-01
9.962756637431944284e-01,-8.540405441116354079e-02,1.187220801672898840e-02,4.561762500582386792e+01,8.559864104212773495e-02,9.961849745144847335e-01,-1.698143702153389820e-02,3.522213350635094997e+00,-1.037663166920900146e-02,1.793443731234339519e-02,9.997853176924990093e-01,5.377378604881473123e-01,0.000000000000000000e+00,0.000000000000000000e+00,0.000000000000000000e+00,1.000000000000000056e-01
9.956104167460482213e-01,-9.300616557162733056e-02,1.047622224006446862e-02,4.652975280313932416e+01,9.316755971478959952e-02,9.955195357744849316e-01,-1.614495921782185123e-02,3.596283137164371091e+00,-8.927703150939405446e-03,1.705013363634017703e-02,9.998147773760056589e-01,5.475901582996496320e-01,0.000000000000000000e+00,0.000000000000000000e+00,0.000000000000000000e+00,1.000000000000000056e-01
9.958424330473901742e-01,-9.091598684017937471e-02,5.668498842769109820e-03,4.747705078828675340e+01,9.099630280271700511e-02,9.957220279337289925e-01,-1.604107115433662037e-02,3.694883457212912781e+00,-4.185859349092004543e-03,1.649019176415435564e-02,9.998552656045228693e-01,5.452836259755668991e-01,0.000000000000000000e+00,0.000000000000000000e+00,0.000000000000000000e+00,1.000000000000000056e-01
9.960050962215376558e-01,-8.919721943914785123e-02,4.207653152284674888e-03,4.842661024634957556e+01,8.926035510100036041e-02,9.958359187935343915e-01,-1.853137468943908892e-02,3.788574872748970979e+00,-2.537185048186952219e-03,1.883292024518691890e-02,9.998194255999778290e-01,5.480716907861277187e-01,0.000000000000000000e+00,0.000000000000000000e+00,0.000000000000000000e+00,1.000000000000000056e-01
9.961602143677905641e-01,-8.734347754639898431e-02,5.995351600977643844e-03,4.939921127728240435e+01,8.744068034465474204e-02,9.959975478666673876e-01,-1.852058488411257101e-02,3.897389627303267989e+00,-4.353703203200569652e-03,1.897370743126934253e-02,9.998105038929782085e-01,5.585425073012098007e-01,0.000000000000000000e+00,0.000000000000000000e+00,0.000000000000000000e+00,1.000000000000000056e-01
9.962456504402069646e-01,-8.625504609157076674e-02,7.393984224347600540e-03,5.041611425381238831e+01,8.637419445116580052e-02,9.961057801402219969e-01,-1.768539804900780277e-02,3.997748558774662619e+00,-5.839735600273317576e-03,1.825765031379039671e-02,9.998162609665529610e-01,5.810527780280442256e-01,0.000000000000000000e+00,0.000000000000000000e+00,0.000000000000000000e+00,1.000000000000000056e-01
9.963525480024442160e-01,-8.502699227057236575e-02,7.211842653387524199e-03,5.136063352185488640e+01,8.515052506537598709e-02,9.961864472531294368e-01,-1.902499383124199583e-02,4.086460649454786598e+00,-5.566701907589999970e-03,1.956969326811356519e-02,9.997929980427268104e-01,5.873394149528430308e-01,0.000000000000000000e+00,0.000000000000000000e+00,0.000000000000000000e+00,1.000000000000000056e-01
9.964670642585548022e-01,-8.374798533583524551e-02,6.297999692443544649e-03,5.231649991372899677e+01,8.386125679607916994e-02,9.962640443399504164e-01,-2.062143457636805496e-02,4.176561256671336153e+00,-4.547467044340011179e-03,2.107673854262296850e-02,9.997675187941877928e-01,6.021109323055314766e-01,0.000000000000000000e+00,0.000000000000000000e+00,0.000000000000000000e+00,1.000000000000000056e-01
9.964255346850658945e-01,-8.427538274376679406e-02,5.814954081697178319e-03,5.329999842821842293e+01,8.438633644927719113e-02,9.961761874412199402e-01,-2.262630760298465701e-02,4.267684517410764933e+00,-3.885878053931123184e-03,2.303613332282795564e-02,9.997270810142550035e-01,6.231670175346829543e-01,0.000000000000000000e+00,0.000000000000000000e+00,0.000000000000000000e+00,1.000000000000000056e-01
9.964045966064465354e-01,-8.446430168619824264e-02,6.607692653831088309e-03,5.425712204009754203e+01,8.460209989935248143e-02,9.961135864891985658e-01,-2.449913272436393674e-02,4.349753064915381273e+00,-4.512710290345127787e-03,2.497007313343127533e-02,9.996780136091553137e-01,6.221010066380326942e-01,0.000000000000000000e+00,0.000000000000000000e+00,0.000000000000000000e+00,1.000000000000000056e-01
9.963078385103820711e-01,-8.514961282423577638e-02,1.096514289251562975e-02,5.520648196195114821e+01,8.541929175053572521e-02,9.959772793370886834e-01,-2.707034615825401266e-02,4.425250494794831901e+00,-8.616003691236764558e-03,2.790703280847998610e-02,9.995733900020643548e-01,6.380201915333847396e-01,0.000000000000000000e+00,0.000000000000000000e+00,0.000000000000000000e+00,1.000000000000000056e-01
9.960698970655531559e-01,-8.724133228470080936e-02,1.528757995919410514e-02,5.615577657738570139e+01,8.761959611368359824e-02,9.958114877766011119e-01,-2.612062765377481249e-02,4.515679045721051388e+00,-1.294474938704091860e-02,2.735746247996335284e-02,9.995418964255395888e-01,6.629353619538367326e-01,0.000000000000000000e+00,0.000000000000000000e+00,0.000000000000000000e+00,1.000000000000000056e-01
9.959003496088136842e-01,-8.902243079609277465e-02,1.604682099973690768e-02,5.711250056632029271e+01,8.937844615621810818e-02,9.957313901495052910e-01,-2.303241267504677753e-02,4.593096484666957302e+00,-1.392792201811690611e-02,2.437222776211701164e-02,9.996059261039665911e-01,6.592861044837670104e-01,0.000000000000000000e+00,0.000000000000000000e+00,0.000000000000000000e+00,1.000000000000000056e-01
9.958941406538134311e-01,-8.985102257809667037e-02,1.102970321779901154e-02,5.800753557141127459e+01,9.008997961738603177e-02,9.956559558311083302e-01,-2.351623249121703382e-02,4.677972054637999477e+00,-8.868832163331013749e-03,2.441334388633320876e-02,9.996626093119349576e-01,6.703185162769205174e-01,0.000000000000000000e+00,0.000000000000000000e+00,0.000000000000000000e+00,1.000000000000000056e-01
9.957051289983187559e-01,-9.238590958104477002e-02,6.011638489158299507e-03,5.893671330677516096e+01,9.249745286357406726e-02,9.954668028876200170e-01,-2.213742447646503686e-02,4.757788496936762535e+00,-3.939200450878668942e-03,2.259840834181292557e-02,9.997368626994928009e-01,6.838759362609652115e-01,0.000000000000000000e+00,0.000000000000000000e+00,0.000000000000000000e+00,1.000000000000000056e-01
9.957066760905443070e-01,-9.253871415422544600e-02,2.191248822568120196e-03,5.988497241935623094e+01,9.256450866622011053e-02,9.954680428025083350e-01,-2.179879570812984918e-02,4.861585267423921941e+00,-1.640856517542029196e-04,2.190803828794524871e-02,9.997599766615349326e-01,6.961438670212483082e-01,0.000000000000000000e+00,0.000000000000000000e+00,0.000000000000000000e+00,1.000000000000000056e-01
9.956709490330372114e-01,-9.292668170673155925e-02,1.998268907547110906e-03,6.078988928741058828e+01,9.294762672452795693e-02,9.955081875475847442e-01,-1.800519958236176596e-02,4.955703358109211365e+00,-3.161296077286091443e-04,1.811298850821330478e-02,9.998358963896887275e-01,7.045242746358784114e-01,0.000000000000000000e+00,0.000000000000000000e+00,0.000000000000000000e+00,1.000000000000000056e-01
9.955026364608889899e-01,-9.470751300318511201e-02,2.233333869041473005e-03,6.172980409834509175e+01,9.473168801073619805e-02,9.953623054559779249e-01,-1.672686952173499386e-02,5.050997675665771069e+00,-6.388161360097418303e-04,1.686321019593032405e-02,9.998576018893051698e-01,7.219346718719810152e-01,0.000000000000000000e+00,0.000000000000000000e+00,0.000000000000000000e+00,1.000000000000000056e-01
9.953513181356217210e-01,-9.622919220932506235e-02,3.961824380412939939e-03,6.261326277869303425e+01,9.627552298722212576e-02,9.952573494711223212e-01,-1.392235602379256719e-02,5.140327358245559530e+00,-2.603297758099664284e-03,1.423906213404312580e-02,9.998952304868373719e-01,7.430726165525840532e-01,0.000000000000000000e+00,0.000000000000000000e+00,0.000000000000000000e+00,1.000000000000000056e-01
9.952194324003034165e-01,-9.759421097667600464e-02,3.694774236405070061e-03,6.343833133695225257e+01,9.763241702023284230e-02,9.951480495266006310e-01,-1.217664445526065939e-02,5.232838209406377672e+00,-2.488477366844959581e-03,1.247916292234912614e-02,9.999190357089678960e-01,7.584959141054691267e-01,0.000000000000000000e+00,0.000000000000000000e+00,0.000000000000000000e+00,1.000000000000000056e-01
9.949851497049095883e-01,-9.989846250955203288e-02,4.984882639177612255e-03,6.425598321077366393e+01,9.994771867092921980e-02,9.949333072784414256e-01,-1.087049219029068842e-02,5.320264542231802452e+00,-3.873680314059734821e-03,1.131420594695055348e-02,9.999284891154038846e-01,7.701867601585656864e-01,0.000000000000000000e+00,0.000000000000000000e+00,0.000000000000000000e+00,1.000000000000000056e-01
9.950206377539739799e-01,-9.949780982239726790e-02,5.840914673318615274e-03,6.504492329525443495e+01,9.956065580706159601e-02,9.949628102742227309e-01,-1.169110715410643167e-02,5.406660034982645691e+00,-4.648253321704483992e-03,1.221441819191771902e-02,9.999145972178274944e-01,7.844375503232510205e-01,0.000000000000000000e+00,0.000000000000000000e+00,0.000000000000000000e+00,1.000000000000000056e-01
9.949352335539017878e-01,-1.003572262553269340e-01,5.684027742724501175e-03,6.584012803898134791e+01,1.004220473045618206e-01,9.948654062750601490e-01,-1.257918170310585310e-02,5.488124145957632649e+00,-4.392430785258860659e-03,1.308627278855691023e-02,9.999047234693414499e-01,7.966185994092029876e-01,0.000000000000000000e+00,0.000000000000000000e+00,0.000000000000000000e+00,1.000000000000000056e-01
9.949464863432591066e-01,-1.001953490965421384e-01,6.510094670975521795e-03,6.658397306999118825e+01,1.002743199757703679e-01,9.948720704804916437e-01,-1.321454241570746597e-02,5.566369410049630595e+00,-5.152675673844559802e-03,1.380055786125206248e-02,9.998914913809989757e-01,8.131312014546279165e-01,0.000000000000000000e+00,0.000000000000000000e+00,0.000000000000000000e+00,1.000000000000000056e-01
9.949612144814057313e-01,-9.995136227663863060e-02,7.868091047405644314e-03,6.738372138189691896e+01,1.000414891931616229e-01,9.949103844162131560e-01,-1.204273311161372512e-02,5.659031613493392676e+00,-6.624357908556338659e-03,1.276918790789647457e-02,9.998965275079577664e-01,8.147342038096190286e-01,0.000000000000000000e+00,0.000000000000000000e+00,0.000000000000000000e+00,1.000000000000000056e-01
9.946969751026178974e-01,-1.021896270216172131e-01,1.162789107640063539e-02,6.812956149502103642e+01,1.023229038389140699e-01,9.946846528624981865e-01,-1.150933142210136713e-02,5.737372548950858686e+00,-1.038995051355978867e-02,1.263809673147765246e-02,9.998661547623919343e-01,8.225926919037742646e-01,0.000000000000000000e+00,0.000000000000000000e+00,0.000000000000000000e+00,1.000000000000000056e-01
9.945155806522223418e-01,-1.035511628754942348e-01,1.469409769621418671e-02,6.885796564960990906e+01,1.037177930880777699e-01,9.945451680347850987e-01,-1.106924277445065288e-02,5.819260747239995979e+00,-1.346771090095535972e-02,1.253257378968515232e-02,9.998307633581267062e-01,8.355075639449511815e-01,0.000000000000000000e+00,0.000000000000000000e+00,0.000000000000000000e+00,1.000000000000000056e-01
9.944643969278885720e-01,-1.045346523183323245e-01,1.063342407394252294e-02,6.954886171493652114e+01,1.046127342866582516e-01,9.944878936953679416e-01,-7.071429729524012983e-03,5.901984536625437983e+00,-9.835602061895406048e-03,8.144676668593742869e-03,9.999184592625761647e-01,8.485269272059924317e-01,0.000000000000000000e+00,0.000000000000000000e+00,0.000000000000000000e+00,1.000000000000000056e-01
9.944665008949122864e-01,-1.049091135422607624e-01,5.518740219155192535e-03,7.024861048908599059e+01,1.049526580546859822e-01,9.944425692328561217e-01,-8.301570020919524229e-03,5.982297379602993459e+00,-4.617159850561711361e-03,8.834839745751579126e-03,9.999503124863661219e-01,8.498645731430833905e-01,0.000000000000000000e+00,0.000000000000000000e+00,0.000000000000000000e+00,1.000000000000000056e-01
9.945147384891059872e-01,-1.045820139061206799e-01,1.742783774653132358e-03,7.100057112075943166e+01,1.045940512764172159e-01,9.944678778723575752e-01,-9.681132043100646595e-03,6.063900958450139100e+00,-7.206701960111353521e-04,9.810313317612520678e-03,9.999516180231315943e-01,8.762612904035123051e-01,0.000000000000000000e+00,0.000000000000000000e+00,0.000000000000000000e+00,1.000000000000000056e-01
9.943095811863598144e-01,-1.065177779248753231e-01,1.555553583988947578e-03,7.173047851621443272e+01,1.065272830176093866e-01,9.942723993329117826e-01,-8.621710831442650283e-03,6.148404637038264120e+00,-6.282785145675007146e-04,8.738358582812291372e-03,9.999616224412746224e-01,8.850484016859311298e-01,0.000000000000000000e+00,0.000000000000000000e+00,0.000000000000000000e+00,1.000000000000000056e-01
9.941350586881373408e-01,-1.080861665688105933e-01,3.586876579019629245e-03,7.240953783731021076e+01,1.081101078502959556e-01,9.941118716095725949e-01,-7.334255620722557149e-03,6.238123237883808514e+00,-2.773025014522091138e-03,7.679018255744332090e-03,9.999666709500355521e-01,8.944620976041073313e-01,0.000000000000000000e+00,0.000000000000000000e+00,0.000000000000000000e+00,1.000000000000000056e-01
9.940308371982230495e-01,-1.089034512963380497e-01,6.537047861688473870e-03,7.302079147138297799e+01,1.089456912607044969e-01,9.940264800073024265e-01,-6.495644696204440523e-03,6.297378689483628555e+00,-5.790600549782040120e-03,7.169054333606257427e-03,9.999575359010174358e-01,9.089991422934452503e-01,0.000000000000000000e+00,0.000000000000000000e+00,0.000000000000000000e+00,1.000000000000000056e-01
9.939586533353909070e-01,-1.097025655436381780e-01,3.397436215735298321e-03,7.359122318103152338e+01,1.097259706862844381e-01,9.939319841330923611e-01,-7.708584448962622383e-03,6.354455597574760084e+00,-2.531169028110417853e-03,8.034801204629316365e-03,9.999645169469530970e-01,9.178957521381363449e-01,0.000000000000000000e+00,0.000000000000000000e+00,0.000000000000000000e+00,1.000000000000000056e-01
9.941422665511070456e-01,-1.080760442784030884e-01,8.500057413207957966e-04,7.422471686225313192e+01,1.080782285399339016e-01,9.940644563298269842e-01,-1.244801901329332938e-02,6.413682558612451068e+00,5.003721589358046343e-04,1.246696895071743028e-02,9.999221591268414588e-01,9.354099697108235745e-01,0.000000000000000000e+00,0.000000000000000000e+00,0.000000000000000000e+00,1.000000000000000056e-01
9.942174590562903314e-01,-1.073683059228535963e-01,-1.921195177545465416e-03,7.484110862578285150e+01,1.073210935639631880e-01,9.940816979527337116e-01,-1.684519728720670906e-02,6.469939608116616725e+00,3.718465259856632964e-03,1.654160447678457851e-02,9.998562638386804258e-01,9.554222558095200046e-01,0.000000000000000000e+00,0.000000000000000000e+00,0.000000000000000000e+00,1.000000000000000056e-01
9.947838915025195572e-01,-1.019777796917291507e-01,-2.354072269198415751e-03,7.542614511357459151e+01,1.019299842634611292e-01,9.946726804694903112e-01,-1.537976058622839842e-02,6.525923452550730808e+00,3.909925210796421843e-03,1.505958753699091282e-02,9.998789533278824582e-01,9.672170150476009365e-01,0.000000000000000000e+00,0.000000000000000000e+00,0.000000000000000000e+00,1.000000000000000056e-01
9.951638171866090676e-01,-9.821654113835255606e-02,-1.577342510566231461e-03,7.598478205648514461e+01,9.819123604724587506e-02,9.950973146808138603e-01,-1.182435954068286089e-02,6.605609964257539879e+00,2.730956991858499508e-03,1.161229356551049009e-02,9.999288457245630868e-01,9.692801798539633085e-01,0.000000000000000000e+00,0.000000000000000000e+00,0.000000000000000000e+00,1.000000000000000056e-01
9.958046557071305038e-01,-9.149274487812329715e-02,1.471498103935765496e-03,7.653212859479098995e+01,9.150456676498573694e-02,9.956835002810324742e-01,-1.553323949675237785e-02,6.646058967566544240e+00,-4.396766437651192933e-05,1.560272100557604479e-02,9.998782691728361760e-01,9.855523065426321505e-01,0.000000000000000000e+00,0.000000000000000000e+00,0.000000000000000000e+00,1.000000000000000056e-01
9.964747131459572582e-01,-8.376940595287986346e-02,4.564283841273405681e-03,7.708630733925251377e+01,8.383773624057518081e-02,9.963217650926481372e-01,-1.772496501338669331e-02,6.673012777173843446e+00,-3.062685543414389328e-03,1.804513865204843484e-02,9.998324824330776517e-01,9.987768018006988324e-01,0.000000000000000000e+00,0.000000000000000000e+00,0.000000000000000000e+00,1.000000000000000056e-01
9.971272221252943657e-01,-7.551781593140675930e-02,5.861942821620669264e-03,7.761543895261570469e+01,7.562280045577761400e-02,9.969270399735694621e-01,-2.043695233547882309e-02,6.706832767555474639e+00,-4.300575300982984253e-03,2.082153804326564508e-02,9.997739587554745899e-01,1.011582800486019895e+00,0.000000000000000000e+00,0.000000000000000000e+00,0.000000000000000000e+00,1.000000000000000056e-01
9.979763872960486504e-01,-6.324599632260606563e-02,6.563105110232797350e-03,7.809321843872733382e+01,6.335118009433136910e-02,9.978414327482055812e-01,-1.729459660309784486e-02,6.740366610026150340e+00,-5.455124213311283131e-03,1.767537949151848364e-02,9.998288966516462040e-01,1.021854536388122181e+00,0.000000000000000000e+00,0.000000000000000000e+00,0.000000000000000000e+00,1.000000000000000056e-01
9.987838033506736268e-01,-4.894372762045906544e-02,5.951948502573278441e-03,7.857747645333826370e+01,4.901995382292000103e-02,9.987076739738414144e-01,-1.341737951159537728e-02,6.772754474893775800e+00,-5.287560076421194202e-03,1.369282558034317504e-02,9.998922683149742419e-01,1.025942357309041153e+00,0.000000000000000000e+00,0.000000000000000000e+00,0.000000000000000000e+00,1.000000000000000056e-01
9.994924447884037111e-01,-3.145236522486558745e-02,5.059795713398831940e-03,7.904179943249192775e+01,3.149377388312229326e-02,9.994692887253642244e-01,-8.323647122109006924e-03,6.786360579800668091e+00,-4.795312033478903169e-03,8.478774473725265298e-03,9.999525565575225761e-01,1.024342072360177491e+00,0.000000000000000000e+00,0.000000000000000000e+00,0.000000000000000000e+00,1.000000000000000056e-01
9.999357206984634816e-01,-9.272897179230233516e-03,6.524404122049996119e-03,7.952368481660738553e+01,9.326071366784732808e-03,9.999231562071144719e-01,-8.167378628672016666e-03,6.806643326372393332e+00,-6.448167499843421302e-03,8.227700693746363425e-03,9.999453615459137357e-01,1.037686084424337629e+00,0.000000000000000000e+00,0.000000000000000000e+00,0.000000000000000000e+00,1.000000000000000056e-01
9.998486434115756438e-01,1.564789964397616043e-02,7.604834302199207918e-03,8.000254225207469005e+01,-1.556782739802849494e-02,9.998239255604084441e-01,-1.047667061045283628e-02,6.794248353717653899e+00,-7.767433175576621621e-03,1.035669414952395014e-02,9.999161994228097372e-01,1.050506902418721689e+00,0.000000000000000000e+00,0.000000000000000000e+00,0.000000000000000000e+00,1.000000000000000056e-01
9.989798811609035267e-01,4.423530566542210885e-02,9.079359472655054372e-03,8.047543031442941697e+01,-4.412445006285056759e-02,9.989531623146644668e-01,-1.206699665130564481e-02,6.788474698768637516e+00,-9.603642142334502599e-03,1.165406513703649838e-02,9.998859699102611298e-01,1.055739137897917290e+00,0.000000000000000000e+00,0.000000000000000000e+00,0.000000000000000000e+00,1.000000000000000056e-01
9.970397161864840152e-01,7.591831256551306861e-02,1.217432396400031959e-02,8.097635718362666069e+01,-7.576859393779086793e-02,9.970493000493716451e-01,-1.232125982796484359e-02,6.747455596267607270e+00,-1.307381044170114436e-02,1.136235399303853894e-02,9.998499749423767069e-01,1.059930064933665150e+00,0.000000000000000000e+00,0.000000000000000000e+00,0.000000000000000000e+00,1.000000000000000056e-01
