1.000000000000000000e+00,-1.597777709632512162e-09,-4.828396274707889098e-11,1.316701473937856978e-16,1.597777709632115116e-09,1.000000000000000000e+00,-8.220971806574787429e-12,3.260096198232075696e-15,4.828396276021417014e-11,8.220971729427748825e-12,1.000000000000000000e+00,1.039587279252996517e-16,0.000000000000000000e+00,0.000000000000000000e+00,0.000000000000000000e+00,1.000000000000000056e-01
9.999818734695358202e-01,-5.947304281953719532e-03,-9.393104572146228825e-04,6.406101083623119141e-01,5.945780671505050685e-03,9.999810169687053385e-01,-1.616599653689569736e-03,7.014627345492308215e-03,9.489070362974110677e-04,1.610985416385649592e-03,9.999982521491848075e-01,8.286510649596540157e-03,0.000000000000000000e+00,0.000000000000000000e+00,0.000000000000000000e+00,1.000000000000000056e-01
9.999344689882935233e-01,-1.136298594868414766e-02,-1.392939133467622093e-03,1.303331749940509932e+00,1.136362319178713803e-02,9.999353305024183403e-01,4.504231059588695882e-04,1.599747044029164664e-02,1.387730901369725600e-03,-4.662224247188606900e-04,9.999989284192238870e-01,1.336127417555837450e-02,0.000000000000000000e+00,0.000000000000000000e+00,0.000000000000000000e+00,1.000000000000000056e-01
9.998117025580541828e-01,-1.929170233477286306e-02,-2.095148918708572994e-03,2.028876274954559467e+00,1.929585267356537931e-02,9.998118588874302937e-01,1.979115373384534270e-03,2.300522794717121955e-02,2.056574230390500763e-03,-2.019170395886990543e-03,9.999958467180487531e-01,1.891985036338576093e-02,0.000000000000000000e+00,0.000000000000000000e+00,0.000000000000000000e+00,1.000000000000000056e-01
9.996265919913671638e-01,-2.727814142643583337e-02,-1.606108353825655595e-03,2.746051240621197653e+00,2.728439062117300404e-02,9.996196814366229422e-01,4.006808327797112962e-03,4.264544310551223599e-02,1.496199236769630084e-03,-4.049133841184165625e-03,9.999906829080859039e-01,2.497906442139036925e-02,0.000000000000000000e+00,0.000000000000000000e+00,0.000000000000000000e+00,1.000000000000000056e-01
9.994309821442208808e-01,-3.367844854811734984e-02,-1.863875969546851738e-03,3.443735746501289885e+00,3.368225087810915869e-02,9.994304943526128859e-01,2.047665469741904824e-03,5.968488709568040701e-02,1.793852285489706388e-03,-2.109279849538915272e-03,9.999961665088992202e-01,3.090814951463058749e-02,0.000000000000000000e+00,0.000000000000000000e+00,0.000000000000000000e+00,1.000000000000000056e-01
9.991128437977108145e-01,-4.207237865310433506e-02,-1.854808054997287865e-03,4.181962567559938115e+00,4.207975320275762071e-02,9.991057006252340722e-01,4.134410303203025876e-03,9.751708468008904451e-02,1.679204825529739299e-03,-4.208792300652503156e-03,9.999897331165574776e-01,4.486494307449179902e-02,0.000000000000000000e+00,0.000000000000000000e+00,0.000000000000000000e+00,1.000000000000000056e-01
9.988671893373815003e-01,-4.750224022271059415e-02,-2.806285634704777394e-03,4.952224979367159996e+00,4.751896082113116898e-02,9.988509275962673684e-01,6.226781075003711384e-03,1.377182284584792527e-01,2.507274958885892437e-03,-6.353079088136595436e-03,9.999766757071788525e-01,5.309528621294768574e-02,0.000000000000000000e+00,0.000000000000000000e+00,0.000000000000000000e+00,1.000000000000000056e-01
9.985083119803327412e-01,-5.457642031764577129e-02,-1.601640252425814938e-03,5.737752681434199253e+00,5.458495556855685882e-02,9.984917932345459546e-01,5.884001091043195367e-03,1.906679124834637640e-01,1.278096931067023009e-03,-5.962649459123453219e-03,9.999814064669714231e-01,5.590249552828804869e-02,0.000000000000000000e+00,0.000000000000000000e+00,0.000000000000000000e+00,1.000000000000000056e-01
9.980416753545372499e-01,-6.251817587902196161e-02,2.071699849920897313e-03,6.546157902666769779e+00,6.250793881460407764e-02,9.980334742237996215e-01,4.684219670552690513e-03,2.404535827905412981e-01,-2.360474667985065257e-03,-4.545548760266005482e-03,9.999868829868768794e-01,5.822542925894590160e-02,0.000000000000000000e+00,0.000000000000000000e+00,0.000000000000000000e+00,1.000000000000000056e-01
9.978396361805393910e-01,-6.558368011171582246e-02,3.852449881940933456e-03,7.370371808530262747e+00,6.556126885943462657e-02,9.978323727846142299e-01,5.681183729432974332e-03,3.084903281716463441e-01,-4.216692143097945135e-03,-5.416338803174772058e-03,9.999764411131591979e-01,6.832077266738618981e-02,0.000000000000000000e+00,0.000000000000000000e+00,0.000000000000000000e+00,1.000000000000000056e-01
9.975024767375855195e-01,-7.055179107500933466e-02,3.354650278464289641e-03,8.187160702593391903e+00,7.053239983371681343e-02,9.974938556937058554e-01,5.584659971835779016e-03,3.695093095558964480e-01,-3.740250804327233808e-03,-5.334100618900512042e-03,9.999787787220827395e-01,7.348003918990569927e-02,0.000000000000000000e+00,0.000000000000000000e+00,0.000000000000000000e+00,1.000000000000000056e-01
9.972132347262377960e-01,-7.451389026518587255e-02,3.666693930654997026e-03,9.020005293353310805e+00,7.449102847428762386e-02,9.972035127089826645e-01,6.020042998902608820e-03,4.440774700254067620e-01,-4.105016891089799565e-03,-5.730130750131792565e-03,9.999751569103655369e-01,7.753730247463819225e-02,0.000000000000000000e+00,0.000000000000000000e+00,0.000000000000000000e+00,1.000000000000000056e-01
9.970096196709932190e-01,-7.714451152865726968e-02,4.532397214094027738e-03,9.800979891650976938e+00,7.712408723843165725e-02,9.970112532850508025e-01,4.520618388136684804e-03,5.278138334992735770e-01,-4.867591924169830178e-03,-4.157543021694841759e-03,9.999795104825310865e-01,8.838010486388626907e-02,0.000000000000000000e+00,0.000000000000000000e+00,0.000000000000000000e+00,1.000000000000000056e-01
9.967560494050781150e-01,-8.032973656701236642e-02,4.950898651344274974e-03,1.057662008025777034e+01,8.030271152139570323e-02,9.967557033333366290e-01,5.435291599984693085e-03,5.643574089221780055e-01,-5.371452009744395913e-03,-5.020089196394781662e-03,9.999729727386471589e-01,9.176020425256134483e-02,0.000000000000000000e+00,0.000000000000000000e+00,0.000000000000000000e+00,1.000000000000000056e-01
9.965229030120981157e-01,-8.312072154901588295e-02,5.748862627635236734e-03,1.137747348075313880e+01,8.309776125503966215e-02,9.965328666052092332e-01,4.124057468658640958e-03,6.462376071302949887e-01,-6.071725186541411697e-03,-3.632000106737180538e-03,9.999749710510177358e-01,1.060916580092329392e-01,0.000000000000000000e+00,0.000000000000000000e+00,0.000000000000000000e+00,1.000000000000000056e-01
9.962314465761259452e-01,-8.660202908956594892e-02,4.795144461805140451e-03,1.223603686972656135e+01,8.656909181859435976e-02,9.962233421982413795e-01,6.696626095991574726e-03,7.276950099501195979e-01,-5.356976250029912845e-03,-6.256278201591688320e-03,9.999660803189880376e-01,9.966541191758188090e-02,0.000000000000000000e+00,0.000000000000000000e+00,0.000000000000000000e+00,1.000000000000000056e-01
9.959721384871714767e-01,-8.962902434303152144e-02,2.477368080610304214e-03,1.311185908160462610e+01,8.961373393768654050e-02,9.959601977554670693e-01,5.715170744298834690e-03,8.303296149139117732e-01,-2.979605181243062412e-03,-5.470144623977100592e-03,9.999805995471895415e-01,9.980298715163035683e-02,0.000000000000000000e+00,0.000000000000000000e+00,0.000000000000000000e+00,1.000000000000000056e-01
9.962565700932914936e-01,-8.644555946451423778e-02,-1.086039493035613544e-04,1.398560268975665544e+01,8.644272571442182529e-02,9.962120455472148750e-01,9.445394522998478912e-03,9.225455611376188747e-01,-7.083198514134551524e-04,-9.419424372061576886e-03,9.999553853685109184e-01,1.084045067414549923e-01,0.000000000000000000e+00,0.000000000000000000e+00,0.000000000000000000e+00,1.000000000000000056e-01
9.947409943774018215e-01,-1.024205747031211172e-01,6.164272383345487235e-04,1.494009250098087982e+01,1.024093978868115679e-01,9.946924187000288908e-01,9.965310087854216750e-03,1.043848132907771120e+00,-1.633808286944410555e-03,-9.849774523752385588e-03,9.999501550638975056e-01,1.100702788607189342e-01,0.000000000000000000e+00,0.000000000000000000e+00,0.000000000000000000e+00,1.000000000000000056e-01
9.939955443141501590e-01,-1.093988555332435358e-01,2.179057510240612217e-03,1.591524991889568064e+01,1.093727786390200768e-01,9.939529277784199257e-01,9.755647261305639556e-03,1.172255112613290295e+00,-3.233137237474069132e-03,-9.458740334929105487e-03,9.999500382793532482e-01,1.176467769059888480e-01,0.000000000000000000e+00,0.000000000000000000e+00,0.000000000000000000e+00,1.000000000000000056e-01
9.937014616076323970e-01,-1.120158961977591322e-01,3.137546472640388370e-03,1.683902561176163104e+01,1.119815060385371402e-01,9.936642665169989064e-01,9.563877486438927475e-03,1.287586903817077078e+00,-4.188974122168237155e-03,-9.152291857638520864e-03,9.999493427416993319e-01,1.246706612706951073e-01,0.000000000000000000e+00,0.000000000000000000e+00,0.000000000000000000e+00,1.000000000000000056e-01
9.933244987571057116e-01,-1.153122879359493175e-01,3.084869514487446635e-03,1.772790556901277981e+01,1.152820791834980735e-01,9.932952670545465157e-01,8.634504396131196732e-03,1.385480147123716366e+00,-4.059850745332138286e-03,-8.221234579663146483e-03,9.999579635734252570e-01,1.344060539654177988e-01,0.000000000000000000e+00,0.000000000000000000e+00,0.000000000000000000e+00,1.000000000000000056e-01
9.929771606267583373e-01,-1.182643203056218117e-01,3.147858997838613726e-03,1.863815390654020376e+01,1.182330590921101265e-01,9.929473859041383355e-01,8.742571924772698719e-03,1.495205255549960643e+00,-4.159592689504926395e-03,-8.308993247530925205e-03,9.999568282780361139e-01,1.402439685375423128e-01,0.000000000000000000e+00,0.000000000000000000e+00,0.000000000000000000e+00,1.000000000000000056e-01
9.924771511046768246e-01,-1.224033091942390294e-01,2.556253791001625829e-03,1.956320446365565857e+01,1.223856995599598152e-01,9.924633866274684690e-01,6.177924178498108224e-03,1.604982782640896000e+00,-3.293186657896047566e-03,-5.818599679951970416e-03,9.999776491599203787e-01,1.509171221498331883e-01,0.000000000000000000e+00,0.000000000000000000e+00,0.000000000000000000e+00,1.000000000000000056e-01
9.922379653227516583e-01,-1.242731180217735987e-01,4.473511966243759810e-03,2.048688996102833215e+01,1.242534116155444013e-01,9.922405691362555791e-01,4.443271548961247493e-03,1.723706399409854262e+00,-4.990979269030406881e-03,-3.852933597409030457e-03,9.999801223167539277e-01,1.643681248416953289e-01,0.000000000000000000e+00,0.000000000000000000e+00,0.000000000000000000e+00,1.000000000000000056e-01
9.923953897249887524e-01,-1.229590385339637826e-01,5.697832516918461924e-03,2.140829043811132593e+01,1.229343599507225215e-01,9.924046136054824885e-01,4.497336774036569430e-03,1.845489312654032155e+00,-6.207543483040194911e-03,-3.762676887020759316e-03,9.999736539862188467e-01,1.658714431674273571e-01,0.000000000000000000e+00,0.000000000000000000e+00,0.000000000000000000e+00,1.000000000000000056e-01
9.923090778916491272e-01,-1.233729714563427671e-01,1.008978928706538020e-02,2.236117577032767656e+01,1.233550764848957149e-01,9.923597448816146027e-01,2.379462944095129921e-03,1.969440438893868439e+00,-1.030626213670472399e-02,-1.116535950709955736e-03,9.999462657104332131e-01,1.705314173577757997e-01,0.000000000000000000e+00,0.000000000000000000e+00,0.000000000000000000e+00,1.000000000000000056e-01
9.925549919640279661e-01,-1.211052862039634914e-01,1.296524510931342314e-02,2.332373301679009714e+01,1.210776294976584622e-01,9.926388048241558959e-01,2.900136634570413784e-03,2.098188162521862132e+00,-1.322102728672135824e-02,-1.308743950328841027e-03,9.999117419186336342e-01,1.699465545380551557e-01,0.000000000000000000e+00,0.000000000000000000e+00,0.000000000000000000e+00,1.000000000000000056e-01
9.928390528733306297e-01,-1.187166515172755621e-01,1.330307265685742868e-02,2.424175102792180780e+01,1.187160988121799543e-01,9.929278887669300557e-01,8.340213808112611083e-04,2.202435252834934243e+00,-1.330800407291024903e-02,7.512398902363359374e-04,9.999111623870505783e-01,1.665004922198844994e-01,0.000000000000000000e+00,0.000000000000000000e+00,0.000000000000000000e+00,1.000000000000000056e-01
9.928637791737378038e-01,-1.186514118100091275e-01,1.197324017694947895e-02,2.519266287015859263e+01,1.186578482977596050e-01,9.929351866055077247e-01,1.738908607796139320e-04,2.313639179506015608e+00,-1.190928386550425128e-02,1.248068979351689770e-03,9.999283030705919950e-01,1.633149819797686253e-01,0.000000000000000000e+00,0.000000000000000000e+00,0.000000000000000000e+00,1.000000000000000056e-01
9.930496228561169758e-01,-1.174405714980925886e-01,7.756204711401312041e-03,2.613212827517998349e+01,1.174450071854743483e-01,9.930793807746737256e-01,-1.173345409947527647e-04,2.435045842631430979e+00,-7.688747136409131502e-03,1.027446539745372096e-03,9.999699133079356095e-01,1.593435511575442276e-01,0.000000000000000000e+00,0.000000000000000000e+00,0.000000000000000000e+00,1.000000000000000056e-01
9.929592488971474840e-01,-1.182615225683916332e-01,6.792813071063263756e-03,2.707138932071319815e+01,1.182741060669706551e-01,9.929798813546520941e-01,-1.480222604907190098e-03,2.549732559515478503e+00,-6.570073338372253886e-03,2.273214619629263661e-03,9.999758330237893400e-01,1.608895295787763913e-01,0.000000000000000000e+00,0.000000000000000000e+00,0.000000000000000000e+00,1.000000000000000056e-01
9.930354872580503534e-01,-1.175641263487938321e-01,7.693974396331858083e-03,2.802404671150305759e+01,1.175885631602761744e-01,9.930584433141611544e-01,-2.803208225724202526e-03,2.663462434745238472e+00,-7.311009510889309414e-03,3.688408640574424458e-03,9.999664718287467613e-01,1.630272011338369520e-01,0.000000000000000000e+00,0.000000000000000000e+00,0.000000000000000000e+00,1.000000000000000056e-01
9.929638872084650680e-01,-1.179400009479325828e-01,1.062425885679972072e-02,2.902962939605333403e+01,1.180060026029369769e-01,9.929958632941451313e-01,-5.813676151199191448e-03,2.783460984677031291e+00,-9.864180124584899859e-03,7.026496788375681708e-03,9.999266604573321393e-01,1.676318754216503670e-01,0.000000000000000000e+00,0.000000000000000000e+00,0.000000000000000000e+00,1.000000000000000056e-01
9.930297233108597021e-01,-1.169070415354537262e-01,1.499040561776197704e-02,2.998299111335190759e+01,1.170434426682153972e-01,9.930898450137762845e-01,-8.566928205958095760e-03,2.892214249221457312e+00,-1.388528536003169091e-02,1.026174302648238598e-02,9.998509366303203194e-01,1.663480261469109378e-01,0.000000000000000000e+00,0.000000000000000000e+00,0.000000000000000000e+00,1.000000000000000056e-01
9.928601647924245599e-01,-1.182373171356743136e-01,1.576800573685316342e-02,3.091025459611008586e+01,1.184827963087996816e-01,9.928325446679919786e-01,-1.566413824399830526e-02,2.980877088753648430e+00,-1.380290357884675183e-02,1.742053629018303421e-02,9.997529718726299031e-01,1.700353771540797643e-01,0.000000000000000000e+00,0.000000000000000000e+00,0.000000000000000000e+00,1.000000000000000056e-01
9.929626413598898749e-01,-1.178066707690188786e-01,1.211532855149412627e-02,3.186071902041216930e+01,1.180215786787923160e-01,9.928313332857042761e-01,-1.889048999619950125e-02,3.083870846280628797e+00,-9.803052063326555404e-03,2.018742104506841828e-02,9.997481523872864262e-01,1.713717189048132861e-01,0.000000000000000000e+00,0.000000000000000000e+00,0.000000000000000000e+00,1.000000000000000056e-01
9.927154216474211035e-01,-1.201805151928569543e-01,8.528504638119074194e-03,3.285868321172394246e+01,1.203207382368536998e-01,9.925633262450453964e-01,-1.846519275583178785e-02,3.201517366697796074e+00,-6.245924552976490907e-03,1.935683758652137834e-02,9.997931292348070098e-01,1.662647155335772453e-01,0.000000000000000000e+00,0.000000000000000000e+00,0.000000000000000000e+00,1.000000000000000056e-01
9.925780700584666549e-01,-1.214159953493670063e-01,6.850614011324747225e-03,3.382712845314063799e+01,1.215233287412887386e-01,9.924183454726444031e-01,-1.838227790497522912e-02,3.323747585716321673e+00,-4.566772453969377039e-03,1.907835534477660133e-02,9.998075619571459294e-01,1.675673778633126054e-01,0.000000000000000000e+00,0.000000000000000000e+00,0.000000000000000000e+00,1.000000000000000056e-01
9.923671096093316102e-01,-1.230536800649858209e-01,8.081558518315497264e-03,3.479148440262243014e+01,1.231861214084347123e-01,9.922075120410694948e-01,-1.869311481849153175e-02,3.444722027672014075e+00,-5.718326500579429608e-03,1.954596817082838653e-02,9.997926064291022819e-01,1.781172828159047206e-01,0.000000000000000000e+00,0.000000000000000000e+00,0.000000000000000000e+00,1.000000000000000056e-01
9.922711644301627221e-01,-1.237133812699722224e-01,9.640307835308496720e-03,3.576739063588566125e+01,1.238710433631287355e-01,9.921356496567708128e-01,-1.796711708280445893e-02,3.580563934989193786e+00,-7.341720271087834836e-03,1.902240717910885434e-02,9.997921019734918868e-01,1.744846708403544333e-01,0.000000000000000000e+00,0.000000000000000000e+00,0.000000000000000000e+00,1.000000000000000056e-01
9.922473448733728496e-01,-1.237673879091119450e-01,1.126233909528584834e-02,3.673825666941394985e+01,1.239577335544134046e-01,9.921214226879569997e-01,-1.815386833920641652e-02,3.697730439819536752e+00,-8.926751021219689330e-03,1.940918168753125173e-02,9.997717723472820950e-01,1.863572085001094225e-01,0.000000000000000000e+00,0.000000000000000000e+00,0.000000000000000000e+00,1.000000000000000056e-01
9.920019061456761822e-01,-1.254718446458105707e-01,1.374897830832306177e-02,3.772590802086919126e+01,1.256974001620368431e-01,9.919230746970286727e-01,-1.699345391901720820e-02,3.838406462292339505e+00,-1.150572882741189400e-02,1.858574950790423119e-02,9.997610655148456704e-01,1.884997872754549664e-01,0.000000000000000000e+00,0.000000000000000000e+00,0.000000000000000000e+00,1.000000000000000056e-01
9.921110745054648739e-01,-1.245472957646534817e-01,1.426839028495371225e-02,3.872832447234507214e+01,1.247715951046348415e-01,9.920551078096271347e-01,-1.608453057674304881e-02,3.979950211642055091e+00,-1.215174467543236186e-02,1.773793072883770444e-02,9.997688237361685992e-01,1.991734014073908987e-01,0.000000000000000000e+00,0.000000000000000000e+00,0.000000000000000000e+00,1.000000000000000056e-01
9.922250108883859943e-01,-1.234863806051529067e-01,1.551262623096622169e-02,3.975493396121281364e+01,1.236786064663850382e-01,9.922484480311801747e-01,-1.210866145564214354e-02,4.124298005538633127e+00,-1.389712452543363959e-02,1.393309673954809709e-02,9.998063506225447483e-01,1.990900352984133204e-01,0.000000000000000000e+00,0.000000000000000000e+00,0.000000000000000000e+00,1.000000000000000056e-01
9.917933056314943707e-01,-1.269944873910647531e-01,1.477968459859082401e-02,4.075525747094732054e+01,1.272142529625937823e-01,9.917615229662277709e-01,-1.502049955486750403e-02,4.246069963197613539e+00,-1.275040186513082263e-02,1.677741744099091672e-02,9.997779481046220607e-01,2.128108660614377035e-01,0.000000000000000000e+00,0.000000000000000000e+00,0.000000000000000000e+00,1.000000000000000056e-01
9.919944565109641843e-01,-1.255007440604282154e-01,1.402003893702195685e-02,4.176213886688931609e+01,1.256878709809453043e-01,9.919797081515713266e-01,-1.337227369599828380e-02,4.367497515675767161e+00,-1.222936383439322990e-02,1.502737022244192422e-02,9.998122927852025610e-01,2.347686644306258841e-01,0.000000000000000000e+00,0.000000000000000000e+00,0.000000000000000000e+00,1.000000000000000056e-01
9.922172184708173415e-01,-1.241088559290964566e-01,1.009867565600372497e-02,4.277173652822662575e+01,1.242251266327711046e-01,9.921834269470906076e-01,-1.183913867640966518e-02,4.476256168825478277e+00,-8.550396663685812942e-03,1.300150650878781865e-02,9.998789184423260146e-01,2.421100630814561061e-01,0.000000000000000000e+00,0.000000000000000000e+00,0.000000000000000000e+00,1.000000000000000056e-01
9.924914935251707426e-01,-1.219810081346194841e-01,9.014928432204446021e-03,4.380701430923694772e+01,1.220853635702847939e-01,9.924457478346199180e-01,-1.210791505146393415e-02,4.609980156627705661e+00,-7.469891705188814665e-03,1.311759350810911065e-02,9.998860582378717998e-01,2.504845768504513348e-01,0.000000000000000000e+00,0.000000000000000000e+00,0.000000000000000000e+00,1.000000000000000056e-01
9.924545556256172407e-01,-1.220681988683210151e-01,1.154598817783627183e-02,4.479300561484696885e+01,1.222256714775816211e-01,9.924023476877440464e-01,-1.408777965856321084e-02,4.733234846416729091e+00,-9.738595885085072137e-03,1.539269725869921689e-02,9.998340985489988508e-01,2.614848530783575598e-01,0.000000000000000000e+00,0.000000000000000000e+00,0.000000000000000000e+00,1.000000000000000056e-01
9.922662110293164472e-01,-1.236811573935279185e-01,1.052320081160506779e-02,4.575169286507024680e+01,1.238124661934418558e-01,9.922217242041798668e-01,-1.290438810568914074e-02,4.855265354607053219e+00,-8.845318797070695488e-03,1.410749173601759388e-02,9.998613598956088699e-01,2.641898246515789750e-01,0.000000000000000000e+00,0.000000000000000000e+00,0.000000000000000000e+00,1.000000000000000056e-01
9.917850362091858996e-01,-1.277484870115922488e-01,6.539573211821844700e-03,4.665675010566664582e+01,1.278276511579761188e-01,9.917030413096398211e-01,-1.360769843307594110e-02,4.976588343908120216e+00,-4.746951756495308358e-03,1.433184996641471282e-02,9.998860257677180119e-01,2.782801285982568484e-01,0.000000000000000000e+00,0.000000000000000000e+00,0.000000000000000000e+00,1.000000000000000056e-01
9.920827945805760217e-01,-1.254777131150545677e-01,5.203096060098015910e-03,4.761121011490588728e+01,1.255359291174176772e-01,9.920038418754458798e-01,-1.300416106413864251e-02,5.099503053776311745e+00,-3.529758889956276235e-03,1.355437994787816319e-02,9.999019049818873572e-01,2.802299888175260323e-01,0.000000000000000000e+00,0.000000000000000000e+00,0.000000000000000000e+00,1.000000000000000056e-01
9.921198676461793209e-01,-1.251957539540811404e-01,4.918476755744721762e-03,4.855067652783291976e+01,1.252465635862643756e-01,9.920539567061816832e-01,-1.192666313103804727e-02,5.227097119855876883e+00,-3.386226743657284183e-03,1.244870175876197811e-02,9.999167781835456292e-01,2.920967013879270380e-01,0.000000000000000000e+00,0.000000000000000000e+00,0.000000000000000000e+00,1.000000000000000056e-01
9.925312969570686539e-01,-1.217331190847969064e-01,7.916582507986798592e-03,4.950969679801534085e+01,1.218358387065212184e-01,9.924496213983767801e-01,-1.413426308292090039e-02,5.358769337755963313e+00,-6.136201381771450372e-03,1.499322193877384440e-02,9.998687665531397206e-01,2.935397514608749092e-01,0.000000000000000000e+00,0.000000000000000000e+00,0.000000000000000000e+00,1.000000000000000056e-01
9.928284513497224184e-01,-1.191134732658241102e-01,1.018070120687578073e-02,5.049519444012665303e+01,1.192730931671682759e-01,9.927184352340550078e-01,-1.685341487014534526e-02,5.486699254219884914e+00,-8.099100990102282849e-03,1.794683350903558336e-02,9.998061390740462517e-01,3.152592195321262669e-01,0.000000000000000000e+00,0.000000000000000000e+00,0.000000000000000000e+00,1.000000000000000056e-01
9.929848215340956186e-01,-1.178235765407458779e-01,9.937253848387287564e-03,5.141167140063446794e+01,1.179760559133253561e-01,9.928796141779340223e-01,-1.648399165896362317e-02,5.613841751913085432e+00,-7.924293914048044507e-03,1.754071153128775734e-02,9.998147473431965304e-01,3.188100521857333280e-01,0.000000000000000000e+00,0.000000000000000000e+00,0.000000000000000000e+00,1.000000000000000056e-01
9.929496273044066124e-01,-1.181102036801531807e-01,1.005074239411092585e-02,5.234656926344877803e+01,1.182892166074089313e-01,9.927854348167646226e-01,-1.961483240033408751e-02,5.734697197201461982e+00,-7.661518808013177174e-03,2.066543496567238916e-02,9.997570909612164547e-01,3.313254614462181058e-01,0.000000000000000000e+00,0.000000000000000000e+00,0.000000000000000000e+00,1.000000000000000056e-01
9.931016749638531538e-01,-1.170485557086770600e-01,6.978451870015363670e-03,5.331152640038125412e+01,1.171784733035390880e-01,9.928519158065851613e-01,-2.267771314408143640e-02,5.856012146546303754e+00,-4.274175738218387310e-03,2.333899924388768699e-02,9.997184716389172499e-01,3.548256631103148262e-01,0.000000000000000000e+00,0.000000000000000000e+00,0.000000000000000000e+00,1.000000000000000056e-01
9.928722272653623948e-01,-1.188688036491212519e-01,8.657242294479715675e-03,5.424516983809138537e+01,1.190588241115790591e-01,9.925358620977928759e-01,-2.641133943894680841e-02,5.977169464154176381e+00,-5.453139122262437230e-03,2.725380650143841010e-02,9.996136720277966070e-01,3.549912205009435051e-01,0.000000000000000000e+00,0.000000000000000000e+00,0.000000000000000000e+00,1.000000000000000056e-01
9.928707076961947875e-01,-1.185033220143481419e-01,1.283434729236246699e-02,5.518187214063214441e+01,1.188211812727027333e-01,9.925275984188772771e-01,-2.775776031698805671e-02,6.088111538020807068e+00,-9.449057086121211146e-03,2.908485943613190947e-02,9.995322837566397167e-01,3.672970091305227669e-01,0.000000000000000000e+00,0.000000000000000000e+00,0.000000000000000000e+00,1.000000000000000056e-01
9.926141638620173957e-01,-1.199642530678018681e-01,1.804715175290959317e-02,5.612088453979372815e+01,1.204073689720694118e-01,9.923871430649922054e-01,-2.588095393386245432e-02,6.209763254959838719e+00,-1.480497206117231852e-02,2.786281150901978240e-02,9.995021143234669170e-01,3.884946187904509407e-01,0.000000000000000000e+00,0.000000000000000000e+00,0.000000000000000000e+00,1.000000000000000056e-01
9.926174095280189125e-01,-1.197878521532100143e-01,1.901443605279904900e-02,5.707184581450293592e+01,1.202107092901208013e-01,9.924838802883139133e-01,-2.291577491200914515e-02,6.335262614843031770e+00,-1.612648981804002193e-02,2.503233597514429795e-02,9.995565609217800240e-01,3.844266398325966727e-01,0.000000000000000000e+00,0.000000000000000000e+00,0.000000000000000000e+00,1.000000000000000056e-01
9.927011355883857968e-01,-1.198372516678794519e-01,1.354579322958593748e-02,5.795205220859909900e+01,1.201465025129911102e-01,9.924425808835583007e-01,-2.495078321571695887e-02,6.441207733042568329e+00,-1.045338870535272163e-02,2.639615051236076163e-02,9.995969037080415509e-01,3.952573633555900856e-01,0.000000000000000000e+00,0.000000000000000000e+00,0.000000000000000000e+00,1.000000000000000056e-01
9.927334697688491305e-01,-1.200670919533375069e-01,8.009458818816619224e-03,5.886319244453392940e+01,1.202305925526311603e-01,9.924392916085383876e-01,-2.467502960455545541e-02,6.547361772816532088e+00,-4.986242587832640308e-03,2.545870973579163199e-02,9.996634391051040236e-01,4.021788809820666666e-01,0.000000000000000000e+00,0.000000000000000000e+00,0.000000000000000000e+00,1.000000000000000056e-01
9.929104209266939041e-01,-1.187739118435397340e-01,4.653373030245155050e-03,5.981534003921556319e+01,1.188530936514251984e-01,9.926044618108886830e-01,-2.470474696493729291e-02,6.674940009125777785e+00,-1.684679394161377923e-03,2.508266848840209548e-02,9.996839608580503356e-01,4.126636090138789958e-01,0.000000000000000000e+00,0.000000000000000000e+00,0.000000000000000000e+00,1.000000000000000056e-01
9.927031403872894622e-01,-1.205720851177347203e-01,1.687410908804227484e-03,6.072713331935541703e+01,1.205800493590519634e-01,9.924625866801488616e-01,-2.187385966665704451e-02,6.793089442614856921e+00,9.626846742374134056e-04,2.191771727415393195e-02,9.997593144890964956e-01,4.169427256626025424e-01,0.000000000000000000e+00,0.000000000000000000e+00,0.000000000000000000e+00,1.000000000000000056e-01
9.924581221166878242e-01,-1.225330529590467343e-01,3.539318741361092806e-03,6.165403970507975373e+01,1.225786519415343889e-01,9.922734633660861281e-01,-1.917936358872749519e-02,6.923166762435331023e+00,-1.161866091108510390e-03,1.946856009076911725e-02,9.998097945285285837e-01,4.378263366664483791e-01,0.000000000000000000e+00,0.000000000000000000e+00,0.000000000000000000e+00,1.000000000000000056e-01
9.922034262809160676e-01,-1.245378785897051643e-01,4.762108019213381026e-03,6.252281633821194617e+01,1.246032270856279600e-01,9.920500822140695396e-01,-1.762583838872041134e-02,7.049098040518560815e+00,-2.529165130676687238e-03,1.808179126728642547e-02,9.998333121817396529e-01,4.510880142522012415e-01,0.000000000000000000e+00,0.000000000000000000e+00,0.000000000000000000e+00,1.000000000000000056e-01
9.921513484404621552e-01,-1.249461302147294450e-01,4.915926376224434569e-03,6.332728321891741530e+01,1.250120727722578984e-01,9.920122062818769182e-01,-1.684530346852206734e-02,7.160052515865709566e+00,-2.771903489713081759e-03,1.732764069707059401e-02,9.998460228549779227e-01,4.643471883049965498e-01,0.000000000000000000e+00,0.000000000000000000e+00,0.000000000000000000e+00,1.000000000000000056e-01
9.919711288570731700e-01,-1.263069816744291918e-01,6.310776047312541617e-03,6.413310566032309623e+01,1.263951234744492835e-01,9.918446178562364546e-01,-1.638678710104829114e-02,7.269190122589315628e+00,-4.189543638948118806e-03,1.705287101668706215e-02,9.998458117700876890e-01,4.734601453830949991e-01,0.000000000000000000e+00,0.000000000000000000e+00,0.000000000000000000e+00,1.000000000000000056e-01
9.920814427203356045e-01,-1.253505524698090567e-01,7.851751744113443301e-03,6.492585753617620981e+01,1.254704313696378970e-01,9.919464862041200703e-01,-1.730142650813805416e-02,7.383481393767463707e+00,-5.619774181809495534e-03,1.814958684965467528e-02,9.998194890255601708e-01,4.939266956387577956e-01,0.000000000000000000e+00,0.000000000000000000e+00,0.000000000000000000e+00,1.000000000000000056e-01
9.921017038814902156e-01,-1.251235429880544203e-01,8.849188977556403032e-03,6.572368332818049907e+01,1.252692698385221848e-01,9.919508173735237522e-01,-1.847121939996486037e-02,7.494189670250324120e+00,-6.466775824746562838e-03,1.943385968135556349e-02,9.997902309526323084e-01,5.044946723853348525e-01,0.000000000000000000e+00,0.000000000000000000e+00,0.000000000000000000e+00,1.000000000000000056e-01
9.920713790326799453e-01,-1.253207756131708983e-01,9.438331627459571604e-03,6.646420433047556742e+01,1.254837838401127170e-01,9.919078121390192404e-01,-1.930575589693300093e-02,7.591123073490840589e+00,-6.942542572033741886e-03,2.033704544169005063e-02,9.997690761797637382e-01,5.142643998496925217e-01,0.000000000000000000e+00,0.000000000000000000e+00,0.000000000000000000e+00,1.000000000000000056e-01
9.918370299307194271e-01,-1.270109850249292738e-01,1.129228680145595055e-02,6.724165655890212179e+01,1.272014861005828779e-01,9.917107826786932812e-01,-1.815228505221580524e-02,7.706674422786935708e+00,-8.893142977168930555e-03,1.944050415526471509e-02,9.997714632885741359e-01,5.191141229203174445e-01,0.000000000000000000e+00,0.000000000000000000e+00,0.000000000000000000e+00,1.000000000000000056e-01
9.920720679511010331e-01,-1.249231120971563275e-01,1.368313031390693164e-02,6.798246896694510610e+01,1.251497510150086367e-01,9.919889113392544866e-01,-1.719126524843392345e-02,7.815803762344140537e+00,-1.142592718808362919e-02,1.876741441760110957e-02,9.997585870318747014e-01,5.297858327887738916e-01,0.000000000000000000e+00,0.000000000000000000e+00,0.000000000000000000e+00,1.000000000000000056e-01
9.918710552454317320e-01,-1.263544632547850266e-01,1.504524449482013727e-02,6.869375159904399197e+01,1.265747326219461566e-01,9.918479127245762861e-01,-1.471581073485446825e-02,7.914847871497306286e+00,-1.306318598185673800e-02,1.650053452153581873e-02,9.997785182391683012e-01,5.462385406763768936e-01,0.000000000000000000e+00,0.000000000000000000e+00,0.000000000000000000e+00,1.000000000000000056e-01
9.915483745624199541e-01,-1.291417320206426633e-01,1.241909631701755209e-02,6.935811213609520109e+01,1.293069497311716831e-01,9.915117294600297448e-01,-1.357214406057400888e-02,8.013149173958385774e+00,-1.056094947640055445e-02,1.506331284576032867e-02,9.998307671562561838e-01,5.539025767797766120e-01,0.000000000000000000e+00,0.000000000000000000e+00,0.000000000000000000e+00,1.000000000000000056e-01
9.918447754330024235e-01,-1.272839778942875255e-01,6.536850745082720647e-03,7.005411005972312921e+01,1.273662978421248315e-01,9.917529754794497387e-01,-1.427801812749442296e-02,8.117528136028164809e+00,-4.665578232986610126e-03,1.499415216224076440e-02,9.998766962884411136e-01,5.587194357642021325e-01,0.000000000000000000e+00,0.000000000000000000e+00,0.000000000000000000e+00,1.000000000000000056e-01
9.921079273281837585e-01,-1.253800678312238792e-01,1.303504205150220630e-03,7.080701542579885199e+01,1.253844260680195555e-01,9.919706337578726441e-01,-1.652293743854096192e-02,8.218298534400929611e+00,7.786091243264185030e-04,1.655597634216413733e-02,9.998626372733352419e-01,5.729796661028803140e-01,0.000000000000000000e+00,0.000000000000000000e+00,0.000000000000000000e+00,1.000000000000000056e-01
9.920381510627278576e-01,-1.259238735387488151e-01,1.866791108199575191e-03,7.152645445864173723e+01,1.259377099163117852e-01,9.919282661516909405e-01,-1.476509499918720117e-02,8.325610185350070580e+00,7.555088241462983023e-06,1.488263694031798784e-02,9.998892473972421646e-01,5.850587769284437689e-01,0.000000000000000000e+00,0.000000000000000000e+00,0.000000000000000000e+00,1.000000000000000056e-01
9.922784710598190339e-01,-1.239370885461336114e-01,4.799370156138297455e-03,7.219776140237875950e+01,1.239889713720918607e-01,9.922024476816120320e-01,-1.269006669440704907e-02,8.427905091993885378e+00,-3.189176896689432505e-03,1.318714894606686297e-02,9.999079598910071143e-01,5.957279788708846890e-01,0.000000000000000000e+00,0.000000000000000000e+00,0.000000000000000000e+00,1.000000000000000056e-01
9.922264921936648774e-01,-1.242447686757495035e-01,7.058728339048733758e-03,7.282044525866977835e+01,1.243294344221863995e-01,9.921533376344359167e-01,-1.318887247296612365e-02,8.513646879662188027e+00,-5.364692471544342534e-03,1.396395637197455318e-02,9.998881077386245764e-01,6.091479496093945567e-01,0.000000000000000000e+00,0.000000000000000000e+00,0.000000000000000000e+00,1.000000000000000056e-01
9.922949031070195103e-01,-1.238298825273475290e-01,4.121342147171647326e-03,7.339915031654710731e+01,1.238811404724204090e-01,9.921632058142748622e-01,-1.629834542502159311e-02,8.567637709618312059e+00,-2.070821837624752144e-03,1.668332165979521248e-02,9.998586792518794342e-01,6.192870409100837970e-01,0.000000000000000000e+00,0.000000000000000000e+00,0.000000000000000000e+00,1.000000000000000056e-01
9.923712227650088868e-01,-1.232843281595098206e-01,5.750288160611553888e-04,7.404454925506824736e+01,1.232638281372067102e-01,9.920968319730079088e-01,-2.345004609979446999e-02,8.630312927569026016e+00,2.320538912015233327e-03,2.334203117510577283e-02,9.997248444846102977e-01,6.400297387702156282e-01,0.000000000000000000e+00,0.000000000000000000e+00,0.000000000000000000e+00,1.000000000000000056e-01
9.926789803149270730e-01,-1.207235745483287714e-01,-3.776319529738066116e-03,7.466557075074121030e+01,1.205821919465752123e-01,9.923476369535609853e-01,-2.657258771822478341e-02,8.702184460857949944e+00,6.955359536060266856e-03,2.592269239406986073e-02,9.996397536076516710e-01,6.491277230765746253e-01,0.000000000000000000e+00,0.000000000000000000e+00,0.000000000000000000e+00,1.000000000000000056e-01
9.931852074804783381e-01,-1.164545318650428846e-01,-4.635261594881255262e-03,7.525740828525202630e+01,1.163129449374400576e-01,9.929265076320653582e-01,-2.383797981310773612e-02,8.768785929793160960e+00,7.378514887110285483e-03,2.313638799994080508e-02,9.997050890479536323e-01,6.609841514177814403e-01,0.000000000000000000e+00,0.000000000000000000e+00,0.000000000000000000e+00,1.000000000000000056e-01
9.938554791586732273e-01,-1.106646794971312964e-01,-2.148315172720619524e-03,7.583480482863927818e+01,1.105990381837469172e-01,9.936589376595519330e-01,-2.024273603347101144e-02,8.851473105919346551e+00,4.374848467572567227e-03,1.988075252820941871e-02,9.997927867212275110e-01,6.674283476135914883e-01,0.000000000000000000e+00,0.000000000000000000e+00,0.000000000000000000e+00,1.000000000000000056e-01
9.946865138660139216e-01,-1.029365992462896867e-01,1.672025324238959627e-03,7.638685809289339090e+01,1.029488644559586746e-01,9.944605906327059763e-01,-2.120530560209617221e-02,8.889072097932610106e+00,5.200387531625579388e-04,2.126476461328450501e-02,9.997737440769470796e-01,6.809194982690796039e-01,0.000000000000000000e+00,0.000000000000000000e+00,0.000000000000000000e+00,1.000000000000000056e-01
9.955892145877792698e-01,-9.360932708703427474e-02,6.277712863892897718e-03,7.696525351435532514e+01,9.373557419872781404e-02,9.952995226974533649e-01,-2.434136906290023175e-02,8.942357527447381216e+00,-3.969625438709019696e-03,2.482244952727584789e-02,9.996839941068088597e-01,6.934734033121380259e-01,0.000000000000000000e+00,0.000000000000000000e+00,0.000000000000000000e+00,1.000000000000000056e-01
9.965279492457780330e-01,-8.268382784264549645e-02,9.768878405003067478e-03,7.749851806004055277e+01,8.292062967018784536e-02,9.961898387959537970e-01,-2.701803573154692648e-02,8.984714013845794156e+00,-7.497702788423609571e-03,2.773426928872196537e-02,9.995872121830676749e-01,7.095275440266354261e-01,0.000000000000000000e+00,0.000000000000000000e+00,0.000000000000000000e+00,1.000000000000000056e-01
9.975007388528764896e-01,-7.000400704024638265e-02,9.576794154345763185e-03,7.798232692455636084e+01,7.021944558238470135e-02,9.972332262263831071e-01,-2.439512189397397349e-02,9.023900825123426728e+00,-7.842541046630768439e-03,2.500662928961980627e-02,9.996565225323663650e-01,7.202213571452573682e-01,0.000000000000000000e+00,0.000000000000000000e+00,0.000000000000000000e+00,1.000000000000000056e-01
9.985774636404711746e-01,-5.256619039698768453e-02,8.935588201737214992e-03,7.847552204425053901e+01,5.274485035671710315e-02,9.983851416266154022e-01,-2.109715004569479718e-02,9.064877566921685670e+00,-7.812161686172713893e-03,2.153844484522223629e-02,9.997374983081500632e-01,7.221090919024352184e-01,0.000000000000000000e+00,0.000000000000000000e+00,0.000000000000000000e+00,1.000000000000000056e-01
9.994236140289500803e-01,-3.237338047994380019e-02,1.021782548358057471e-02,7.896129043316068419e+01,3.253530836045542829e-02,9.993408961121884593e-01,-1.610053004028771939e-02,9.078518528051473524e+00,-9.689862290156368158e-03,1.642369002352764285e-02,9.998181679559583479e-01,7.266036901016901250e-01,0.000000000000000000e+00,0.000000000000000000e+00,0.000000000000000000e+00,1.000000000000000056e-01
9.998892980480881265e-01,-1.024724399265654340e-02,1.078821762185819440e-02,7.943806726011322894e+01,1.042203993712444154e-02,9.998132693308826591e-01,-1.627290857348088343e-02,9.085074947356110542e+00,-1.061945066614043177e-02,1.638354236564391192e-02,9.998093852365572687e-01,7.329018794335169229e-01,0.000000000000000000e+00,0.000000000000000000e+00,0.000000000000000000e+00,1.000000000000000056e-01
9.997877239413267558e-01,1.655231646603773712e-02,1.226898022777717263e-02,7.992670329322956491e+01,-1.632267381486142074e-02,9.996940015050841399e-01,-1.858692213053501907e-02,9.090225667225610096e+00,-1.257288255552753593e-02,1.838271400966329239e-02,9.997519684651208216e-01,7.426471485170025311e-01,0.000000000000000000e+00,0.000000000000000000e+00,0.000000000000000000e+00,1.000000000000000056e-01
9.988467117169654852e-01,4.579442583569309083e-02,1.442626266863386401e-02,8.040600817252332888e+01,-4.551032703573037325e-02,9.987746635785945681e-01,-1.944174700396146191e-02,9.070833436025852237e+00,-1.529890928485044647e-02,1.876278113298719338e-02,9.997069077578936147e-01,7.423961766351566682e-01,0.000000000000000000e+00,0.000000000000000000e+00,0.000000000000000000e+00,1.000000000000000056e-01
9.967625718809205448e-01,7.871039864174421419e-02,1.640269621100381298e-02,8.088015135021774427e+01,-7.836581822410505771e-02,9.967100052625332829e-01,-2.068728942194607290e-02,9.020682283528781653e+00,-1.797703622400785572e-02,1.933490509980718974e-02,9.996514330572342510e-01,7.402516739379690902e-01,0.000000000000000000e+00,0.000000000000000000e+00,0.000000000000000000e+00,1.000000000000000056e-01
