1.000000000000000000e+00,-9.787241709151207662e-11,1.465667745793608196e-10,8.678319314169726561e-16,9.787241706784889499e-11,1.000000000000000000e+00,1.614498578211299257e-10,4.137286081056572528e-16,-1.465667745951622957e-10,-1.614498578067850629e-10,1.000000000000000000e+00,-6.342862015512598827e-17,0.000000000000000000e+00,0.000000000000000000e+00,0.000000000000000000e+00,1.000000000000000056e-01
9.999933952259851822e-01,-3.558346217320878732e-03,-7.400517578601896766e-04,6.452271858454222686e-01,3.557396650652132862e-03,9.999928526104477911e-01,-1.280490956291264722e-03,1.928320105731444814e-02,7.446028985726200903e-04,1.277849841293149250e-03,9.999989063325551708e-01,1.099602349699482264e-02,0.000000000000000000e+00,0.000000000000000000e+00,0.000000000000000000e+00,1.000000000000000056e-01
9.999540904650869866e-01,-9.490175301542688388e-03,-1.324211043110551638e-03,1.325746351548439561e+00,9.491496890290712987e-03,9.999544593653850733e-01,9.953301272179072151e-04,2.653798895223457785e-02,1.314704880309079411e-03,-1.007853177072454316e-03,9.999986278905842463e-01,1.629271871764568017e-02,0.000000000000000000e+00,0.000000000000000000e+00,0.000000000000000000e+00,1.000000000000000056e-01
9.998855727105344648e-01,-1.504226566004265159e-02,-1.603661167209438718e-03,2.045372520054618448e+00,1.504457243956967491e-02,9.998857925356393617e-01,1.436219163975211745e-03,3.375372084583903864e-02,1.581874026923278751e-03,-1.460181217907806882e-03,9.999976827700021165e-01,1.664621375777506143e-02,0.000000000000000000e+00,0.000000000000000000e+00,0.000000000000000000e+00,1.000000000000000056e-01
9.997934873083359486e-01,-2.021769749624072535e-02,-2.056074849532333118e-03,2.750937545608163504e+00,2.022396589975509681e-02,9.997907457352281924e-01,3.075052110425351148e-03,3.808152526529490906e-02,1.993474133747621772e-03,-3.115999060781305709e-03,9.999931582819611142e-01,1.803140087913530920e-02,0.000000000000000000e+00,0.000000000000000000e+00,0.000000000000000000e+00,1.000000000000000056e-01
9.996778563462624945e-01,-2.530238980943826446e-02,-1.993138447914878132e-03,3.459573447842622329e+00,2.531141232877634137e-02,9.996688480087896345e-01,4.639690367058401169e-03,5.895697060345764240e-02,1.875083161886685959e-03,-4.688644869334856330e-03,9.999872502549346232e-01,2.776410807995320640e-02,0.000000000000000000e+00,0.000000000000000000e+00,0.000000000000000000e+00,1.000000000000000056e-01
9.995668305495775119e-01,-2.937546844828763798e-02,-1.798087460584993618e-03,4.191891230930985479e+00,2.938489025166945989e-02,9.995532623616816270e-01,5.459297300626924504e-03,8.480709880702774761e-02,1.636914771634973963e-03,-5.509769102507711819e-03,9.999834813408007284e-01,3.489803593098488033e-02,0.000000000000000000e+00,0.000000000000000000e+00,0.000000000000000000e+00,1.000000000000000056e-01
9.994085149592265571e-01,-3.430647276846231913e-02,-2.384565616685757530e-03,4.958789441092889660e+00,3.432554825113093983e-02,9.993747187456544223e-01,8.481053549147557838e-03,1.210678586285087732e-01,2.092119559874185564e-03,-8.557888654976772078e-03,9.999611920357290851e-01,4.891610839530343563e-02,0.000000000000000000e+00,0.000000000000000000e+00,0.000000000000000000e+00,1.000000000000000056e-01
9.992941188512413087e-01,-3.752037650513480316e-02,-1.866916236533257539e-03,5.718952256671677503e+00,3.753580352166653589e-02,9.992542166231216383e-01,9.059471005209741856e-03,1.587861884448640570e-01,1.525609158385205378e-03,-9.123152296455359217e-03,9.999572193893454530e-01,4.868976479660077489e-02,0.000000000000000000e+00,0.000000000000000000e+00,0.000000000000000000e+00,1.000000000000000056e-01
9.991476385167390450e-01,-4.127879997921557464e-02,2.389951876245437884e-04,6.512992205227964959e+00,4.127541308024977595e-02,9.991135571397129489e-01,8.272860127208053055e-03,2.039038163680541305e-01,-5.802770704938801840e-04,-8.255944034785821228e-03,9.999657507468022732e-01,5.335860793205250696e-02,0.000000000000000000e+00,0.000000000000000000e+00,0.000000000000000000e+00,1.000000000000000056e-01
9.990462043049456176e-01,-4.360288957829559081e-02,2.338735620768209178e-03,7.327537145912546457e+00,4.358971517917344801e-02,9.990348370070424311e-01,5.415826521481993325e-03,2.382791963491439069e-01,-2.572624045488115796e-03,-5.308716109871968944e-03,9.999825994180026045e-01,6.174118423185576826e-02,0.000000000000000000e+00,0.000000000000000000e+00,0.000000000000000000e+00,1.000000000000000056e-01
9.989284830100813029e-01,-4.609442556138899916e-02,4.146053948419885400e-03,8.141701684287008689e+00,4.606464477553856574e-02,9.989138467696991874e-01,7.012505505554949073e-03,2.878559462750390208e-01,-4.464788111555440149e-03,-6.814004984409666871e-03,9.999668169510382842e-01,6.011660307935479813e-02,0.000000000000000000e+00,0.000000000000000000e+00,0.000000000000000000e+00,1.000000000000000056e-01
9.988909637098046801e-01,-4.700847670975338150e-02,2.654380591810756237e-03,8.954106987524568240e+00,4.699192427843636860e-02,9.988773246561767349e-01,5.987431864218031863e-03,3.247739058837646464e-01,-2.932860635507536159e-03,-5.856057133219020466e-03,9.999785522316692044e-01,5.766188472688490302e-02,0.000000000000000000e+00,0.000000000000000000e+00,0.000000000000000000e+00,1.000000000000000056e-01
9.987733286504882901e-01,-4.944136721947915009e-02,2.718305334618323355e-03,9.730520032038839418e+00,4.942193469544737400e-02,9.987548183388824663e-01,6.803323880629550194e-03,3.803171610616869480e-01,-3.051286184961596662e-03,-6.660634529413940116e-03,9.999731624400142183e-01,7.059345764884771002e-02,0.000000000000000000e+00,0.000000000000000000e+00,0.000000000000000000e+00,1.000000000000000056e-01
9.986124204497175416e-01,-5.250960272536119022e-02,3.996916959525048489e-03,1.055770479829064357e+01,5.248467151793262397e-02,9.986030622281797386e-01,6.106010494326197420e-03,4.298227967520849013e-01,-4.311957700547414292e-03,-5.887761045325334668e-03,9.999733702907601662e-01,7.121004604276164052e-02,0.000000000000000000e+00,0.000000000000000000e+00,0.000000000000000000e+00,1.000000000000000056e-01
9.985478455244786167e-01,-5.364877279807662991e-02,4.899936293711171405e-03,1.137411733710998618e+01,5.361681181269335739e-02,9.985408395486246036e-01,6.436555334193496715e-03,4.902361610424652572e-01,-5.238099795183523595e-03,-6.164489499403908411e-03,9.999672801545795853e-01,8.303397823652423904e-02,0.000000000000000000e+00,0.000000000000000000e+00,0.000000000000000000e+00,1.000000000000000056e-01
9.984321769826481896e-01,-5.587662619865502861e-02,3.315208944499987379e-03,1.223816264897210182e+01,5.584879797345116553e-02,9.984074708880656956e-01,7.964536384306115935e-03,5.477456037607540962e-01,-3.754960800135186735e-03,-7.766898966259106092e-03,9.999627870825180675e-01,8.531163342626449375e-02,0.000000000000000000e+00,0.000000000000000000e+00,0.000000000000000000e+00,1.000000000000000056e-01
9.982721343289276961e-01,-5.873192568544712000e-02,1.818440993405918884e-03,1.312591082335004522e+01,5.871243229533024133e-02,9.982309509254675417e-01,9.371174334264278927e-03,6.199045087884657024e-01,-2.365611196634820942e-03,-9.248217110126071006e-03,9.999544361439426376e-01,8.386942457718646327e-02,0.000000000000000000e+00,0.000000000000000000e+00,0.000000000000000000e+00,1.000000000000000056e-01
9.985041869960720184e-01,-5.464379500169400800e-02,1.855860750725956635e-03,1.399663593572460130e+01,5.461670650008885325e-02,9.984303807586167867e-01,1.240121563745492754e-02,6.688143248650703088e-01,-2.530597241047178193e-03,-1.228130473591247489e-02,9.999213797252197722e-01,8.728010877428524217e-02,0.000000000000000000e+00,0.000000000000000000e+00,0.000000000000000000e+00,1.000000000000000056e-01
9.973844148182287039e-01,-7.226051731973899550e-02,1.657321448347451624e-03,1.498932722591576727e+01,7.223443306329539737e-02,9.973099581436769556e-01,1.245126770580171592e-02,7.828789512876104251e-01,-2.552598229989806386e-03,-1.229898467927113652e-02,9.999211064969752982e-01,8.700639832429686582e-02,0.000000000000000000e+00,0.000000000000000000e+00,0.000000000000000000e+00,1.000000000000000056e-01
9.971690315864653043e-01,-7.511160853329930387e-02,3.488367591197259580e-03,1.596083019204721687e+01,7.506768096830067349e-02,9.971136747013802371e-01,1.136498999346554316e-02,8.530969018347508426e-01,-4.331941706941949168e-03,-1.107095240033774929e-02,9.999293316499907602e-01,9.933862864216473632e-02,0.000000000000000000e+00,0.000000000000000000e+00,0.000000000000000000e+00,1.000000000000000056e-01
9.970394149780068549e-01,-7.673293500777350618e-02,4.945873573656806889e-03,1.687921470038740779e+01,7.667418979064294371e-02,9.969939916849797079e-01,1.113773603561621361e-02,9.411163568535886315e-01,-5.785637411924031935e-03,-1.072554097206316823e-02,9.999257418281590759e-01,1.047385299999735314e-01,0.000000000000000000e+00,0.000000000000000000e+00,0.000000000000000000e+00,1.000000000000000056e-01
9.968376813752741761e-01,-7.921832613986115601e-02,6.252503016073729554e-03,1.775565453838348517e+01,7.914624250753071744e-02,9.968018937455834783e-01,1.103888228751722170e-02,1.017509049547471234e+00,-7.106988624344342566e-03,-1.050911170447401191e-02,9.999195214035359047e-01,1.126556909512812787e-01,0.000000000000000000e+00,0.000000000000000000e+00,0.000000000000000000e+00,1.000000000000000056e-01
9.969192939392701458e-01,-7.821960190916864286e-02,5.797865883094211609e-03,1.865766109759178093e+01,7.815774492664302742e-02,9.968885989588855967e-01,1.022194569404815713e-02,1.106502962653964195e+00,-6.579382920074898153e-03,-9.737306761186287005e-03,9.999309459044807280e-01,1.110124654968631386e-01,0.000000000000000000e+00,0.000000000000000000e+00,0.000000000000000000e+00,1.000000000000000056e-01
9.966360266177950455e-01,-8.172400671328683419e-02,6.149566994544728230e-03,1.958603990776625992e+01,8.167034554423280301e-02,9.966229548751278644e-01,8.522938146813055504e-03,1.195206765537204729e+00,-6.825328283632805040e-03,-7.992029948357119717e-03,9.999447696503668270e-01,1.209735502446335625e-01,0.000000000000000000e+00,0.000000000000000000e+00,0.000000000000000000e+00,1.000000000000000056e-01
9.965856506571177942e-01,-8.213620257685524950e-02,8.407444949747733612e-03,2.051561973363009628e+01,8.206790632348454073e-02,9.965932532389628618e-01,8.169843955681172637e-03,1.276045319493064545e+00,-9.049842872061708218e-03,-7.451967849783891137e-03,9.999312818984896767e-01,1.207853139388991165e-01,0.000000000000000000e+00,0.000000000000000000e+00,0.000000000000000000e+00,1.000000000000000056e-01
9.966003474354766523e-01,-8.156072026799078556e-02,1.164458676183087807e-02,2.143234080037285239e+01,8.146513320700997374e-02,9.966402820323670975e-01,8.460514287441260606e-03,1.364388505893134873e+00,-1.229550987358283068e-02,-7.483123666653636319e-03,9.998964062827400134e-01,1.161579210091956554e-01,0.000000000000000000e+00,0.000000000000000000e+00,0.000000000000000000e+00,1.000000000000000056e-01
9.966757206090247623e-01,-8.012935641884082194e-02,1.472393250404103494e-02,2.237919415703329307e+01,7.999120858843263016e-02,9.967479389809954515e-01,9.744366870121626625e-03,1.460659483670982972e+00,-1.545685922311010839e-02,-8.534188715984431309e-03,9.998441144128003000e-01,1.175402155686753464e-01,0.000000000000000000e+00,0.000000000000000000e+00,0.000000000000000000e+00,1.000000000000000056e-01
9.967269551160210517e-01,-7.885405537275540222e-02,1.781614145700156915e-02,2.333913137558922202e+01,7.866920731285508006e-02,9.968417361305731417e-01,1.084937458805461732e-02,1.538367667085473567e+00,-1.861539056567154682e-02,-9.412282372268803571e-03,9.997824144155728066e-01,1.150572619288675325e-01,0.000000000000000000e+00,0.000000000000000000e+00,0.000000000000000000e+00,1.000000000000000056e-01
9.969029813053806865e-01,-7.657282270744317221e-02,1.791783153894984867e-02,2.426165475599431787e+01,7.639810657764162238e-02,9.970247961390160674e-01,1.024134733834819802e-02,1.614689923201644506e+00,-1.864873121139938930e-02,-8.840741290630324545e-03,9.997870103765287286e-01,1.079122667765440580e-01,0.000000000000000000e+00,0.000000000000000000e+00,0.000000000000000000e+00,1.000000000000000056e-01
9.971253240046815680e-01,-7.398770096962281606e-02,1.633732945706104986e-02,2.522002003636843170e+01,7.385036738429293091e-02,9.972300103374773794e-01,8.856055528264317536e-03,1.687889773452586173e+00,-1.694731441154736021e-02,-7.624079455541819296e-03,9.998273160634748580e-01,9.621401887760368254e-02,0.000000000000000000e+00,0.000000000000000000e+00,0.000000000000000000e+00,1.000000000000000056e-01
9.973909746082080252e-01,-7.104396725453945849e-02,1.280618939516397527e-02,2.616399357896696642e+01,7.094447601818074101e-02,9.974476752333515384e-01,8.063280603345393538e-03,1.768147580683189002e+00,-1.334635128395253965e-02,-7.133714903080630443e-03,9.998854859528099048e-01,9.793480232095365390e-02,0.000000000000000000e+00,0.000000000000000000e+00,0.000000000000000000e+00,1.000000000000000056e-01
9.975171541443588197e-01,-6.959326815519295550e-02,1.078444320393340955e-02,2.712000830780133498e+01,6.952165367662946349e-02,9.975567220657004519e-01,6.879384536550201511e-03,1.836451032095776981e+00,-1.123685266461435864e-02,-6.112551759645127973e-03,9.999181815794627726e-01,9.163174169182819462e-02,0.000000000000000000e+00,0.000000000000000000e+00,0.000000000000000000e+00,1.000000000000000056e-01
9.976467377657286528e-01,-6.756988452692883063e-02,1.163173806517675199e-02,2.807957415377254051e+01,6.750615006427304610e-02,9.977020697574993102e-01,5.787892976022750678e-03,1.901687795485782262e+00,-1.199609640254801352e-02,-4.989058690730133021e-03,9.999155979203850908e-01,9.892052665635700515e-02,0.000000000000000000e+00,0.000000000000000000e+00,0.000000000000000000e+00,1.000000000000000056e-01
9.975355047293510413e-01,-6.840834382369417876e-02,1.559536147891422975e-02,2.907270894961850161e+01,6.833509610172180948e-02,9.976489625824707108e-01,5.182865895283971999e-03,1.954770534578560648e+00,-1.591324747269409062e-02,-4.104382221393943278e-03,9.998649521817701835e-01,9.276982436450734171e-02,0.000000000000000000e+00,0.000000000000000000e+00,0.000000000000000000e+00,1.000000000000000056e-01
9.974513421766605381e-01,-6.865476565683524546e-02,1.942532220025095652e-02,3.002187331257037783e+01,6.864568131872790524e-02,9.976404575538382336e-01,1.134851556794586004e-03,2.009929285068299709e+00,-1.945740029567612217e-02,2.015052687760046971e-04,9.998106665611047328e-01,9.249899374496602100e-02,0.000000000000000000e+00,0.000000000000000000e+00,0.000000000000000000e+00,1.000000000000000056e-01
9.974433320910316425e-01,-6.873393260538908367e-02,1.955622089611761330e-02,3.096873241166486324e+01,6.882111546532225510e-02,9.976217036592115450e-01,-3.819745305791419354e-03,2.062455730895461414e+00,-1.924716429110270507e-02,5.155860421904728125e-03,9.998014621763968712e-01,9.338899354496089933e-02,0.000000000000000000e+00,0.000000000000000000e+00,0.000000000000000000e+00,1.000000000000000056e-01
9.974795257360351552e-01,-6.849032498291761362e-02,1.853836889126571005e-02,3.193327445727102898e+01,6.860924430561633758e-02,9.976264231762278500e-01,-5.855883914338069762e-03,2.105893616687053438e+00,-1.809329525615960624e-02,7.113027789927702307e-03,9.998110008908849267e-01,8.540388306134090446e-02,0.000000000000000000e+00,0.000000000000000000e+00,0.000000000000000000e+00,1.000000000000000056e-01
9.974624515826041593e-01,-6.909474321298267330e-02,1.716316238788875154e-02,3.292478330690452282e+01,6.919518464792076551e-02,9.975889116573919413e-01,-5.328204177815761694e-03,2.186027492700411745e+00,-1.675362958768050053e-02,6.502291792308994775e-03,9.998385050082270187e-01,8.363997095415383332e-02,0.000000000000000000e+00,0.000000000000000000e+00,0.000000000000000000e+00,1.000000000000000056e-01
9.974556079272225428e-01,-6.954108720023048640e-02,1.569545811834864926e-02,3.388394062953767616e+01,6.966698054812571483e-02,9.975411900784771912e-01,-7.621411819499180999e-03,2.257200199325707146e+00,-1.512686470627574997e-02,8.695475135107192180e-03,9.998477717514465679e-01,7.002170060729739909e-02,0.000000000000000000e+00,0.000000000000000000e+00,0.000000000000000000e+00,1.000000000000000056e-01
9.974605218130865314e-01,-6.914988667202418005e-02,1.705287652014760361e-02,3.486306275185655323e+01,6.930465233610039189e-02,9.975579754731461746e-01,-8.657409225058785435e-03,2.330257483319441381e+00,-1.641257411064584240e-02,9.817267601735842758e-03,9.998171076091358911e-01,6.944188416275001718e-02,0.000000000000000000e+00,0.000000000000000000e+00,0.000000000000000000e+00,1.000000000000000056e-01
9.974197133449511643e-01,-6.923010729996298407e-02,1.900283331798506212e-02,3.585853266271485040e+01,6.936291890729118226e-02,9.975708311280173657e-01,-6.420464408226101219e-03,2.406209371678386333e+00,-1.851218278691245042e-02,7.721989756038508124e-03,9.997988147435821205e-01,5.570198605150721710e-02,0.000000000000000000e+00,0.000000000000000000e+00,0.000000000000000000e+00,1.000000000000000056e-01
9.972214371183730774e-01,-7.173946878608984667e-02,2.007122243054475924e-02,3.684454315977701810e+01,7.186876685052907832e-02,9.973972583509466139e-01,-5.795635029859498924e-03,2.482833851418603466e+00,-1.960320644565718973e-02,7.222025498756005218e-03,9.997817545068244938e-01,5.314215133497176419e-02,0.000000000000000000e+00,0.000000000000000000e+00,0.000000000000000000e+00,1.000000000000000056e-01
9.971562096411246134e-01,-7.212105612985818259e-02,2.186428221687888168e-02,3.784240337361718076e+01,7.226621939335219069e-02,9.973677946459674759e-01,-5.922477322138811930e-03,2.551798754847314221e+00,-2.137959561678774711e-02,7.485684053792593905e-03,9.997434057924610151e-01,4.579155750664704733e-02,0.000000000000000000e+00,0.000000000000000000e+00,0.000000000000000000e+00,1.000000000000000056e-01
9.971708471178126754e-01,-7.114289169736835727e-02,2.426912893534595439e-02,3.883141007171736447e+01,7.131192684692731765e-02,9.974349738922699826e-01,-6.171057114072598347e-03,2.621633133409893457e+00,-2.376785113809018468e-02,7.884276597328215494e-03,9.996864145494898102e-01,4.671429867633743183e-02,0.000000000000000000e+00,0.000000000000000000e+00,0.000000000000000000e+00,1.000000000000000056e-01
9.972995478353261500e-01,-6.909823778240585523e-02,2.488062344114580493e-02,3.983441864636261442e+01,6.923836252608191189e-02,9.975885291175147218e-01,-4.814117557812162482e-03,2.694999456456164122e+00,-2.448797750245724353e-02,6.523810889325158333e-03,9.996788378520971019e-01,2.666727960473065304e-02,0.000000000000000000e+00,0.000000000000000000e+00,0.000000000000000000e+00,1.000000000000000056e-01
9.973265566720379560e-01,-6.898532968685110178e-02,2.409903825244467251e-02,4.083173539446528366e+01,6.915191539964939127e-02,9.975871967595631995e-01,-6.147963724374123397e-03,2.773752631704430094e+00,-2.361677271042901538e-02,7.798022146220611080e-03,9.996906716066480403e-01,2.421022717572406807e-02,0.000000000000000000e+00,0.000000000000000000e+00,0.000000000000000000e+00,1.000000000000000056e-01
9.973368241269203738e-01,-6.962721028829174652e-02,2.170969432991596421e-02,4.183093066001983118e+01,6.974990443668468987e-02,9.975522501007492160e-01,-4.945619274236954382e-03,2.847536862037503891e+00,-2.131220475459402047e-02,6.446697325169642445e-03,9.997520842799458851e-01,3.017295782996210624e-02,0.000000000000000000e+00,0.000000000000000000e+00,0.000000000000000000e+00,1.000000000000000056e-01
9.974658861285128353e-01,-6.858188436991426162e-02,1.892963671421912797e-02,4.284392727361692721e+01,6.860720426996126664e-02,9.976435107360236421e-01,-6.906580639073997985e-04,2.912219299073986800e+00,-1.883766259705305091e-02,1.987617310535786871e-03,9.998205798268539057e-01,3.273000510719367706e-02,0.000000000000000000e+00,0.000000000000000000e+00,0.000000000000000000e+00,1.000000000000000056e-01
9.975367568219237757e-01,-6.734051447198639850e-02,1.963858192045020087e-02,4.386499594850874217e+01,6.738172328157961133e-02,9.977262248006976142e-01,-1.443507032347405260e-03,2.990460650075681404e+00,-1.949672169372780942e-02,2.763232816103878067e-03,9.998061023956601456e-01,3.229239033869477776e-02,0.000000000000000000e+00,0.000000000000000000e+00,0.000000000000000000e+00,1.000000000000000056e-01
9.975347225603402590e-01,-6.698247917151955999e-02,2.092426272301779050e-02,4.484557699296912858e+01,6.707682645326737414e-02,9.977404264320338667e-01,-3.839377056426954843e-03,3.064109345031955201e+00,-2.061981181832595045e-02,5.233445066121835201e-03,9.997736915989121620e-01,3.086868112083854601e-02,0.000000000000000000e+00,0.000000000000000000e+00,0.000000000000000000e+00,1.000000000000000056e-01
9.975055293186573246e-01,-6.678726284842687044e-02,2.285126910962526417e-02,4.581908389810876514e+01,6.689181021779017078e-02,9.977528417771543978e-01,-3.840892005744605577e-03,3.133996338953541017e+00,-2.254339602838302883e-02,5.359873769762776331e-03,9.997314974775375340e-01,2.412681268202714752e-02,0.000000000000000000e+00,0.000000000000000000e+00,0.000000000000000000e+00,1.000000000000000056e-01
9.972820731411631279e-01,-7.088901247216757018e-02,2.008020174162907651e-02,4.672199899867200656e+01,7.094039279315843272e-02,9.974788275846218077e-01,-1.857199709443731108e-03,3.201703414772269163e+00,-1.989792103753679209e-02,3.276649375388240425e-03,9.997966474775031864e-01,2.557306155763868286e-02,0.000000000000000000e+00,0.000000000000000000e+00,0.000000000000000000e+00,1.000000000000000056e-01
9.975294990379470761e-01,-6.876140674482049409e-02,1.437941207336982351e-02,4.766315183857599891e+01,6.877200462725956143e-02,9.976323732741172456e-01,-2.432591225282950288e-04,3.270911176331544823e+00,-1.432864015357387423e-02,1.231559144279121979e-03,9.998965813189999441e-01,1.218672683532482162e-02,0.000000000000000000e+00,0.000000000000000000e+00,0.000000000000000000e+00,1.000000000000000056e-01
9.977192297738470828e-01,-6.596722996695843222e-02,1.430605151562597266e-02,4.860581841904321010e+01,6.598462478057250113e-02,9.978203603727808790e-01,-7.468052629943039769e-04,3.347627386736257815e+00,-1.422560480430899374e-02,1.689081413135852614e-03,9.998973843209769674e-01,9.196991902467957850e-03,0.000000000000000000e+00,0.000000000000000000e+00,0.000000000000000000e+00,1.000000000000000056e-01
9.978212498471451530e-01,-6.361318197129389729e-02,1.749618338290486255e-02,4.956913297695564324e+01,6.362600920504177249e-02,9.979737970783854051e-01,-1.769112475865432547e-04,3.427990126404883320e+00,-1.744947867763182656e-02,1.289738127152626011e-03,9.998469144171232559e-01,5.587013914169726946e-03,0.000000000000000000e+00,0.000000000000000000e+00,0.000000000000000000e+00,1.000000000000000056e-01
9.978984158661341475e-01,-6.147587639531347514e-02,2.048092364343449823e-02,5.056744249639413624e+01,6.154657592501058816e-02,9.981001745462013686e-01,-2.839113021563980516e-03,3.511429645811377398e+00,-2.026747650219340446e-02,4.093677108718595317e-03,9.997862127494870910e-01,1.182779507809847593e-02,0.000000000000000000e+00,0.000000000000000000e+00,0.000000000000000000e+00,1.000000000000000056e-01
9.980732460919898852e-01,-5.817898366982818953e-02,2.156388866934992599e-02,5.150103602580011142e+01,5.830004981037002071e-02,9.982864421380680531e-01,-5.028283546709194987e-03,3.565860360502238535e+00,-2.123439727203547261e-02,6.275771065263363591e-03,9.997548274802326995e-01,-2.406752075386710721e-04,0.000000000000000000e+00,0.000000000000000000e+00,0.000000000000000000e+00,1.000000000000000056e-01
9.981752961495010679e-01,-5.680134999706493160e-02,2.048620988291172118e-02,5.244308430116868180e+01,5.695927045265357369e-02,9.983504766032536004e-01,-7.208840097953288055e-03,3.610679325989527122e+00,-2.004294555092248076e-02,8.362565668939515515e-03,9.997641461010068342e-01,8.154642722270173064e-04,0.000000000000000000e+00,0.000000000000000000e+00,0.000000000000000000e+00,1.000000000000000056e-01
9.981655459628171467e-01,-5.724853531333746331e-02,1.970147347861793061e-02,5.341887731101165571e+01,5.743366235279644821e-02,9.983090967526099258e-01,-8.962241334232255718e-03,3.679973627874439934e+00,-1.915508500362511982e-02,1.007732829005798456e-02,9.997657376470941992e-01,1.242698407774794032e-02,0.000000000000000000e+00,0.000000000000000000e+00,0.000000000000000000e+00,1.000000000000000056e-01
9.982156321268772503e-01,-5.595156537262363505e-02,2.085603293754165546e-02,5.438360111166115729e+01,5.610004722735428828e-02,9.984033168118113810e-01,-6.603156840671541711e-03,3.723107101358884119e+00,-2.045327549874145431e-02,7.761398812515200168e-03,9.997606834687217114e-01,8.608785171328283900e-03,0.000000000000000000e+00,0.000000000000000000e+00,0.000000000000000000e+00,1.000000000000000056e-01
9.981258636503832493e-01,-5.594413315856432839e-02,2.479948139202619098e-02,5.533360591735115719e+01,5.616045190837979512e-02,9.983887915178976113e-01,-8.113236892797033584e-03,3.781378836832603341e+00,-2.430563625217800269e-02,9.490781662692838322e-03,9.996595225924714834e-01,8.739013692599908317e-03,0.000000000000000000e+00,0.000000000000000000e+00,0.000000000000000000e+00,1.000000000000000056e-01
9.979264632361186660e-01,-5.714298850470401342e-02,2.962183042627243232e-02,5.629649514210677808e+01,5.746066504703053329e-02,9.982978294703344080e-01,-9.985772237147206784e-03,3.833657022980689000e+00,-2.900079215132818009e-02,1.166715644750171248e-02,9.995112963418797403e-01,1.545187738107836606e-02,0.000000000000000000e+00,0.000000000000000000e+00,0.000000000000000000e+00,1.000000000000000056e-01
9.979326180136461888e-01,-5.583146262003043508e-02,3.183296539969718980e-02,5.726023422382913708e+01,5.606755518671207444e-02,9.984053465228187596e-01,-6.572160225916574144e-03,3.897211152423385894e+00,-3.141526953274745987e-02,8.343369604558300776e-03,9.994715949059416182e-01,3.026289191791860320e-03,0.000000000000000000e+00,0.000000000000000000e+00,0.000000000000000000e+00,1.000000000000000056e-01
9.978343279839890778e-01,-5.850623021123560474e-02,3.006118632407697375e-02,5.815375174176896422e+01,5.870241130008986563e-02,9.982593403093001916e-01,-5.684750900064205158e-03,3.954348857896959668e+00,-2.967626668393535602e-02,7.437103717886546679e-03,9.995318947807485532e-01,-8.297494223598664634e-03,0.000000000000000000e+00,0.000000000000000000e+00,0.000000000000000000e+00,1.000000000000000056e-01
9.977122634035867632e-01,-6.241600792054068092e-02,2.597077991426004206e-02,5.906644039305675875e+01,6.257257310024359753e-02,9.980265588277209554e-01,-5.259369744781455976e-03,4.006975005287680247e+00,-2.559125924425371262e-02,6.872396216797625225e-03,9.996488671631318379e-01,-1.642253129578079632e-02,0.000000000000000000e+00,0.000000000000000000e+00,0.000000000000000000e+00,1.000000000000000056e-01
9.977071956820768861e-01,-6.435034554560500886e-02,2.096150548904037944e-02,6.001263564948098406e+01,6.449208084261878748e-02,9.978992268428605872e-01,-6.156669148993280417e-03,4.077522033878259400e+00,-2.052128633382808640e-02,7.494404217966634842e-03,9.997613268738808623e-01,-2.430439883283548597e-02,0.000000000000000000e+00,0.000000000000000000e+00,0.000000000000000000e+00,1.000000000000000056e-01
9.977661235062930123e-01,-6.307821689951030597e-02,2.199775752214768246e-02,6.092248879277598661e+01,6.315736729595226862e-02,9.979993047078763446e-01,-2.921430957533743735e-03,4.146179021653312979e+00,-2.176946805663958553e-02,4.304225293103299509e-03,9.997537516334495944e-01,-4.541948543017036710e-02,0.000000000000000000e+00,0.000000000000000000e+00,0.000000000000000000e+00,1.000000000000000056e-01
9.975781092357594027e-01,-6.535370735704564005e-02,2.380774891284073019e-02,6.184883562147268066e+01,6.543062357910463256e-02,9.978540752666325009e-01,-2.465354299722844096e-03,4.204387896108232603e+00,-2.359553923216733962e-02,4.017139338295683433e-03,9.997135155232622639e-01,-4.501016861321855550e-02,0.000000000000000000e+00,0.000000000000000000e+00,0.000000000000000000e+00,1.000000000000000056e-01
9.975264479514471816e-01,-6.602630468705546207e-02,2.411457498569601413e-02,6.273636391048771799e+01,6.604793068355384322e-02,9.978164464168666203e-01,-1.005606126306022533e-04,4.277317492627640050e+00,-2.405527987343119081e-02,1.693029647839837523e-03,9.997091962970143797e-01,-4.290313724910981008e-02,0.000000000000000000e+00,0.000000000000000000e+00,0.000000000000000000e+00,1.000000000000000056e-01
9.974241165008180809e-01,-6.765557530993779323e-02,2.382970734280769401e-02,6.356852849998820432e+01,6.765341758221871116e-02,9.977084791173603806e-01,8.976562647181642041e-04,4.340474778968109959e+00,-2.383583252182453968e-02,7.168171349670924251e-04,9.997156291972165709e-01,-4.705821588413732631e-02,0.000000000000000000e+00,0.000000000000000000e+00,0.000000000000000000e+00,1.000000000000000056e-01
9.972238804321430505e-01,-7.013792499863016894e-02,2.500407512277741384e-02,6.438305323141999281e+01,7.010910786144414208e-02,9.975372668363194917e-01,2.028365745594099771e-03,4.397918888588270292e+00,-2.508476212227966212e-02,-2.697213599985314207e-04,9.996852914590954597e-01,-5.099758641896286887e-02,0.000000000000000000e+00,0.000000000000000000e+00,0.000000000000000000e+00,1.000000000000000056e-01
9.971324664512112301e-01,-7.116161618534845579e-02,2.574623721659856021e-02,6.518456749436307973e+01,7.113846755117604614e-02,9.974647983323851053e-01,1.815081872679743646e-03,4.446019170902832052e+00,-2.581012947264084770e-02,2.167079628184124650e-05,9.996668628833218495e-01,-5.800818017755517142e-02,0.000000000000000000e+00,0.000000000000000000e+00,0.000000000000000000e+00,1.000000000000000056e-01
9.970679814852843048e-01,-7.179490183353266775e-02,2.647512733820458347e-02,6.597903121030408613e+01,7.176927215538429772e-02,9.974194162507490358e-01,1.918244067202815734e-03,4.505202226443601354e+00,-2.654452619933384688e-02,-1.251912079797406086e-05,9.996476319044248493e-01,-6.434587257478835420e-02,0.000000000000000000e+00,0.000000000000000000e+00,0.000000000000000000e+00,1.000000000000000056e-01
9.968258233432979454e-01,-7.484165354114739876e-02,2.714783253195360291e-02,6.672588064850876322e+01,7.482015732281090126e-02,9.971954044017131702e-01,1.808175404557199779e-03,4.564852735814924678e+00,-2.720702067750094960e-02,2.287691646172606641e-04,9.996297943191385649e-01,-7.280873448733012065e-02,0.000000000000000000e+00,0.000000000000000000e+00,0.000000000000000000e+00,1.000000000000000056e-01
9.968575056182378269e-01,-7.378171837173809477e-02,2.883351394988828767e-02,6.751108835534121511e+01,7.372758148729134653e-02,9.972740916392880406e-01,2.937664560118198771e-03,4.638324907832260813e+00,-2.897166237238886152e-02,-8.026077164371852885e-04,9.995799110627593409e-01,-8.489597271557038083e-02,0.000000000000000000e+00,0.000000000000000000e+00,0.000000000000000000e+00,1.000000000000000056e-01
9.966176276095158881e-01,-7.538419952330589757e-02,3.271890585289533027e-02,6.824486207867330734e+01,7.533683872742137633e-02,9.971545417679411605e-01,2.679657091099828421e-03,4.706899340497803230e+00,-3.282780937770175822e-02,-2.056545593616680885e-04,9.994610010589024540e-01,-9.055253703463160553e-02,0.000000000000000000e+00,0.000000000000000000e+00,0.000000000000000000e+00,1.000000000000000056e-01
9.963561852915392425e-01,-7.880519379197874208e-02,3.262044547060444222e-02,6.895919009095122476e+01,7.861493873904558394e-02,9.968799403607430110e-01,7.076433665171119602e-03,4.773044225601983825e+00,-3.307632746161691395e-02,-4.486194129786577958e-03,9.994427600537620915e-01,-9.449127534040806242e-02,0.000000000000000000e+00,0.000000000000000000e+00,0.000000000000000000e+00,1.000000000000000056e-01
9.964112822116136803e-01,-7.922992432606779101e-02,2.978549601221106360e-02,6.961779469584831759e+01,7.897666030798750070e-02,9.968303632631825284e-01,9.587179104845397482e-03,4.829879934081332316e+00,-3.045067828480379005e-02,-7.200414423990084828e-03,9.995103352262637575e-01,-9.793859118523895457e-02,0.000000000000000000e+00,0.000000000000000000e+00,0.000000000000000000e+00,1.000000000000000056e-01
9.965596939226329942e-01,-7.940558807129807772e-02,2.373876643550517848e-02,7.029264146776984035e+01,7.921250716589137153e-02,9.968174154718312252e-01,8.967659703190820897e-03,4.891760006448492959e+00,-2.437529809708487497e-02,-7.056401002632297498e-03,9.996779741734677094e-01,-1.050063507418692588e-01,0.000000000000000000e+00,0.000000000000000000e+00,0.000000000000000000e+00,1.000000000000000056e-01
9.965881802122515953e-01,-8.034412536374753444e-02,1.888969509460463117e-02,7.102855563399545247e+01,8.020857915640684788e-02,9.967473614329643850e-01,7.828237741278800538e-03,4.953853397935179537e+00,-1.945720665828290161e-02,-6.286413600613921689e-03,9.997909272008317361e-01,-1.076239976487516348e-01,0.000000000000000000e+00,0.000000000000000000e+00,0.000000000000000000e+00,1.000000000000000056e-01
9.963560354982664569e-01,-8.358697782187506087e-02,1.696666333674999236e-02,7.174078946957601488e+01,8.344179546175507778e-02,9.964711663225831462e-01,9.092934500447458213e-03,5.018389653758681845e+00,-1.766684171819854141e-02,-7.644071318097686758e-03,9.998147082721817736e-01,-1.167869383190649618e-01,0.000000000000000000e+00,0.000000000000000000e+00,0.000000000000000000e+00,1.000000000000000056e-01
9.963555233896873586e-01,-8.297517801584766706e-02,1.976843049158413107e-02,7.242955352819632253e+01,8.273940103761612264e-02,9.964932993966234553e-01,1.246177248901143494e-02,5.093288337572627889e+00,-2.073312631512020526e-02,-1.078072775232477576e-02,9.997269194046599639e-01,-1.139593000221485880e-01,0.000000000000000000e+00,0.000000000000000000e+00,0.000000000000000000e+00,1.000000000000000056e-01
9.962172278199359354e-01,-8.456920308262547148e-02,1.998211412066925111e-02,7.303832836018440844e+01,8.436011474614688033e-02,9.963736579489201883e-01,1.108624307441765169e-02,5.144850159025047276e+00,-2.084720688194776836e-02,-9.358612902444059245e-03,9.997388710707229009e-01,-1.160997679413867389e-01,0.000000000000000000e+00,0.000000000000000000e+00,0.000000000000000000e+00,1.000000000000000056e-01
9.964228183042814768e-01,-8.247745873636873337e-02,1.841292923310610535e-02,7.363898770182110809e+01,8.234299748921795892e-02,9.965723691411381147e-01,7.946309137571987147e-03,5.192518808717554890e+00,-1.900520789266519489e-02,-6.401707960365739594e-03,9.997988898814335057e-01,-1.128997866435254294e-01,0.000000000000000000e+00,0.000000000000000000e+00,0.000000000000000000e+00,1.000000000000000056e-01
9.965272784288069507e-01,-8.191529094506128095e-02,1.494217041333297837e-02,7.427967165890942169e+01,8.191314220469206320e-02,9.966391846603971372e-01,7.567916573464164879e-04,5.228236029674982355e+00,-1.495394534659721768e-02,4.697965992810359008e-04,9.998880731410522138e-01,-1.016997251377098621e-01,0.000000000000000000e+00,0.000000000000000000e+00,0.000000000000000000e+00,1.000000000000000056e-01
9.967413439021215460e-01,-8.010496129880380345e-02,9.480956255030472887e-03,7.488459685725902659e+01,8.012939677154272411e-02,9.967819855639592497e-01,-2.225539979351848219e-03,5.272963136345365065e+00,-9.272169607019391593e-03,2.977991015460037909e-03,9.999525780957267962e-01,-9.934877260146041111e-02,0.000000000000000000e+00,0.000000000000000000e+00,0.000000000000000000e+00,1.000000000000000056e-01
9.969253329781999629e-01,-7.787788103345151536e-02,8.655409409418855782e-03,7.546461064860616830e+01,7.788424039580953140e-02,9.969623289892326490e-01,-3.995927086508250787e-04,5.314387857380772573e+00,-8.597997689743397398e-03,1.072484081294714734e-03,9.999624614022381008e-01,-9.021933998753044193e-02,0.000000000000000000e+00,0.000000000000000000e+00,0.000000000000000000e+00,1.000000000000000056e-01
9.973541728606597490e-01,-7.187795043113318072e-02,1.087263166159559494e-02,7.604468617122930141e+01,7.184862243238784862e-02,9.974108390655815892e-01,3.064892993339876984e-03,5.374864639923211840e+00,-1.106477889509508220e-02,-2.275600209178516541e-03,9.999361941202501436e-01,-9.617805726330450056e-02,0.000000000000000000e+00,0.000000000000000000e+00,0.000000000000000000e+00,1.000000000000000056e-01
9.977201345307480373e-01,-6.582023644522962125e-02,1.490736818624077524e-02,7.659333749548304127e+01,6.579457048814608966e-02,9.978307508265427117e-01,2.206172980184606391e-03,5.401232609546577024e+00,-1.502024121731917496e-02,-1.220319315665521591e-03,9.998864451399175346e-01,-8.859359935402899566e-02,0.000000000000000000e+00,0.000000000000000000e+00,0.000000000000000000e+00,1.000000000000000056e-01
9.981249190500659507e-01,-5.822999888777052879e-02,1.886566195047322675e-02,7.717955903713769317e+01,5.826618499874847146e-02,9.983001375855358184e-01,-1.373674776591515129e-03,5.414981728402150196e+00,-1.875360384008654957e-02,2.470329174516646201e-03,9.998210839029043617e-01,-8.475824074571210176e-02,0.000000000000000000e+00,0.000000000000000000e+00,0.000000000000000000e+00,1.000000000000000056e-01
9.986110483131992455e-01,-4.772901998262269602e-02,2.231400542958724212e-02,7.772763127562201646e+01,4.782188390263069494e-02,9.988492232389242220e-01,-3.646457870467629050e-03,5.427848092976740091e+00,-2.211428513012701422e-02,4.708490893713987435e-03,9.997443615778421888e-01,-7.668170775970481468e-02,0.000000000000000000e+00,0.000000000000000000e+00,0.000000000000000000e+00,1.000000000000000056e-01
9.990989863916734937e-01,-3.704945952930769476e-02,2.070152022719222093e-02,7.822675641881902209e+01,3.705251087395299708e-02,9.993132920214130577e-01,2.362779332146033460e-04,5.436983788628974246e+00,-2.069605829780763254e-02,5.309782597439679629e-04,9.997856726484039003e-01,-6.940656206687378926e-02,0.000000000000000000e+00,0.000000000000000000e+00,0.000000000000000000e+00,1.000000000000000056e-01
9.995644926191404878e-01,-2.135508085439173989e-02,2.036628627763694896e-02,7.871794007538565552e+01,2.127193170428727867e-02,9.997645199112124015e-01,4.290646602916060350e-03,5.453133447131263800e+00,-2.045311752785891266e-02,-3.855547743883973918e-03,9.997833789051437936e-01,-7.019167305506887611e-02,0.000000000000000000e+00,0.000000000000000000e+00,0.000000000000000000e+00,1.000000000000000056e-01
9.997812551039217954e-01,-2.576807960763882049e-03,2.075577036778202336e-02,7.919503207696320146e+01,2.393677836674125252e-03,9.999580339626223946e-01,8.843111444569442745e-03,5.454588699698287968e+00,-2.077768633031525439e-02,-8.791494431563033965e-03,9.997454662945057802e-01,-6.728999878530522727e-02,0.000000000000000000e+00,0.000000000000000000e+00,0.000000000000000000e+00,1.000000000000000056e-01
9.995404550114196374e-01,2.055519304175390874e-02,2.227920183894548795e-02,7.968366280575111205e+01,-2.074366431292351889e-02,9.997506915992493415e-01,8.261660710502605198e-03,5.454305026121382127e+00,-2.210382741601516626e-02,-8.720016389832694476e-03,9.997176512034405826e-01,-7.395560756437975780e-02,0.000000000000000000e+00,0.000000000000000000e+00,0.000000000000000000e+00,1.000000000000000056e-01
9.986716258480664576e-01,4.620071768076113722e-02,2.281397404579497273e-02,8.017671103402925326e+01,-4.633468146511179192e-02,9.989114923585434846e-01,5.378450292978339403e-03,5.427965017073887566e+00,-2.254065259716823977e-02,-6.428383918996924754e-03,9.997252596892226562e-01,-6.809843140794348548e-02,0.000000000000000000e+00,0.000000000000000000e+00,0.000000000000000000e+00,1.000000000000000056e-01
9.969985008018353856e-01,7.361080919883153384e-02,2.398829231074591298e-02,8.064770552703643602e+01,-7.375830230573418578e-02,9.972619478520815539e-01,5.321673350366215062e-03,5.396258551328659614e+00,-2.353087843384726527e-02,-7.075036068126512069e-03,9.996980752331007247e-01,-7.160605828566697639e-02,0.000000000000000000e+00,0.000000000000000000e+00,0.000000000000000000e+00,1.000000000000000056e-01
9.940672259192504523e-01,1.056030786365659280e-01,2.604496372977436677e-02,8.111290064785573861e+01,-1.057701695203536740e-01,9.943774233973907695e-01,5.119675497720696002e-03,5.340682600059552421e+00,-2.535787043191203502e-02,-7.844081848475667473e-03,9.996476623226369096e-01,-7.985233471535164995e-02,0.000000000000000000e+00,0.000000000000000000e+00,0.000000000000000000e+00,1.000000000000000056e-01
