1.000000000000000000e+00,2.821698370470834810e-13,3.969561514894913718e-13,-2.072784444427323537e-20,-2.821698370469971481e-13,1.000000000000000000e+00,-2.176043403509431413e-13,-3.992579583964906871e-20,-3.969561514895527641e-13,2.176043403508311104e-13,1.000000000000000000e+00,-1.503737392402512687e-19,0.000000000000000000e+00,0.000000000000000000e+00,0.000000000000000000e+00,1.000000000000000056e-01
9.999921175589244760e-01,-2.573285799068271429e-03,-3.023742749390437995e-03,6.404689938057447351e-01,2.562219924323557059e-03,9.999900275171847985e-01,-3.657853911715904134e-03,1.839811602374039762e-02,3.033125298693917053e-03,3.650077584979464877e-03,9.999887384788620492e-01,1.252830378549603363e-04,0.000000000000000000e+00,0.000000000000000000e+00,0.000000000000000000e+00,1.000000000000000056e-01
9.999682949185697556e-01,-6.617013915292745824e-03,-4.429930529162493663e-03,1.293088259255873007e+00,6.603304968759122345e-03,9.999733862357649272e-01,-3.102125669154379758e-03,2.833641433636302498e-02,4.450339440755594553e-03,3.072775133732955511e-03,9.999853761589914125e-01,8.882239415201411553e-03,0.000000000000000000e+00,0.000000000000000000e+00,0.000000000000000000e+00,1.000000000000000056e-01
9.999376975465766870e-01,-1.002140954223932831e-02,-4.916541064372224532e-03,1.980492475033049260e+00,9.999291034121941812e-03,9.999398670633339314e-01,-4.502936394944184045e-03,5.461359271785270336e-02,4.961371188076175304e-03,4.453493925975300985e-03,9.999777753469251129e-01,9.314212306625838100e-03,0.000000000000000000e+00,0.000000000000000000e+00,0.000000000000000000e+00,1.000000000000000056e-01
9.998014345700146910e-01,-1.947533534391664156e-02,-4.219329921051431266e-03,2.698722236026400711e+00,1.947130955632581095e-02,9.998099228439256692e-01,-9.931198242128338235e-04,4.803556153904503523e-02,4.237869264432735268e-03,9.107667459348518920e-04,9.999906054398871591e-01,1.319202872166781032e-02,0.000000000000000000e+00,0.000000000000000000e+00,0.000000000000000000e+00,1.000000000000000056e-01
9.996637837373858471e-01,-2.561007517820078350e-02,-4.055062665362350188e-03,3.415441742991807139e+00,2.560605476909610240e-02,9.996715699392828558e-01,-1.040295290557449737e-03,7.800564771062806768e-02,4.080372901483657333e-03,9.361113696614583408e-04,9.999912370878498713e-01,1.808388806490195122e-02,0.000000000000000000e+00,0.000000000000000000e+00,0.000000000000000000e+00,1.000000000000000056e-01
9.995334749525046636e-01,-3.000453132448441945e-02,-5.706185185276674982e-03,4.138816416519691899e+00,3.000418728935741464e-02,9.995497623712000790e-01,-1.459067596668372840e-04,8.432261373225767576e-02,5.707993909930240278e-03,-2.537075849794410287e-05,9.999837089482251917e-01,2.506029379438594329e-02,0.000000000000000000e+00,0.000000000000000000e+00,0.000000000000000000e+00,1.000000000000000056e-01
9.994527834902783292e-01,-3.258697266951440102e-02,-5.676511760864460382e-03,4.881638846553135735e+00,3.258425096825667139e-02,9.994688290216058313e-01,-5.713169152695846131e-04,1.105139500955478055e-01,5.692114051262096852e-03,3.860393973809977584e-04,9.999837252731721415e-01,3.970406827891503204e-02,0.000000000000000000e+00,0.000000000000000000e+00,0.000000000000000000e+00,1.000000000000000056e-01
9.992980080647930752e-01,-3.714042404862986924e-02,-4.907135541702955031e-03,5.640315495232756327e+00,3.714930813544460586e-02,9.993082255433973771e-01,1.731839012220532303e-03,1.511762767375597338e-01,4.839419675382287608e-03,-1.912919965501991846e-03,9.999864602855436102e-01,3.880682053188280051e-02,0.000000000000000000e+00,0.000000000000000000e+00,0.000000000000000000e+00,1.000000000000000056e-01
9.991602516561888248e-01,-4.093064056594836880e-02,-1.863913410688956178e-03,6.422885208282862912e+00,4.093354713198912170e-02,9.991606706088431711e-01,1.548879491755402208e-03,2.029471973304852461e-01,1.798952343623784521e-03,-1.623875410213820479e-03,9.999970633952469656e-01,4.889830172216125953e-02,0.000000000000000000e+00,0.000000000000000000e+00,0.000000000000000000e+00,1.000000000000000056e-01
9.990317934970383007e-01,-4.398029150469285470e-02,-1.099791458938288984e-03,7.215415457314458436e+00,4.397950987285676600e-02,9.990321701358999551e-01,-7.250826831800901307e-04,2.266527779865335768e-01,1.130616395691311834e-03,6.760123640845903080e-04,9.999991323565482482e-01,6.019306163926860243e-02,0.000000000000000000e+00,0.000000000000000000e+00,0.000000000000000000e+00,1.000000000000000056e-01
9.989378024289790048e-01,-4.607552760619766652e-02,5.591369891362199876e-04,8.018800403908137753e+00,4.607594325701364069e-02,9.989376545975199306e-01,-7.547716093978230033e-04,2.662925333489375990e-01,-5.237664924012709611e-04,7.797326570119830075e-04,9.999995588427251780e-01,6.175177604043374097e-02,0.000000000000000000e+00,0.000000000000000000e+00,0.000000000000000000e+00,1.000000000000000056e-01
9.988851321112632853e-01,-4.718981183291338921e-02,1.270632219888687608e-03,8.858582048950340848e+00,4.719256069027764899e-02,9.988833254981851484e-01,-2.228061305514703310e-03,3.148772043747323779e-01,-1.164071543528119460e-03,2.285541699663167555e-03,9.999967106128803129e-01,7.648723645835953100e-02,0.000000000000000000e+00,0.000000000000000000e+00,0.000000000000000000e+00,1.000000000000000056e-01
9.986777034015847931e-01,-5.137186424770056464e-02,1.943268445677969521e-03,9.666679745818045788e+00,5.138074971908102723e-02,9.986674166810015629e-01,-4.838328016981107739e-03,3.519873123037778884e-01,-1.692124948488723472e-03,4.931776901946603904e-03,9.999864070524899784e-01,8.252948452294751880e-02,0.000000000000000000e+00,0.000000000000000000e+00,0.000000000000000000e+00,1.000000000000000056e-01
9.986435495043025634e-01,-5.203881013519268128e-02,1.738756210902058126e-03,1.047789552766277232e+01,5.204851309009490834e-02,9.986259252593704394e-01,-6.100302039777056803e-03,4.148489496672544963e-01,-1.418914570297258055e-03,6.182526957454916386e-03,9.999798813185506452e-01,9.277972129732352247e-02,0.000000000000000000e+00,0.000000000000000000e+00,0.000000000000000000e+00,1.000000000000000056e-01
9.985294189120337283e-01,-5.420589994100644127e-02,8.485156344033741157e-04,1.126637557565415904e+01,5.421011781590755196e-02,9.985104575792757009e-01,-6.174887141556959294e-03,4.657546125617861854e-01,-5.125364198290386806e-04,6.211804601815905727e-03,9.999805752063423148e-01,1.078247072793617478e-01,0.000000000000000000e+00,0.000000000000000000e+00,0.000000000000000000e+00,1.000000000000000056e-01
9.984334554698509612e-01,-5.590756614329289026e-02,-2.231377705933587294e-03,1.212547129922882228e+01,5.589467852134760023e-02,9.984216782200886486e-01,-5.471505567652856783e-03,5.138606383941001221e-01,2.533754433328051434e-03,5.338212071001310899e-03,9.999825416377811083e-01,1.015273756864282784e-01,0.000000000000000000e+00,0.000000000000000000e+00,0.000000000000000000e+00,1.000000000000000056e-01
9.982080058119501276e-01,-5.973411294866935728e-02,-3.551462116558681131e-03,1.300892680683342384e+01,5.971808795911057177e-02,9.982053231414877992e-01,-4.459015867409260071e-03,5.885951250809933200e-01,3.811443747147944504e-03,4.238938809830340194e-03,9.999837520151658721e-01,1.327133093060840208e-01,0.000000000000000000e+00,0.000000000000000000e+00,0.000000000000000000e+00,1.000000000000000056e-01
9.984465708606564682e-01,-5.559198951235298780e-02,-3.738427296939027082e-03,1.390609384487684963e+01,5.559139897396177254e-02,9.984535681920295724e-01,-2.617722711303287599e-04,6.502373066296078807e-01,3.747198515406557906e-03,5.354122305719590435e-05,9.999929777936561459e-01,1.361463038226999878e-01,0.000000000000000000e+00,0.000000000000000000e+00,0.000000000000000000e+00,1.000000000000000056e-01
9.977806969935564263e-01,-6.642410388660174858e-02,-4.638871620833191420e-03,1.484788969193304098e+01,6.643705523097978571e-02,9.977869764257213392e-01,2.695805529492802371e-03,7.724990403320627363e-01,4.449539222029130076e-03,-2.998015690259131245e-03,9.999856066477319505e-01,1.556306111532217429e-01,0.000000000000000000e+00,0.000000000000000000e+00,0.000000000000000000e+00,1.000000000000000056e-01
9.974620653853998320e-01,-7.111356357531045669e-02,-3.505594487763025614e-03,1.582848908470534965e+01,7.112144512975249189e-02,9.974652875165910260e-01,2.177209705093031532e-03,8.580528939152455292e-01,3.341879672873207096e-03,-2.421007035227833431e-03,9.999914852463431814e-01,1.659918840721012201e-01,0.000000000000000000e+00,0.000000000000000000e+00,0.000000000000000000e+00,1.000000000000000056e-01
9.973754416148847834e-01,-7.239008513565725611e-02,-1.379868677016695550e-03,1.676986718974512769e+01,7.239284854383051804e-02,9.973740462119684569e-01,2.070609204107502765e-03,9.347068378623862861e-01,1.226353629069280079e-03,-2.165067393504211540e-03,9.999969042651872808e-01,1.821249179240373162e-01,0.000000000000000000e+00,0.000000000000000000e+00,0.000000000000000000e+00,1.000000000000000056e-01
9.974026605607598794e-01,-7.202692145657833833e-02,2.351420962969683710e-04,1.768325585069079153e+01,7.202663553086231796e-02,9.974021495931182368e-01,1.056295948708145960e-03,1.026453705505335545e+00,-3.106129776389317644e-04,-1.036615895513112295e-03,9.999994144733602708e-01,1.879263893991804657e-01,0.000000000000000000e+00,0.000000000000000000e+00,0.000000000000000000e+00,1.000000000000000056e-01
9.971075332663332791e-01,-7.599311767953086105e-02,-1.270105851109745720e-03,1.861685338615450291e+01,7.599557322685339400e-02,9.971061250916711804e-01,2.012002632813470610e-03,1.088107177530450498e+00,1.113531970809377835e-03,-2.102705404343873340e-03,9.999971693342599721e-01,1.872809952782878984e-01,0.000000000000000000e+00,0.000000000000000000e+00,0.000000000000000000e+00,1.000000000000000056e-01
9.970615990113835814e-01,-7.655881392310343037e-02,-2.629788499189947282e-03,1.955348626466909323e+01,7.655966959969129348e-02,9.970649757469594032e-01,2.261183348040819523e-04,1.166818156198243361e+00,2.604758654645589894e-03,-4.267896470805997784e-04,9.999965165354068874e-01,1.965157196461697064e-01,0.000000000000000000e+00,0.000000000000000000e+00,0.000000000000000000e+00,1.000000000000000056e-01
9.968645398254942780e-01,-7.905710158520196096e-02,-3.326248254787900378e-03,2.048080537909104137e+01,7.904732613811163433e-02,9.968664266173310473e-01,-2.974510650235136222e-03,1.237296739203635143e+00,3.550981402434452011e-03,2.702253159940137470e-03,9.999900441299098830e-01,2.116570872300367889e-01,0.000000000000000000e+00,0.000000000000000000e+00,0.000000000000000000e+00,1.000000000000000056e-01
9.969237742557912618e-01,-7.837517151333320276e-02,-5.664043111539601889e-04,2.139953510676481230e+01,7.836679963862325238e-02,9.968830537786397272e-01,-9.100648513903500728e-03,1.312784878899329488e+00,1.277903747536294305e-03,9.028265571489382454e-03,9.999584278272686255e-01,2.278671351714872950e-01,0.000000000000000000e+00,0.000000000000000000e+00,0.000000000000000000e+00,1.000000000000000056e-01
9.970967707247345713e-01,-7.610476049324164938e-02,2.468854101081904926e-03,2.235718968971896103e+01,7.612198369214005778e-02,9.970675610536564593e-01,-7.856353688994876724e-03,1.398630857680207562e+00,-1.863708421311901977e-03,8.021478964588978425e-03,9.999660906581487874e-01,2.535587026231313490e-01,0.000000000000000000e+00,0.000000000000000000e+00,0.000000000000000000e+00,1.000000000000000056e-01
9.973074949121880639e-01,-7.326825255613446386e-02,3.086058869583142936e-03,2.330480305085328041e+01,7.328560188909104267e-02,9.972932804805456630e-01,-5.944179010203986917e-03,1.482142693406048650e+00,-2.642186164844158216e-03,6.154337959698716505e-03,9.999775712367493519e-01,2.629475077014578610e-01,0.000000000000000000e+00,0.000000000000000000e+00,0.000000000000000000e+00,1.000000000000000056e-01
9.973953664482541059e-01,-7.209260899129804612e-02,2.266873701966548235e-03,2.422487520436768094e+01,7.210750923865835715e-02,9.973695948753237284e-01,-7.375522329256140389e-03,1.554293199412128956e+00,-1.729190258374251055e-03,7.519770412743133348e-03,9.999702310338993705e-01,2.753156539891083998e-01,0.000000000000000000e+00,0.000000000000000000e+00,0.000000000000000000e+00,1.000000000000000056e-01
9.974333947898239572e-01,-7.158667681598553101e-02,1.403802155196325627e-03,2.517195375542782898e+01,7.159573392508715439e-02,9.974009080796959470e-01,-8.091937068837040670e-03,1.624398877911282124e+00,-8.208786605949189730e-04,8.171674506582647657e-03,9.999662743782827823e-01,2.793086922013266471e-01,0.000000000000000000e+00,0.000000000000000000e+00,0.000000000000000000e+00,1.000000000000000056e-01
9.972736700736357651e-01,-7.378699377312085417e-02,-8.405520724367190021e-04,2.615309557150233388e+01,7.377482462367852822e-02,9.972240015394790991e-01,-1.007799609716706485e-02,1.746223140994110024e+00,1.581843736444849425e-03,9.988508573078487551e-03,9.999488624259137426e-01,2.882360562361014344e-01,0.000000000000000000e+00,0.000000000000000000e+00,0.000000000000000000e+00,1.000000000000000056e-01
9.976658173811983055e-01,-6.827245284661666302e-02,-1.337539312321579191e-03,2.712440302035470552e+01,6.825596447672098444e-02,9.976187564406515662e-01,-9.896469631160129121e-03,1.827847682977141286e+00,2.010010561690092016e-03,9.782074427971534925e-03,9.999501341954145639e-01,2.972682423009530561e-01,0.000000000000000000e+00,0.000000000000000000e+00,0.000000000000000000e+00,1.000000000000000056e-01
9.977759944761713795e-01,-6.665583550660481027e-02,-2.538503570168541943e-04,2.808143643360968511e+01,6.664754501528197261e-02,9.976992131936074371e-01,-1.242516544327344936e-02,1.878865494526103186e+00,1.081476085393817069e-03,1.238061330359669678e-02,9.999227724298029862e-01,3.124305561796396069e-01,0.000000000000000000e+00,0.000000000000000000e+00,0.000000000000000000e+00,1.000000000000000056e-01
9.978526677044260440e-01,-6.544711319516291481e-02,2.594018037667466386e-03,2.909467831973601903e+01,6.547584262992098281e-02,9.977665088931568782e-01,-1.322526986732642379e-02,1.927814644374875153e+00,-1.722668587405855843e-03,1.336671633503612455e-02,9.999091775293177387e-01,3.184679691522402933e-01,0.000000000000000000e+00,0.000000000000000000e+00,0.000000000000000000e+00,1.000000000000000056e-01
9.981094060122664979e-01,-6.114832526727106282e-02,6.204510202142408601e-03,3.005093851512382486e+01,6.124481043726775348e-02,9.979817185015387171e-01,-1.677983108432763715e-02,1.988534301535644033e+00,-5.165929184920078909e-03,1.712810128775073271e-02,9.998399578542223054e-01,3.305019975392613496e-01,0.000000000000000000e+00,0.000000000000000000e+00,0.000000000000000000e+00,1.000000000000000056e-01
9.982288584384938490e-01,-5.913423659219377987e-02,6.502941122285583499e-03,3.096592179477505979e+01,5.928273865591161124e-02,9.979106179177512637e-01,-2.568959992811721896e-02,2.046149552202592758e+00,-4.970219113514673902e-03,2.602961216903329836e-02,9.996488164412007382e-01,3.557365972187206404e-01,0.000000000000000000e+00,0.000000000000000000e+00,0.000000000000000000e+00,1.000000000000000056e-01
9.984052138044977598e-01,-5.635749003312845451e-02,3.295810243457411061e-03,3.190059835947162270e+01,5.642401361194951392e-02,9.980723531578891139e-01,-2.584392674870670398e-02,2.092148959076104209e+00,-1.832958241092273732e-03,2.598867405312953877e-02,9.996605569317249529e-01,3.553235411683604572e-01,0.000000000000000000e+00,0.000000000000000000e+00,0.000000000000000000e+00,1.000000000000000056e-01
9.983496718981834661e-01,-5.741431130803064525e-02,1.236720588508566062e-03,3.287665166525955840e+01,5.742621771649222134e-02,9.979426082744136117e-01,-2.850929864514846132e-02,2.159780878227633760e+00,4.026655777832637462e-04,2.853326913420145203e-02,9.995927622851956684e-01,3.624754916240514047e-01,0.000000000000000000e+00,0.000000000000000000e+00,0.000000000000000000e+00,1.000000000000000056e-01
9.983224824477443526e-01,-5.789633877717090260e-02,-4.847634187076376062e-04,3.384864161589643317e+01,5.786164598217891086e-02,9.979524772941635868e-01,-2.725587985508607508e-02,2.231210805173434952e+00,2.061786508360806056e-03,2.718210842890862733e-02,9.996283719551746216e-01,3.665785572355221844e-01,0.000000000000000000e+00,0.000000000000000000e+00,0.000000000000000000e+00,1.000000000000000056e-01
9.982128135911044753e-01,-5.967961295518624254e-02,3.085867795293734898e-03,3.484050239336005461e+01,5.974449793449156110e-02,9.977842868047206437e-01,-2.927647472204270365e-02,2.285383674053363290e+00,-1.331821717197012676e-03,2.940851582644113740e-02,9.995665888012661426e-01,3.820440359629727611e-01,0.000000000000000000e+00,0.000000000000000000e+00,0.000000000000000000e+00,1.000000000000000056e-01
9.980588087904849193e-01,-6.226111593747486045e-02,1.472290032103111199e-03,3.581885963691324548e+01,6.227729461793577587e-02,9.976118603219762404e-01,-2.986828953918444288e-02,2.352562068830789332e+00,3.908590399933428586e-04,2.990199971818005911e-02,9.995527588086907667e-01,3.915135145974669162e-01,0.000000000000000000e+00,0.000000000000000000e+00,0.000000000000000000e+00,1.000000000000000056e-01
9.978612133488157232e-01,-6.533436248916087152e-02,2.102372984086649330e-03,3.680865644481956167e+01,6.536777881552259528e-02,9.974514871634043711e-01,-2.859343015865357940e-02,2.405741911773019659e+00,-2.288815287554151097e-04,2.866970236413018958e-02,9.995889133937000404e-01,4.094437058652501960e-01,0.000000000000000000e+00,0.000000000000000000e+00,0.000000000000000000e+00,1.000000000000000056e-01
9.979512311253326828e-01,-6.386882720030673255e-02,3.756754914853103165e-03,3.780235227922140240e+01,6.394718126492943133e-02,9.975884740334819423e-01,-2.698137290463739624e-02,2.477635266285374893e+00,-2.024426759152766868e-03,2.716632819514260694e-02,9.996288772883117346e-01,4.249040049756391269e-01,0.000000000000000000e+00,0.000000000000000000e+00,0.000000000000000000e+00,1.000000000000000056e-01
9.978926731721791121e-01,-6.452223591119302104e-02,6.862499712415222504e-03,3.880919447277160117e+01,6.468021260668388450e-02,9.975661975114581415e-01,-2.604134558129955063e-02,2.534408101909861877e+00,-5.165551900496014558e-03,2.643033589553584611e-02,9.996373114375095570e-01,4.432613936930147602e-01,0.000000000000000000e+00,0.000000000000000000e+00,0.000000000000000000e+00,1.000000000000000056e-01
9.981065419809703743e-01,-6.069102833104367961e-02,9.996496131639867957e-03,3.981588405118078100e+01,6.091360823099913752e-02,9.978613428239764271e-01,-2.371229279953712688e-02,2.606363511219474738e+00,-8.535993619362134896e-03,2.427631721763167522e-02,9.996688437854203135e-01,4.509856799861113874e-01,0.000000000000000000e+00,0.000000000000000000e+00,0.000000000000000000e+00,1.000000000000000056e-01
9.980612877778132219e-01,-6.189949623048309618e-02,6.489854058879460964e-03,4.080758174549519879e+01,6.204039401809514215e-02,9.977754768006004138e-01,-2.439441340581999934e-02,2.662891335068284793e+00,-4.965415327306364236e-03,2.474975276132987401e-02,9.996813464243895497e-01,4.856913344822914591e-01,0.000000000000000000e+00,0.000000000000000000e+00,0.000000000000000000e+00,1.000000000000000056e-01
9.979440629909992477e-01,-6.385090956860413336e-02,5.541524003244116710e-03,4.180321640138795658e+01,6.395580302233945524e-02,9.977222883584025981e-01,-2.144505939931810184e-02,2.719404214597050728e+00,-4.159615461110532757e-03,2.175538232563387075e-02,9.997546703762284492e-01,5.147564217471448655e-01,0.000000000000000000e+00,0.000000000000000000e+00,0.000000000000000000e+00,1.000000000000000056e-01
9.978660386651462266e-01,-6.519756506471033330e-02,3.556176087015054318e-03,4.280562466389730503e+01,6.525693654012393319e-02,9.976586999292280655e-01,-2.046095522991737622e-02,2.775687168218782919e+00,-2.213845551802185417e-03,2.064935749981840554e-02,9.997843282041969371e-01,5.349122340597201042e-01,0.000000000000000000e+00,0.000000000000000000e+00,0.000000000000000000e+00,1.000000000000000056e-01
9.978611081083978984e-01,-6.516812236455546414e-02,5.130765260515300109e-03,4.386148641196282227e+01,6.526440979012793075e-02,9.976339429486328347e-01,-2.161186460049786470e-02,2.861892610657345681e+00,-3.710220940380298989e-03,2.190049552504068006e-02,9.997532708405265645e-01,5.651786320711217337e-01,0.000000000000000000e+00,0.000000000000000000e+00,0.000000000000000000e+00,1.000000000000000056e-01
9.979860232546480248e-01,-6.322254271215831112e-02,5.177594169353864906e-03,4.484475360920504983e+01,6.331093944502987070e-02,9.978091826481993998e-01,-1.919791575978808257e-02,2.926808607253809758e+00,-3.952509957099444721e-03,1.948704995481554542e-02,9.998022967312575338e-01,5.786239228577131355e-01,0.000000000000000000e+00,0.000000000000000000e+00,0.000000000000000000e+00,1.000000000000000056e-01
9.978138015194152333e-01,-6.539918109770610777e-02,9.516543969448574072e-03,4.582052122071670652e+01,6.557704939676516076e-02,9.976517800217896692e-01,-1.976300614200136863e-02,3.020608048573382831e+00,-8.201712613060173698e-03,2.034386716197295747e-02,9.997594005455056054e-01,5.864755297008441559e-01,0.000000000000000000e+00,0.000000000000000000e+00,0.000000000000000000e+00,1.000000000000000056e-01
9.977644057461569904e-01,-6.623066634603258507e-02,8.926895394178669535e-03,4.675642842838728797e+01,6.638939733813681299e-02,9.976158392172720379e-01,-1.884370621446307403e-02,3.094551116814665104e+00,-7.657581021255588545e-03,1.939423053844902683e-02,9.997825890035915153e-01,6.013153462610262290e-01,0.000000000000000000e+00,0.000000000000000000e+00,0.000000000000000000e+00,1.000000000000000056e-01
9.978326146969468402e-01,-6.574845351097535762e-02,2.685871919800326881e-03,4.772651916704337793e+01,6.578694239272220301e-02,9.976631579849082332e-01,-1.844726023551123903e-02,3.129727512457344485e+00,-1.466716629451607443e-03,1.858397321605733191e-02,9.998262272424311981e-01,6.021561399125112679e-01,0.000000000000000000e+00,0.000000000000000000e+00,0.000000000000000000e+00,1.000000000000000056e-01
9.977813018318365534e-01,-6.642407554166843142e-02,4.507316629672124264e-03,4.869081861179012094e+01,6.650193231992052034e-02,9.975825202703204608e-01,-2.016452947213204575e-02,3.196743099921978359e+00,-3.157010054165545337e-03,2.041953573298125810e-02,9.997865151360901814e-01,6.204827458024179121e-01,0.000000000000000000e+00,0.000000000000000000e+00,0.000000000000000000e+00,1.000000000000000056e-01
9.980297641971398459e-01,-6.260438044565110050e-02,4.157081382138333100e-03,4.968343631186615283e+01,6.267789597257590606e-02,9.978154184816895311e-01,-2.087754766876873114e-02,3.264455064437369103e+00,-2.840973961952987428e-03,2.109697109129499842e-02,9.997733976645510889e-01,6.289991197309453552e-01,0.000000000000000000e+00,0.000000000000000000e+00,0.000000000000000000e+00,1.000000000000000056e-01
9.981463839145678918e-01,-6.065665925334574188e-02,4.956406611198779094e-03,5.069576087317061308e+01,6.074120930090484011e-02,9.979688815862683970e-01,-1.919939785816787703e-02,3.358251218575348140e+00,-3.781768228712527671e-03,1.946486767681857716e-02,9.998033892498006114e-01,6.569564715118773046e-01,0.000000000000000000e+00,0.000000000000000000e+00,0.000000000000000000e+00,1.000000000000000056e-01
9.982388766200908092e-01,-5.915441141671241160e-02,4.461032862618432605e-03,5.163354141327376823e+01,5.922760021001934744e-02,9.980711879712724777e-01,-1.860094392698716237e-02,3.431571063986057268e+00,-3.352100478976269456e-03,1.883240164065989181e-02,9.998170352973706487e-01,6.710920927180110684e-01,0.000000000000000000e+00,0.000000000000000000e+00,0.000000000000000000e+00,1.000000000000000056e-01
9.983932819883954979e-01,-5.659319883388209960e-02,2.839775728627807940e-03,5.256504001512875135e+01,5.663742756356042463e-02,9.982102192910691230e-01,-1.919791399756873990e-02,3.518073104617000624e+00,-1.748221788750844042e-03,1.932790595549052637e-02,9.998116701519106364e-01,7.001724889212922465e-01,0.000000000000000000e+00,0.000000000000000000e+00,0.000000000000000000e+00,1.000000000000000056e-01
9.982364751686804150e-01,-5.927471774157518081e-02,3.232256095210382305e-03,5.352230323690501734e+01,5.933226204947268656e-02,9.979889146627864971e-01,-2.231163127801743043e-02,3.589546196376656173e+00,-1.903240106012602179e-03,2.246406122788343132e-02,9.997458395163486555e-01,7.202892941152295725e-01,0.000000000000000000e+00,0.000000000000000000e+00,0.000000000000000000e+00,1.000000000000000056e-01
9.983862475778428891e-01,-5.661240860948903858e-02,4.464956759751623552e-03,5.446929136325620391e+01,5.670929948425649375e-02,9.980559407712278341e-01,-2.585332557456129429e-02,3.640984627422431341e+00,-2.992657588015543504e-03,2.606480927786753929e-02,9.996557756137205430e-01,7.457310667263052917e-01,0.000000000000000000e+00,0.000000000000000000e+00,0.000000000000000000e+00,1.000000000000000056e-01
9.982413223640289601e-01,-5.872066449882643036e-02,8.133012094607225059e-03,5.541220621532642099e+01,5.894110437909430567e-02,9.978041467715125235e-01,-3.021309153573460346e-02,3.686409035739701689e+00,-6.341020382199749443e-03,3.063932516212184223e-02,9.995103917489414069e-01,7.514195670495155133e-01,0.000000000000000000e+00,0.000000000000000000e+00,0.000000000000000000e+00,1.000000000000000056e-01
9.979497539792909766e-01,-6.280381254069326846e-02,1.232759761778326468e-02,5.637102701305975216e+01,6.311503177783837903e-02,9.976482318943836747e-01,-2.673009842279690240e-02,3.738764650010388824e+00,-1.061985387634727454e-02,2.745335186026320179e-02,9.995666722011501415e-01,7.747539111580012960e-01,0.000000000000000000e+00,0.000000000000000000e+00,0.000000000000000000e+00,1.000000000000000056e-01
9.977275241303240616e-01,-6.611431827900964009e-02,1.298786014997902437e-02,5.733680608523788180e+01,6.641789364520307715e-02,9.974903745035004210e-01,-2.452786530868256848e-02,3.833661072736152864e+00,-1.133362239127874878e-02,2.533475264075400052e-02,9.996147754570876565e-01,7.794721473613686058e-01,0.000000000000000000e+00,0.000000000000000000e+00,0.000000000000000000e+00,1.000000000000000056e-01
9.977588088415167977e-01,-6.650126769693170958e-02,7.412204385914226284e-03,5.821188151751160689e+01,6.668234308462633875e-02,9.973901845141396327e-01,-2.768185245959337015e-02,3.897710966308399083e+00,-5.551981619361118919e-03,2.811407529248539927e-02,9.995893027991780144e-01,7.923616937624973211e-01,0.000000000000000000e+00,0.000000000000000000e+00,0.000000000000000000e+00,1.000000000000000056e-01
9.975816152649011892e-01,-6.945284841084406469e-02,2.687514295938857843e-03,5.909959492473841181e+01,6.949924844832278126e-02,9.972454514456919883e-01,-2.591069346806910631e-02,3.958085241588122916e+00,-8.805399416626470081e-04,2.603481166627197654e-02,9.996606490359180031e-01,7.974119150443547133e-01,0.000000000000000000e+00,0.000000000000000000e+00,0.000000000000000000e+00,1.000000000000000056e-01
9.976874159733909453e-01,-6.783225183137656100e-02,-4.313423213948021015e-03,6.006972265676382250e+01,6.770261963849724673e-02,9.973860999817215633e-01,-2.524525415471751480e-02,4.029388724805735400e+00,6.014590794300143234e-03,2.489484233201784066e-02,9.996719819635043747e-01,8.195983317105374200e-01,0.000000000000000000e+00,0.000000000000000000e+00,0.000000000000000000e+00,1.000000000000000056e-01
9.979342996334948923e-01,-6.411784469769334083e-02,-4.004448317614378236e-03,6.096010182123984578e+01,6.401011233052215921e-02,9.976868161949948854e-01,-2.288498001153665279e-02,4.116858676639504999e+00,5.462520886907615281e-03,2.258138131330709314e-02,9.997300846146138786e-01,8.364588021259715678e-01,0.000000000000000000e+00,0.000000000000000000e+00,0.000000000000000000e+00,1.000000000000000056e-01
9.977904865774519516e-01,-6.642191065939655192e-02,-1.508204192696361440e-03,6.184876108293343577e+01,6.637783720139402155e-02,9.975886600615474498e-01,-2.026938689431552129e-02,4.180713307096232789e+00,2.850898805106139890e-03,2.012449007953645216e-02,9.997934172993147017e-01,8.564046740238606681e-01,0.000000000000000000e+00,0.000000000000000000e+00,0.000000000000000000e+00,1.000000000000000056e-01
9.978204373597902022e-01,-6.597261166981636948e-02,-1.410424255556370302e-03,6.272017706486062849e+01,6.593750811351141439e-02,9.976672794646206377e-01,-1.767044168783405214e-02,4.243734160046197523e+00,2.572899317437447441e-03,1.753892799250100429e-02,9.998428707521878067e-01,8.810676550411780106e-01,0.000000000000000000e+00,0.000000000000000000e+00,0.000000000000000000e+00,1.000000000000000056e-01
9.977498800922292022e-01,-6.704106278247519424e-02,-8.201688475587189803e-04,6.352592591717023396e+01,6.701933718206252999e-02,9.976227593505091473e-01,-1.603865547835042066e-02,4.306173202098833919e+00,1.893467617705436520e-03,1.594759940782394803e-02,9.998710361109117706e-01,9.015908077533291154e-01,0.000000000000000000e+00,0.000000000000000000e+00,0.000000000000000000e+00,1.000000000000000056e-01
9.975010670152989478e-01,-7.065119334259623018e-02,-1.737314223679150508e-04,6.434719346249710270e+01,7.064040844571153888e-02,9.973861551985344631e-01,-1.519177780603816336e-02,4.364332260879463909e+00,1.246594546384871983e-03,1.514154211274648318e-02,9.998845831917225757e-01,9.234696975296029509e-01,0.000000000000000000e+00,0.000000000000000000e+00,0.000000000000000000e+00,1.000000000000000056e-01
9.974727507502242352e-01,-7.104778473506173642e-02,5.690298948723856954e-04,6.513843767900372939e+01,7.104760823358879929e-02,9.973397136241863858e-01,-1.630131872924157552e-02,4.423528680243691724e+00,5.906564715771593253e-04,1.630054944675684084e-02,9.998669627568791407e-01,9.358667231321178281e-01,0.000000000000000000e+00,0.000000000000000000e+00,0.000000000000000000e+00,1.000000000000000056e-01
9.971910584418955947e-01,-7.486055399827559742e-02,2.427018459619671720e-03,6.594613916717098334e+01,7.489134959049115192e-02,9.970430210697059925e-01,-1.721917224226418228e-02,4.487673609264567709e+00,-1.130805043723515828e-03,1.735256728167868315e-02,9.998487934126278898e-01,9.563201407197792214e-01,0.000000000000000000e+00,0.000000000000000000e+00,0.000000000000000000e+00,1.000000000000000056e-01
9.970279674075801513e-01,-7.703215883323041857e-02,1.130801751507211350e-03,6.668028493549769564e+01,7.704035703102291022e-02,9.968954567324433969e-01,-1.625520638889701996e-02,4.561234196678313424e+00,1.248825118738283594e-04,1.629401275638012875e-02,9.998672359631818329e-01,9.762893060104046450e-01,0.000000000000000000e+00,0.000000000000000000e+00,0.000000000000000000e+00,1.000000000000000056e-01
9.969601229912743445e-01,-7.768983457025541162e-02,5.899387228309771990e-03,6.745198253112030784e+01,7.778974415344189208e-02,9.967851014561386336e-01,-1.918898693567445621e-02,4.633049725989957679e+00,-4.389632076296464021e-03,1.958956659862026370e-02,9.997984696981252473e-01,9.832300660907605794e-01,0.000000000000000000e+00,0.000000000000000000e+00,0.000000000000000000e+00,1.000000000000000056e-01
9.967019795792977366e-01,-8.070319901844681676e-02,8.494561254015349852e-03,6.817888276906278122e+01,8.083252707175055118e-02,9.965964007964674964e-01,-1.617765393131943494e-02,4.688289363362337703e+00,-7.160060747225993963e-03,1.681093655082272972e-02,9.998330490348777966e-01,1.005880214665768602e+00,0.000000000000000000e+00,0.000000000000000000e+00,0.000000000000000000e+00,1.000000000000000056e-01
9.965500926294054151e-01,-8.231075766119810844e-02,1.062318471848232651e-02,6.886561479132161878e+01,8.246832756408586929e-02,9.964752952700752786e-01,-1.536101771364552053e-02,4.762636967688483658e+00,-9.321364122600980101e-03,1.618409990255297373e-02,9.998255783291594145e-01,1.022813522729800972e+00,0.000000000000000000e+00,0.000000000000000000e+00,0.000000000000000000e+00,1.000000000000000056e-01
9.965445294386118258e-01,-8.283912689346827063e-02,6.056393440296645690e-03,6.951721052948595059e+01,8.289863885108440800e-02,9.965043153631044648e-01,-1.034239524229410741e-02,4.815802600079752693e+00,-5.178467206933602164e-03,1.080872417254734839e-02,9.999281749001517339e-01,1.045764639701050935e+00,0.000000000000000000e+00,0.000000000000000000e+00,0.000000000000000000e+00,1.000000000000000056e-01
9.966996545455217849e-01,-8.117421098659374779e-02,7.389854812528801574e-04,7.019258343925118027e+01,8.117753490064327782e-02,9.966488563506413767e-01,-1.006304935959005144e-02,4.883418192734820806e+00,8.035105713345859881e-05,1.008982684007341153e-02,9.999490931732699650e-01,1.054944182902240568e+00,0.000000000000000000e+00,0.000000000000000000e+00,0.000000000000000000e+00,1.000000000000000056e-01
9.965105528109237110e-01,-8.335259554305676777e-02,-4.366114142210774339e-03,7.092490466088395351e+01,8.330754911629512094e-02,9.964772105197758911e-01,-9.644748569158749507e-03,4.945237724406612578e+00,5.154648067840700461e-03,9.247363460025175702e-03,9.999439563657229746e-01,1.082820438881433089e+00,0.000000000000000000e+00,0.000000000000000000e+00,0.000000000000000000e+00,1.000000000000000056e-01
9.965052022432501211e-01,-8.343919414438669135e-02,-3.909319975980136627e-03,7.162146460403836556e+01,8.339726970873237444e-02,9.964674014580782169e-01,-9.879941118960625795e-03,5.000437810175110798e+00,4.719884243093148621e-03,9.519386110486711267e-03,9.999435503971267902e-01,1.085506127911638696e+00,0.000000000000000000e+00,0.000000000000000000e+00,0.000000000000000000e+00,1.000000000000000056e-01
9.964659911495263866e-01,-8.399427670160192205e-02,-6.999741185378758213e-04,7.229405824899193078e+01,8.398188298049016898e-02,9.964088706585170208e-01,-1.078915214787704371e-02,5.065922707296985017e+00,1.603687451826982637e-03,1.069223804418491935e-02,9.999415504079042227e-01,1.100069886662426777e+00,0.000000000000000000e+00,0.000000000000000000e+00,0.000000000000000000e+00,1.000000000000000056e-01
9.954984057783158313e-01,-9.475128492420725745e-02,2.262321383751750726e-03,7.289337944491241217e+01,9.476897649417240221e-02,9.954515861107179342e-01,-9.745809556059354187e-03,5.154418093261135425e+00,-1.328603431684632517e-03,9.916335758115195700e-03,9.999499492964903924e-01,1.108378744750972977e+00,0.000000000000000000e+00,0.000000000000000000e+00,0.000000000000000000e+00,1.000000000000000056e-01
9.956706276370180797e-01,-9.293700896016714175e-02,-1.647308849104603141e-03,7.345489785762626411e+01,9.291228450863363297e-02,9.956085526970058774e-01,-1.144190473479039967e-02,5.214923918312511120e+00,2.703451181960598877e-03,1.123931324019013071e-02,9.999331823624995064e-01,1.120991071798519645e+00,0.000000000000000000e+00,0.000000000000000000e+00,0.000000000000000000e+00,1.000000000000000056e-01
9.956282980523960546e-01,-9.326830527625283584e-02,-5.031435996309886055e-03,7.407909379245606374e+01,9.316967196968285736e-02,9.955020562283364294e-01,-1.717755134516455243e-02,5.268436591194401331e+00,6.610925982867074321e-03,1.663367896918118219e-02,9.998397953580360209e-01,1.159602989067809675e+00,0.000000000000000000e+00,0.000000000000000000e+00,0.000000000000000000e+00,1.000000000000000056e-01
9.957900361402937106e-01,-9.130029869957168032e-02,-8.152262329038897221e-03,7.470876913006927111e+01,9.112286065868460683e-02,9.956391277184990507e-01,-1.998378395910703834e-02,5.317227653724492242e+00,9.941236798830847821e-03,1.915679548659696488e-02,9.997670673699921018e-01,1.172781462286395904e+00,0.000000000000000000e+00,0.000000000000000000e+00,0.000000000000000000e+00,1.000000000000000056e-01
9.960405323793032339e-01,-8.826323392508751697e-02,-1.062353023431604482e-02,7.529016996255646177e+01,8.803403007795927715e-02,9.959086741953806499e-01,-2.039417099644047840e-02,5.363199781114052378e+00,1.238012139629929634e-02,1.937818875654722869e-02,9.997355742368722042e-01,1.188874726108158475e+00,0.000000000000000000e+00,0.000000000000000000e+00,0.000000000000000000e+00,1.000000000000000056e-01
9.963364554348252966e-01,-8.501381618777710536e-02,-9.290781923992092600e-03,7.584791379740885020e+01,8.480568601342160229e-02,9.961787746535656352e-01,-2.087689032191724151e-02,5.437825192438886290e+00,1.103010386901579626e-02,2.001249576917538478e-02,9.997388843201645559e-01,1.193632048185053529e+00,0.000000000000000000e+00,0.000000000000000000e+00,0.000000000000000000e+00,1.000000000000000056e-01
9.969310462864084954e-01,-7.819369613516857775e-02,-3.772908030648016841e-03,7.639250123957948801e+01,7.809821799566868394e-02,9.967252424330871330e-01,-2.096328797218422954e-02,5.466709270312954949e+00,5.399749641216393045e-03,2.060429521785775084e-02,9.997731271255432262e-01,1.214771743698303874e+00,0.000000000000000000e+00,0.000000000000000000e+00,0.000000000000000000e+00,1.000000000000000056e-01
9.976073223126686873e-01,-6.912184704676588298e-02,1.341912437767737868e-03,7.698274009089094250e+01,6.913250073793975048e-02,9.972244292613929861e-01,-2.764299234901708424e-02,5.480541785560014034e+00,5.725468241919813225e-04,2.766962134060674955e-02,9.996169587622057984e-01,1.229235048480293857e+00,0.000000000000000000e+00,0.000000000000000000e+00,0.000000000000000000e+00,1.000000000000000056e-01
9.983339364463705845e-01,-5.769556806195452747e-02,7.568127261732045122e-04,7.753796566545823055e+01,5.769292537934954390e-02,9.979035062242682663e-01,-2.932777909226403495e-02,5.517638613967107197e+00,9.368568017202983473e-04,2.932257988854677228e-02,9.995695616654265425e-01,1.234623213452672674e+00,0.000000000000000000e+00,0.000000000000000000e+00,0.000000000000000000e+00,1.000000000000000056e-01
9.989520791546254719e-01,-4.576755913871433101e-02,2.721821729166109790e-04,7.805528486529578913e+01,4.576037016935999291e-02,9.986486696711179833e-01,-2.463377937039826562e-02,5.550401190196311063e+00,8.556135892533754455e-04,2.462042027648183098e-02,9.996965053608997120e-01,1.247796248496742422e+00,0.000000000000000000e+00,0.000000000000000000e+00,0.000000000000000000e+00,1.000000000000000056e-01
9.995777036229832602e-01,-2.905137596000588809e-02,6.572477720374158942e-04,7.857501513221004075e+01,2.905878471241616842e-02,9.993507840636572936e-01,-2.129782670581132145e-02,5.573784321418379761e+00,-3.808990554810491981e-05,2.130793153226548040e-02,9.997729595277996539e-01,1.261156302465599843e+00,0.000000000000000000e+00,0.000000000000000000e+00,0.000000000000000000e+00,1.000000000000000056e-01
9.998687573652011995e-01,-1.614542467109405036e-02,-1.339144188830068130e-03,7.905583584814560538e+01,1.612257802231851014e-02,9.997482363752845380e-01,-1.560533057715749253e-02,5.598853384456401017e+00,1.590761730336088696e-03,1.558169203578809239e-02,9.998773326515704163e-01,1.249487238875844231e+00,0.000000000000000000e+00,0.000000000000000000e+00,0.000000000000000000e+00,1.000000000000000056e-01
9.999410448840270194e-01,1.084375091215378575e-02,5.655284214855095092e-04,7.955272707058182391e+01,-1.083298878845073698e-02,9.998061316407268473e-01,-1.644218621457530990e-02,5.606736632772817863e+00,-7.437137551804171281e-04,1.643509050053067536e-02,9.998646581863416261e-01,1.269627292224954740e+00,0.000000000000000000e+00,0.000000000000000000e+00,0.000000000000000000e+00,1.000000000000000056e-01
9.993727187616038288e-01,3.512863094754658383e-02,4.488683859584014467e-03,8.006718391134032231e+01,-3.505765265690900107e-02,9.992724448970237150e-01,-1.501805112896847580e-02,5.599397551628240599e+00,-5.012981670397245217e-03,1.485126786762203110e-02,9.998771473823653277e-01,1.290487316820333685e+00,0.000000000000000000e+00,0.000000000000000000e+00,0.000000000000000000e+00,1.000000000000000056e-01
9.979986110001961563e-01,6.305549937931188842e-02,4.772466836419242409e-03,8.054224444221634371e+01,-6.297671907580539019e-02,9.978997302948984238e-01,-1.516776621049184190e-02,5.565040848828630260e+00,-5.718854441775325301e-03,1.483685530679079365e-02,9.998735732223744677e-01,1.298167135998474997e+00,0.000000000000000000e+00,0.000000000000000000e+00,0.000000000000000000e+00,1.000000000000000056e-01
9.952544080505612012e-01,9.715167734750509987e-02,5.496803115741728460e-03,8.101270020441444331e+01,-9.706266118699355405e-02,9.951706406545542949e-01,-1.463679549979581690e-02,5.492765138288892679e+00,-6.892246312042223100e-03,1.403380090247155487e-02,9.998777672160752417e-01,1.306809900844526862e+00,0.000000000000000000e+00,0.000000000000000000e+00,0.000000000000000000e+00,1.000000000000000056e-01
