1.000000000000000000e+00,2.496864656915169777e-09,-9.585210317916454469e-10,4.973663392546566089e-16,-2.496864657473815303e-09,1.000000000000000000e+00,-5.828205352329478790e-10,-7.912144316921674662e-16,9.585210303364213369e-10,5.828205376262452618e-10,1.000000000000000000e+00,4.587948764219283058e-16,0.000000000000000000e+00,0.000000000000000000e+00,0.000000000000000000e+00,1.000000000000000056e-01
9.999983966579840677e-01,2.236438912607656968e-04,-1.776700557513660001e-03,6.464197222040933832e-01,-2.272614114362980406e-04,9.999979012247109944e-01,-2.036147937668148725e-03,1.689720915288302552e-02,1.776241456570471335e-03,2.036548448503009475e-03,9.999963487116865224e-01,6.708157554653203757e-03,0.000000000000000000e+00,0.000000000000000000e+00,0.000000000000000000e+00,1.000000000000000056e-01
9.999942296664294794e-01,-1.919704271988638151e-03,-2.802743183450826479e-03,1.299258095587049411e+00,1.914353109668023075e-03,9.999963422419936299e-01,-1.910694848739409590e-03,1.687191418206615209e-02,2.806400900758098879e-03,1.905318383263941012e-03,9.999942469213723983e-01,1.128278127103241914e-02,0.000000000000000000e+00,0.000000000000000000e+00,0.000000000000000000e+00,1.000000000000000056e-01
9.999718444259481087e-01,-4.479741705452281418e-03,-6.020155282030776461e-03,2.001389250665068786e+00,4.468529067813653728e-03,9.999882588457459365e-01,-1.874678272004691622e-03,1.779394072485961792e-02,6.028482672898381051e-03,1.847724250491274232e-03,9.999801214583001752e-01,1.890219649012685188e-02,0.000000000000000000e+00,0.000000000000000000e+00,0.000000000000000000e+00,1.000000000000000056e-01
9.999426369911277312e-01,-7.144129774967595235e-03,-7.980234143686655568e-03,2.706034557628796744e+00,7.119251589720849462e-03,9.999697230177269081e-01,-3.141544946789701781e-03,2.183576464954678845e-02,8.002436131072713371e-03,3.084551443705260514e-03,9.999632226028911663e-01,2.343381004884568380e-02,0.000000000000000000e+00,0.000000000000000000e+00,0.000000000000000000e+00,1.000000000000000056e-01
9.999137265700828170e-01,-9.733335742248308900e-03,-8.820521076348428885e-03,3.417731875010218356e+00,9.705746675397799658e-03,9.999478884642584164e-01,-3.165254704458344680e-03,2.087578155793364670e-02,8.850869912197321943e-03,3.079371883966384917e-03,9.999560888212030152e-01,4.361243941105850258e-02,0.000000000000000000e+00,0.000000000000000000e+00,0.000000000000000000e+00,1.000000000000000056e-01
9.998710787039586378e-01,-1.252079495140552383e-02,-1.005264468520809459e-02,4.160145370778316476e+00,1.250080651628347576e-02,9.999197629970036916e-01,-2.048756808042819389e-03,3.984033938395421109e-02,1.007749015502516776e-02,1.922826513473121102e-03,9.999473720803382371e-01,5.815524582084424798e-02,0.000000000000000000e+00,0.000000000000000000e+00,0.000000000000000000e+00,1.000000000000000056e-01
9.998237427382214992e-01,-1.498643262977974143e-02,-1.130885909222027752e-02,4.928475772987974679e+00,1.498098305647756028e-02,9.998876183268738949e-01,-5.664479439616662993e-04,6.051159573425433924e-02,1.131607721766480709e-02,3.969302769494794454e-04,9.999358923664851684e-01,7.267614599289640154e-02,0.000000000000000000e+00,0.000000000000000000e+00,0.000000000000000000e+00,1.000000000000000056e-01
9.997822183799734974e-01,-1.709415745946612358e-02,-1.197103136617915821e-02,5.699691527234911348e+00,1.708809986415533999e-02,9.998538028232278885e-01,-6.081307115334347313e-04,8.841285608481316838e-02,1.197967671732926183e-02,4.034360923796837819e-04,9.999281597120203147e-01,8.608608265405448545e-02,0.000000000000000000e+00,0.000000000000000000e+00,0.000000000000000000e+00,1.000000000000000056e-01
9.997889716337390320e-01,-1.772571398791220401e-02,-1.038322026971404133e-02,6.493901963083536621e+00,1.771872171732171916e-02,9.998427184446386784e-01,-7.650319856922085200e-04,1.146903118699583168e-01,1.039514791885034692e-02,5.808931517534131903e-04,9.999458002626400166e-01,1.035974721237210017e-01,0.000000000000000000e+00,0.000000000000000000e+00,0.000000000000000000e+00,1.000000000000000056e-01
9.997780347954392521e-01,-1.871662470249455326e-02,-9.673112235236739145e-03,7.291945990463152505e+00,1.868470433202854344e-02,9.998197130743810002e-01,-3.379818321610596372e-03,1.331849844196275334e-01,9.734627090658880613e-03,3.198328877459535868e-03,9.999475024859042493e-01,1.174080317200023038e-01,0.000000000000000000e+00,0.000000000000000000e+00,0.000000000000000000e+00,1.000000000000000056e-01
9.997707873486613162e-01,-1.901160438820377260e-02,-9.845387896075724621e-03,8.101345017478351451e+00,1.897717013488069496e-02,9.998135107853014514e-01,-3.579198910601234622e-03,1.638350307847510900e-01,9.911598151133623608e-03,3.391540911781542808e-03,9.999451273306622090e-01,1.397576551644235388e-01,0.000000000000000000e+00,0.000000000000000000e+00,0.000000000000000000e+00,1.000000000000000056e-01
9.997503831185100553e-01,-1.917561475814397176e-02,-1.146591701695588890e-02,8.932553725758925367e+00,1.911880722852914161e-02,9.998044968774298935e-01,-5.043732132814602621e-03,1.757966145752813958e-01,1.156039205869806817e-02,4.823258474983047224e-03,9.999215436788692069e-01,1.519986767910410652e-01,0.000000000000000000e+00,0.000000000000000000e+00,0.000000000000000000e+00,1.000000000000000056e-01
9.997343178626906246e-01,-1.890194128154808195e-02,-1.319129650222020111e-02,9.707409320721566814e+00,1.883577509679022072e-02,9.998094699122599405e-01,-5.122250508223387920e-03,2.234983380385397456e-01,1.328560364167604563e-02,4.872421323609634793e-03,9.998998711102634607e-01,1.787987016311753941e-01,0.000000000000000000e+00,0.000000000000000000e+00,0.000000000000000000e+00,1.000000000000000056e-01
9.997153772206657241e-01,-1.902546348733857168e-02,-1.439431442042279040e-02,1.051142294400616706e+01,1.891777847640233046e-02,9.997923043038859925e-01,-7.580627430738385436e-03,2.600895460784879432e-01,1.453554973366378601e-02,7.306161359964709334e-03,9.998676601431423228e-01,1.975662105372783250e-01,0.000000000000000000e+00,0.000000000000000000e+00,0.000000000000000000e+00,1.000000000000000056e-01
9.997022317558729165e-01,-1.909129683555307877e-02,-1.519770401948125280e-02,1.131959557452772813e+01,1.896195963862169764e-02,9.997831375493450023e-01,-8.609411051335265005e-03,2.892651975581780333e-01,1.535877303010359241e-02,8.318669191906416863e-03,9.998474422800137651e-01,2.318544801985062964e-01,0.000000000000000000e+00,0.000000000000000000e+00,0.000000000000000000e+00,1.000000000000000056e-01
9.996652249967737935e-01,-1.941189682924335941e-02,-1.710602799133542282e-02,1.217488195027903153e+01,1.926516557596731627e-02,9.997765462316947627e-01,-8.701206833219095674e-03,3.069520900122459928e-01,1.727111251425638219e-02,8.368743425073226286e-03,9.998158194417635647e-01,2.487766521607622794e-01,0.000000000000000000e+00,0.000000000000000000e+00,0.000000000000000000e+00,1.000000000000000056e-01
9.996406408876545857e-01,-1.838081588825723686e-02,-1.951242406778739419e-02,1.305372866557434719e+01,1.826892978992575647e-02,9.998157190579142206e-01,-5.896959304305696321e-03,3.333741869063654439e-01,1.961721922317079259e-02,5.538369072918898801e-03,9.997922240035487240e-01,2.771656424301360278e-01,0.000000000000000000e+00,0.000000000000000000e+00,0.000000000000000000e+00,1.000000000000000056e-01
9.997008100250392992e-01,-1.301769737250073507e-02,-2.070821070006679393e-02,1.394197403475890695e+01,1.296723038370190158e-02,9.999126205564049519e-01,-2.569472358091002325e-03,3.581885196353784551e-01,2.073984984170260809e-02,2.300175458738516147e-03,9.997822602053922925e-01,3.095514860119787381e-01,0.000000000000000000e+00,0.000000000000000000e+00,0.000000000000000000e+00,1.000000000000000056e-01
9.994747107704962108e-01,-2.384774387107354079e-02,-2.194510520577522619e-02,1.490271898006677276e+01,2.373397600575656921e-02,9.997035618719717354e-01,-5.430171585775745748e-03,4.073431764302535285e-01,2.206809718102220250e-02,4.906474574729708348e-03,9.997444301390513433e-01,3.303921180596532947e-01,0.000000000000000000e+00,0.000000000000000000e+00,0.000000000000000000e+00,1.000000000000000056e-01
9.994440704512602691e-01,-2.515688023739667822e-02,-2.187878919267430625e-02,1.584578830421253137e+01,2.494184283298971766e-02,9.996384199464842801e-01,-1.004658364773261710e-02,4.440175048534087954e-01,2.212361896052815816e-02,9.495301133599162377e-03,9.997101503638300413e-01,3.451793211814387363e-01,0.000000000000000000e+00,0.000000000000000000e+00,0.000000000000000000e+00,1.000000000000000056e-01
9.994355545127102669e-01,-2.703786180896668861e-02,-1.993806421573187174e-02,1.676363724622962081e+01,2.686036794866131922e-02,9.995976194113702640e-01,-9.117011614774614414e-03,4.834852070708276495e-01,2.017654602586762755e-02,8.576321817692491439e-03,9.997596479627217647e-01,3.782990498506074162e-01,0.000000000000000000e+00,0.000000000000000000e+00,0.000000000000000000e+00,1.000000000000000056e-01
9.994506572805464950e-01,-2.675938593784223454e-02,-1.955297741300006734e-02,1.764868498880063896e+01,2.657018417767738686e-02,9.995981942336070736e-01,-9.872962963384046900e-03,5.152978677374263627e-01,1.980931534021259169e-02,9.348013111975301062e-03,9.997600740560759203e-01,4.114269044977081347e-01,0.000000000000000000e+00,0.000000000000000000e+00,0.000000000000000000e+00,1.000000000000000056e-01
9.994394108245980846e-01,-2.662897266374139246e-02,-2.029191724440757363e-02,1.856069879640654463e+01,2.640984492679100334e-02,9.995907714726703919e-01,-1.099134557797258951e-02,5.429556111542017671e-01,2.057630145393051987e-02,1.044927756092639548e-02,9.997336787449604412e-01,4.312516445518682073e-01,0.000000000000000000e+00,0.000000000000000000e+00,0.000000000000000000e+00,1.000000000000000056e-01
9.994313615865534350e-01,-2.798775147407425376e-02,-1.880529831386200390e-02,1.949167798460667100e+01,2.776190531676556508e-02,9.995405347475867508e-01,-1.216536105880944643e-02,5.713189353977112805e-01,1.913713903463185734e-02,1.163637245595499151e-02,9.997491509101847917e-01,4.585356259192937545e-01,0.000000000000000000e+00,0.000000000000000000e+00,0.000000000000000000e+00,1.000000000000000056e-01
9.994197250437821811e-01,-2.927103867015876451e-02,-1.741894051258305667e-02,2.042936068826321616e+01,2.901226754962759821e-02,9.994675867157302163e-01,-1.492753952475484210e-02,5.859806347390305037e-01,1.784661102393567469e-02,1.441351448482856672e-02,9.997368399109617387e-01,4.917549747250504755e-01,0.000000000000000000e+00,0.000000000000000000e+00,0.000000000000000000e+00,1.000000000000000056e-01
9.995025279605485036e-01,-2.809415653826348447e-02,-1.433230507896411828e-02,2.137666207025301546e+01,2.788661122692172312e-02,9.995061978112770307e-01,-1.448093405560499716e-02,6.257412489553534352e-01,1.473205738352511944e-02,1.407405077608448601e-02,9.997924222457382770e-01,5.117253244111931165e-01,0.000000000000000000e+00,0.000000000000000000e+00,0.000000000000000000e+00,1.000000000000000056e-01
9.996111987661927545e-01,-2.564330255606163053e-02,-1.094862252675095175e-02,2.235360153622488966e+01,2.547736094146893157e-02,9.995623154986122971e-01,-1.503600726625459356e-02,6.635928207023239489e-01,1.132940336792315726e-02,1.475121924015200710e-02,9.998270081120312902e-01,5.415444043938920649e-01,0.000000000000000000e+00,0.000000000000000000e+00,0.000000000000000000e+00,1.000000000000000056e-01
9.997076262006960867e-01,-2.262671153080176439e-02,-8.526080076516789549e-03,2.333946959573219004e+01,2.250074089062713278e-02,9.996403327786526072e-01,-1.459183818295671682e-02,6.873589845784919827e-01,8.853178838256583680e-03,1.439572879317389635e-02,9.998571819099821845e-01,5.623678861622855019e-01,0.000000000000000000e+00,0.000000000000000000e+00,0.000000000000000000e+00,1.000000000000000056e-01
9.997712608569294668e-01,-1.985324819699072277e-02,-7.954527049054095286e-03,2.427316923583568453e+01,1.972496499067169853e-02,9.996791114750405161e-01,-1.589338971366383371e-02,7.218534020934624929e-01,8.267509943279441678e-03,1.573285150576030425e-02,9.998420503573729468e-01,5.771232034976714331e-01,0.000000000000000000e+00,0.000000000000000000e+00,0.000000000000000000e+00,1.000000000000000056e-01
9.997801859892347931e-01,-1.834842220366093499e-02,-1.014470827413209431e-02,2.522674828262412206e+01,1.817995614392816164e-02,9.996992937963590231e-01,-1.645634156384117794e-02,7.450819172543544644e-01,1.044360560036094662e-02,1.626829387788284245e-02,9.998131193960033691e-01,6.015747509460143139e-01,0.000000000000000000e+00,0.000000000000000000e+00,0.000000000000000000e+00,1.000000000000000056e-01
9.997966850208850342e-01,-1.501025412950285007e-02,-1.346405927709043264e-02,2.617093289252136756e+01,1.476351834992068249e-02,9.997246064551044142e-01,-1.824143015550589927e-02,7.666536395128324965e-01,1.373415986439715207e-02,1.803894451331306339e-02,9.997429516299001229e-01,6.201068901653103982e-01,0.000000000000000000e+00,0.000000000000000000e+00,0.000000000000000000e+00,1.000000000000000056e-01
9.997873079033647858e-01,-1.353467259414989528e-02,-1.556122081045172890e-02,2.713701281335612592e+01,1.324514503097535233e-02,9.997400012027395366e-01,-1.856060689349227355e-02,7.824354415682233110e-01,1.580838664920924605e-02,1.835054857260381284e-02,9.997066331072499423e-01,6.451792775466131946e-01,0.000000000000000000e+00,0.000000000000000000e+00,0.000000000000000000e+00,1.000000000000000056e-01
9.998023671758802244e-01,-1.403661156744137779e-02,-1.407835662324405900e-02,2.811854367647357122e+01,1.374818140378437047e-02,9.996977927085531901e-01,-2.037917470692335656e-02,7.967499870748597779e-01,1.436015660064703624e-02,2.018159531234926460e-02,9.996931974926375197e-01,6.707557250679178074e-01,0.000000000000000000e+00,0.000000000000000000e+00,0.000000000000000000e+00,1.000000000000000056e-01
9.998764941746051127e-01,-1.118512823159418038e-02,-1.104034888686217589e-02,2.912599168942554684e+01,1.090856080523492505e-02,9.996328964227326752e-01,-2.480071955925144955e-02,8.077110460254146584e-01,1.131369516379756440e-02,2.467722220876855665e-02,9.996314495881968298e-01,6.945893064048115351e-01,0.000000000000000000e+00,0.000000000000000000e+00,0.000000000000000000e+00,1.000000000000000056e-01
9.999023671189455342e-01,-1.210879760884132038e-02,-6.973754397571902894e-03,3.008255650435828699e+01,1.191119951971936382e-02,9.995450011704545279e-01,-2.771126054796837004e-02,8.051297961321337571e-01,7.306131392944689371e-03,2.762548923773242363e-02,9.995916430165094901e-01,7.176919381675824772e-01,0.000000000000000000e+00,0.000000000000000000e+00,0.000000000000000000e+00,1.000000000000000056e-01
9.999097685234491495e-01,-1.113699194366253586e-02,-7.511472680456660576e-03,3.100007532486745987e+01,1.086128596336052854e-02,9.993000469790884743e-01,-3.579732636404167612e-02,7.965439504797913184e-01,7.904889537783470546e-03,3.571251206563885727e-02,9.993308407146038741e-01,7.489466074061719159e-01,0.000000000000000000e+00,0.000000000000000000e+00,0.000000000000000000e+00,1.000000000000000056e-01
9.998789493565067854e-01,-1.135534009877242102e-02,-1.063686443315843035e-02,3.195219135115732811e+01,1.094069314248471460e-02,9.992078864687984341e-01,-3.826095728178693228e-02,8.040966211775127936e-01,1.106290501135066308e-02,3.813995109852590798e-02,9.992111670027071790e-01,7.625045163292493156e-01,0.000000000000000000e+00,0.000000000000000000e+00,0.000000000000000000e+00,1.000000000000000056e-01
9.998608370870293305e-01,-1.041501953294543537e-02,-1.303203083764367144e-02,3.294490890434651220e+01,9.894743043502064045e-03,9.991757164491160692e-01,-3.936980719407416618e-02,8.262322058745353859e-01,1.343132605992416843e-02,3.923537978054847386e-02,9.991397221879171342e-01,7.800048407215218749e-01,0.000000000000000000e+00,0.000000000000000000e+00,0.000000000000000000e+00,1.000000000000000056e-01
9.998404888217331532e-01,-1.053830013093428990e-02,-1.442016446050789144e-02,3.392514386671707882e+01,9.962847378423485625e-03,9.991733677820178183e-01,-3.941221621851161150e-02,8.449469033875747215e-01,1.482358205131218548e-02,3.926226363177268142e-02,9.991189799366625435e-01,7.969353657399500523e-01,0.000000000000000000e+00,0.000000000000000000e+00,0.000000000000000000e+00,1.000000000000000056e-01
9.998818011991832400e-01,-8.308373802146181916e-03,-1.293655887169825949e-02,3.489217968619112753e+01,7.774681607896223243e-03,9.991382221624400817e-01,-4.077213926168684471e-02,8.417482721127511613e-01,1.326416060566759647e-02,4.066674241739012124e-02,9.990847201837212976e-01,8.274609679082960412e-01,0.000000000000000000e+00,0.000000000000000000e+00,0.000000000000000000e+00,1.000000000000000056e-01
9.998933395219880005e-01,-9.865086502196142651e-03,-1.076984901800358795e-02,3.588442924063537021e+01,9.432951479680982618e-03,9.991764825370013092e-01,-3.946360565593896863e-02,8.671695233081357923e-01,1.115029174274779870e-02,3.935780498566530949e-02,9.991629667780737023e-01,8.420625623201015708e-01,0.000000000000000000e+00,0.000000000000000000e+00,0.000000000000000000e+00,1.000000000000000056e-01
9.999165156495782858e-01,-9.074847069474254943e-03,-9.198308641932039301e-03,3.687895460938807446e+01,8.716138933633600996e-03,9.992277204557271642e-01,-3.831437843604793003e-02,8.826017067542136774e-01,9.538902101195062891e-03,3.823100604897486376e-02,9.992233982064205877e-01,8.700503738025340272e-01,0.000000000000000000e+00,0.000000000000000000e+00,0.000000000000000000e+00,1.000000000000000056e-01
9.999387830583053027e-01,-7.687846418969931581e-03,-7.957835969267034598e-03,3.788503040665095511e+01,7.383148291463465310e-03,9.992642735528618481e-01,-3.763509960366278467e-02,8.969947186982308862e-01,8.241314044598054001e-03,3.757404181492442902e-02,9.992598621602434283e-01,8.852796854659024106e-01,0.000000000000000000e+00,0.000000000000000000e+00,0.000000000000000000e+00,1.000000000000000056e-01
9.999545715126806344e-01,-8.053319148676804998e-03,-5.098917687197491305e-03,3.888210215675937320e+01,7.857982338270117981e-03,9.992756266501519047e-01,-3.723538769125040587e-02,9.019742541465864960e-01,5.395092627814167610e-03,3.719362893878255111e-02,9.992935139096528196e-01,9.215013163100577165e-01,0.000000000000000000e+00,0.000000000000000000e+00,0.000000000000000000e+00,1.000000000000000056e-01
9.999802617315196596e-01,-4.956166406630348881e-03,-3.861678639052350866e-03,3.990162425459340767e+01,4.813449461900515258e-03,9.993355404606651948e-01,-3.612905031228894059e-02,9.164662252694513178e-01,4.038174295304011556e-03,3.610974919242675163e-02,9.993396715639887296e-01,9.378010394859971344e-01,0.000000000000000000e+00,0.000000000000000000e+00,0.000000000000000000e+00,1.000000000000000056e-01
9.999715648230874665e-01,-5.313822990659488633e-03,-5.350965379237592780e-03,4.091760305429748001e+01,5.104571295436223684e-03,9.992498853502232992e-01,-3.838762794775680415e-02,9.324383214338551884e-01,5.550936601661850787e-03,3.835922200448712432e-02,9.992485962912606157e-01,9.710663512174367851e-01,0.000000000000000000e+00,0.000000000000000000e+00,0.000000000000000000e+00,1.000000000000000056e-01
9.999635138840937687e-01,-4.370389114636320099e-03,-7.339659362835096283e-03,4.193115729047810447e+01,4.111368646379684813e-03,9.993808741397378625e-01,-3.494231033499300976e-02,9.390638132954607364e-01,7.487826682646347813e-03,3.491085938042863546e-02,9.993623788941079500e-01,1.006257903361759576e+00,0.000000000000000000e+00,0.000000000000000000e+00,0.000000000000000000e+00,1.000000000000000056e-01
9.999516118826049516e-01,-2.209105289239733129e-03,-9.586122636457453453e-03,4.296979189258203746e+01,1.894923568601739440e-03,9.994646959460310454e-01,-3.266084539899169470e-02,9.441805838915746651e-01,9.653142392470269798e-03,3.264110003245497549e-02,9.994205198166695725e-01,1.035034623010730570e+00,0.000000000000000000e+00,0.000000000000000000e+00,0.000000000000000000e+00,1.000000000000000056e-01
9.999489279015958410e-01,-1.940709151391113501e-03,-9.918429131609299287e-03,4.402427348260683004e+01,1.580932004957614134e-03,9.993449951634955086e-01,-3.615357929263494918e-02,9.438085018340993670e-01,9.982096094746328169e-03,3.613605249142258502e-02,9.992970246467726136e-01,1.064643630614807490e+00,0.000000000000000000e+00,0.000000000000000000e+00,0.000000000000000000e+00,1.000000000000000056e-01
9.999627842048102178e-01,-1.037611240516683742e-03,-8.564669770493608600e-03,4.504414140395901001e+01,7.087961313738264579e-04,9.992657980589073619e-01,-3.830616709798943115e-02,9.610688957789483844e-01,8.598128482885278659e-03,3.829867089872038971e-02,9.992293450424598600e-01,1.093340145277432951e+00,0.000000000000000000e+00,0.000000000000000000e+00,0.000000000000000000e+00,1.000000000000000056e-01
9.999668034457319665e-01,-4.104329370389353938e-04,-8.137785406918233294e-03,4.603644777205673222e+01,9.336773751116147829e-05,9.992421595611724605e-01,-3.892425770634565241e-02,9.591788786435514469e-01,8.147594061466846560e-03,3.892220574850056847e-02,9.992090264857903525e-01,1.114558026945921876e+00,0.000000000000000000e+00,0.000000000000000000e+00,0.000000000000000000e+00,1.000000000000000056e-01
9.999178893633184906e-01,-7.846454198271695171e-03,-1.013151951687727391e-02,4.695720235723121050e+01,7.493112977629428489e-03,9.993781738959932603e-01,-3.445459037943013336e-02,9.527291877449750590e-01,1.039556583890083839e-02,3.437584467070245453e-02,9.993549086856304831e-01,1.145278046585274545e+00,0.000000000000000000e+00,0.000000000000000000e+00,0.000000000000000000e+00,1.000000000000000056e-01
9.998809650384380410e-01,-7.575894238282515798e-03,-1.344104089318643586e-02,4.791700257043433453e+01,7.116467747501432732e-03,9.993997047524099120e-01,-3.390554567610878228e-02,9.610950173059299440e-01,1.368983712834904998e-02,3.380585699677327721e-02,9.993346548539748797e-01,1.160453479252390840e+00,0.000000000000000000e+00,0.000000000000000000e+00,0.000000000000000000e+00,1.000000000000000056e-01
9.998917684347484736e-01,-6.062032586016405725e-03,-1.340534137414978177e-02,4.886702227642752661e+01,5.606691836910683568e-03,9.994146581430700671e-01,-3.374768281551045190e-02,9.853438419787696745e-01,1.360207421966722757e-02,3.366887063292227367e-02,9.993404778788990139e-01,1.190909878639503816e+00,0.000000000000000000e+00,0.000000000000000000e+00,0.000000000000000000e+00,1.000000000000000056e-01
9.999298683825204037e-01,-4.031323093870647217e-03,-1.113583183369199273e-02,4.984123334060259936e+01,3.646507519025574476e-03,9.994027558850004933e-01,-3.436327272510442815e-02,1.003574479172004486e+00,1.126771047858138308e-02,3.432025587869416000e-02,9.993473664031901071e-01,1.215973087329233593e+00,0.000000000000000000e+00,0.000000000000000000e+00,0.000000000000000000e+00,1.000000000000000056e-01
9.999614614472183138e-01,-3.406790338822133796e-03,-8.091316328673044816e-03,5.084320608918071827e+01,3.116642737502893588e-03,9.993610823115135489e-01,-3.560496733894086968e-02,1.022163002712224378e+00,8.207445302291897088e-03,3.557837743275519410e-02,9.993331861300626118e-01,1.251543454205953809e+00,0.000000000000000000e+00,0.000000000000000000e+00,0.000000000000000000e+00,1.000000000000000056e-01
9.999705617855776385e-01,-1.733323347816362455e-03,-7.474700823998257568e-03,5.178130428772993099e+01,1.442982159873214482e-03,9.992507952693322482e-01,-3.867513356270815827e-02,1.026976073753260721e+00,7.536137254764751006e-03,3.866320917589410877e-02,9.992238802648275575e-01,1.279573607922872336e+00,0.000000000000000000e+00,0.000000000000000000e+00,0.000000000000000000e+00,1.000000000000000056e-01
9.999669510779390924e-01,-9.551885910062681657e-04,-8.073683585961473688e-03,5.272126879657668752e+01,6.136387399114177346e-04,9.991089447746058783e-01,-4.220118385626714375e-02,1.029710316543872128e+00,8.106799577360488882e-03,4.219483482760887083e-02,9.990765114416829684e-01,1.300820675966628981e+00,0.000000000000000000e+00,0.000000000000000000e+00,0.000000000000000000e+00,1.000000000000000056e-01
9.999626054622755555e-01,-8.394598456692547572e-04,-8.607147277981203048e-03,5.370777618653581698e+01,4.504132126644077704e-04,9.989822354122790404e-01,-4.510310919020751180e-02,1.036373675000371808e+00,8.636249477360389420e-03,4.509754580743206148e-02,9.989452570371969431e-01,1.333143952063287951e+00,0.000000000000000000e+00,0.000000000000000000e+00,0.000000000000000000e+00,1.000000000000000056e-01
9.999774390298601379e-01,-1.710788245854065600e-03,-6.495739746958230018e-03,5.467510303886754031e+01,1.392890459168849354e-03,9.988157747710905143e-01,-4.863237527198344817e-02,1.046003954288874827e+00,6.571247024052725635e-03,4.862223022449831816e-02,9.987956234588459825e-01,1.341724900127377218e+00,0.000000000000000000e+00,0.000000000000000000e+00,0.000000000000000000e+00,1.000000000000000056e-01
9.999933751512624092e-01,-2.868202106334245913e-03,-2.241220708403909682e-03,5.563377700349390409e+01,2.749238264141246838e-03,9.986747690632198360e-01,-5.139209399792527694e-02,1.061234996500855399e+00,2.385653485638757239e-03,5.138559188334630018e-02,9.986760383649166961e-01,1.365757742552960785e+00,0.000000000000000000e+00,0.000000000000000000e+00,0.000000000000000000e+00,1.000000000000000056e-01
9.999902432551658338e-01,-3.614551739595271013e-03,2.539372008191854990e-03,5.659323044380855094e+01,3.737292984790223024e-03,9.987362214197600396e-01,-5.011978317317209580e-02,1.060097377021260945e+00,-2.355002254783914589e-03,5.012878454442851878e-02,9.987399856441506740e-01,1.400650790892245867e+00,0.000000000000000000e+00,0.000000000000000000e+00,0.000000000000000000e+00,1.000000000000000056e-01
9.999770398886612677e-01,-4.702020583011474499e-03,4.879620676623032220e-03,5.756234327518107108e+01,4.927031086675405687e-03,9.988745548844421007e-01,-4.717359398094007200e-02,1.064758710346209947e+00,-4.652317721493745388e-03,4.719655291273492509e-02,9.988747876150312344e-01,1.405508641059484809e+00,0.000000000000000000e+00,0.000000000000000000e+00,0.000000000000000000e+00,1.000000000000000056e-01
9.999660897179613039e-01,-8.230396285078357688e-03,2.828270861134919690e-04,5.846348074298702358e+01,8.234475278914327179e-03,9.988092694771876223e-01,-4.808572161596092603e-02,1.079305317134923392e+00,1.132742292839382983e-04,4.808641994822770299e-02,9.988431725679020046e-01,1.424258372974591680e+00,0.000000000000000000e+00,0.000000000000000000e+00,0.000000000000000000e+00,1.000000000000000056e-01
9.999068893343735498e-01,-1.262271168947722531e-02,-5.184574356799717329e-03,5.938492669492406151e+01,1.236376849007044497e-02,9.988060924184347655e-01,-4.726020499893256177e-02,1.096491170507180257e+00,5.774936396255061360e-03,4.719170369272043808e-02,9.988691572033835397e-01,1.437991336123816799e+00,0.000000000000000000e+00,0.000000000000000000e+00,0.000000000000000000e+00,1.000000000000000056e-01
9.998727205622880421e-01,-1.257800342748144687e-02,-9.815116155546210058e-03,6.034124906946289713e+01,1.208079213613332328e-02,9.987173289691636535e-01,-4.917063430608744484e-02,1.108106128231114207e+00,1.042099499722260250e-02,4.904580151733386323e-02,9.987421650339942669e-01,1.463501736069087178e+00,0.000000000000000000e+00,0.000000000000000000e+00,0.000000000000000000e+00,1.000000000000000056e-01
9.998593418325030235e-01,-1.416141553945737125e-02,-8.986148240077970750e-03,6.125658042462859498e+01,1.372890492736755438e-02,9.988242742885460324e-01,-4.649286247860635879e-02,1.130347969257553320e+00,9.633987739723563759e-03,4.636295290291717053e-02,9.988782022240513259e-01,1.480932729099142309e+00,0.000000000000000000e+00,0.000000000000000000e+00,0.000000000000000000e+00,1.000000000000000056e-01
9.998731454188521939e-01,-1.467659494900166138e-02,-6.187942381266233957e-03,6.218936643869888314e+01,1.437646458843567891e-02,9.988362767217869864e-01,-4.603704563169897651e-02,1.157713291188769089e+00,6.856408400058066135e-03,4.594224488703852610e-02,9.989205673118313200e-01,1.516383086369194721e+00,0.000000000000000000e+00,0.000000000000000000e+00,0.000000000000000000e+00,1.000000000000000056e-01
9.998379634272095418e-01,-1.681595844731301193e-02,-6.424206661383454961e-03,6.308779984688094089e+01,1.650636099123704154e-02,9.988262997225823003e-01,-4.553639236172712240e-02,1.178224871580097588e+00,7.182404650038144711e-03,4.542297352653647952e-02,9.989420236127073416e-01,1.545261847173627023e+00,0.000000000000000000e+00,0.000000000000000000e+00,0.000000000000000000e+00,1.000000000000000056e-01
9.997983515343272787e-01,-1.916230098570982296e-02,-6.005205256670261872e-03,6.390513409285760105e+01,1.888219686528100696e-02,9.988677847932804221e-01,-4.366475860125076935e-02,1.199552417950027206e+00,6.835123318744717492e-03,4.354256220180198478e-02,9.990281909766709489e-01,1.566237553886618006e+00,0.000000000000000000e+00,0.000000000000000000e+00,0.000000000000000000e+00,1.000000000000000056e-01
9.997653074286098063e-01,-2.105583388509763704e-02,-5.097246470442119877e-03,6.472852676571606878e+01,2.081852565316004433e-02,9.988655168462138301e-01,-4.282835795562080911e-02,1.221958943069076930e+00,5.993250520875758637e-03,4.271218930175840062e-02,9.990694419474778210e-01,1.587704239691651864e+00,0.000000000000000000e+00,0.000000000000000000e+00,0.000000000000000000e+00,1.000000000000000056e-01
9.997404231767738070e-01,-2.206187405569512427e-02,-5.688583257349391457e-03,6.552685434732408964e+01,2.179054909847668448e-02,9.987933699219517791e-01,-4.401109144225093944e-02,1.242540968256345080e+00,6.652686398142214179e-03,4.387570983017759912e-02,9.990148466617431167e-01,1.602363166401701289e+00,0.000000000000000000e+00,0.000000000000000000e+00,0.000000000000000000e+00,1.000000000000000056e-01
9.997379105579673464e-01,-2.224101445839052685e-02,-5.426552225070191936e-03,6.633260106673535006e+01,2.196747233956149528e-02,9.986944237295174442e-01,-4.611808940727667866e-02,1.262758152064946238e+00,6.445180540555193495e-03,4.598679470705289291e-02,9.989212553351595192e-01,1.622728072448360814e+00,0.000000000000000000e+00,0.000000000000000000e+00,0.000000000000000000e+00,1.000000000000000056e-01
9.997117219276586697e-01,-2.372784506666992393e-02,-3.669115551167062214e-03,6.709179746423725987e+01,2.353120848173205493e-02,9.986356029712361027e-01,-4.661775097175874932e-02,1.282926928460300653e+00,4.770248193225351888e-03,4.651797337339364652e-02,9.989060630937262042e-01,1.645616652845173000e+00,0.000000000000000000e+00,0.000000000000000000e+00,0.000000000000000000e+00,1.000000000000000056e-01
9.996390006012252361e-01,-2.686291087992790858e-02,-5.024898414510589563e-04,6.789239442612812070e+01,2.681195865381788904e-02,9.985970727980223449e-01,-4.566185577007661478e-02,1.318096651618319015e+00,1.728395246947459635e-03,4.563189913074372495e-02,9.989568271109577902e-01,1.664718187364260249e+00,0.000000000000000000e+00,0.000000000000000000e+00,0.000000000000000000e+00,1.000000000000000056e-01
9.996102698193217728e-01,-2.778077926237340275e-02,2.745318800804857386e-03,6.863694623426043506e+01,2.787577055366620774e-02,9.986118732856753555e-01,-4.469080385172920222e-02,1.344204059052809264e+00,-1.499962593575206215e-03,4.474991437365731517e-02,9.989970947283921543e-01,1.682092499786366435e+00,0.000000000000000000e+00,0.000000000000000000e+00,0.000000000000000000e+00,1.000000000000000056e-01
9.995347015530091639e-01,-3.013742204905429933e-02,4.702784661664394066e-03,6.936739362155329047e+01,3.031002303894683725e-02,9.986400900292107252e-01,-4.241783928759578631e-02,1.366311956787988002e+00,-3.418024972893291512e-03,4.254064384429281226e-02,9.990888903028587453e-01,1.697273201704857293e+00,0.000000000000000000e+00,0.000000000000000000e+00,0.000000000000000000e+00,1.000000000000000056e-01
9.995551464917400430e-01,-2.974425120520150095e-02,2.188296624784091815e-03,7.003857867151116068e+01,2.980904643147811589e-02,9.987120845169821237e-01,-4.105597387214564298e-02,1.399739589220447389e+00,-9.642990833523073201e-04,4.110294101382762355e-02,9.991544517076884624e-01,1.718497664135682390e+00,0.000000000000000000e+00,0.000000000000000000e+00,0.000000000000000000e+00,1.000000000000000056e-01
9.995187231718700716e-01,-3.088035345738288778e-02,-2.953946380969877002e-03,7.073246306304474729e+01,3.073681847564899150e-02,9.987186410095151290e-01,-4.020353330370767669e-02,1.426096891619570428e+00,4.191660633871368419e-03,4.009338936102097711e-02,9.991871446884592611e-01,1.729152772469565003e+00,0.000000000000000000e+00,0.000000000000000000e+00,0.000000000000000000e+00,1.000000000000000056e-01
9.995045244925955252e-01,-3.013646601737165684e-02,-9.082892425560706862e-03,7.146460647499826280e+01,2.972413978064899001e-02,9.986522624094343881e-01,-4.254567309161688682e-02,1.437029587890844784e+00,1.035282730131942969e-02,4.225461158858398458e-02,9.990532352013915540e-01,1.755388497123084646e+00,0.000000000000000000e+00,0.000000000000000000e+00,0.000000000000000000e+00,1.000000000000000056e-01
9.994261446766227186e-01,-3.188387849643067873e-02,-1.143676653810624284e-02,7.216567734757582286e+01,3.139306982007018798e-02,9.986742729518279793e-01,-4.079426076557786385e-02,1.464313573940900337e+00,1.272228376096443993e-02,4.041181555142768500e-02,9.991021112277477245e-01,1.763676856399650328e+00,0.000000000000000000e+00,0.000000000000000000e+00,0.000000000000000000e+00,1.000000000000000056e-01
9.994336579692125744e-01,-3.260098865417398323e-02,-8.338996165566867069e-03,7.282748508372209528e+01,3.223948897103220274e-02,9.986663219136838743e-01,-4.032608121651602706e-02,1.492759985243541587e+00,9.642544745325914990e-03,4.003439788687689072e-02,9.991517744150133495e-01,1.783185690248678901e+00,0.000000000000000000e+00,0.000000000000000000e+00,0.000000000000000000e+00,1.000000000000000056e-01
9.994070135374618635e-01,-3.412205969224788721e-02,-4.615878517698526751e-03,7.343322311877898301e+01,3.389839287978230892e-02,9.985412437804986885e-01,-4.202717489271157181e-02,1.517349964336816459e+00,6.043198846588018064e-03,4.184578248346318419e-02,9.991058053259661564e-01,1.805153765593005000e+00,0.000000000000000000e+00,0.000000000000000000e+00,0.000000000000000000e+00,1.000000000000000056e-01
9.993663661251044328e-01,-3.487221698430777866e-02,-7.127042900326112373e-03,7.402432585448151769e+01,3.453153494151223885e-02,9.984629625487362325e-01,-4.335072678726410722e-02,1.528908674221214792e+00,8.627824319424465260e-03,4.307715056732808190e-02,9.990344937721183927e-01,1.830718175129659508e+00,0.000000000000000000e+00,0.000000000000000000e+00,0.000000000000000000e+00,1.000000000000000056e-01
9.993094778162266989e-01,-3.560384993672737614e-02,-1.062701351948535516e-02,7.466571363036787545e+01,3.502434675363134270e-02,9.981108617791530913e-01,-5.047774492741967378e-02,1.536208014270624478e+00,1.240413967761249195e-02,5.007068471829845269e-02,9.986686456731777017e-01,1.852939234832010840e+00,0.000000000000000000e+00,0.000000000000000000e+00,0.000000000000000000e+00,1.000000000000000056e-01
9.993066210160302942e-01,-3.469870569836294716e-02,-1.350100056967420276e-02,7.529160096071730379e+01,3.391943003715963689e-02,9.979536788725303920e-01,-5.420264837382789830e-02,1.563436677189668167e+00,1.535413493096180262e-02,5.370711915231527606e-02,9.984386790849405502e-01,1.885184732362507720e+00,0.000000000000000000e+00,0.000000000000000000e+00,0.000000000000000000e+00,1.000000000000000056e-01
9.994488096926510412e-01,-3.080342110814579190e-02,-1.237845111381593970e-02,7.589865441552714742e+01,3.012418030406623440e-02,9.982056730408694900e-01,-5.174908762512524935e-02,1.575740677023899972e+00,1.395028906334921069e-02,5.134767333637447334e-02,9.985833995605924995e-01,1.903385985727271246e+00,0.000000000000000000e+00,0.000000000000000000e+00,0.000000000000000000e+00,1.000000000000000056e-01
9.996115740541600125e-01,-2.626084143701435877e-02,-9.331089110308268472e-03,7.646691140560575661e+01,2.579183227923914287e-02,9.985498044167794296e-01,-4.725536463610507248e-02,1.616341456349185357e+00,1.055852284385091176e-02,4.699634354108456896e-02,9.988392569823856260e-01,1.912371655776391899e+00,0.000000000000000000e+00,0.000000000000000000e+00,0.000000000000000000e+00,1.000000000000000056e-01
9.997824927179826959e-01,-1.987439320161392062e-02,-6.322637858094633419e-03,7.702625918609332700e+01,1.954207251726778130e-02,9.986137057663476702e-01,-4.887508626419212465e-02,1.618177246266128355e+00,7.285235503867838226e-03,4.874089812949712608e-02,9.987848868466038255e-01,1.930727152048565154e+00,0.000000000000000000e+00,0.000000000000000000e+00,0.000000000000000000e+00,1.000000000000000056e-01
9.999099884868983823e-01,-1.327699826065236420e-02,-1.932935932069081413e-03,7.760337716579859091e+01,1.315333153557687353e-02,9.984553226287298244e-01,-5.398109468947676765e-02,1.608553141884447202e+00,2.646657069974992556e-03,5.395081122231334264e-02,9.985400869142951885e-01,1.946984242585083402e+00,0.000000000000000000e+00,0.000000000000000000e+00,0.000000000000000000e+00,1.000000000000000056e-01
9.999911154362027821e-01,-4.175997635410485381e-03,5.745366899587915459e-04,7.815109228712481126e+01,4.202201977458351265e-03,9.983232969932349654e-01,-5.773158735993533935e-02,1.593331610366709894e+00,-3.324863902596569484e-04,5.773348875917898998e-02,9.983319757117339321e-01,1.965200834820548970e+00,0.000000000000000000e+00,0.000000000000000000e+00,0.000000000000000000e+00,1.000000000000000056e-01
9.999845096261695820e-01,5.527419057980317157e-03,6.543288673186762163e-04,7.864852342881158620e+01,-5.482243693508278073e-03,9.984238021140727781e-01,-5.585567452071280720e-02,1.599463137268356316e+00,-9.620352353834409022e-04,5.585122210512760005e-02,9.984386388144088631e-01,1.976552382207790171e+00,0.000000000000000000e+00,0.000000000000000000e+00,0.000000000000000000e+00,1.000000000000000056e-01
9.997833923322766436e-01,2.080360584320401635e-02,6.151426546720752857e-04,7.914165091669232766e+01,-2.074524551308844222e-02,9.984854183569957797e-01,-5.095590365263778093e-02,1.609008556484742947e+00,-1.674277505873236153e-03,5.093210492779410431e-02,9.987007146700443982e-01,1.976977675559167480e+00,0.000000000000000000e+00,0.000000000000000000e+00,0.000000000000000000e+00,1.000000000000000056e-01
9.993340782081627793e-01,3.643740111985081104e-02,1.927675147077200900e-03,7.962139132105217243e+01,-3.631262062570742716e-02,9.983109904122535738e-01,-4.534931096939384676e-02,1.594536519530902474e+00,-3.576830319572380738e-03,4.524911293866910877e-02,9.989693308921593351e-01,1.983391304893027840e+00,0.000000000000000000e+00,0.000000000000000000e+00,0.000000000000000000e+00,1.000000000000000056e-01
9.980921167373885128e-01,6.168901830008186038e-02,2.567397096546357622e-03,8.011499819701873548e+01,-6.150409232707912399e-02,9.970295680180674136e-01,-4.636040470841507749e-02,1.576673285921785350e+00,-5.419698672557073972e-03,4.611404904015773548e-02,9.989214790700120528e-01,1.989100572038653869e+00,0.000000000000000000e+00,0.000000000000000000e+00,0.000000000000000000e+00,1.000000000000000056e-01
9.963188571344692157e-01,8.557096553556335639e-02,5.132716198709535646e-03,8.061075937174959449e+01,-8.523073587099037896e-02,9.952187209250059619e-01,-4.770135410326044323e-02,1.537451860542957016e+00,-9.190026178120563882e-03,4.708829342529410877e-02,9.988484549926174294e-01,2.005654781738577253e+00,0.000000000000000000e+00,0.000000000000000000e+00,0.000000000000000000e+00,1.000000000000000056e-01
9.937276799717038589e-01,1.115776873688318765e-01,7.464431624581623070e-03,8.109102572120387720e+01,-1.111184173295495098e-01,9.927308187283674368e-01,-4.624087885282298499e-02,1.487306360481127854e+00,-1.256962164231314322e-02,4.512140543388026143e-02,9.989024293610665461e-01,2.010729005722796447e+00,0.000000000000000000e+00,0.000000000000000000e+00,0.000000000000000000e+00,1.000000000000000056e-01
9.899293282061325527e-01,1.412880044070520813e-01,8.810503278921810039e-03,8.158090947204983934e+01,-1.407508449002674578e-01,9.890006978104287638e-01,-4.546228536210861204e-02,1.415981861111282436e+00,-1.513686946551100199e-02,4.376436382672285741e-02,9.989272023734393491e-01,2.009448657613714495e+00,0.000000000000000000e+00,0.000000000000000000e+00,0.000000000000000000e+00,1.000000000000000056e-01
