1.000000000000000000e+00,-1.853839700651207967e-12,-4.895117144281008366e-13,-3.783048584771103258e-20,1.853839700651167578e-12,1.000000000000000000e+00,-8.236032701388020316e-14,4.924275470913004071e-19,4.895117144282535096e-13,8.236032701297272281e-14,1.000000000000000000e+00,1.467065946437256381e-19,0.000000000000000000e+00,0.000000000000000000e+00,0.000000000000000000e+00,1.000000000000000056e-01
9.999920397971890917e-01,-3.985817367212791430e-03,-1.833089526097355878e-04,6.556251433274660201e-01,3.985263711630291326e-03,9.999877734825374231e-01,-2.927551636823043108e-03,7.032292194618548591e-03,1.949753975370869716e-04,2.926797798401421877e-03,9.999956979103667987e-01,2.039120669040839825e-03,0.000000000000000000e+00,0.000000000000000000e+00,0.000000000000000000e+00,1.000000000000000056e-01
9.999535685320628531e-01,-9.343386793307891999e-03,-2.358368763293178672e-03,1.325919153011419382e+00,9.340105522887017994e-03,9.999554022756799165e-01,-1.398530837882795740e-03,9.435960098141737973e-03,2.371330599973936037e-03,1.376438488931998631e-03,9.999962410970711923e-01,6.225405415819981574e-03,0.000000000000000000e+00,0.000000000000000000e+00,0.000000000000000000e+00,1.000000000000000056e-01
9.998859094664699354e-01,-1.492707403789833576e-02,-2.313117177639821206e-03,2.043405574842742656e+00,1.492536423999252931e-02,9.998883257421873338e-01,-7.546832376048940097e-04,3.365102716202521575e-04,2.324124074558663391e-03,7.200730189856115876e-04,9.999970399666857634e-01,4.948626815514785282e-03,0.000000000000000000e+00,0.000000000000000000e+00,0.000000000000000000e+00,1.000000000000000056e-01
9.997911883399176469e-01,-1.996311746537950127e-02,-4.365049704037184640e-03,2.738281461308926801e+00,1.996436390867318417e-02,9.998006628984404953e-01,2.421601971891015805e-04,8.615653402491370988e-03,4.359345315219093596e-03,-3.292550720871652075e-04,9.999904438040996268e-01,1.027082707547935514e-02,0.000000000000000000e+00,0.000000000000000000e+00,0.000000000000000000e+00,1.000000000000000056e-01
9.996853236143290466e-01,-2.430475657564061531e-02,-6.207459859962446112e-03,3.444249931019831568e+00,2.430443121598964418e-02,9.997045955062523470e-01,-1.278551819619894365e-04,1.028718507570160721e-02,6.208733637499575832e-03,-2.305383223703365959e-05,9.999807253618138159e-01,2.509870056783679304e-02,0.000000000000000000e+00,0.000000000000000000e+00,0.000000000000000000e+00,1.000000000000000056e-01
9.995195090868911336e-01,-3.000752760742505382e-02,-7.765258629930246563e-03,4.165171976696865563e+00,3.000889303421960808e-02,9.995496299912741689e-01,5.935627794562129051e-05,4.503872902618489410e-02,7.759980255184198948e-03,-2.923545734020598693e-04,9.999698481630546754e-01,4.345237348569756103e-02,0.000000000000000000e+00,0.000000000000000000e+00,0.000000000000000000e+00,1.000000000000000056e-01
9.993676187324909144e-01,-3.450853272020936585e-02,-8.574601941132299968e-03,4.933997110585561785e+00,3.453798238171643803e-02,9.993979030166745270e-01,3.310471095454446157e-03,7.331260300190461932e-02,8.455199699053532122e-03,-3.604527066320109725e-03,9.999577575991284162e-01,5.546912983308363576e-02,0.000000000000000000e+00,0.000000000000000000e+00,0.000000000000000000e+00,1.000000000000000056e-01
9.992705243935861015e-01,-3.753520617027775175e-02,-7.037568892897953614e-03,5.704674428239338013e+00,3.756349996350968889e-02,9.992865060152102963e-01,3.932221560955175173e-03,1.090413298144344706e-01,6.884950882827663328e-03,-4.193708820099012989e-03,9.999675046008611456e-01,6.072771044359638604e-02,0.000000000000000000e+00,0.000000000000000000e+00,0.000000000000000000e+00,1.000000000000000056e-01
9.990769637502829870e-01,-4.263670329996724351e-02,-5.228004899216341650e-03,6.498386931591468851e+00,4.265781066682439171e-02,9.990817557617949207e-01,3.994557928301168716e-03,1.633500399834832417e-01,5.052889532636819711e-03,-4.213886049687753065e-03,9.999783555016235059e-01,7.187946681246928926e-02,0.000000000000000000e+00,0.000000000000000000e+00,0.000000000000000000e+00,1.000000000000000056e-01
9.988430078069321372e-01,-4.796754033462768269e-02,-3.429406573567445136e-03,7.323916555460339595e+00,4.797680421199194273e-02,9.988448760488332079e-01,2.672049512110172536e-03,1.980037136831400424e-01,3.297273541147761455e-03,-2.833489939428533461e-03,9.999905496163241647e-01,9.221923239312117271e-02,0.000000000000000000e+00,0.000000000000000000e+00,0.000000000000000000e+00,1.000000000000000056e-01
9.987640011944659557e-01,-4.961818573876126265e-02,-2.916429669076650751e-03,8.140518700700871690e+00,4.962736033333021296e-02,9.987627967203451806e-01,3.162434774087326348e-03,2.446797564868348762e-01,2.755907176717803733e-03,-3.303260714558056959e-03,9.999907466793305222e-01,1.072047841963079118e-01,0.000000000000000000e+00,0.000000000000000000e+00,0.000000000000000000e+00,1.000000000000000056e-01
9.986080111806548976e-01,-5.261551541148040689e-02,-3.694258220702506361e-03,8.987901407469074400e+00,5.262765276141531667e-02,9.986088546622625683e-01,3.268876710431128409e-03,2.951789895265721220e-01,3.517125337666459316e-03,-3.458746609448525890e-03,9.999878333766120120e-01,1.161353550749417846e-01,0.000000000000000000e+00,0.000000000000000000e+00,0.000000000000000000e+00,1.000000000000000056e-01
9.986186817096769364e-01,-5.242941074367066245e-02,-3.447525126571290670e-03,9.668651766719271734e+00,5.244708685715142316e-02,9.986098835545276220e-01,5.253907822865541699e-03,3.771946985738838243e-01,3.167273373942262535e-03,-5.427463153649642047e-03,9.999802553166189378e-01,1.339715311922616836e-01,0.000000000000000000e+00,0.000000000000000000e+00,0.000000000000000000e+00,1.000000000000000056e-01
9.983563210048832515e-01,-5.717864580903014859e-02,-3.906247949118972929e-03,1.042329317764580310e+01,5.719989981912572408e-02,9.983472348149049491e-01,5.565087431034947997e-03,4.408138944623814504e-01,3.581587675388887403e-03,-5.779377205076838796e-03,9.999768852472765701e-01,1.408013838420451858e-01,0.000000000000000000e+00,0.000000000000000000e+00,0.000000000000000000e+00,1.000000000000000056e-01
9.982161265568980646e-01,-5.953710575983359871e-02,-4.460685988199662548e-03,1.125049569329200594e+01,5.955513291245550372e-02,9.982169082920416825e-01,4.023697759188921488e-03,4.916933992080083637e-01,4.213172856967861528e-03,-4.282176738521194237e-03,9.999819559056339902e-01,1.621295878517566569e-01,0.000000000000000000e+00,0.000000000000000000e+00,0.000000000000000000e+00,1.000000000000000056e-01
9.980139172883413234e-01,-6.274299909383392049e-02,-5.615778084204344975e-03,1.214233255988370708e+01,6.276989486080918057e-02,9.980167298872892889e-01,4.748385435528636525e-03,5.561401469560667277e-01,5.306712536291779969e-03,-5.091456549213984467e-03,9.999729575704857654e-01,1.753347729281660994e-01,0.000000000000000000e+00,0.000000000000000000e+00,0.000000000000000000e+00,1.000000000000000056e-01
9.978753974791944037e-01,-6.474980101702566826e-02,-7.221798529138239060e-03,1.304138057594172651e+01,6.480057445273580685e-02,9.978734493483522039e-01,7.033109996088793975e-03,6.337916749015288786e-01,6.751048535992427470e-03,-7.486144126132080606e-03,9.999491892040252017e-01,1.886424538797174533e-01,0.000000000000000000e+00,0.000000000000000000e+00,0.000000000000000000e+00,1.000000000000000056e-01
9.980215585915459542e-01,-6.197557815543777715e-02,-1.058283037757857571e-02,1.391672629346477663e+01,6.208237851894531090e-02,9.980201230246622535e-01,1.008029341182111079e-02,6.963187234807417525e-01,9.937145663206038357e-03,-1.071735742322842307e-02,9.998931899887762986e-01,1.946939223488103332e-01,0.000000000000000000e+00,0.000000000000000000e+00,0.000000000000000000e+00,1.000000000000000056e-01
9.970358270109854759e-01,-7.655347001285053854e-02,-7.689335830345427232e-03,1.488514106090913813e+01,7.662588807945774905e-02,9.970135869540376339e-01,9.611488182273583009e-03,7.836210944492127961e-01,6.930579525166349723e-03,-1.017220025536086717e-02,9.999242438352068385e-01,2.069204210290042922e-01,0.000000000000000000e+00,0.000000000000000000e+00,0.000000000000000000e+00,1.000000000000000056e-01
9.966707947805026890e-01,-8.122376424041068133e-02,-7.072973506183612147e-03,1.584678171481369091e+01,8.127753389953158714e-02,9.966619292065314051e-01,7.678629664556518505e-03,8.795208605457585094e-01,6.425676214336281319e-03,-8.227939774518017516e-03,9.999455043612404115e-01,2.183024531006909907e-01,0.000000000000000000e+00,0.000000000000000000e+00,0.000000000000000000e+00,1.000000000000000056e-01
9.965332034403138195e-01,-8.295135492198521532e-02,-6.375512339649488935e-03,1.675517520530020121e+01,8.299924381956366726e-02,9.965202137904795032e-01,7.654347284893053306e-03,9.722146293483915347e-01,5.718388441406051931e-03,-8.156973923212346503e-03,9.999503806739858947e-01,2.371735955730064072e-01,0.000000000000000000e+00,0.000000000000000000e+00,0.000000000000000000e+00,1.000000000000000056e-01
9.963158675209377035e-01,-8.559030237503952032e-02,-5.384446615072115833e-03,1.764713017342841894e+01,8.563314213091381688e-02,9.962921280309712246e-01,8.304251459674337130e-03,1.060747351428395380e+00,4.653718382967467898e-03,-8.734744579442238130e-03,9.999510223717679169e-01,2.600513376636498508e-01,0.000000000000000000e+00,0.000000000000000000e+00,0.000000000000000000e+00,1.000000000000000056e-01
9.962620248998542705e-01,-8.620216870078770133e-02,-5.582459468996965081e-03,1.855630911866778021e+01,8.624321384523753187e-02,9.962452453549166531e-01,7.584139593033547774e-03,1.144917613054790673e+00,4.907729422725757608e-03,-8.037239513845835515e-03,9.999556575033267114e-01,2.637695600058487799e-01,0.000000000000000000e+00,0.000000000000000000e+00,0.000000000000000000e+00,1.000000000000000056e-01
9.960665845452200129e-01,-8.841640808076087210e-02,-5.822193273704598729e-03,1.949415897284043453e+01,8.844309695621047074e-02,9.960710762091870007e-01,4.497748355150947910e-03,1.229930259911274915e+00,5.401643566023232867e-03,-4.994989646463138255e-03,9.999729357963731413e-01,2.815915466369096620e-01,0.000000000000000000e+00,0.000000000000000000e+00,0.000000000000000000e+00,1.000000000000000056e-01
9.959248840527494817e-01,-9.009374529022644296e-02,-4.091745849554619292e-03,2.042569892974843881e+01,9.010411998302055026e-02,9.959293965572879603e-01,2.425826688286308007e-03,1.313184375274958793e+00,3.856538163040019486e-03,-2.784624322231902052e-03,9.999886864263920483e-01,2.998598026555613916e-01,0.000000000000000000e+00,0.000000000000000000e+00,0.000000000000000000e+00,1.000000000000000056e-01
9.960327013777826588e-01,-8.898747743453530590e-02,2.943567814925615936e-04,2.134854197740166271e+01,8.898631547126384378e-02,9.960289334837172381e-01,2.792726649258175150e-03,1.408861246855670490e+00,-5.417055708154229965e-04,-2.755453343251340701e-03,9.999960570082002675e-01,3.076912885968420275e-01,0.000000000000000000e+00,0.000000000000000000e+00,0.000000000000000000e+00,1.000000000000000056e-01
9.959168090458609957e-01,-9.022904826352509677e-02,2.903155071388567945e-03,2.229739850132111556e+01,9.022713194215692400e-02,9.959209049560654448e-01,7.846865515662420493e-04,1.502139607842192692e+00,-2.962114346658103331e-03,-5.195391708623338985e-04,9.999954779685992223e-01,3.174314315113251350e-01,0.000000000000000000e+00,0.000000000000000000e+00,0.000000000000000000e+00,1.000000000000000056e-01
9.959786279993765312e-01,-8.934653421346895608e-02,6.615844052048907784e-03,2.327494824847014243e+01,8.934417264509046663e-02,9.960005990953889610e-01,6.522392125891216409e-04,1.595523644695864274e+00,-6.647659952485337337e-03,-5.852920290265467432e-05,9.999779023515912302e-01,3.287453295112029439e-01,0.000000000000000000e+00,0.000000000000000000e+00,0.000000000000000000e+00,1.000000000000000056e-01
9.961576700119425531e-01,-8.721607177314519288e-02,7.953194379583191503e-03,2.420774576532403088e+01,8.722886875647470339e-02,9.961874805550816614e-01,-1.275947014793526362e-03,1.690765546240122319e+00,-7.811589584940853426e-03,1.964792554046807058e-03,9.999675588029723894e-01,3.396189736686135996e-01,0.000000000000000000e+00,0.000000000000000000e+00,0.000000000000000000e+00,1.000000000000000056e-01
9.962082973699304400e-01,-8.681270113355428475e-02,5.708167236554153971e-03,2.516499280921128090e+01,8.683009079560512211e-02,9.962189948756028368e-01,-2.872208465738883450e-03,1.769143355296470377e+00,-5.437240451852371793e-03,3.356958584771728600e-03,9.999795834142459761e-01,3.450760192289525907e-01,0.000000000000000000e+00,0.000000000000000000e+00,0.000000000000000000e+00,1.000000000000000056e-01
9.965008214154431609e-01,-8.357970293106534165e-02,7.390374158288130118e-04,2.610848979537247772e+01,8.358204601223956365e-02,9.964924298934633162e-01,-4.108375521913502047e-03,1.869248335756636736e+00,-3.930683846306487267e-04,4.155769841564475355e-03,9.999912874991806477e-01,3.476587579170511977e-01,0.000000000000000000e+00,0.000000000000000000e+00,0.000000000000000000e+00,1.000000000000000056e-01
9.965320062277736035e-01,-8.320267079870632965e-02,-1.129661723975802388e-03,2.706227702026236415e+01,8.319582047755941234e-02,9.965199028537221615e-01,-5.151569806750374778e-03,1.954055296251971052e+00,1.554354758161541556e-03,5.039721060755113224e-03,9.999860924997484579e-01,3.566333671311598952e-01,0.000000000000000000e+00,0.000000000000000000e+00,0.000000000000000000e+00,1.000000000000000056e-01
9.966200131092562975e-01,-8.212439890247873187e-02,2.032873584967099644e-03,2.804115740571177540e+01,8.213742518827139849e-02,9.965929450008670365e-01,-7.479662956308282332e-03,2.034733557652265379e+00,-1.411684648576877390e-03,7.621356795571226223e-03,9.999699605823404447e-01,3.643228731115930596e-01,0.000000000000000000e+00,0.000000000000000000e+00,0.000000000000000000e+00,1.000000000000000056e-01
9.966208490134776943e-01,-8.175710145308304200e-02,7.915786356717392780e-03,2.904249925993635273e+01,8.182684972514625565e-02,9.966065613748829044e-01,-8.929081060784849547e-03,2.110598553283838719e+00,-7.158908835376944120e-03,9.546632208377038922e-03,9.999288033844033752e-01,3.823067973399052466e-01,0.000000000000000000e+00,0.000000000000000000e+00,0.000000000000000000e+00,1.000000000000000056e-01
9.967570807989128978e-01,-7.981999559574738667e-02,1.020245952328334947e-02,2.998437336883732840e+01,7.993253150923000649e-02,9.967379812306904618e-01,-1.114393012781995235e-02,2.180171850785233012e+00,-9.279670455103373669e-03,1.192329968014936223e-02,9.998858548059283979e-01,3.874273005191702368e-01,0.000000000000000000e+00,0.000000000000000000e+00,0.000000000000000000e+00,1.000000000000000056e-01
9.966477607320364251e-01,-8.128760057514959614e-02,9.250244350952977965e-03,3.088833309181473652e+01,8.145123334501026824e-02,9.964970784104372203e-01,-1.895440070378710123e-02,2.243777017521558559e+00,-7.677083716756512126e-03,1.964430482857498772e-02,9.997775570962812441e-01,3.994722986847781820e-01,0.000000000000000000e+00,0.000000000000000000e+00,0.000000000000000000e+00,1.000000000000000056e-01
9.966541473341687940e-01,-8.141168983334649834e-02,7.255850059083088568e-03,3.182327173329282743e+01,8.155856644644467190e-02,9.964034049140449989e-01,-2.298814726981289469e-02,2.320254202338559502e+00,-5.358249789042864725e-03,2.350300904515684186e-02,9.997094066402604229e-01,4.079709934942201133e-01,0.000000000000000000e+00,0.000000000000000000e+00,0.000000000000000000e+00,1.000000000000000056e-01
9.968319947682865445e-01,-7.945467968110803136e-02,3.595564357830097028e-03,3.279184689600926106e+01,7.951966708426611019e-02,9.965243931988192472e-01,-2.481443746153648433e-02,2.387639959574490600e+00,-1.611444409920671913e-03,2.502174327455101294e-02,9.996856083841640928e-01,4.077654724075198689e-01,0.000000000000000000e+00,0.000000000000000000e+00,0.000000000000000000e+00,1.000000000000000056e-01
9.966920191632853143e-01,-8.116251676098576451e-02,4.202952442752634285e-03,3.373770463295904420e+01,8.124336756942004967e-02,9.963715902119388845e-01,-2.536078556575397866e-02,2.465071982212398538e+00,-2.129357225418323021e-03,2.561835458328177648e-02,9.996695282673428995e-01,4.102710768338612146e-01,0.000000000000000000e+00,0.000000000000000000e+00,0.000000000000000000e+00,1.000000000000000056e-01
9.966759835360288200e-01,-8.129492643467306490e-02,5.302714255045939268e-03,3.469957639257089710e+01,8.140564880487080601e-02,9.963447662837118246e-01,-2.588874353292805117e-02,2.554102679406517140e+00,-3.178708094117549399e-03,2.623435981755192423e-02,9.996507661077520535e-01,4.267259143340734195e-01,0.000000000000000000e+00,0.000000000000000000e+00,0.000000000000000000e+00,1.000000000000000056e-01
9.966148573171418334e-01,-8.201119350511724970e-02,5.743719578752427488e-03,3.567150050539392225e+01,8.212858448197714323e-02,9.963178480410681548e-01,-2.460978028755753111e-02,2.634828680241052101e+00,-3.704292877172668790e-03,2.499819622855471019e-02,9.996806332022236674e-01,4.295468518219792697e-01,0.000000000000000000e+00,0.000000000000000000e+00,0.000000000000000000e+00,1.000000000000000056e-01
9.966897022488552249e-01,-8.116908223883177731e-02,4.606247886737155003e-03,3.663455271074309394e+01,8.125505080282748038e-02,9.964194693126747771e-01,-2.336360189862739939e-02,2.710928913405555196e+00,-2.693352950920252249e-03,2.366054232585097783e-02,9.997164220851473271e-01,4.469369017603173622e-01,0.000000000000000000e+00,0.000000000000000000e+00,0.000000000000000000e+00,1.000000000000000056e-01
9.965069420930895427e-01,-8.323741478442017727e-02,6.741449420280579488e-03,3.762574761547425339e+01,8.337133766685975167e-02,9.962553268374568782e-01,-2.290292129031525070e-02,2.806180650371459251e+00,-4.809824936342915400e-03,2.338496371599303736e-02,9.997149639052540504e-01,4.590841783162142309e-01,0.000000000000000000e+00,0.000000000000000000e+00,0.000000000000000000e+00,1.000000000000000056e-01
9.966623718821696620e-01,-8.104075755839712514e-02,9.824056624875510124e-03,3.861147707297649134e+01,8.124567343679856002e-02,9.964366967482652937e-01,-2.265060531656122936e-02,2.891752855278628687e+00,-7.953428317948485482e-03,2.337316811574005268e-02,9.996951725352206664e-01,4.822371158268666802e-01,0.000000000000000000e+00,0.000000000000000000e+00,0.000000000000000000e+00,1.000000000000000056e-01
9.967045367220401797e-01,-8.031557869177499698e-02,1.137867730047966396e-02,3.960398076379028254e+01,8.050807671530943455e-02,9.965983638612095907e-01,-1.761109686424840864e-02,2.978486609280283304e+00,-9.925525744513703438e-03,1.846913556627344938e-02,9.997801633209820737e-01,4.879330455919346776e-01,0.000000000000000000e+00,0.000000000000000000e+00,0.000000000000000000e+00,1.000000000000000056e-01
9.965761437418133584e-01,-8.210494454087684246e-02,9.734875789452037201e-03,4.059985597805093249e+01,8.227988911314911002e-02,9.964245254849983802e-01,-1.918814372271974988e-02,3.059139794539339707e+00,-8.124627512963866413e-03,1.992343077723812694e-02,9.997684968700705221e-01,5.027665314584308653e-01,0.000000000000000000e+00,0.000000000000000000e+00,0.000000000000000000e+00,1.000000000000000056e-01
9.965631519261992644e-01,-8.240909241540692043e-02,8.403910410522952984e-03,4.160617044624316208e+01,8.252897066202685705e-02,9.964744919213271990e-01,-1.508495779241816707e-02,3.136613662759117904e+00,-7.131144675680310165e-03,1.572667916000227914e-02,9.998508980534112078e-01,5.286689155701247422e-01,0.000000000000000000e+00,0.000000000000000000e+00,0.000000000000000000e+00,1.000000000000000056e-01
9.964859959108453014e-01,-8.350505192644368246e-02,6.524282054959315048e-03,4.263089511368087869e+01,8.358858813066928628e-02,9.964048206964559729e-01,-1.379787038585410415e-02,3.195080329864326885e+00,-5.348634208099754990e-03,1.429474013843689932e-02,9.998835194743848076e-01,5.341949869375681725e-01,0.000000000000000000e+00,0.000000000000000000e+00,0.000000000000000000e+00,1.000000000000000056e-01
9.965589735179193331e-01,-8.246674781903909346e-02,8.333534967941558583e-03,4.365045084397072372e+01,8.258252361137757847e-02,9.964763614651301893e-01,-1.466246347622153674e-02,3.282117757894037702e+00,-7.095004925097402569e-03,1.530021389936359229e-02,9.998577720654806544e-01,5.475083124172426263e-01,0.000000000000000000e+00,0.000000000000000000e+00,0.000000000000000000e+00,1.000000000000000056e-01
9.966485538134352007e-01,-8.130645109969719675e-02,8.995620665672575400e-03,4.464117716605834829e+01,8.145481096134660204e-02,9.965219550193786802e-01,-1.758143724519330847e-02,3.370098691864311657e+00,-7.534849224730054591e-03,1.825525058518592120e-02,9.998049669176647392e-01,5.658012400425426192e-01,0.000000000000000000e+00,0.000000000000000000e+00,0.000000000000000000e+00,1.000000000000000056e-01
9.964953260974807048e-01,-8.302835862198622296e-02,1.016645122029023393e-02,4.562225681005948985e+01,8.318776072282853262e-02,9.963987156568198111e-01,-1.641328435632079599e-02,3.463884394395235766e+00,-8.767070878983658500e-03,1.720148545849637875e-02,9.998136063118084893e-01,5.771554300770161960e-01,0.000000000000000000e+00,0.000000000000000000e+00,0.000000000000000000e+00,1.000000000000000056e-01
9.958501982534149199e-01,-9.058676540822657719e-02,8.741886038437955003e-03,4.653455523510432812e+01,9.071474228979672927e-02,9.957553229475865075e-01,-1.556188783031758893e-02,3.535753138553674901e+00,-7.295078473181668306e-03,1.629032702012284811e-02,9.998406908481208832e-01,5.884815433353751679e-01,0.000000000000000000e+00,0.000000000000000000e+00,0.000000000000000000e+00,1.000000000000000056e-01
9.960728412040641411e-01,-8.845142370659894726e-02,3.903928782502968757e-03,4.748210792811859449e+01,8.850158047146919338e-02,9.959564496639613518e-01,-1.543439752012795707e-02,3.632017960585598892e+00,-2.522948615253690560e-03,1.571928805744638932e-02,9.998732613252800938e-01,5.877198597709416550e-01,0.000000000000000000e+00,0.000000000000000000e+00,0.000000000000000000e+00,1.000000000000000056e-01
9.962321797681776836e-01,-8.669286512950387380e-02,2.406476674082681007e-03,4.843190576181423523e+01,8.672214796218151445e-02,9.960715480480731854e-01,-1.790922170113592310e-02,3.723329253979922981e+00,-8.444212045841540185e-04,1.805043779947152621e-02,9.998367209940214329e-01,5.920865377993886902e-01,0.000000000000000000e+00,0.000000000000000000e+00,0.000000000000000000e+00,1.000000000000000056e-01
9.963896738348796411e-01,-8.479551850366458254e-02,4.163882433120579159e-03,4.940477449363327622e+01,8.485691007549546472e-02,9.962325075986792067e-01,-1.789121617126197480e-02,3.829667942410135861e+00,-2.631100085790497034e-03,1.817995724258529219e-02,9.998312689984226731e-01,6.041937624036973764e-01,0.000000000000000000e+00,0.000000000000000000e+00,0.000000000000000000e+00,1.000000000000000056e-01
9.964788056491253876e-01,-8.366217369790678038e-02,5.534490422238692343e-03,5.042190639785658135e+01,8.374531837879441165e-02,9.963413521098336556e-01,-1.704792437755220380e-02,3.927400918646773320e+00,-4.087975260068671228e-03,1.745138298501459906e-02,9.998393559418350396e-01,6.284521751247047483e-01,0.000000000000000000e+00,0.000000000000000000e+00,0.000000000000000000e+00,1.000000000000000056e-01
9.965857176529118178e-01,-8.239307232906463441e-02,5.318740678796124097e-03,5.136665774416814401e+01,8.247772845209173920e-02,9.964234905656874641e-01,-1.837530294374439821e-02,4.013622542833487294e+00,-3.785720488067341113e-03,1.875124212069401164e-02,9.998170128775151211e-01,6.363917552511597631e-01,0.000000000000000000e+00,0.000000000000000000e+00,0.000000000000000000e+00,1.000000000000000056e-01
9.966985373917052193e-01,-8.107356827821543543e-02,4.370593537842309625e-03,5.232274827905742143e+01,8.114513450503921255e-02,9.965024661808782325e-01,-1.995750589594521077e-02,4.101166452983421529e+00,-2.737281022216269885e-03,2.024626933696999434e-02,9.997912761524478942e-01,6.528626492802762638e-01,0.000000000000000000e+00,0.000000000000000000e+00,0.000000000000000000e+00,1.000000000000000056e-01
9.966608283210226515e-01,-8.156196716272863523e-02,3.852116690731182368e-03,5.330646566401586739e+01,8.162719245615367158e-02,9.964212121306025294e-01,-2.194924754762193897e-02,4.189620263195247496e+00,-2.048106974521147865e-03,2.219039271231393329e-02,9.997516650294182572e-01,6.756958240280033223e-01,0.000000000000000000e+00,0.000000000000000000e+00,0.000000000000000000e+00,1.000000000000000056e-01
9.966453229467440167e-01,-8.171199736412806947e-02,4.609743500997852059e-03,5.426382898454206583e+01,8.179909829405421218e-02,9.963643275957321244e-01,-2.381248019388849252e-02,4.269034188151194620e+00,-2.647218664924152424e-03,2.410966987474944673e-02,9.997058147534556571e-01,6.763903275961962169e-01,0.000000000000000000e+00,0.000000000000000000e+00,0.000000000000000000e+00,1.000000000000000056e-01
9.965625665548252243e-01,-8.236081457418772955e-02,8.930126781625727719e-03,5.521338135122523028e+01,8.257024780423333210e-02,9.962359255724557716e-01,-2.638436613488770802e-02,4.341868972693987416e+00,-6.723475232879317851e-03,2.703103441358796141e-02,9.996119837513575135e-01,6.940861666578450606e-01,0.000000000000000000e+00,0.000000000000000000e+00,0.000000000000000000e+00,1.000000000000000056e-01
9.963433786803654879e-01,-8.440947393089597017e-02,1.322544783753145520e-02,5.616289656621406579e+01,8.472476542684943823e-02,9.960796891368197681e-01,-2.543554623871430859e-02,4.429600262654064480e+00,-1.102659889354870235e-02,2.646306104376116436e-02,9.995889757880660476e-01,7.207935309272777147e-01,0.000000000000000000e+00,0.000000000000000000e+00,0.000000000000000000e+00,1.000000000000000056e-01
9.961849676588062641e-01,-8.614244059235302842e-02,1.396388697376672178e-02,5.711986372065945972e+01,8.644013597963561002e-02,9.960065833153667336e-01,-2.233805909813137841e-02,4.504237161477600893e+00,-1.198386842573409550e-02,2.345987896904916381e-02,9.996529502663973332e-01,7.189867517608841130e-01,0.000000000000000000e+00,0.000000000000000000e+00,0.000000000000000000e+00,1.000000000000000056e-01
9.961746112833413935e-01,-8.692901488515307473e-02,8.915727989374679432e-03,5.801513838364308384e+01,8.711235533110482654e-02,9.959376519067166811e-01,-2.279541759220215374e-02,4.586482856236237637e+00,-6.897926003590989889e-03,2.348488632359930356e-02,9.997003944838757095e-01,7.317579310645501156e-01,0.000000000000000000e+00,0.000000000000000000e+00,0.000000000000000000e+00,1.000000000000000056e-01
9.959866166246473806e-01,-8.941848171221170039e-02,3.872290390788928581e-03,5.894453898307154560e+01,8.948118991856202076e-02,9.957588049360288629e-01,-2.138969478814130298e-02,4.663530904664283661e+00,-1.943233219654048362e-03,2.165034689455271749e-02,9.997637152467574451e-01,7.471521153469445897e-01,0.000000000000000000e+00,0.000000000000000000e+00,0.000000000000000000e+00,1.000000000000000056e-01
9.959843343594214637e-01,-8.952767812688282312e-02,2.366071456099891335e-05,5.989309949793617704e+01,8.950837906219243079e-02,9.957640774494666003e-01,-2.102741398440403919e-02,4.764460500036406643e+00,1.858975061429811015e-03,2.094509275276445343e-02,9.997788992078694426e-01,7.613034547692453247e-01,0.000000000000000000e+00,0.000000000000000000e+00,0.000000000000000000e+00,1.000000000000000056e-01
9.959539052085051303e-01,-8.986536487053922717e-02,-1.868063510459264586e-04,6.079830095229532816e+01,8.984883595679271640e-02,9.958065177521477906e-01,-1.722108822202313150e-02,4.855800767882865188e+00,1.733602358468883369e-03,1.713462573347331735e-02,9.998516886137845949e-01,7.715090038215445256e-01,0.000000000000000000e+00,0.000000000000000000e+00,0.000000000000000000e+00,1.000000000000000056e-01
9.957957103233626706e-01,-9.160187091470035903e-02,2.337768301139970650e-05,6.173848868084711938e+01,9.159061639413947076e-02,9.956692975996244144e-01,-1.593137803242792097e-02,4.948176718632337767e+00,1.436067592796287824e-03,1.586653908062845772e-02,9.998730872703154304e-01,7.908424140075419606e-01,0.000000000000000000e+00,0.000000000000000000e+00,0.000000000000000000e+00,1.000000000000000056e-01
9.956574881165713986e-01,-9.307613236135398038e-02,1.732034079128125410e-03,6.262219772196590384e+01,9.309088659587533288e-02,9.955711655106518343e-01,-1.312026053690528229e-02,5.034729072488425494e+00,-5.031800805133110691e-04,1.322452223765039833e-02,9.999124255760564184e-01,8.138112586424732786e-01,0.000000000000000000e+00,0.000000000000000000e+00,0.000000000000000000e+00,1.000000000000000056e-01
9.955337202783745010e-01,-9.439561508446661642e-02,1.442096225748956120e-03,6.344754325408118234e+01,9.440593183327683491e-02,9.954689516130446059e-01,-1.136162000405288412e-02,5.124607084288674841e+00,-3.630749093328901420e-04,1.144701826900904919e-02,9.999344148239719399e-01,8.309586355620479647e-01,0.000000000000000000e+00,0.000000000000000000e+00,0.000000000000000000e+00,1.000000000000000056e-01
9.953141628356975135e-01,-9.665600478368729931e-02,2.708135508122261684e-03,6.426546775017166624e+01,9.667856312715436551e-02,9.952649399485632431e-01,-1.004762364202232625e-02,5.209386536929264899e+00,-1.724149165055874691e-03,1.026236076342650072e-02,9.999458541647232579e-01,8.443830424725162764e-01,0.000000000000000000e+00,0.000000000000000000e+00,0.000000000000000000e+00,1.000000000000000056e-01
9.953542623996319838e-01,-9.621542619502054805e-02,3.533282467510130871e-03,6.505467523845477729e+01,9.624854403055588259e-02,9.952980953841417122e-01,-1.085905597637611651e-02,5.293196871261258707e+00,-2.471860611524400765e-03,1.114868094486870347e-02,9.999347962833909920e-01,8.603253377744416452e-01,0.000000000000000000e+00,0.000000000000000000e+00,0.000000000000000000e+00,1.000000000000000056e-01
9.952753081982214090e-01,-9.703540498893239996e-02,3.345305601771533018e-03,6.585013919749953004e+01,9.706833746564705323e-02,9.952085395249754551e-01,-1.173459493210895870e-02,5.372019923530624297e+00,-2.190605530585500432e-03,1.200387584071451082e-02,9.999255513348032087e-01,8.742369488894725649e-01,0.000000000000000000e+00,0.000000000000000000e+00,0.000000000000000000e+00,1.000000000000000056e-01
9.952919776945453600e-01,-9.683351673944672056e-02,4.141155968069230343e-03,6.659422646062466811e+01,9.687789675174506010e-02,9.952195159782634137e-01,-1.236074985384774325e-02,5.447767229905922548e+00,-2.924424360247677296e-03,1.270374164813116782e-02,9.999150277350064009e-01,8.923855895490350187e-01,0.000000000000000000e+00,0.000000000000000000e+00,0.000000000000000000e+00,1.000000000000000056e-01
9.953135194035030997e-01,-9.654543302134170613e-02,5.475167151248791671e-03,6.739430351602339897e+01,9.660178038338042283e-02,9.952603012909195801e-01,-1.118162336465945879e-02,5.537696511724923276e+00,-4.369681838947419607e-03,1.165813179843088083e-02,9.999224939182019822e-01,8.957616074680612162e-01,0.000000000000000000e+00,0.000000000000000000e+00,0.000000000000000000e+00,1.000000000000000056e-01
9.950703895378183450e-01,-9.874266667815638499e-02,9.208997901020808327e-03,6.814041282247131903e+01,9.883884917718786800e-02,9.950464670865690753e-01,-1.064942401571615516e-02,5.613462450118828606e+00,-8.111828300920170473e-03,1.150713325828410863e-02,9.999008871512178320e-01,9.052994387448307645e-01,0.000000000000000000e+00,0.000000000000000000e+00,0.000000000000000000e+00,1.000000000000000056e-01
9.949056996256865348e-01,-1.000630278995600780e-01,1.224905302033748970e-02,6.886909004984553917e+01,1.001897451009407386e-01,9.949159781938420322e-01,-1.020839415377845956e-02,5.692809753257434657e+00,-1.116529573865806917e-02,1.138361902745524921e-02,9.998728666130040077e-01,9.198682399901659812e-01,0.000000000000000000e+00,0.000000000000000000e+00,0.000000000000000000e+00,1.000000000000000056e-01
9.948533760102008516e-01,-1.009947135528483364e-01,8.174844064813084274e-03,6.956026557769058627e+01,1.010464557677626107e-01,9.948624870374168649e-01,-6.184307762330158199e-03,5.773094843818741495e+00,-7.508263306483820357e-03,6.978518474843741111e-03,9.999474617508745666e-01,9.344691298600541485e-01,0.000000000000000000e+00,0.000000000000000000e+00,0.000000000000000000e+00,1.000000000000000056e-01
9.948482935461502308e-01,-1.013296722798578964e-01,3.028257579770147166e-03,7.026031691834008086e+01,1.013496201215337844e-01,9.948234670814709579e-01,-7.384026355744695985e-03,5.850897700136919788e+00,-2.264360733989238296e-03,7.652898774852269145e-03,9.999681523982691944e-01,9.374297483597534564e-01,0.000000000000000000e+00,0.000000000000000000e+00,0.000000000000000000e+00,1.000000000000000056e-01
9.948898090720991183e-01,-1.009636531015302291e-01,-7.801005551419436333e-04,7.101252625647944683e+01,1.009530482110399946e-01,9.948528210131215577e-01,-8.737652953354572635e-03,5.929796558912413751e+00,1.658270599660916942e-03,8.614248349548490544e-03,9.999615216917051574e-01,9.655946275868302342e-01,0.000000000000000000e+00,0.000000000000000000e+00,0.000000000000000000e+00,1.000000000000000056e-01
9.946957347580098752e-01,-1.028562764111785599e-01,-9.907860768346510652e-04,7.174273997467102504e+01,1.028457507638849966e-01,9.946677813727016204e-01,-7.665262482146624652e-03,6.011628368409694723e+00,1.773923345487995150e-03,7.522705758873379257e-03,9.999701306009243229e-01,9.761114664389560769e-01,0.000000000000000000e+00,0.000000000000000000e+00,0.000000000000000000e+00,1.000000000000000056e-01
9.945368137009683585e-01,-1.043814623526291563e-01,1.018091671698498953e-03,7.242212740594598586e+01,1.043858495908211725e-01,9.945164542326582202e-01,-6.373120562454631828e-03,6.098833529123572461e+00,-3.472732753627658943e-04,6.444577381627339917e-03,9.999791731949443374e-01,9.871403642911361631e-01,0.000000000000000000e+00,0.000000000000000000e+00,0.000000000000000000e+00,1.000000000000000056e-01
9.944478418471114356e-01,-1.051567029490475536e-01,3.944321298817297927e-03,7.303358644051999704e+01,1.051776159346802242e-01,9.944380573046466276e-01,-5.533470019541380201e-03,6.155806366825662401e+00,-3.340501746658841586e-03,5.917601629548603116e-03,9.999769112529721671e-01,1.003166446603537487e+00,0.000000000000000000e+00,0.000000000000000000e+00,0.000000000000000000e+00,1.000000000000000056e-01
9.943746287075764245e-01,-1.059174213336208509e-01,7.730722512690243325e-04,7.360423250557798269e+01,1.059202273781234410e-01,9.943519077326957722e-01,-6.722277926059287007e-03,6.210724348035824072e+00,-5.669952444844371863e-05,6.766346605428474187e-03,9.999771064073312843e-01,1.013464785102697885e+00,0.000000000000000000e+00,0.000000000000000000e+00,0.000000000000000000e+00,1.000000000000000056e-01
9.945482927865856304e-01,-1.042611268635444260e-01,-1.819544017566040832e-03,7.423792813500422483e+01,1.042337756443629665e-01,9.944870311109592631e-01,-1.143962267867822818e-02,6.267536139607998713e+00,3.002220879377709428e-03,1.118759926230011859e-02,9.999329098957278061e-01,1.032556854471130992e+00,0.000000000000000000e+00,0.000000000000000000e+00,0.000000000000000000e+00,1.000000000000000056e-01
9.946162190159324457e-01,-1.035234036074733077e-01,-4.634843683982650502e-03,7.485450622288033173e+01,1.034386694805622675e-01,9.945101157522999724e-01,-1.581364355352194231e-02,6.321420648020171562e+00,6.246481132747372898e-03,1.524908429614811600e-02,9.998642142319061898e-01,1.054121083647244994e+00,0.000000000000000000e+00,0.000000000000000000e+00,0.000000000000000000e+00,1.000000000000000056e-01
9.951649198417807929e-01,-9.808609643576961246e-02,-5.089204485463605029e-03,7.543975210288979838e+01,9.800469135316926261e-02,9.950827185650970019e-01,-1.433400452999896227e-02,6.375120811951420663e+00,6.470145985369046837e-03,1.376593255427711535e-02,9.998843114640009189e-01,1.067400503851048121e+00,0.000000000000000000e+00,0.000000000000000000e+00,0.000000000000000000e+00,1.000000000000000056e-01
9.955369532598146165e-01,-9.427335043813094007e-02,-4.325516308491199335e-03,7.599872065709172375e+01,9.422239019500421031e-02,9.954929262072981233e-01,-1.076917161026130949e-02,6.452593606225299538e+00,5.321266776439828941e-03,1.031354780859812352e-02,9.999326551580829392e-01,1.070868023243086942e+00,0.000000000000000000e+00,0.000000000000000000e+00,0.000000000000000000e+00,1.000000000000000056e-01
9.961621042220520916e-01,-8.751756324165224643e-02,-1.318421835660592550e-03,7.654620733358183315e+01,8.748945183842421480e-02,9.960602325292977621e-01,-1.447787935760056627e-02,6.490866138859201051e+00,2.580296282483613042e-03,1.430696676184663868e-02,9.998943208025385943e-01,1.088568316274616254e+00,0.000000000000000000e+00,0.000000000000000000e+00,0.000000000000000000e+00,1.000000000000000056e-01
9.968127402714923591e-01,-7.975799824243498537e-02,1.738547899288345406e-03,7.710048147906044846e+01,7.977592528179539011e-02,9.966734256323506180e-01,-1.666986453779981114e-02,6.515590448724180028e+00,-4.032094639021758641e-04,1.675542761719125279e-02,9.998595366687729191e-01,1.103267657221615794e+00,0.000000000000000000e+00,0.000000000000000000e+00,0.000000000000000000e+00,1.000000000000000056e-01
9.974381439194157650e-01,-7.147139225494385240e-02,2.998190075828867894e-03,7.762973890791553799e+01,7.151623881572895247e-02,9.972512409414576728e-01,-1.937498455159077440e-02,6.547259783981761672e+00,-1.605191652878480181e-03,1.953976790708398040e-02,9.998077919429788629e-01,1.117486264006915864e+00,0.000000000000000000e+00,0.000000000000000000e+00,0.000000000000000000e+00,1.000000000000000056e-01
9.982424900264444956e-01,-5.914685476791779750e-02,3.685196991565467713e-03,7.810765195385172888e+01,5.919915396609320979e-02,9.981143543007063856e-01,-1.622331373618918909e-02,6.578829856712424373e+00,-2.718690034298524259e-03,1.641296164459278561e-02,9.998616021302900725e-01,1.129041308585051029e+00,0.000000000000000000e+00,0.000000000000000000e+00,0.000000000000000000e+00,1.000000000000000056e-01
9.989917480873564681e-01,-4.478954805136243361e-02,3.063272551103584339e-03,7.859205735461138431e+01,4.482408911617503239e-02,9.989187852002383572e-01,-1.233132632709289800e-02,6.609200774999819394e+00,-2.507645962421269602e-03,1.245620164555597681e-02,9.999192741178121180e-01,1.134443919667245115e+00,0.000000000000000000e+00,0.000000000000000000e+00,0.000000000000000000e+00,1.000000000000000056e-01
9.996265788462381785e-01,-2.723989344784138317e-02,2.165887604621051163e-03,7.905646666749179019e+01,2.725488242470106015e-02,9.996024309338410463e-01,-7.221596442012493712e-03,6.620847606446242928e+00,-1.968310997104945510e-03,7.277930757146178382e-03,9.999715783339608866e-01,1.134134701229181141e+00,0.000000000000000000e+00,0.000000000000000000e+00,0.000000000000000000e+00,1.000000000000000056e-01
9.999809146963298812e-01,-5.017559247670360344e-03,3.604766606512788477e-03,7.953842454911703896e+01,5.042914008199895527e-03,9.999623665231396341e-01,-7.059359443180984392e-03,6.639094381717365323e+00,-3.569210192355353611e-03,7.077403241178569643e-03,9.999685850575329438e-01,1.148824422031824888e+00,0.000000000000000000e+00,0.000000000000000000e+00,0.000000000000000000e+00,1.000000000000000056e-01
9.997904350091570969e-01,1.993673241293331122e-02,4.648953096726863438e-03,8.001721689190276265e+01,-1.989256293764476990e-02,9.997582982561951104e-01,-9.361143501119988108e-03,6.624656543962893274e+00,-4.834460049717416441e-03,9.266702141097097473e-03,9.999453766218712181e-01,1.163031125685321854e+00,0.000000000000000000e+00,0.000000000000000000e+00,0.000000000000000000e+00,1.000000000000000056e-01
9.988018711605859412e-01,4.855647435999643075e-02,6.090235121836249689e-03,8.049009001546723141e+01,-4.848788092789859533e-02,9.987637936147564233e-01,-1.094577395080552698e-02,6.616837602512223526e+00,-6.614194526483606167e-03,1.063735690795485772e-02,9.999215464569101153e-01,1.169636856936236757e+00,0.000000000000000000e+00,0.000000000000000000e+00,0.000000000000000000e+00,1.000000000000000056e-01
9.967309496068342822e-01,8.027172303971275014e-02,9.157760430044207742e-03,8.099085080322976182e+01,-8.016779744394808560e-02,9.967184397619915925e-01,-1.120161110766105389e-02,6.573630924475914128e+00,-1.002688131198050704e-02,1.043083499326947702e-02,9.998953241877365228e-01,1.175336470601150429e+00,0.000000000000000000e+00,0.000000000000000000e+00,0.000000000000000000e+00,1.000000000000000056e-01
