9.999808679748375395e-01,-6.162846190124716787e-03,-5.319879016110557130e-04,6.415827654505054101e-01,6.161995910416449666e-03,9.999797579256458624e-01,-1.585416464753029329e-03,7.066423732682463807e-03,5.417478108919599996e-04,1.582108025251214136e-03,9.999986017207753708e-01,8.130967459705320047e-03,0.000000000000000000e+00,0.000000000000000000e+00,0.000000000000000000e+00,1.000000000000000056e-01
9.999302700971873792e-01,-1.179467689680799118e-02,-5.835582797007111315e-04,1.305277280146274643e+00,1.179497685027509034e-02,9.999303051117998109e-01,5.132641858626803191e-04,1.624449816720731007e-02,5.774638234366955220e-04,-5.201114524007392336e-04,9.999996980097592969e-01,1.278022895147403436e-02,0.000000000000000000e+00,0.000000000000000000e+00,0.000000000000000000e+00,1.000000000000000056e-01
9.998007985285796151e-01,-1.993923028872436262e-02,-8.890203078207916656e-04,2.031795958647265810e+00,1.994103868093281481e-02,9.997990067112464407e-01,2.073922739771209747e-03,2.361733326453726439e-02,8.474891975960337090e-04,-2.091237599656224546e-03,9.999974542404403977e-01,1.759548983507240941e-02,0.000000000000000000e+00,0.000000000000000000e+00,0.000000000000000000e+00,1.000000000000000056e-01
9.996039180437378269e-01,-2.814261803466484163e-02,-9.042307524778095895e-06,2.749938036476852865e+00,2.814241482954790707e-02,9.995953718100565322e-01,4.134869221194020783e-03,4.377259017507467015e-02,-1.073273963631039840e-04,-4.133485946473379816e-03,9.999914513508404434e-01,2.263142739836172812e-02,0.000000000000000000e+00,0.000000000000000000e+00,0.000000000000000000e+00,1.000000000000000056e-01
9.993959365337905520e-01,-3.475265340375645329e-02,1.229680693441129635e-04,3.448589553562066090e+00,3.475229741199832578e-02,9.993935152585234905e-01,2.208955363852849619e-03,6.146332534916043588e-02,-1.996605512307137397e-04,-2.203347591701032820e-03,9.999975526945326099e-01,2.728619545816041853e-02,0.000000000000000000e+00,0.000000000000000000e+00,0.000000000000000000e+00,1.000000000000000056e-01
9.990592063400262068e-01,-4.336403789193718494e-02,5.122938059310252947e-04,4.187775199167995233e+00,4.336142122993684456e-02,9.990500698569676485e-01,4.329557449435281896e-03,1.001397685258093306e-01,-6.995542558953132036e-04,-4.303270441723898443e-03,9.999904961985131013e-01,3.961301731874275478e-02,0.000000000000000000e+00,0.000000000000000000e+00,0.000000000000000000e+00,1.000000000000000056e-01
9.987981398751946127e-01,-4.901297343687692487e-02,-6.493633155996176708e-05,4.958976367869309954e+00,4.901237114549118756e-02,9.987773144918223878e-01,6.454729366906586038e-03,1.413821752816182553e-01,-2.515085441540127072e-04,-6.450154368647334491e-03,9.999791659090067064e-01,4.585261644428656469e-02,0.000000000000000000e+00,0.000000000000000000e+00,0.000000000000000000e+00,1.000000000000000056e-01
9.984127515057115154e-01,-5.630000537064308586e-02,1.512291658367008722e-03,5.745402535084171092e+00,5.628972228767741004e-02,9.983955454882893488e-01,6.148326106942385468e-03,1.955582797186644073e-01,-1.856016048034040983e-03,-6.053440708119296916e-03,9.999799553291169874e-01,4.633142859910124173e-02,0.000000000000000000e+00,0.000000000000000000e+00,0.000000000000000000e+00,1.000000000000000056e-01
9.979054379583367496e-01,-6.445059993355876926e-02,5.554913265254491847e-03,6.554698779228706584e+00,6.442312730346548555e-02,9.979101942883114029e-01,4.990471311020579746e-03,2.467762802967805313e-01,-5.864943445731317373e-03,-4.622153574795308077e-03,9.999721186786706406e-01,4.596022789093050925e-02,0.000000000000000000e+00,0.000000000000000000e+00,0.000000000000000000e+00,1.000000000000000056e-01
9.976737367842596349e-01,-6.773402423973601261e-02,7.695251212440654652e-03,7.379784778699275627e+00,6.768852509234743464e-02,9.976882972301316377e-01,6.027034168074953818e-03,3.164500435432602843e-01,-8.085697357332128493e-03,-5.492133495404545249e-03,9.999522278428676358e-01,5.300133589350112390e-02,0.000000000000000000e+00,0.000000000000000000e+00,0.000000000000000000e+00,1.000000000000000056e-01
9.973094119154032322e-01,-7.291689432573876528e-02,7.554033812579829740e-03,8.197429596893186954e+00,7.287273064857162364e-02,9.973234055964496081e-01,5.965716832060190961e-03,3.792649713482502682e-01,-7.968816271773463203e-03,-5.399182474101439297e-03,9.999536723247922643e-01,5.483593927100917365e-02,0.000000000000000000e+00,0.000000000000000000e+00,0.000000000000000000e+00,1.000000000000000056e-01
9.969897422393197983e-01,-7.709701985817009329e-02,8.216045189972502952e-03,9.031080782342177926e+00,7.704528274754170181e-02,9.970068070228419455e-01,6.438257254020056039e-03,4.558415407039357325e-01,-8.687823428575056420e-03,-5.785868915427875431e-03,9.999455212385159886e-01,5.520174807209528994e-02,0.000000000000000000e+00,0.000000000000000000e+00,0.000000000000000000e+00,1.000000000000000056e-01
9.967552099676347810e-01,-7.993806159377277176e-02,9.431739553575624324e-03,9.812853904025162777e+00,7.989382686582342796e-02,9.967909505415718519e-01,4.977684920063380099e-03,5.416356919534126568e-01,-9.799379118603606525e-03,-4.207995610713594244e-03,9.999431308538651031e-01,6.229015504398992265e-02,0.000000000000000000e+00,0.000000000000000000e+00,0.000000000000000000e+00,1.000000000000000056e-01
9.964686691743734892e-01,-8.334495159203592074e-02,1.018873878231641925e-02,1.058937133101522221e+01,8.328759467856572396e-02,9.965079053965509859e-01,5.930518934933767632e-03,5.803890343213305991e-01,-1.064743755614644752e-02,-5.060980764619520990e-03,9.999305068589456891e-01,6.168843774647059242e-02,0.000000000000000000e+00,0.000000000000000000e+00,0.000000000000000000e+00,1.000000000000000056e-01
9.962007235619658729e-01,-8.634713161273016579e-02,1.132657215884650369e-02,1.139101456901061482e+01,8.629915864995810204e-02,9.962583753043953161e-01,4.658846655119132027e-03,6.647280438945886161e-01,-1.168647042203351492e-02,-3.663672761097430935e-03,9.999249991429229878e-01,7.161748740041978811e-02,0.000000000000000000e+00,0.000000000000000000e+00,0.000000000000000000e+00,1.000000000000000056e-01
9.958786012110167896e-01,-9.006347388174754109e-02,1.069496715003868947e-02,1.225023693954296355e+01,8.998885704737100144e-02,9.959162721369191340e-01,7.265294227344053571e-03,7.489946427822168351e-01,-1.130562945158095425e-02,-6.272923182522710181e-03,9.999164130953395180e-01,6.019390742203430816e-02,0.000000000000000000e+00,0.000000000000000000e+00,0.000000000000000000e+00,1.000000000000000056e-01
9.955992129896248377e-01,-9.330815422491869904e-02,8.706058211297792657e-03,1.312666156622062807e+01,9.325511481007017767e-02,9.956222374518883811e-01,6.312198749733079206e-03,8.546898412765153719e-01,-9.256924770157127016e-03,-5.472535649430617516e-03,9.999421786770299470e-01,5.493264600887143995e-02,0.000000000000000000e+00,0.000000000000000000e+00,0.000000000000000000e+00,1.000000000000000056e-01
9.958869118469981796e-01,-9.037684998530991221e-02,6.425246966613442842e-03,1.400107360826274672e+01,9.030970483763407775e-02,9.958628328807449526e-01,1.006853012494111736e-02,9.501583948196101748e-01,-7.308626682804453961e-03,-9.446855215902315653e-03,9.999286679071368589e-01,5.786437137344986603e-02,0.000000000000000000e+00,0.000000000000000000e+00,0.000000000000000000e+00,1.000000000000000056e-01
9.942764234013743430e-01,-1.065773179291185785e-01,7.461177601858939683e-03,1.495605055027310115e+01,1.064954276961181528e-01,9.942564038304435581e-01,1.062672677614740456e-02,1.075218558347644571e+00,-8.550891648931861072e-03,-9.771322591624794981e-03,9.999156982000125815e-01,5.302856865784738583e-02,0.000000000000000000e+00,0.000000000000000000e+00,0.000000000000000000e+00,1.000000000000000056e-01
9.934619922624238209e-01,-1.137813401381226885e-01,9.331482537549435838e-03,1.593167611430398090e+01,1.136831021913421724e-01,9.934620086328952437e-01,1.045895211031996203e-02,1.207688453166860576e+00,-1.046050697282929938e-02,-9.329739517582792685e-03,9.999017620518555471e-01,5.365139453421181176e-02,0.000000000000000000e+00,0.000000000000000000e+00,0.000000000000000000e+00,1.000000000000000056e-01
9.931190727656661332e-01,-1.166289836998724849e-01,1.059185867534519904e-02,1.685594442880995558e+01,1.165209020994428524e-01,9.931347595746548018e-01,1.030673073892661613e-02,1.327084367779465923e+00,-1.172120655033692324e-02,-9.001637946927156311e-03,9.998907859517842667e-01,5.379429708311332659e-02,0.000000000000000000e+00,0.000000000000000000e+00,0.000000000000000000e+00,1.000000000000000056e-01
9.926962871256831411e-01,-1.201523820067630366e-01,1.083912473330389190e-02,1.774539089295015160e+01,1.200528297107147924e-01,9.927228852096683376e-01,9.412292995954873315e-03,1.429099427882033924e+00,-1.189115660200246519e-02,-8.042280714602948605e-03,9.998969557487282778e-01,5.663837545574766652e-02,0.000000000000000000e+00,0.000000000000000000e+00,0.000000000000000000e+00,1.000000000000000056e-01
9.923011765336344769e-01,-1.233414968898645936e-01,1.119152335172578748e-02,1.865609452694803849e+01,1.232374585811516765e-01,9.923312049851706895e-01,9.555543686163722739e-03,1.543254886250853719e+00,-1.228429291508565356e-02,-8.102762346680506683e-03,9.998917148321260218e-01,5.514189649347238376e-02,0.000000000000000000e+00,0.000000000000000000e+00,0.000000000000000000e+00,1.000000000000000056e-01
9.917532894635934237e-01,-1.276975044992701425e-01,1.089771456777307614e-02,1.958161114473720943e+01,1.276260327357593427e-01,9.917975004147108198e-01,7.022388430061266180e-03,1.657757366151459300e+00,-1.170506754669368814e-02,-5.573644749232773039e-03,9.999159594075577306e-01,5.809116094947525816e-02,0.000000000000000000e+00,0.000000000000000000e+00,0.000000000000000000e+00,1.000000000000000056e-01
9.914547158250081038e-01,-1.297915799015613159e-01,1.310313912805389537e-02,2.050571220125411287e+01,1.297315916887012976e-01,9.915348101021258520e-01,5.332398490112417143e-03,1.781422962261051790e+00,-1.368431899177304477e-02,-3.586940534479175595e-03,9.998999316288272876e-01,6.355420916816713339e-02,0.000000000000000000e+00,0.000000000000000000e+00,0.000000000000000000e+00,1.000000000000000056e-01
9.915731414848802938e-01,-1.287226795832673021e-01,1.460057693069630701e-02,2.142737966139337047e+01,1.286559098740911733e-01,9.916744413392710733e-01,5.427637507649084141e-03,1.908349299252159348e+00,-1.517767901477054364e-02,-3.503449064595370345e-03,9.998786745922608743e-01,5.682463438540550499e-02,0.000000000000000000e+00,0.000000000000000000e+00,0.000000000000000000e+00,1.000000000000000056e-01
9.914103941424758926e-01,-1.293599635591000385e-01,1.927252485401957996e-02,2.238051293127649188e+01,1.293188406786201228e-01,9.915973371695364635e-01,3.370217177305788979e-03,2.037854664261583348e+00,-1.954655549702205217e-02,-8.489677690267703834e-04,9.998085873915711908e-01,5.271146633091684797e-02,0.000000000000000000e+00,0.000000000000000000e+00,0.000000000000000000e+00,1.000000000000000056e-01
9.916051706362650764e-01,-1.273464590102917904e-01,2.240680577333125159e-02,2.334320715890669717e+01,1.272897838812276361e-01,9.918577314476286766e-01,3.943537375754445351e-03,2.172446887044472419e+00,-2.272655906410103385e-02,-1.058274588039496977e-03,9.997411582844842881e-01,4.300031791279791682e-02,0.000000000000000000e+00,0.000000000000000000e+00,0.000000000000000000e+00,1.000000000000000056e-01
9.918654441813835598e-01,-1.251927941164817371e-01,2.301531968439751719e-02,2.426145552894466206e+01,1.251820021363738433e-01,9.921319469211832276e-01,1.914742675001857236e-03,2.282499088429201350e+00,-2.307394591299229136e-02,9.819367040678087053e-04,9.997332788400681292e-01,3.061447485468645272e-02,0.000000000000000000e+00,0.000000000000000000e+00,0.000000000000000000e+00,1.000000000000000056e-01
9.918663976094554968e-01,-1.253777262950655780e-01,2.194253955952244275e-02,2.521252146159551089e+01,1.253799367070520254e-01,9.921079739491633909e-01,1.280428764811907937e-03,2.399956177638953747e+00,-2.192990571291209348e-02,1.481139954815396693e-03,9.997584135479216094e-01,1.792265605476140236e-02,0.000000000000000000e+00,0.000000000000000000e+00,0.000000000000000000e+00,1.000000000000000056e-01
9.920657749793967417e-01,-1.244282153077898995e-01,1.797546521921435103e-02,2.615203135732392070e+01,1.244305369382247423e-01,9.922278237670063561e-01,9.935893797848283863e-04,2.527781310494002120e+00,-1.795938728893597264e-02,1.250990770873691921e-03,9.998379345825488818e-01,4.305793790180368653e-03,0.000000000000000000e+00,0.000000000000000000e+00,0.000000000000000000e+00,1.000000000000000056e-01
9.919438836374399049e-01,-1.254961698096953848e-01,1.726392415904563771e-02,2.709140423016165045e+01,1.255207568771766480e-01,9.920909340472777727e-01,-3.437647168935647861e-04,2.649134932392922970e+00,-1.708424148898309708e-02,2.507976135446511514e-03,9.998509082600516296e-01,-4.021183920192268092e-03,0.000000000000000000e+00,0.000000000000000000e+00,0.000000000000000000e+00,1.000000000000000056e-01
9.919799073104119680e-01,-1.250475217169995656e-01,1.841143136377300371e-02,2.804415177385832081e+01,1.250983000150737712e-01,9.921430163016731196e-01,-1.628047037617502083e-03,2.769876898550990063e+00,-1.806318980039220423e-02,3.918228713925013887e-03,9.998291697375009113e-01,-1.212625996197896558e-02,0.000000000000000000e+00,0.000000000000000000e+00,0.000000000000000000e+00,1.000000000000000056e-01
9.918392778253377617e-01,-1.256522241980568555e-01,2.159549760930918466e-02,2.904976505243482521e+01,1.257784424284758285e-01,9.920477667394823618e-01,-4.583876904116240825e-03,2.897543721788637061e+00,-2.084779084649070191e-02,7.262717210985678712e-03,9.997562815784326595e-01,-1.856585840120161465e-02,0.000000000000000000e+00,0.000000000000000000e+00,0.000000000000000000e+00,1.000000000000000056e-01
9.918291932731732041e-01,-1.248516849332555329e-01,2.620893245466966726e-02,3.000315044625416405e+01,1.250803897416878085e-01,9.921199763187732446e-01,-7.269710537864360229e-03,3.013819092500441332e+00,-2.509476983663778971e-02,1.048853462424314577e-02,9.996300531538065970e-01,-3.054550501978306812e-02,0.000000000000000000e+00,0.000000000000000000e+00,0.000000000000000000e+00,1.000000000000000056e-01
9.916087446956934892e-01,-1.263670968029148300e-01,2.726635818428522692e-02,3.093062471815944647e+01,1.267887781406077108e-01,9.918262606547225690e-01,-1.432740078598323391e-02,3.110056854439882112e+00,-2.523297803753540500e-02,1.766424414667060877e-02,9.995255230848705263e-01,-3.745848356750886704e-02,0.000000000000000000e+00,0.000000000000000000e+00,0.000000000000000000e+00,1.000000000000000056e-01
9.917211344895863201e-01,-1.261740867659720267e-01,2.385982471563451168e-02,3.188112286912407001e+01,1.266061331253492961e-01,9.917977585767075999e-01,-1.755258206831937853e-02,3.221069640241032150e+00,-2.144943966014446757e-02,2.042806674631038669e-02,9.995612115459833191e-01,-4.720807811089688943e-02,0.000000000000000000e+00,0.000000000000000000e+00,0.000000000000000000e+00,1.000000000000000056e-01
9.914554978813384656e-01,-1.288271223691962453e-01,2.048336551788747587e-02,3.287888153784508916e+01,1.291832357190227376e-01,9.914728033671962315e-01,-1.712809949633505024e-02,3.347399500282123963e+00,-1.810213606264873473e-02,1.962785584991613014e-02,9.996434664142532789e-01,-6.417388989106569130e-02,0.000000000000000000e+00,0.000000000000000000e+00,0.000000000000000000e+00,1.000000000000000056e-01
9.912870649305380866e-01,-1.303398361342242573e-01,1.901268045023549180e-02,3.384712049020900793e+01,1.306655849474235576e-01,9.912802081896218143e-01,-1.703096479614981881e-02,3.478334155084062296e+00,-1.662708067421428404e-02,1.936687811815913582e-02,9.996741790304526365e-01,-7.459821913876266142e-02,0.000000000000000000e+00,0.000000000000000000e+00,0.000000000000000000e+00,1.000000000000000056e-01
9.910056968820140089e-01,-1.322482113623862643e-01,2.044796661879659527e-02,3.481135432646401284e+01,1.326068046664795885e-01,9.910177065601739610e-01,-1.730146353228747408e-02,3.608259389019597307e+00,-1.797620937628222754e-02,1.985738844013875543e-02,9.996412056437037341e-01,-7.592473168719335308e-02,0.000000000000000000e+00,0.000000000000000000e+00,0.000000000000000000e+00,1.000000000000000056e-01
9.908411669556163037e-01,-1.331958246924921929e-01,2.219581380619744040e-02,3.578678550535203584e+01,1.335741871496583522e-01,9.909009203604464133e-01,-1.653186487146077882e-02,3.753416774394351840e+00,-1.979187695345108536e-02,1.934524006847874317e-02,9.996169482823670238e-01,-9.178416085515078704e-02,0.000000000000000000e+00,0.000000000000000000e+00,0.000000000000000000e+00,1.000000000000000056e-01
9.907538685588628269e-01,-1.335302036384288793e-01,2.400951169697554399e-02,3.675750759484265728e+01,1.339469900869088570e-01,9.908482129283411322e-01,-1.667401521440812703e-02,3.880151769835703757e+00,-2.156329711118014358e-02,1.973584690335049643e-02,9.995726689764493633e-01,-9.224426023653378715e-02,0.000000000000000000e+00,0.000000000000000000e+00,0.000000000000000000e+00,1.000000000000000056e-01
9.904139718883334664e-01,-1.355321672405535582e-01,2.666825700067456881e-02,3.774461618303703148e+01,1.359727975593152949e-01,9.905919406568653995e-01,-1.545980043722221253e-02,4.030833665752167505e+00,-2.432206019787107668e-02,1.893775986604276373e-02,9.995247864055134546e-01,-1.028564770901347486e-01,0.000000000000000000e+00,0.000000000000000000e+00,0.000000000000000000e+00,1.000000000000000056e-01
9.904796707255546506e-01,-1.349135281930359531e-01,2.735620203726771282e-02,3.874654135679493550e+01,1.353434562706593292e-01,9.906923830560597777e-01,-1.451726556268342037e-02,4.182839406236002588e+00,-2.514300547088690885e-02,1.808153934852436973e-02,9.995203285629956635e-01,-1.053083215916319759e-01,0.000000000000000000e+00,0.000000000000000000e+00,0.000000000000000000e+00,1.000000000000000056e-01
9.905374027148632354e-01,-1.342024110677638438e-01,2.872919571606191019e-02,3.977244142604218524e+01,1.345494796640039070e-01,9.908512401554595561e-01,-1.050035259091959376e-02,4.338191744671279437e+00,-2.705718656916580867e-02,1.426649031776123892e-02,9.995320784792124380e-01,-1.190096492127282746e-01,0.000000000000000000e+00,0.000000000000000000e+00,0.000000000000000000e+00,1.000000000000000056e-01
9.900352561610321622e-01,-1.379684950697072088e-01,2.819372139962438018e-02,4.077243914523644008e+01,1.383851062119392239e-01,9.902879329500197114e-01,-1.339299190948880017e-02,4.471011405333264577e+00,-2.607209114876982842e-02,1.716112530627021682e-02,9.995127522154746424e-01,-1.187093742558746334e-01,0.000000000000000000e+00,0.000000000000000000e+00,0.000000000000000000e+00,1.000000000000000056e-01
9.902140835159343180e-01,-1.368053574674400752e-01,2.757467996014272699e-02,4.177906629031406993e+01,1.371684316079616883e-01,9.904783163228125797e-01,-1.172715926976236611e-02,4.603879032739054189e+00,-2.570778436408512752e-02,1.539477387077740206e-02,9.995509545593748157e-01,-1.104233502952500640e-01,0.000000000000000000e+00,0.000000000000000000e+00,0.000000000000000000e+00,1.000000000000000056e-01
9.904573208553659747e-01,-1.357511183975773361e-01,2.378927106528473320e-02,4.278832085400733831e+01,1.360232847584266491e-01,9.906529758693558563e-01,-1.021505774420929796e-02,4.724400181563808587e+00,-2.218020666131483368e-02,1.335347351802102303e-02,9.996648054110262027e-01,-1.169303695945271282e-01,0.000000000000000000e+00,0.000000000000000000e+00,0.000000000000000000e+00,1.000000000000000056e-01
9.907262690183873399e-01,-1.339369214242241424e-01,2.285521726668285694e-02,4.382292900808234748e+01,1.342018387148204428e-01,9.908986711615301868e-01,-1.047329823288848175e-02,4.870507371082820391e+00,-2.124444309619325302e-02,1.344338386400202590e-02,9.996839245820738906e-01,-1.229387096107719957e-01,0.000000000000000000e+00,0.000000000000000000e+00,0.000000000000000000e+00,1.000000000000000056e-01
9.906102866264626661e-01,-1.343072764402721275e-01,2.555025489175793280e-02,4.480837630779053171e+01,1.346548202091858992e-01,9.908149952994966814e-01,-1.239856782415916722e-02,5.005874154971394319e+00,-2.365035780425527034e-02,1.572261380479648626e-02,9.995966486492818825e-01,-1.257815891261052088e-01,0.000000000000000000e+00,0.000000000000000000e+00,0.000000000000000000e+00,1.000000000000000056e-01
9.903672772666478608e-01,-1.362538934777094979e-01,2.464817704439155668e-02,4.576638149011746748e+01,1.365604393933239069e-01,9.905683641467762923e-01,-1.120546046720033787e-02,5.139976081999643398e+00,-2.288891679719646730e-02,1.446348726084681000e-02,9.996333853088873456e-01,-1.366760307693195009e-01,0.000000000000000000e+00,0.000000000000000000e+00,0.000000000000000000e+00,1.000000000000000056e-01
9.898432724684053108e-01,-1.406324097772723436e-01,2.080435697818085183e-02,4.667088986313991228e+01,1.408987969013037189e-01,9.899520100102983111e-01,-1.193930099860951270e-02,5.273007058517738876e+00,-1.891626233703126020e-02,1.474934563997986302e-02,9.997122745182180914e-01,-1.355632077749538422e-01,0.000000000000000000e+00,0.000000000000000000e+00,0.000000000000000000e+00,1.000000000000000056e-01
9.901404298223676070e-01,-1.387024803831998776e-01,1.958446238029503197e-02,4.762455659768977512e+01,1.389400377290054833e-01,9.902359359196666322e-01,-1.133389293952049431e-02,5.408557512243597820e+00,-1.782119937152582337e-02,1.394321156871800027e-02,9.997439630746015604e-01,-1.474042662758643374e-01,0.000000000000000000e+00,0.000000000000000000e+00,0.000000000000000000e+00,1.000000000000000056e-01
9.901350395482844124e-01,-1.387663720273433210e-01,1.940354228192140568e-02,4.856326413525466279e+01,1.389820571475419708e-01,9.902419388021707070e-01,-1.024160282160324446e-02,5.548914194852972770e+00,-1.779301126158086555e-02,1.283731403709669795e-02,9.997592770855183719e-01,-1.492391658456766745e-01,0.000000000000000000e+00,0.000000000000000000e+00,0.000000000000000000e+00,1.000000000000000056e-01
9.905062229891258285e-01,-1.356066860665155194e-01,2.254437654657059226e-02,4.952126885904307585e+01,1.359075257604570874e-01,9.906440680999870629e-01,-1.238849385433059974e-02,5.693915837352529152e+00,-2.065349029793146080e-02,1.533483069243348623e-02,9.996690834001757953e-01,-1.618920699073318481e-01,0.000000000000000000e+00,0.000000000000000000e+00,0.000000000000000000e+00,1.000000000000000056e-01
9.907634739959814141e-01,-1.332855932495305151e-01,2.495374175419514881e-02,5.050604117523211301e+01,1.336844599418179069e-01,9.909095690373762588e-01,-1.505626647697724634e-02,5.835907676616333362e+00,-2.272011807801256264e-02,1.825312637007638072e-02,9.995752195869199719e-01,-1.547541464510225062e-01,0.000000000000000000e+00,0.000000000000000000e+00,0.000000000000000000e+00,1.000000000000000056e-01
9.908932208701395350e-01,-1.323450147549901645e-01,2.480769846443486859e-02,5.142150728977306073e+01,1.327323879489397673e-01,9.910433096281480170e-01,-1.467213790348548957e-02,5.976414550604479459e+00,-2.264371928312661902e-02,1.783130704093727897e-02,9.995845669408061074e-01,-1.648798240992080388e-01,0.000000000000000000e+00,0.000000000000000000e+00,0.000000000000000000e+00,1.000000000000000056e-01
9.908086275559822020e-01,-1.329285819731398088e-01,2.506502853062856848e-02,5.235556586698850623e+01,1.333912394082890918e-01,9.909038945060543169e-01,-1.778339399143967492e-02,6.111239836737312636e+00,-2.247311304095348308e-02,2.096339541545031576e-02,9.995276360576049735e-01,-1.663932933311094431e-01,0.000000000000000000e+00,0.000000000000000000e+00,0.000000000000000000e+00,1.000000000000000056e-01
9.909790829065046047e-01,-1.321764381968420221e-01,2.213247449743405149e-02,5.331978467671189748e+01,1.326381089250402712e-01,9.909446431468212912e-01,-2.087693175272872792e-02,6.247326450386712970e+00,-1.917261856326166886e-02,2.362421224539213577e-02,9.995370464836269564e-01,-1.574539313040567989e-01,0.000000000000000000e+00,0.000000000000000000e+00,0.000000000000000000e+00,1.000000000000000056e-01
9.906532251126456412e-01,-1.342842722007972500e-01,2.395666532337226845e-02,5.425230700622505253e+01,1.348656633905740421e-01,9.905592616220512125e-01,-2.456831400395867795e-02,6.383067430981980372e+00,-2.043135854842398347e-02,2.756961106506440259e-02,9.994110646443667978e-01,-1.714654585928322705e-01,0.000000000000000000e+00,0.000000000000000000e+00,0.000000000000000000e+00,1.000000000000000056e-01
9.905456986598661917e-01,-1.342456484974746400e-01,2.823693903258839982e-02,5.518818204421280171e+01,1.349774309651979587e-01,9.905119028101864176e-01,-2.583144443075083979e-02,6.508995512404443851e+00,-2.450126520147173637e-02,2.939857565999130090e-02,9.992674375524757124e-01,-1.734445440806065830e-01,0.000000000000000000e+00,0.000000000000000000e+00,0.000000000000000000e+00,1.000000000000000056e-01
9.901314464593330422e-01,-1.360802462892710951e-01,3.349455630696086816e-02,5.612627955746143016e+01,1.369097839664281946e-01,9.902963128680655203e-01,-2.385212305394476123e-02,6.646020639266284391e+00,-2.992373283223235050e-02,2.820246956856570925e-02,9.991542378049643736e-01,-1.666537177371305856e-01,0.000000000000000000e+00,0.000000000000000000e+00,0.000000000000000000e+00,1.000000000000000056e-01
9.900658376813008532e-01,-1.363102788720358671e-01,3.448398077733807326e-02,5.707582994284325650e+01,1.370745230691108596e-01,9.903412040729757670e-01,-2.085364813802265127e-02,6.787388714472414541e+00,-3.130834045106515445e-02,2.537335983106049631e-02,9.991876602666206475e-01,-1.853761209921410968e-01,0.000000000000000000e+00,0.000000000000000000e+00,0.000000000000000000e+00,1.000000000000000056e-01
9.901839027706532681e-01,-1.367038434876703124e-01,2.911868591774053466e-02,5.795514934285541386e+01,1.373884853389395755e-01,9.902509487241759611e-01,-2.296655496893982434e-02,6.908373941546593677e+00,-2.569519001971894145e-02,2.674168518564025432e-02,9.993120831268291759e-01,-1.881637960878645432e-01,0.000000000000000000e+00,0.000000000000000000e+00,0.000000000000000000e+00,1.000000000000000056e-01
9.902450395314543741e-01,-1.373166043832564076e-01,2.364131646081733470e-02,5.886528674027813679e+01,1.378528210796335085e-01,9.901908425724101903e-01,-2.277487664350738225e-02,7.030424757828268589e+00,-2.028204633992373648e-02,2.581173079033401499e-02,9.994610513421083864e-01,-1.953814639671963560e-01,0.000000000000000000e+00,0.000000000000000000e+00,0.000000000000000000e+00,1.000000000000000056e-01
9.904441964782614294e-01,-1.364055261613801584e-01,2.034271602240227822e-02,5.981604723544845825e+01,1.368587704529120874e-01,9.903269008039767840e-01,-2.285402577463081439e-02,7.174971127827786788e+00,-1.702852350170679097e-02,2.541971629714642397e-02,9.995318241110306978e-01,-1.997409517945973323e-01,0.000000000000000000e+00,0.000000000000000000e+00,0.000000000000000000e+00,1.000000000000000056e-01
9.901923625965487474e-01,-1.386258698466493189e-01,1.737680248851349030e-02,6.072648702891581252e+01,1.389642904587024552e-01,9.900940166444427426e-01,-2.006898557933070246e-02,7.309705103753981525e+00,-1.442258758941489076e-02,2.228691127397082819e-02,9.996475791763274055e-01,-2.097198924565417955e-01,0.000000000000000000e+00,0.000000000000000000e+00,0.000000000000000000e+00,1.000000000000000056e-01
9.898227617674432155e-01,-1.410015341060922855e-01,1.922154173837038391e-02,6.165201639641640696e+01,1.413362815960395036e-01,9.898099043504858807e-01,-1.733230377898478322e-02,7.457021141098072015e+00,-1.658179096709558667e-02,1.987261003015135599e-02,9.996650056788589644e-01,-2.033837689518538661e-01,0.000000000000000000e+00,0.000000000000000000e+00,0.000000000000000000e+00,1.000000000000000056e-01
9.894522713637039502e-01,-1.434082749662040634e-01,2.045163476166973054e-02,6.251933869163635649e+01,1.437392886596456365e-01,9.894902825484810371e-01,-1.574794074621348183e-02,7.599434643010579471e+00,-1.797830884221844616e-02,1.852153917321124055e-02,9.996668109914568223e-01,-2.038032521401254016e-01,0.000000000000000000e+00,0.000000000000000000e+00,0.000000000000000000e+00,1.000000000000000056e-01
9.893312629414993120e-01,-1.442164484758784726e-01,2.062203083069624049e-02,6.332260515555034885e+01,1.445362681229070689e-01,9.893864503857259241e-01,-1.495723872366346886e-02,7.725969558402425719e+00,-1.824607803559492869e-02,1.777829525398384736e-02,9.996754537619603198e-01,-2.032400361118892884e-01,0.000000000000000000e+00,0.000000000000000000e+00,0.000000000000000000e+00,1.000000000000000056e-01
9.890435254732802273e-01,-1.459705756596995085e-01,2.203396834346634664e-02,6.412714931894196013e+01,1.463061043174087583e-01,9.891336176109434275e-01,-1.446410561879027563e-02,7.851022728874502477e+00,-1.968320499432036491e-02,1.752933408501188353e-02,9.996525865958071355e-01,-2.068610902381250449e-01,0.000000000000000000e+00,0.000000000000000000e+00,0.000000000000000000e+00,1.000000000000000056e-01
9.890916402649918560e-01,-1.453963338024458207e-01,2.361425998662083567e-02,6.491864869789837655e+01,1.457782685355674679e-01,9.891983452719036451e-01,-1.534047372474751578e-02,7.981304956261539019e+00,-2.112873826521481993e-02,1.861558025245084805e-02,9.996034396655428811e-01,-1.989522969671968788e-01,0.000000000000000000e+00,0.000000000000000000e+00,0.000000000000000000e+00,1.000000000000000056e-01
9.890436796429619148e-01,-1.455501857537811472e-01,2.465244785715658971e-02,6.571508945526549894e+01,1.459767750686749022e-01,9.891506970796571929e-01,-1.648270631230749905e-02,8.108407938641795099e+00,-2.198592501714496245e-02,1.990080133733526657e-02,9.995601918880485659e-01,-2.010258984976502350e-01,0.000000000000000000e+00,0.000000000000000000e+00,0.000000000000000000e+00,1.000000000000000056e-01
9.889416102500492300e-01,-1.461363023254828863e-01,2.527197377877091547e-02,6.645446968336463556e+01,1.465937061018703080e-01,9.890455287902371051e-01,-1.729818809467524240e-02,8.220861002637780857e+00,-2.246723942451095760e-02,2.081161028549568040e-02,9.995309400063443483e-01,-2.029996451709651928e-01,0.000000000000000000e+00,0.000000000000000000e+00,0.000000000000000000e+00,1.000000000000000056e-01
9.885792918952384101e-01,-1.482432874303640791e-01,2.710924874922914646e-02,6.723024937754578900e+01,1.487103162163883052e-01,9.887497517456321772e-01,-1.609876621895101056e-02,8.353007274879900024e+00,-2.441772894294071822e-02,1.994633186300416583e-02,9.995028355930162256e-01,-2.104954449717720555e-01,0.000000000000000000e+00,0.000000000000000000e+00,0.000000000000000000e+00,1.000000000000000056e-01
9.887587482626125635e-01,-1.465843086148586882e-01,2.948182833637315661e-02,6.796957763991900947e+01,1.470713077953139936e-01,9.890109475838567699e-01,-1.507899143370616986e-02,8.478266298654521194e+00,-2.694750744554181773e-02,1.924541574468131844e-02,9.994515725212936852e-01,-2.115946234895779987e-01,0.000000000000000000e+00,0.000000000000000000e+00,0.000000000000000000e+00,1.000000000000000056e-01
9.884387513109608170e-01,-1.484621011673215862e-01,3.078700089018992711e-02,6.867964788677502952e+01,1.489035574828748432e-01,9.887718661205261439e-01,-1.256691439759718629e-02,8.593105731460514818e+00,-2.857560980579025231e-02,1.700591913177041184e-02,9.994469636947780344e-01,-2.064394207667874515e-01,0.000000000000000000e+00,0.000000000000000000e+00,0.000000000000000000e+00,1.000000000000000056e-01
9.880290716786636063e-01,-1.516813245408578370e-01,2.813057595089595020e-02,6.934264695229927611e+01,1.520506244962925579e-01,9.883060649908136375e-01,-1.147734693476688134e-02,8.706424717392621915e+00,-2.606071963867479663e-02,1.561722407806579241e-02,9.995383640481289023e-01,-2.093396495913824873e-01,0.000000000000000000e+00,0.000000000000000000e+00,0.000000000000000000e+00,1.000000000000000056e-01
9.883969704967346948e-01,-1.502531959883513235e-01,2.225771345316142347e-02,7.003703991456210076e+01,1.505501012848929621e-01,9.885256625203366898e-01,-1.231590605021732829e-02,8.826821585804550452e+00,-2.015181669193678166e-02,1.552390524370078975e-02,9.996764039678035507e-01,-2.155758787948948429e-01,0.000000000000000000e+00,0.000000000000000000e+00,0.000000000000000000e+00,1.000000000000000056e-01
9.887264947474637689e-01,-1.487571548721901560e-01,1.706538774023887151e-02,7.078849688811942542e+01,1.490106008245681846e-01,9.887265752497791382e-01,-1.468333193604627954e-02,8.945256103745958143e+00,-1.468875169286573516e-02,1.706072299681774332e-02,9.997465540348369206e-01,-2.132311473262050172e-01,0.000000000000000000e+00,0.000000000000000000e+00,0.000000000000000000e+00,1.000000000000000056e-01
9.885669864306703136e-01,-1.497553587507572670e-01,1.756831992009495400e-02,7.150626061540056355e+01,1.499903255254550205e-01,9.886031278891161955e-01,-1.291347267870984576e-02,9.069750421789759542e+00,-1.543423429104424580e-02,1.540091079409736628e-02,9.997622699214855357e-01,-2.125450273475470997e-01,0.000000000000000000e+00,0.000000000000000000e+00,0.000000000000000000e+00,1.000000000000000056e-01
9.887410762656680951e-01,-1.482358363805147683e-01,2.042598633059175550e-02,7.217595867929374265e+01,1.484757336371544667e-01,9.888574235729815642e-01,-1.076811801168639331e-02,9.188368922581059195e+00,-1.860216723709948172e-02,1.367964389792763157e-02,9.997333778147595718e-01,-2.125023893330356128e-01,0.000000000000000000e+00,0.000000000000000000e+00,0.000000000000000000e+00,1.000000000000000056e-01
9.885822616033352883e-01,-1.489671787345227261e-01,2.266917958620157103e-02,7.279745435951785737e+01,1.492474674418402258e-01,9.887363209662053398e-01,-1.121075663859143895e-02,9.289534719029520105e+00,-2.074380643545285785e-02,1.446607279428817686e-02,9.996801624682160048e-01,-2.089189342865064303e-01,0.000000000000000000e+00,0.000000000000000000e+00,0.000000000000000000e+00,1.000000000000000056e-01
9.886468300748497695e-01,-1.489501100969695124e-01,1.978155921690116087e-02,7.337569548726780511e+01,1.492454450739192917e-01,9.886953993394341778e-01,-1.439459793549529437e-02,9.358120338310074615e+00,-1.741385964221712351e-02,1.718348122871190403e-02,9.997006979417507599e-01,-2.078760609163324002e-01,0.000000000000000000e+00,0.000000000000000000e+00,0.000000000000000000e+00,1.000000000000000056e-01
9.887400774661591063e-01,-1.487430834593129747e-01,1.638762750460376685e-02,7.402050981887708758e+01,1.490789216389633021e-01,9.885885192583331316e-01,-2.163826965309779277e-02,9.437369512442158381e+00,-1.298207746000752671e-02,2.383767424964489123e-02,9.996315475970084519e-01,-1.972410051840615963e-01,0.000000000000000000e+00,0.000000000000000000e+00,0.000000000000000000e+00,1.000000000000000056e-01
9.891227223796918988e-01,-1.465952788513005256e-01,1.208570604872954285e-02,7.464050555193141179e+01,1.468580527126928104e-01,9.888446560326669132e-01,-2.487887837247675787e-02,9.525442070410560902e+00,-8.303759728147067781e-03,2.638314716151188288e-02,9.996174153746177904e-01,-1.978635127366178414e-01,0.000000000000000000e+00,0.000000000000000000e+00,0.000000000000000000e+00,1.000000000000000056e-01
9.896843496811359442e-01,-1.428330357109856563e-01,1.111808912589204272e-02,7.523147344376285162e+01,1.430507611833908843e-01,9.894669165985116033e-01,-2.217432483496735093e-02,9.607754796868682945e+00,-7.833755234843952850e-03,2.353603336627656598e-02,9.996922963653877003e-01,-1.952485619983773679e-01,0.000000000000000000e+00,0.000000000000000000e+00,0.000000000000000000e+00,1.000000000000000056e-01
9.904011284096775336e-01,-1.375655490923871349e-01,1.346568036704590132e-02,7.580745467253545655e+01,1.378014477326688081e-01,9.902867289445733689e-01,-1.851905718544065091e-02,9.706013773645610243e+00,-1.078730029330658702e-02,2.019688538282806908e-02,9.997378256189044521e-01,-1.978191835659769138e-01,0.000000000000000000e+00,0.000000000000000000e+00,0.000000000000000000e+00,1.000000000000000056e-01
9.913249422561112301e-01,-1.302950153221619223e-01,1.726464141288004683e-02,7.635940374284894006e+01,1.306217550568150032e-01,9.912428242567704606e-01,-1.938093045595607258e-02,9.758779918553454280e+00,-1.458821328316706883e-02,2.146793752689732035e-02,9.996630990946629991e-01,-1.928687564252079545e-01,0.000000000000000000e+00,0.000000000000000000e+00,0.000000000000000000e+00,1.000000000000000056e-01
9.923621698349635034e-01,-1.213978518074657897e-01,2.190628806930943959e-02,7.693720636572751914e+01,1.218835073040725747e-01,9.922918389811006268e-01,-2.239010805609207427e-02,9.828208757910495308e+00,-1.901931985379819515e-02,2.488911143528362013e-02,9.995092783982852946e-01,-1.892421544021818114e-01,0.000000000000000000e+00,0.000000000000000000e+00,0.000000000000000000e+00,1.000000000000000056e-01
9.935044680962005215e-01,-1.109175283517690319e-01,2.541994841104557035e-02,7.747023172519564582e+01,1.115497423636537394e-01,9.934451413917644302e-01,-2.496810012195015138e-02,9.885704331753752072e+00,-2.248392429021631167e-02,2.764150772718026311e-02,9.993650084924327048e-01,-1.813898562558067251e-01,0.000000000000000000e+00,0.000000000000000000e+00,0.000000000000000000e+00,1.000000000000000056e-01
9.947932174815879991e-01,-9.877493941114967591e-02,2.509911944578139056e-02,7.795381238528061374e+01,9.933983683975611267e-02,9.948024606519066948e-01,-2.235310040155918249e-02,9.938842382138837195e+00,-2.276073964704409744e-02,2.473005509972150961e-02,9.994350269554715949e-01,-1.781209425521481649e-01,0.000000000000000000e+00,0.000000000000000000e+00,0.000000000000000000e+00,1.000000000000000056e-01
9.963446761150929198e-01,-8.189372675638381671e-02,2.430440073446211643e-02,7.844656706497734433e+01,8.236524425072694333e-02,9.964196056245799848e-01,-1.907710844112909740e-02,9.994250117352180496e+00,-2.265508588879476190e-02,2.100921333385079651e-02,9.995225660476425578e-01,-1.837667935278841091e-01,0.000000000000000000e+00,0.000000000000000000e+00,0.000000000000000000e+00,1.000000000000000056e-01
9.977361588356994382e-01,-6.227897197428261533e-02,2.537492860306014494e-02,7.893272517365289787e+01,6.264872016905045915e-02,9.979367957801864586e-01,-1.404597768595910491e-02,1.002234481673345634e+01,-2.444780589263359852e-02,1.560388662484353366e-02,9.995793232701620790e-01,-1.866262664133765403e-01,0.000000000000000000e+00,0.000000000000000000e+00,0.000000000000000000e+00,1.000000000000000056e-01
9.988383726759979542e-01,-4.064409107965267359e-02,2.588364600038083746e-02,7.941012468000512570e+01,4.102103724172289495e-02,9.990573395855144589e-01,-1.420234923972695830e-02,1.004331398808821874e+01,-2.528200493586922615e-02,1.524762540931826581e-02,9.995640700554415670e-01,-1.875059997925507815e-01,0.000000000000000000e+00,0.000000000000000000e+00,0.000000000000000000e+00,1.000000000000000056e-01
9.995233294299321614e-01,-1.429184976904391245e-02,2.736525087555942079e-02,7.989946071271933192e+01,1.474610771399210117e-02,9.997556061690183737e-01,-1.647058714514834307e-02,1.006346720241647752e+01,-2.712316781997576101e-02,1.686626703801593144e-02,9.994898012504238594e-01,-1.850755714124441287e-01,0.000000000000000000e+00,0.000000000000000000e+00,0.000000000000000000e+00,1.000000000000000056e-01
9.994602500592174588e-01,1.450304281105571289e-02,2.947660599165273163e-02,8.038008026525875493e+01,-1.399832634466326511e-02,9.997530831772926119e-01,-1.725744874093007239e-02,1.005900753907585177e+01,-2.971961323965638044e-02,1.683551088378988994e-02,9.994164848361102305e-01,-1.924352932903156399e-01,0.000000000000000000e+00,0.000000000000000000e+00,0.000000000000000000e+00,1.000000000000000056e-01
9.984001721844758537e-01,4.701080945621842477e-02,3.141782895554671995e-02,8.085648805607345935e+01,-4.644708679533501861e-02,9.987505670182899031e-01,-1.843835700031360922e-02,1.002385948226178236e+01,-3.224537657146341052e-02,1.694959217549267885e-02,9.993362532275354981e-01,-2.015366582715934496e-01,0.000000000000000000e+00,0.000000000000000000e+00,0.000000000000000000e+00,1.000000000000000056e-01
9.958968330708947159e-01,8.371487193596252596e-02,3.437030835049274813e-02,8.133892498445339925e+01,-8.308696021762476680e-02,9.963551892346991234e-01,-1.931046159162900719e-02,9.983231924100980592e+00,-3.586160789977770047e-02,1.637550310165558978e-02,9.992225918067556556e-01,-2.027451661850524778e-01,0.000000000000000000e+00,0.000000000000000000e+00,0.000000000000000000e+00,1.000000000000000056e-01
