1.000000000000000000e+00,0.000000000000000000e+00,0.000000000000000000e+00,0.000000000000000000e+00,0.000000000000000000e+00,1.000000000000000000e+00,0.000000000000000000e+00,0.000000000000000000e+00,0.000000000000000000e+00,0.000000000000000000e+00,1.000000000000000000e+00,0.000000000000000000e+00,0.000000000000000000e+00,0.000000000000000000e+00,0.000000000000000000e+00,1.000000000000000000e+00
9.999847919823077191e-01,-5.513109754991251353e-03,1.463725733481500990e-04,6.740425889248359281e-01,5.513363868793052548e-03,9.999831876020612853e-01,-1.796477684597373899e-03,1.709493654225235915e-03,-1.364659338266216632e-04,1.797257368990244847e-03,9.999983756201801244e-01,1.215518681289773362e-02,0.000000000000000000e+00,0.000000000000000000e+00,0.000000000000000000e+00,1.000000000000000000e+00
9.999457822012589592e-01,-1.040503772378080331e-02,-4.096924196848864192e-04,1.349490490241644469e+00,1.040392680299540538e-02,9.999424288138749617e-01,-2.626283474362229274e-03,1.182874490169198017e-02,4.369954118304201617e-04,2.621878673107268069e-03,9.999964673873771304e-01,1.590270131228486636e-02,0.000000000000000000e+00,0.000000000000000000e+00,0.000000000000000000e+00,1.000000000000000000e+00
9.998599631752072003e-01,-1.653182640239587997e-02,-2.598606371494877661e-03,2.081034035137419025e+00,1.652549544502657577e-02,9.998604694920861791e-01,-2.439169400302897313e-03,1.588496303998489928e-02,2.638567711719835927e-03,2.395884569009429886e-03,9.999936488286127467e-01,2.089458244625468086e-02,0.000000000000000000e+00,0.000000000000000000e+00,0.000000000000000000e+00,1.000000000000000000e+00
9.997999573216256319e-01,-1.967951922141587817e-02,-3.572374964818626156e-03,2.786714443836316502e+00,1.967419590310804864e-02,9.998052900475564719e-01,-1.519213115301017809e-03,4.324363549720498801e-02,3.601576771563107238e-03,1.448625602943236831e-03,9.999924650359227618e-01,2.392339830022052402e-02,0.000000000000000000e+00,0.000000000000000000e+00,0.000000000000000000e+00,1.000000000000000000e+00
9.996912953549190739e-01,-2.458215475638088343e-02,-3.609938938026086095e-03,3.484717396932348166e+00,2.457354704949304275e-02,9.996951204504563870e-01,-2.409757862503434777e-03,7.040185925424179147e-02,3.668075382170241441e-03,2.320304954718399419e-03,9.999905806595921209e-01,3.547283117350961273e-02,0.000000000000000000e+00,0.000000000000000000e+00,0.000000000000000000e+00,1.000000000000000000e+00
9.995847341671159070e-01,-2.843084504902100573e-02,-4.695345552026777662e-03,4.201211439290869265e+00,2.842797136571203684e-02,9.995956138520663004e-01,-6.776516377986247126e-04,9.810166764950481455e-02,4.712713028037240383e-03,5.438910833217500129e-04,9.999887471958897045e-01,5.206248078596617535e-02,0.000000000000000000e+00,0.000000000000000000e+00,0.000000000000000000e+00,1.000000000000000000e+00
9.994385481030801932e-01,-3.317309482374526663e-02,-4.704715232694121722e-03,4.958443636736057591e+00,3.318118701201362708e-02,9.994479866780837662e-01,1.652499198337939804e-03,1.374285897893059716e-01,4.647299654607223163e-03,-1.807679435502633708e-03,9.999875673732041559e-01,6.040715011959309211e-02,0.000000000000000000e+00,0.000000000000000000e+00,0.000000000000000000e+00,1.000000000000000000e+00
9.992879196671948794e-01,-3.760173716046642800e-02,-3.124575126842809789e-03,5.719183488666890192e+00,3.761238121196411321e-02,9.992865495563572065e-01,3.420622065983723592e-03,1.747678084166122137e-01,2.993724565481956090e-03,-3.535709019080608782e-03,9.999892681298926389e-01,6.728967916479527966e-02,0.000000000000000000e+00,0.000000000000000000e+00,0.000000000000000000e+00,1.000000000000000000e+00
9.991301080717620575e-01,-4.170144481468598952e-02,-1.290150179532233371e-04,6.506607379395063617e+00,4.170163976351778934e-02,9.991266724817245981e-01,2.620224538496277074e-03,2.185914893546851978e-01,1.963519659358541950e-05,-2.623325364122902105e-03,9.999965588833258368e-01,7.031481337777088780e-02,0.000000000000000000e+00,0.000000000000000000e+00,0.000000000000000000e+00,1.000000000000000000e+00
9.989964333977836564e-01,-4.478012841098105712e-02,9.306760995171880742e-04,7.309034787526700327e+00,4.477771755282818761e-02,9.989939281414327299e-01,2.467295545821478284e-03,2.634929027655969480e-01,-1.040225583853750593e-03,-2.423145898896601931e-03,9.999965231412993871e-01,8.854045584941733216e-02,0.000000000000000000e+00,0.000000000000000000e+00,0.000000000000000000e+00,1.000000000000000000e+00
9.989035063906507306e-01,-4.679897921011405559e-02,1.280806523944554194e-03,8.106721712977845939e+00,4.679498866930351109e-02,9.989000514964063715e-01,2.985993288220385213e-03,3.038771007904285115e-01,-1.419139140542116607e-03,-2.922783838886774694e-03,9.999947216754352386e-01,9.715315999823967430e-02,0.000000000000000000e+00,0.000000000000000000e+00,0.000000000000000000e+00,1.000000000000000000e+00
9.988143772596849157e-01,-4.867841703692198790e-02,5.014918984561410418e-04,8.935702466449685133e+00,4.867725847885152196e-02,9.988123329369990033e-01,2.109047162193641075e-03,3.560575158011570207e-01,-6.035613703577832499e-04,-2.082135377151583117e-03,9.999976502102110310e-01,9.721205496285727221e-02,0.000000000000000000e+00,0.000000000000000000e+00,0.000000000000000000e+00,1.000000000000000000e+00
9.988010653693972785e-01,-4.895296524011796130e-02,1.975124124083944648e-04,9.693024186788836261e+00,4.895283451907411071e-02,9.988008989937936510e-01,6.198078240022878403e-04,4.129667784103568384e-01,-2.276170059398750832e-04,-6.093959224977174181e-04,9.999997884135319870e-01,1.117544572906092742e-01,0.000000000000000000e+00,0.000000000000000000e+00,0.000000000000000000e+00,1.000000000000000000e+00
9.987695644841629861e-01,-4.958751113944025873e-02,6.601508216410917253e-04,1.048226297276581498e+01,4.958601816739070800e-02,9.987676219274769229e-01,2.112863373804417955e-03,4.708333912539032773e-01,-7.641089023285868457e-04,-2.077529381034110782e-03,9.999975500016269336e-01,1.120449896968189890e-01,0.000000000000000000e+00,0.000000000000000000e+00,0.000000000000000000e+00,1.000000000000000000e+00
9.985927483882539590e-01,-5.299462136918040023e-02,2.023109568315401615e-03,1.131380097017729369e+01,5.299791551913936999e-02,9.985933236036933502e-01,-1.610901845329434576e-03,5.345611503539182685e-01,-1.934894574482364394e-03,1.715855491098755917e-03,9.999966560058685117e-01,1.264949741051191179e-01,0.000000000000000000e+00,0.000000000000000000e+00,0.000000000000000000e+00,1.000000000000000000e+00
9.984634549363543554e-01,-5.541330156210833024e-02,-3.084907454733468125e-04,1.219641879816219543e+01,5.541360946762055595e-02,9.984628796830294917e-01,1.099900378442799677e-03,6.033673645406529840e-01,2.470674467219577766e-04,-1.115304917639865475e-03,9.999993475260957609e-01,1.391763525765205567e-01,0.000000000000000000e+00,0.000000000000000000e+00,0.000000000000000000e+00,1.000000000000000000e+00
9.983471237495298301e-01,-5.744253722420079866e-02,-1.837231145666024098e-03,1.309135950588854236e+01,5.744707358475553693e-02,9.983453733385665441e-01,2.519775788750657376e-03,6.756605273909671583e-01,1.689448899487246483e-03,-2.621154464010230518e-03,9.999951376440244788e-01,1.559078912266619876e-01,0.000000000000000000e+00,0.000000000000000000e+00,0.000000000000000000e+00,1.000000000000000000e+00
9.984323106679792170e-01,-5.584875286791592119e-02,-3.719921678428366602e-03,1.397087827727518139e+01,5.587478358931880634e-02,9.984110544664207554e-01,7.305811255162262575e-03,7.451884772677678237e-01,3.305990478202978054e-03,-7.502207831547215086e-03,9.999663930875926088e-01,1.703291377569640941e-01,0.000000000000000000e+00,0.000000000000000000e+00,0.000000000000000000e+00,1.000000000000000000e+00
9.972107379196119004e-01,-7.457337189741328198e-02,-3.091339785334826923e-03,1.496645649180222648e+01,7.457996461058974402e-02,9.972128774374673377e-01,2.075078689665718797e-03,8.407814875710584168e-01,2.927978227629838941e-03,-2.299842763152407012e-03,9.999930688093606745e-01,1.686251699431035866e-01,0.000000000000000000e+00,0.000000000000000000e+00,0.000000000000000000e+00,1.000000000000000000e+00
9.967631681229924823e-01,-8.039222577994327434e-02,-5.260299966596101084e-04,1.592305781023301314e+01,8.039266964567171048e-02,9.967628778584379790e-01,8.854324400610994470e-04,9.325727900489598765e-01,4.531452886760228230e-04,-9.248553998593483580e-04,9.999994696507774616e-01,1.774536264841586053e-01,0.000000000000000000e+00,0.000000000000000000e+00,0.000000000000000000e+00,1.000000000000000000e+00
9.964615457222156802e-01,-8.403762527516338288e-02,1.437162133652965940e-03,1.684052676883369060e+01,8.403625033104687725e-02,9.964622044422430935e-01,9.918409153913145242e-04,1.010444740545707543e+00,-1.515429703020983870e-03,-8.675576148314254922e-04,9.999984754071374882e-01,1.825769100757205499e-01,0.000000000000000000e+00,0.000000000000000000e+00,0.000000000000000000e+00,1.000000000000000000e+00
9.963400067285046457e-01,-8.547048038292319461e-02,1.178123656870572796e-03,1.772092824097420305e+01,8.547062960977855339e-02,9.963406875030017540e-01,-7.681244868349951618e-05,1.100793387812287749e+00,-1.167247337361611249e-03,1.772262863490488294e-04,9.999993030620051293e-01,1.971826428810165288e-01,0.000000000000000000e+00,0.000000000000000000e+00,0.000000000000000000e+00,1.000000000000000000e+00
9.960388286977908123e-01,-8.891653104504945726e-02,7.086841631775193549e-04,1.863065787820815089e+01,8.891731032729492668e-02,9.960383397067659184e-01,-1.156615038739881906e-03,1.188602169939061870e+00,-6.030344002685293810e-04,1.215047778102013075e-03,9.999990800037810157e-01,1.982187424453989710e-01,0.000000000000000000e+00,0.000000000000000000e+00,0.000000000000000000e+00,1.000000000000000000e+00
9.959246105994302711e-01,-9.018387135226024753e-02,1.019485305080218345e-03,1.955747108533470779e+01,9.018648031725316760e-02,9.959206860448609477e-01,-2.895837688376481315e-03,1.272697019834880816e+00,-7.541686509025745085e-04,2.975979813555817456e-03,9.999952873757930183e-01,2.146066833826533737e-01,0.000000000000000000e+00,0.000000000000000000e+00,0.000000000000000000e+00,1.000000000000000000e+00
9.958904402807736700e-01,-9.053251314446110476e-02,2.468809654387997543e-03,2.049246568428303306e+01,9.054176995430825159e-02,9.958848717165045272e-01,-3.938296553180836192e-03,1.358219570046187430e+00,-2.102106301485033839e-03,4.145642284091915521e-03,9.999891973412258217e-01,2.292632851958145701e-01,0.000000000000000000e+00,0.000000000000000000e+00,0.000000000000000000e+00,1.000000000000000000e+00
9.960489146798884308e-01,-8.861828860091347515e-02,5.775680951861535822e-03,2.141329944935587193e+01,8.864705605765244023e-02,9.960508960652971755e-01,-4.930709870643820193e-03,1.450167510742940813e+00,-5.315921117164883192e-03,5.423225328366966698e-03,9.999711643891103785e-01,2.332907120348876873e-01,0.000000000000000000e+00,0.000000000000000000e+00,0.000000000000000000e+00,1.000000000000000000e+00
9.960463109270683013e-01,-8.826064747543331535e-02,1.008982635090952158e-02,2.236977873987232712e+01,8.831894184179418794e-02,9.960771454013884751e-01,-5.484972284839146478e-03,1.544925994239403355e+00,-9.566138223964985518e-03,6.354409196530930518e-03,9.999340530671221305e-01,2.417841743716129255e-01,0.000000000000000000e+00,0.000000000000000000e+00,0.000000000000000000e+00,1.000000000000000000e+00
9.960532961367611904e-01,-8.782971597910509132e-02,1.279735309035730760e-02,2.335096163952913528e+01,8.790909723555105637e-02,9.961117474359897361e-01,-5.777304150527245649e-03,1.636903615175062443e+00,-1.224017476672550724e-02,6.879506599094857566e-03,9.999014203963469960e-01,2.482701605421822610e-01,0.000000000000000000e+00,0.000000000000000000e+00,0.000000000000000000e+00,1.000000000000000000e+00
9.962207401764034964e-01,-8.578270581091178293e-02,1.362219608335517307e-02,2.429435350071293342e+01,8.589033073530286111e-02,9.962762052467639684e-01,-7.521565348038105302e-03,1.725325768353997979e+00,-1.292624959356417427e-02,8.663154325247968482e-03,9.998789235845411127e-01,2.491887965142339512e-01,0.000000000000000000e+00,0.000000000000000000e+00,0.000000000000000000e+00,1.000000000000000000e+00
9.965414205809502990e-01,-8.245746200179181196e-02,1.029388297579135296e-02,2.525535825735781970e+01,8.254529356517902039e-02,9.965517419989380343e-01,-8.420215502935672267e-03,1.816843782139103247e+00,-9.564077411577911331e-03,9.240805111055317225e-03,9.999115640616241807e-01,2.519229857151532026e-01,0.000000000000000000e+00,0.000000000000000000e+00,0.000000000000000000e+00,1.000000000000000000e+00
9.965601313707798115e-01,-8.261428242984684978e-02,6.541016805513559691e-03,2.619962119716648630e+01,8.266395496878065074e-02,9.965475209838018378e-01,-7.727157947990003460e-03,1.907863056482046460e+00,-5.880060473152671011e-03,8.241283858432504189e-03,9.999487517514061841e-01,2.460922531549002146e-01,0.000000000000000000e+00,0.000000000000000000e+00,0.000000000000000000e+00,1.000000000000000000e+00
9.967278940989341418e-01,-8.072240274647717040e-02,4.171189271043017517e-03,2.714630414331476516e+01,8.075766272405190960e-02,9.966920482097572087e-01,-9.119262403383242982e-03,1.991513058536836134e+00,-3.421262405549739191e-03,9.426278707368685936e-03,9.999497188525440228e-01,2.553857717657883053e-01,0.000000000000000000e+00,0.000000000000000000e+00,0.000000000000000000e+00,1.000000000000000000e+00
9.968060342030490295e-01,-7.961774896342582730e-02,6.224486033518704733e-03,2.811834384512017238e+01,7.968998414748952597e-02,9.967428671715125033e-01,-1.237591084648068628e-02,2.068079474526516748e+00,-5.218869892749655563e-03,1.283241180386813021e-02,9.999040416981705981e-01,2.645432882956956777e-01,0.000000000000000000e+00,0.000000000000000000e+00,0.000000000000000000e+00,1.000000000000000000e+00
9.967937394438756149e-01,-7.936446565197877168e-02,1.017460550914987306e-02,2.912267772632104013e+01,7.950780225412183710e-02,9.967279698425841605e-01,-1.455553208217048693e-02,2.153514574470301923e+00,-8.986121867102476318e-03,1.531782377661705316e-02,9.998422945087571678e-01,2.681129815589978205e-01,0.000000000000000000e+00,0.000000000000000000e+00,0.000000000000000000e+00,1.000000000000000000e+00
9.968160905912167857e-01,-7.859902107738796218e-02,1.341176439235505433e-02,3.008546410312471409e+01,7.883957273417081801e-02,9.967163198329909157e-01,-1.846346526704397209e-02,2.225838531095056805e+00,-1.191651415192932807e-02,1.946205704056599636e-02,9.997395786034554144e-01,2.678822462484404809e-01,0.000000000000000000e+00,0.000000000000000000e+00,0.000000000000000000e+00,1.000000000000000000e+00
9.969899748325945499e-01,-7.626211869327363668e-02,1.396708042906744454e-02,3.102886268228039768e+01,7.658684021698290711e-02,9.967639958458947014e-01,-2.441295743859280346e-02,2.291878233332593329e+00,-1.206009904094251274e-02,2.540916837941047113e-02,9.996043858314086483e-01,2.742583954175910610e-01,0.000000000000000000e+00,0.000000000000000000e+00,0.000000000000000000e+00,1.000000000000000000e+00
9.969623901289987877e-01,-7.700214485698829436e-02,1.169026756297118254e-02,3.198081590209124414e+01,7.729157364937483399e-02,9.966498369667370349e-01,-2.674163639298192743e-02,2.361806208567487353e+00,-9.591939901487506887e-03,2.756396491063197937e-02,9.995740205344126883e-01,2.766576588532488890e-01,0.000000000000000000e+00,0.000000000000000000e+00,0.000000000000000000e+00,1.000000000000000000e+00
9.970436760501542039e-01,-7.639520574632119310e-02,8.226821219018957965e-03,3.297740091270462415e+01,7.659647808309083539e-02,9.966737534711426205e-01,-2.782819949268769064e-02,2.423165444916689282e+00,-6.073515757702156910e-03,2.837607585124232029e-02,9.995788666861782357e-01,2.763928372738287953e-01,0.000000000000000000e+00,0.000000000000000000e+00,0.000000000000000000e+00,1.000000000000000000e+00
9.969961140326782933e-01,-7.699609769259907477e-02,8.387463493086829563e-03,3.394187535683354184e+01,7.721175853136574840e-02,9.965793492255005104e-01,-2.946090700855160879e-02,2.512239150056235992e+00,-6.090398035450137956e-03,3.002002060932280891e-02,9.995307426059414357e-01,2.769510586187656220e-01,0.000000000000000000e+00,0.000000000000000000e+00,0.000000000000000000e+00,1.000000000000000000e+00
9.971356750815720815e-01,-7.509579000663606230e-02,9.003766039589126968e-03,3.489345976691052442e+01,7.532731192778197027e-02,9.967384268627221822e-01,-2.895348844192593973e-02,2.584325958708117543e+00,-6.800114510145673433e-03,2.954878573649509510e-02,9.995402081477996470e-01,2.872369473961433606e-01,0.000000000000000000e+00,0.000000000000000000e+00,0.000000000000000000e+00,1.000000000000000000e+00
9.970405517084526270e-01,-7.598473361764374046e-02,1.168154552955633779e-02,3.589703530438928425e+01,7.627999362200986455e-02,9.967114996864149257e-01,-2.734134169859039204e-02,2.654572140044884065e+00,-9.565606197702917340e-03,2.815149463010153605e-02,9.995578985372287617e-01,2.818364003197940115e-01,0.000000000000000000e+00,0.000000000000000000e+00,0.000000000000000000e+00,1.000000000000000000e+00
9.969803541000474834e-01,-7.660073889665296176e-02,1.274756208180804345e-02,3.688260268731902869e+01,7.692796358387933575e-02,9.966562357410523321e-01,-2.753971999328177350e-02,2.745065664280091244e+00,-1.059537433883792068e-02,2.843720378233067711e-02,9.995394256774773334e-01,2.845268577560574053e-01,0.000000000000000000e+00,0.000000000000000000e+00,0.000000000000000000e+00,1.000000000000000000e+00
9.968383838516797768e-01,-7.828009559987762767e-02,1.361848423445911199e-02,3.789114395448989825e+01,7.860547396725384162e-02,9.965854555356685740e-01,-2.527071975908787294e-02,2.823636893462581732e+00,-1.159378895588470022e-02,2.626131085138305038e-02,9.995878788830986350e-01,2.865740348748376243e-01,0.000000000000000000e+00,0.000000000000000000e+00,0.000000000000000000e+00,1.000000000000000000e+00
9.967502250512290107e-01,-7.868041782214338364e-02,1.727369999904238007e-02,3.888784932511302372e+01,7.912244063499131175e-02,9.965099302893777322e-01,-2.660071846055351782e-02,2.899137172712635824e+00,-1.512045793903985837e-02,2.788100941480198269e-02,9.994968839699923668e-01,3.005578424419546590e-01,0.000000000000000000e+00,0.000000000000000000e+00,0.000000000000000000e+00,1.000000000000000000e+00
9.968330718287276015e-01,-7.764847958544353335e-02,1.716218303630362430e-02,3.990034906428781625e+01,7.804927100324325628e-02,9.966589655993616237e-01,-2.406693969470461575e-02,2.982837120180801271e+00,-1.523608231682097545e-02,2.533021730019675843e-02,9.995630254702096984e-01,3.015933564700735703e-01,0.000000000000000000e+00,0.000000000000000000e+00,0.000000000000000000e+00,1.000000000000000000e+00
9.967862765577748529e-01,-7.827997288328253367e-02,1.701072342610676635e-02,4.090588143755028483e+01,7.871004008025740684e-02,9.965510045634085046e-01,-2.628354797626418840e-02,3.077448383751152150e+00,-1.489457809577865791e-02,2.753799464465115851e-02,9.995097850417969942e-01,3.096937289930811188e-01,0.000000000000000000e+00,0.000000000000000000e+00,0.000000000000000000e+00,1.000000000000000000e+00
9.969181766000297928e-01,-7.686803737543186632e-02,1.566697145335768995e-02,4.192697132579408503e+01,7.719686353586774352e-02,9.967820429911417035e-01,-2.159173523887062893e-02,3.152822639929425019e+00,-1.395684150141989974e-02,2.273463438127086914e-02,9.996441081579250376e-01,3.218060703056656591e-01,0.000000000000000000e+00,0.000000000000000000e+00,0.000000000000000000e+00,1.000000000000000000e+00
9.970971697755774965e-01,-7.498676461083596256e-02,1.319921053442611736e-02,4.296441823145239880e+01,7.524421645803748560e-02,9.969599456536275550e-01,-2.022806594629383836e-02,3.186939641126043554e+00,-1.164224699742510277e-02,2.116251155961112670e-02,9.997082605387130894e-01,3.282681158262665266e-01,0.000000000000000000e+00,0.000000000000000000e+00,0.000000000000000000e+00,1.000000000000000000e+00
9.972107703598543926e-01,-7.332920245930306391e-02,1.391069893957823378e-02,4.400787128364051171e+01,7.357997777774674675e-02,9.971183768018164750e-01,-1.846427670752155692e-02,3.262884218802544645e+00,-1.251664286186061729e-02,1.943632451849267029e-02,9.997327457579248122e-01,3.383133232410954205e-01,0.000000000000000000e+00,0.000000000000000000e+00,0.000000000000000000e+00,1.000000000000000000e+00
9.971995160622912913e-01,-7.343856595053548098e-02,1.413867731649271278e-02,4.499619307182870642e+01,7.370454144927804374e-02,9.970931214099925111e-01,-1.931185663323585489e-02,3.335250937583985387e+00,-1.267934284112327142e-02,2.029985881723911714e-02,9.997135339671640031e-01,3.450296847396481237e-01,0.000000000000000000e+00,0.000000000000000000e+00,0.000000000000000000e+00,1.000000000000000000e+00
9.971819799013442731e-01,-7.358311803087028147e-02,1.461587154053498212e-02,4.596936407966153837e+01,7.385014286462036892e-02,9.970948194318264290e-01,-1.865683416560228944e-02,3.413478272194840457e+00,-1.320058176405868033e-02,1.968364303330631324e-02,9.997191099694087146e-01,3.423583623818610699e-01,0.000000000000000000e+00,0.000000000000000000e+00,0.000000000000000000e+00,1.000000000000000000e+00
9.969395653314391259e-01,-7.714087054208881855e-02,1.268026690449010688e-02,4.688409859029134452e+01,7.738028486915851656e-02,9.968085826975808805e-01,-1.961991269096959728e-02,3.486834303320365258e+00,-1.112630173635071988e-02,2.054106989526292490e-02,9.997270976907790541e-01,3.545331440608882612e-01,0.000000000000000000e+00,0.000000000000000000e+00,0.000000000000000000e+00,1.000000000000000000e+00
9.970147547299073043e-01,-7.678224052815522949e-02,8.128123420524680301e-03,4.783247951855163649e+01,7.691953054540229262e-02,9.968712528931459316e-01,-1.819590547124613072e-02,3.557377527676159001e+00,-6.705570187367818416e-03,1.876679766822540729e-02,9.998014015962077838e-01,3.579420555973012452e-01,0.000000000000000000e+00,0.000000000000000000e+00,0.000000000000000000e+00,1.000000000000000000e+00
9.973005161114093520e-01,-7.308254233573020786e-02,7.114953946671324046e-03,4.876728637346543849e+01,7.320219316798473597e-02,9.971486320157642025e-01,-1.833151888092308945e-02,3.634026711614538829e+00,-5.754952590085228754e-03,1.880286347423684029e-02,9.998066477303769739e-01,3.634442799457406892e-01,0.000000000000000000e+00,0.000000000000000000e+00,0.000000000000000000e+00,1.000000000000000000e+00
9.975046134964702382e-01,-6.983047883811836776e-02,1.040433940702596531e-02,4.973263081182957279e+01,7.002999175674751164e-02,9.973396250169963562e-01,-2.023542995594961036e-02,3.718622557440813825e+00,-8.963610199433725070e-03,2.091355054005352918e-02,9.997411050346987071e-01,3.738107637811718398e-01,0.000000000000000000e+00,0.000000000000000000e+00,0.000000000000000000e+00,1.000000000000000000e+00
9.975206462471477575e-01,-6.919852002329662799e-02,1.281113333226247333e-02,5.073660298260280399e+01,6.946798096714373871e-02,9.973428543594908824e-01,-2.194152406755001811e-02,3.805097574636825630e+00,-1.125877129264872718e-02,2.277708683400368403e-02,9.996771700825899387e-01,3.885855997830384712e-01,0.000000000000000000e+00,0.000000000000000000e+00,0.000000000000000000e+00,1.000000000000000000e+00
9.976347625464551117e-01,-6.766057003108696954e-02,1.212137871470275914e-02,5.167630589879237846e+01,6.794410572566092488e-02,9.973821938668379072e-01,-2.474586540229980688e-02,3.876445656203258761e+00,-1.041532793612893158e-02,2.551091179156314906e-02,9.996202850700585119e-01,3.867614045598865569e-01,0.000000000000000000e+00,0.000000000000000000e+00,0.000000000000000000e+00,1.000000000000000000e+00
9.976442229552839880e-01,-6.747486288225637563e-02,1.237526900581415075e-02,5.261383084154801537e+01,6.777372334437106738e-02,9.973729460778222311e-01,-2.557203269353455766e-02,3.948050186260740002e+00,-1.061728910721767248e-02,2.635050874384135128e-02,9.995963804761166527e-01,3.942755244814135085e-01,0.000000000000000000e+00,0.000000000000000000e+00,0.000000000000000000e+00,1.000000000000000000e+00
9.976122923919811258e-01,-6.814600217492318424e-02,1.121768496568012995e-02,5.358545810301625067e+01,6.843710788510931620e-02,9.972619603442097747e-01,-2.801686482708323073e-02,4.020746008742729138e+00,-9.277733167957057797e-03,2.871767466200091448e-02,9.995445056770961845e-01,4.092910556906499409e-01,0.000000000000000000e+00,0.000000000000000000e+00,0.000000000000000000e+00,1.000000000000000000e+00
9.975662829023400624e-01,-6.890239926948435456e-02,1.067570097529174818e-02,5.453594240672861559e+01,6.918429198249946566e-02,9.971887427572999618e-01,-2.877750963841060883e-02,4.089958229564162551e+00,-8.662849374516919457e-03,2.944606413456873559e-02,9.995288311738167453e-01,4.137428251772961585e-01,0.000000000000000000e+00,0.000000000000000000e+00,0.000000000000000000e+00,1.000000000000000000e+00
9.974586447023774394e-01,-6.926424326304475576e-02,1.669481098095844385e-02,5.547328873892319479e+01,6.974771654481205785e-02,9.971024535714552162e-01,-3.036368091257040172e-02,4.148400108634997530e+00,-1.454331960993568949e-02,3.145094095529780281e-02,9.993994847746062726e-01,4.273489456418217425e-01,0.000000000000000000e+00,0.000000000000000000e+00,0.000000000000000000e+00,1.000000000000000000e+00
9.973360105930193509e-01,-6.999893587491289038e-02,2.051903873910459683e-02,5.642045697524526560e+01,7.057924099526817485e-02,9.970824711024769416e-01,-2.907088854338031603e-02,4.225966153224471888e+00,-1.842424258765916478e-02,3.044166218440851751e-02,9.993667257261071857e-01,4.443184423994441801e-01,0.000000000000000000e+00,0.000000000000000000e+00,0.000000000000000000e+00,1.000000000000000000e+00
9.971931833386780131e-01,-7.166086404505370155e-02,2.169045106000205489e-02,5.738595664134680874e+01,7.217845381949412886e-02,9.971004821656556105e-01,-2.410185198768841422e-02,4.298597591217216518e+00,-1.990039967179497646e-02,2.559978572811973108e-02,9.994741742854468258e-01,4.538712501146148770e-01,0.000000000000000000e+00,0.000000000000000000e+00,0.000000000000000000e+00,1.000000000000000000e+00
9.972808105774044751e-01,-7.143251616013082672e-02,1.812127172977635869e-02,5.825483363177432494e+01,7.185619036387169700e-02,9.971281849155320121e-01,-2.391800061544091180e-02,4.367243353812430229e+00,-1.636070782279264516e-02,2.515508859220869087e-02,9.995496729815154247e-01,4.552127614344256279e-01,0.000000000000000000e+00,0.000000000000000000e+00,0.000000000000000000e+00,1.000000000000000000e+00
9.974765289452571793e-01,-6.998724704909101146e-02,1.193144810192219019e-02,5.916420372554129870e+01,7.024462620516067068e-02,9.972709574089468898e-01,-2.272289589670853718e-02,4.441616113138678656e+00,-1.030857374308546265e-02,2.350367543863966097e-02,9.996706010222854433e-01,4.578199278734690347e-01,0.000000000000000000e+00,0.000000000000000000e+00,0.000000000000000000e+00,1.000000000000000000e+00
9.974779973206320260e-01,-7.052324318739286446e-02,8.007311131099564827e-03,6.011983980340205136e+01,7.068555594562439537e-02,9.972512026246648231e-01,-2.221690897291500599e-02,4.511730586877634508e+00,-6.418492180909906447e-03,2.272687910788999399e-02,9.997211070714360215e-01,4.705148260573419616e-01,0.000000000000000000e+00,0.000000000000000000e+00,0.000000000000000000e+00,1.000000000000000000e+00
9.975477450771694787e-01,-6.954828013773983741e-02,7.844298651529937189e-03,6.103771721894575819e+01,6.968625074536767550e-02,9.973888759649565117e-01,-1.895406442974326838e-02,4.595554516036226111e+00,-6.505593632074373363e-03,1.945422399469044425e-02,9.997895830724871091e-01,4.748939871570887483e-01,0.000000000000000000e+00,0.000000000000000000e+00,0.000000000000000000e+00,1.000000000000000000e+00
9.973341995143495398e-01,-7.230772029769573506e-02,9.802451959473214640e-03,6.196702368170114994e+01,7.247039860090494223e-02,9.972187154427655242e-01,-1.740330133333775273e-02,4.664531333341783714e+00,-8.516795506147867290e-03,1.806729520496127075e-02,9.998004986187404297e-01,4.849727030619414014e-01,0.000000000000000000e+00,0.000000000000000000e+00,0.000000000000000000e+00,1.000000000000000000e+00
9.973193035963995312e-01,-7.239699517236697357e-02,1.062458300365058672e-02,6.285666640431406194e+01,7.256741260370141999e-02,9.972246586448738626e-01,-1.664183939990114200e-02,4.737105819378568228e+00,-9.390276992365709924e-03,1.736822617944125749e-02,9.998050647088086995e-01,4.962651919484214469e-01,0.000000000000000000e+00,0.000000000000000000e+00,0.000000000000000000e+00,1.000000000000000000e+00
9.972233474642030471e-01,-7.389689174745020517e-02,9.211116238055592695e-03,6.367628625478736382e+01,7.403168472794134647e-02,9.971389760702272786e-01,-1.526997242809794396e-02,4.804660353273955131e+00,-8.056359514572966618e-03,1.590948747376259506e-02,9.998409789960067684e-01,5.073682556186266401e-01,0.000000000000000000e+00,0.000000000000000000e+00,0.000000000000000000e+00,1.000000000000000000e+00
9.970912004518338589e-01,-7.565296579046332237e-02,9.261033885227486911e-03,6.448468388966823284e+01,7.577937891898320344e-02,9.970240820772999779e-01,-1.415858356487869306e-02,4.884744899879412294e+00,-8.162334970430595513e-03,1.481919447937323289e-02,9.998568736388282474e-01,5.156226956016650709e-01,0.000000000000000000e+00,0.000000000000000000e+00,0.000000000000000000e+00,1.000000000000000000e+00
9.969505198605473906e-01,-7.734001090801830014e-02,1.040113755929848727e-02,6.526710391523356236e+01,7.747934003695182426e-02,9.968993399772059227e-01,-1.373527649675330628e-02,4.947784917313700959e+00,-9.306600733793324656e-03,1.449926431759509735e-02,9.998515682425213047e-01,5.251560276245961223e-01,0.000000000000000000e+00,0.000000000000000000e+00,0.000000000000000000e+00,1.000000000000000000e+00
9.967975010216283405e-01,-7.935111908816981641e-02,9.906657180286068329e-03,6.606618424089874964e+01,7.948677418154025121e-02,9.967355474179371289e-01,-1.414571467513947231e-02,5.018189922797833269e+00,-8.751839077900091732e-03,1.488786126052792612e-02,9.998508673296436777e-01,5.307575475229833195e-01,0.000000000000000000e+00,0.000000000000000000e+00,0.000000000000000000e+00,1.000000000000000000e+00
9.966850458762064324e-01,-8.075371330369281175e-02,9.887219751012681773e-03,6.680585830431473937e+01,8.089038747782285876e-02,9.966203298348946804e-01,-1.430606072495502375e-02,5.084270661095413146e+00,-8.698536683116188384e-03,1.505841782669798713e-02,9.998487783220659786e-01,5.390683789526966585e-01,0.000000000000000000e+00,0.000000000000000000e+00,0.000000000000000000e+00,1.000000000000000000e+00
9.966439832822157063e-01,-8.092303116081318859e-02,1.233829871175293191e-02,6.759643785681923589e+01,8.108799978200094405e-02,9.966153329796688665e-01,-1.351348812003335016e-02,5.155074005671179016e+00,-1.120298525878762712e-02,1.446862459123639255e-02,9.998325619941210718e-01,5.421005069598621162e-01,0.000000000000000000e+00,0.000000000000000000e+00,0.000000000000000000e+00,1.000000000000000000e+00
9.964309691088639731e-01,-8.278785299585858515e-02,1.647711130940608670e-02,6.833762331184874483e+01,8.298334550931427134e-02,9.964839296764376186e-01,-1.155604883511617345e-02,5.222485623625643392e+00,-1.546247615513859919e-02,1.288213076062861596e-02,9.997974607580359940e-01,5.481988683566670906e-01,0.000000000000000000e+00,0.000000000000000000e+00,0.000000000000000000e+00,1.000000000000000000e+00
9.963806577485986304e-01,-8.359281700776592661e-02,1.542160203000623488e-02,6.904902383466294680e+01,8.372460389153665861e-02,9.964559574729200397e-01,-8.106510958768195843e-03,5.283588021571367754e+00,-1.468930112942854437e-02,9.368338242479408440e-03,9.998482178165355450e-01,5.496462668604531476e-01,0.000000000000000000e+00,0.000000000000000000e+00,0.000000000000000000e+00,1.000000000000000000e+00
9.964102819249232024e-01,-8.366225716888757435e-02,1.292968675947803875e-02,6.974811894262403200e+01,8.375818344598000287e-02,9.964610727516642896e-01,-7.063794760992902350e-03,5.348809931627324765e+00,-1.229295652481014918e-02,8.121404804760631868e-03,9.998914571111582328e-01,5.576603814436873474e-01,0.000000000000000000e+00,0.000000000000000000e+00,0.000000000000000000e+00,1.000000000000000000e+00
9.963126537646426195e-01,-8.558042322032355376e-02,6.089918708982143547e-03,7.044570268859628470e+01,8.562678669307166590e-02,9.962966741738822352e-01,-7.809637038553549591e-03,5.420885765136957524e+00,-5.399013712791752954e-03,8.302300373092550215e-03,9.999509600272619148e-01,5.589574536294285023e-01,0.000000000000000000e+00,0.000000000000000000e+00,0.000000000000000000e+00,1.000000000000000000e+00
9.964039132443737179e-01,-8.471227255079745444e-02,1.752869240374964289e-03,7.119921346411980778e+01,8.472489628828144825e-02,9.963618100924699350e-01,-9.210610087804781826e-03,5.494972232465711315e+00,-9.662402570782213868e-04,9.325999599454935091e-03,9.999560450896005648e-01,5.750919436245189864e-01,0.000000000000000000e+00,0.000000000000000000e+00,0.000000000000000000e+00,1.000000000000000000e+00
9.962220128728408453e-01,-8.682975800813455547e-02,1.514658981874985721e-03,7.192243006953836471e+01,8.683877879611368034e-02,9.961937373011664487e-01,-7.554088901184089627e-03,5.565278408250782682e+00,-8.529740806291211596e-04,7.657080786837074798e-03,9.999703203340788438e-01,5.850410953473953457e-01,0.000000000000000000e+00,0.000000000000000000e+00,0.000000000000000000e+00,1.000000000000000000e+00
9.960366806465207334e-01,-8.879843994201461199e-02,5.076206312110127447e-03,7.259960626419018581e+01,8.883146464414753973e-02,9.960241410323719125e-01,-6.699355931278465522e-03,5.634730265236918889e+00,-4.461131676408846593e-03,7.123731085801275273e-03,9.999646747558542659e-01,6.014133859559219752e-01,0.000000000000000000e+00,0.000000000000000000e+00,0.000000000000000000e+00,1.000000000000000000e+00
9.959234685273578025e-01,-8.979049537407536585e-02,8.608819716572119543e-03,7.319945207117579855e+01,8.985018696865937349e-02,9.959319623155669099e-01,-6.816915721423886555e-03,5.691943323645645592e+00,-7.961704473996720349e-03,7.562630411053126306e-03,9.999397071239508605e-01,6.135760659649324156e-01,0.000000000000000000e+00,0.000000000000000000e+00,0.000000000000000000e+00,1.000000000000000000e+00
9.958635170696321648e-01,-9.071633166072368137e-02,5.138340171815674456e-03,7.377998402643048337e+01,9.076011587236433587e-02,9.958316810726726143e-01,-9.047891400839867121e-03,5.738865328197418236e+00,-4.296130414073714120e-03,9.476821301890668570e-03,9.999458650954438088e-01,6.268164488368479503e-01,0.000000000000000000e+00,0.000000000000000000e+00,0.000000000000000000e+00,1.000000000000000000e+00
9.958066767549653697e-01,-9.145239142983731251e-02,2.350028083622630187e-03,7.440852691476283098e+01,9.147799006860822535e-02,9.956854477749265131e-01,-1.556490996579963995e-02,5.792134146584935195e+00,-9.164405259630129712e-04,1.571461711272829909e-02,9.998760977970023722e-01,6.415421742301704588e-01,0.000000000000000000e+00,0.000000000000000000e+00,0.000000000000000000e+00,1.000000000000000000e+00
9.959004870417470512e-01,-9.045238277446182584e-02,-7.657417516948825673e-04,7.502128693722991670e+01,9.042128050275863305e-02,9.957199515408242663e-01,-1.912511792829846291e-02,5.838149135391808464e+00,2.492376827347553454e-03,1.897747490980102730e-02,9.998168049716892325e-01,6.586811709466450226e-01,0.000000000000000000e+00,0.000000000000000000e+00,0.000000000000000000e+00,1.000000000000000000e+00
9.962093707878896254e-01,-8.697166621277091503e-02,-1.678937333062874727e-03,7.560886631578247830e+01,8.692845341389821012e-02,9.960567181720280105e-01,-1.773296848889592894e-02,5.886517161394706932e+00,3.214582626364911443e-03,1.751980195478287580e-02,9.998413489139176269e-01,6.680401817385209773e-01,0.000000000000000000e+00,0.000000000000000000e+00,0.000000000000000000e+00,1.000000000000000000e+00
9.968074419370006600e-01,-7.982672438135732240e-02,-1.617953507605051841e-03,7.618238153155209602e+01,7.979387399812720716e-02,9.966996849712761453e-01,-1.492232054749066152e-02,5.947386733265410008e+00,2.803813720802888348e-03,1.474557739438785327e-02,9.998873469426063920e-01,6.728366420646720858e-01,0.000000000000000000e+00,0.000000000000000000e+00,0.000000000000000000e+00,1.000000000000000000e+00
9.972632251137918402e-01,-7.391902167692038228e-02,1.427609877688146810e-03,7.673514188968127314e+01,7.393246398587510759e-02,9.971314260199810597e-01,-1.621450006407920003e-02,5.976632571817871664e+00,-2.249546914223533194e-04,1.627567134338003471e-02,9.998675171830059272e-01,6.940148523587530427e-01,0.000000000000000000e+00,0.000000000000000000e+00,0.000000000000000000e+00,1.000000000000000000e+00
9.976258346988831072e-01,-6.868320564235977366e-02,5.031024154510578203e-03,7.730277828206037327e+01,6.877567406643729508e-02,9.974030976460510622e-01,-2.137679729898181447e-02,5.997591847727110625e+00,-3.549732111180022975e-03,2.167205732605715501e-02,9.997588315854952778e-01,7.067004888543070296e-01,0.000000000000000000e+00,0.000000000000000000e+00,0.000000000000000000e+00,1.000000000000000000e+00
9.982702214899592530e-01,-5.840167068639869064e-02,6.768289844693174163e-03,7.784659420595301071e+01,5.855204830391252252e-02,9.979789099188117740e-01,-2.469317712787610919e-02,6.016640616574147948e+00,-5.312487722398416545e-03,2.504676063465764366e-02,9.996721648900250834e-01,7.180563848619989642e-01,0.000000000000000000e+00,0.000000000000000000e+00,0.000000000000000000e+00,1.000000000000000000e+00
9.988734998479900096e-01,-4.682626070700644100e-02,7.683268160390390247e-03,7.833829474030468987e+01,4.697393113611231241e-02,9.986894146382142567e-01,-2.032001188960598850e-02,6.055390435002821370e+00,-6.721688407296649501e-03,2.065803470259054003e-02,9.997640044066308240e-01,7.308981976637958233e-01,0.000000000000000000e+00,0.000000000000000000e+00,0.000000000000000000e+00,1.000000000000000000e+00
9.995087225137225806e-01,-3.075422820320321271e-02,6.040783608758796067e-03,7.884029139506945683e+01,3.084683380135178760e-02,9.993978574225484968e-01,-1.588695765854072559e-02,6.073105468310317612e+00,-5.548555074461503089e-03,1.606549180192744924e-02,9.998555463214412464e-01,7.379071696447776496e-01,0.000000000000000000e+00,0.000000000000000000e+00,0.000000000000000000e+00,1.000000000000000000e+00
9.998980362420439860e-01,-1.296408126796050504e-02,5.987463250683751695e-03,7.932539790731846097e+01,1.303595788380205144e-02,9.998415030299072637e-01,-1.212570084331211946e-02,6.092510807405607132e+00,-5.829315684736408043e-03,1.220251678005343510e-02,9.999085546503141408e-01,7.421696406902541510e-01,0.000000000000000000e+00,0.000000000000000000e+00,0.000000000000000000e+00,1.000000000000000000e+00
9.999143787653930193e-01,1.112783377715087854e-02,6.885234465218851782e-03,7.982010463875545270e+01,-1.103649637534750982e-02,9.998524356828093484e-01,-1.316444480046129878e-02,6.094131906570209090e+00,-7.030710203804423769e-03,1.308732877922621184e-02,9.998896393799945326e-01,7.476918649515340576e-01,0.000000000000000000e+00,0.000000000000000000e+00,0.000000000000000000e+00,1.000000000000000000e+00
9.993459682995956550e-01,3.513566472234862237e-02,8.551064720653048234e-03,8.030763122920333785e+01,-3.500536084826433303e-02,9.992754678849875560e-01,-1.493867447651609122e-02,6.077996564337122543e+00,-9.069749457448702396e-03,1.462957100366354436e-02,9.998518466738103294e-01,7.608091448350582375e-01,0.000000000000000000e+00,0.000000000000000000e+00,0.000000000000000000e+00,1.000000000000000000e+00
9.980054282185925052e-01,6.247145898931005109e-02,9.081963332115009294e-03,8.078601863263286020e+01,-6.232050148445095888e-02,9.979271289144306945e-01,-1.604993680115482380e-02,6.041600311091459119e+00,-1.006580056157818474e-02,1.545193154079747312e-02,9.998299442758822320e-01,7.568941900918840782e-01,0.000000000000000000e+00,0.000000000000000000e+00,0.000000000000000000e+00,1.000000000000000000e+00
9.955098843332211844e-01,9.410767381160528577e-02,1.018900999215859547e-02,8.127527332822955941e+01,-9.392326908343386072e-02,9.954295499064532704e-01,-1.727514682169560903e-02,5.999450024851745056e+00,-1.176816551263068153e-02,1.624059428711873906e-02,9.997988564594726402e-01,7.552926057271879268e-01,0.000000000000000000e+00,0.000000000000000000e+00,0.000000000000000000e+00,1.000000000000000000e+00
