9.999970979496528578e-01,-2.266478717856445016e-03,-8.168026039636044336e-04,6.462950337353918773e-01,2.265287226687080942e-03,9.999963732271915928e-01,-1.456710761924547709e-03,1.709475377693179740e-02,8.201012455461049880e-04,1.454856241971092066e-03,9.999986054126587254e-01,6.593484195181317439e-03,0.000000000000000000e+00,0.000000000000000000e+00,0.000000000000000000e+00,1.000000000000000056e-01
9.999758305932155977e-01,-6.895608724313990849e-03,-8.881496100493026019e-04,1.299010191266389169e+00,6.894939294527550021e-03,9.999759449026376368e-01,-7.546046659087808899e-04,1.889582910187127471e-02,8.933317040416092212e-04,7.484626899159007533e-04,9.999993208808035661e-01,1.042917270343730538e-02,0.000000000000000000e+00,0.000000000000000000e+00,0.000000000000000000e+00,1.000000000000000056e-01
9.999237800298663714e-01,-1.193635622345811872e-02,-3.155555559666341908e-03,2.001015354382881917e+00,1.193590712103666934e-02,9.999287515432727647e-01,-1.611158277053917256e-04,2.351825656379905038e-02,3.157253867115327080e-03,1.234391293863676495e-04,9.999950082429411857e-01,1.659119118826155037e-02,0.000000000000000000e+00,0.000000000000000000e+00,0.000000000000000000e+00,1.000000000000000056e-01
9.998456297508545587e-01,-1.707134388041871287e-02,-4.157629881750216604e-03,2.705494402972320689e+00,1.706786150939187258e-02,9.998539535141053314e-01,-8.716339309320357987e-04,3.301889229602385234e-02,4.171902637089118342e-03,8.005375255559321439e-04,9.999909771433224126e-01,1.898337291582213870e-02,0.000000000000000000e+00,0.000000000000000000e+00,0.000000000000000000e+00,1.000000000000000056e-01
9.997468982355655065e-01,-2.212930659457079674e-02,-4.053795506606824861e-03,3.417110376585394960e+00,2.212813904694631989e-02,9.997550874138760868e-01,-3.326445429987102812e-04,3.936998360456149537e-02,4.060163874144713525e-03,2.428573994398657552e-04,9.999917280105864448e-01,3.633484201015916432e-02,0.000000000000000000e+00,0.000000000000000000e+00,0.000000000000000000e+00,1.000000000000000056e-01
9.996154056827567524e-01,-2.738614254935460915e-02,-4.363475445565710535e-03,4.159164070989294970e+00,2.739221735383324738e-02,9.996238666100526471e-01,1.338555941288998305e-03,6.777591415918984841e-02,4.325176312935992244e-03,-1.457566408103716819e-03,9.999895841207687708e-01,4.717203687373022758e-02,0.000000000000000000e+00,0.000000000000000000e+00,0.000000000000000000e+00,1.000000000000000056e-01
9.994664684119831666e-01,-3.231959679448333234e-02,-4.714041060527324016e-03,4.927043502366762695e+00,3.233565521052933489e-02,9.994713811338771237e-01,3.371008223936792277e-03,1.001079720247142479e-01,4.602599502898526394e-03,-3.521641290947347212e-03,9.999832069192131634e-01,5.711975306596196733e-02,0.000000000000000000e+00,0.000000000000000000e+00,0.000000000000000000e+00,1.000000000000000056e-01
9.993097720134015427e-01,-3.688025088773713017e-02,-4.452712991076270693e-03,5.697602328640426705e+00,3.689763511131591983e-02,9.993114898276166391e-01,3.887264038040515266e-03,1.416072701379793575e-01,4.306283979897398626e-03,-4.048875518810310208e-03,9.999825311100777325e-01,6.517082844764110483e-02,0.000000000000000000e+00,0.000000000000000000e+00,0.000000000000000000e+00,1.000000000000000056e-01
9.991994789643949826e-01,-3.995774888797782448e-02,-1.944104186232768023e-03,6.491116770775731126e+00,3.996587374410551924e-02,9.991916322658684901e-01,4.337158717359500607e-03,1.838506206278383570e-01,1.769229536221272664e-03,-4.411384553023861912e-03,9.999887046927947720e-01,7.641350016654616106e-02,0.000000000000000000e+00,0.000000000000000000e+00,0.000000000000000000e+00,1.000000000000000056e-01
9.990592677546824563e-01,-4.336488798044645793e-02,-2.569122829326779198e-04,7.288510181871719062e+00,4.336536787567733114e-02,9.990565907989683581e-01,2.318027210772128331e-03,2.203254246970963448e-01,1.561489191903410803e-04,-2.326987663490587104e-03,9.999972803692662726e-01,8.320151908599719703e-02,0.000000000000000000e+00,0.000000000000000000e+00,0.000000000000000000e+00,1.000000000000000056e-01
9.989371515191990403e-01,-4.609042233319040477e-02,4.901875732476820716e-04,8.096948894655460194e+00,4.608894076969079906e-02,9.989337044527729637e-01,2.695115394200362988e-03,2.712308114836190498e-01,-6.138838951763996585e-04,-2.669658668868602966e-03,9.999962480275388366e-01,9.759262595832846054e-02,0.000000000000000000e+00,0.000000000000000000e+00,0.000000000000000000e+00,1.000000000000000056e-01
9.988151691013972266e-01,-4.866442736570359556e-02,-1.774320021219681469e-04,8.927478397600832949e+00,4.866466521771421055e-02,9.988136120702333365e-01,1.765984841760202513e-03,3.059538443427078924e-01,9.128085787552336580e-05,-1.772527117335395393e-03,9.999984249064711728e-01,1.009918012027915674e-01,0.000000000000000000e+00,0.000000000000000000e+00,0.000000000000000000e+00,1.000000000000000056e-01
9.987078775425672905e-01,-5.080936574304568271e-02,-9.918100674112964674e-04,9.700704816565224320e+00,5.081145825816536093e-02,9.987058119622921337e-01,2.212885540985466432e-03,3.768601120105832258e-01,8.780911678869464301e-04,-2.260421537722527834e-03,9.999970597208637235e-01,1.185625032299512799e-01,0.000000000000000000e+00,0.000000000000000000e+00,0.000000000000000000e+00,1.000000000000000056e-01
9.985771008044184160e-01,-5.331338472192076461e-02,-1.206962524182972210e-03,1.050317295358050806e+01,5.331377409207925522e-02,9.985777665240953560e-01,2.927384634302000461e-04,4.394104584743058761e-01,1.189639063353158588e-03,-3.566696534579661738e-04,9.999992287725312234e-01,1.270782162351744016e-01,0.000000000000000000e+00,0.000000000000000000e+00,0.000000000000000000e+00,1.000000000000000056e-01
9.984431277676286687e-01,-5.576898152075730752e-02,-1.068322859565820019e-03,1.131010716971998242e+01,5.576881213342700649e-02,9.984436911292395855e-01,-1.877163980421269721e-04,4.967636621623405802e-01,1.077128971556196285e-03,1.278450507414826505e-04,9.999994117242377856e-01,1.503505010979377665e-01,0.000000000000000000e+00,0.000000000000000000e+00,0.000000000000000000e+00,1.000000000000000056e-01
9.982861439100761958e-01,-5.848492306580461292e-02,-2.070905873654933609e-03,1.216418248633716104e+01,5.848550801724646669e-02,9.982882327409445811e-01,2.229863812289268948e-04,5.461647205995887600e-01,2.054319623432930043e-03,-3.437221967380960563e-04,9.999978308106154401e-01,1.549266618149640062e-01,0.000000000000000000e+00,0.000000000000000000e+00,0.000000000000000000e+00,1.000000000000000056e-01
9.981981275592887171e-01,-5.989020481477010105e-02,-3.696147233931917127e-03,1.304150616978378530e+01,5.990315750702299158e-02,9.981980603364539739e-01,3.499151501405301217e-03,6.073770408032799217e-01,3.479922099531715645e-03,-3.714257366672416277e-03,9.999870471333093258e-01,1.697359108616872392e-01,0.000000000000000000e+00,0.000000000000000000e+00,0.000000000000000000e+00,1.000000000000000056e-01
9.983669153686122177e-01,-5.697589274541474402e-02,-4.153305096582958142e-03,1.392821245597491853e+01,5.700528861093594191e-02,9.983468878287079518e-01,7.340887760837920377e-03,6.695215046046084639e-01,3.728185583659077845e-03,-7.565659825574936291e-03,9.999644300792190910e-01,1.875836119539610880e-01,0.000000000000000000e+00,0.000000000000000000e+00,0.000000000000000000e+00,1.000000000000000056e-01
9.975289624480565553e-01,-7.011939348750943768e-02,-4.386312146623020866e-03,1.488594238012459847e+01,7.014104701652322527e-02,9.975245805776475905e-01,4.994463616264014846e-03,7.611608671731855402e-01,4.025245424774904698e-03,-5.289782635621843171e-03,9.999779075554310337e-01,1.915906020796749598e-01,0.000000000000000000e+00,0.000000000000000000e+00,0.000000000000000000e+00,1.000000000000000056e-01
9.972744864782429053e-01,-7.371027045096591179e-02,-3.224073448669169568e-03,1.582627559270483886e+01,7.371368861279682660e-02,9.972789886850028651e-01,9.543786007741097976e-04,8.417279796354201205e-01,3.144953203559284691e-03,-1.189435775252809403e-03,9.999943472399651645e-01,1.890881663576541860e-01,0.000000000000000000e+00,0.000000000000000000e+00,0.000000000000000000e+00,1.000000000000000056e-01
9.970695954641476400e-01,-7.648620849980242165e-02,-1.442813323272548742e-03,1.673085171277472583e+01,7.648930517122454198e-02,9.970679094970967826e-01,2.229359888517968603e-03,9.258567329569776794e-01,1.268067578775637552e-03,-2.333186750777510587e-03,9.999964741158848813e-01,2.048253586198670040e-01,0.000000000000000000e+00,0.000000000000000000e+00,0.000000000000000000e+00,1.000000000000000056e-01
9.970262845039559174e-01,-7.705413307556512048e-02,-1.117400648811881555e-03,1.760297621652980737e+01,7.705600923182016893e-02,9.970252362820348768e-01,1.746327007768477477e-03,1.001523450837594531e+00,9.795149322533195854e-04,-1.827236362794806227e-03,9.999978508765766660e-01,2.213473857101171671e-01,0.000000000000000000e+00,0.000000000000000000e+00,0.000000000000000000e+00,1.000000000000000056e-01
9.969717021499824305e-01,-7.774232999566194069e-02,-1.885534145116937038e-03,1.850193254190648773e+01,7.774402871601249210e-02,9.969729946894473338e-01,8.449017451411759824e-04,1.074985839211200611e+00,1.814141992961764045e-03,-9.889321517258819506e-04,9.999978654487361451e-01,2.241825875524202094e-01,0.000000000000000000e+00,0.000000000000000000e+00,0.000000000000000000e+00,1.000000000000000056e-01
9.968034474271879608e-01,-7.989190439459818716e-02,-4.132910325826672339e-04,1.941986059235264506e+01,7.989191275317304719e-02,9.968035324289027388e-01,3.728383233825308471e-06,1.150975081217827878e+00,4.116720935627282826e-04,-3.673507637757004660e-05,9.999999145883071705e-01,2.341754405155212215e-01,0.000000000000000000e+00,0.000000000000000000e+00,0.000000000000000000e+00,1.000000000000000056e-01
9.966382987930400006e-01,-8.192056386482651775e-02,1.059525829816094274e-03,2.034523893284018925e+01,8.192293028691419177e-02,9.966357155389160560e-01,-2.425696897405906285e-03,1.214462652032694434e+00,-8.572468259300748596e-04,2.504341889911386107e-03,9.999964966936523147e-01,2.501936935152995201e-01,0.000000000000000000e+00,0.000000000000000000e+00,0.000000000000000000e+00,1.000000000000000056e-01
9.966628130010299902e-01,-8.152701378441569446e-02,4.072248060904467767e-03,2.127860508719181354e+01,8.153390698933017655e-02,9.966693536265068820e-01,-1.556133919760466482e-03,1.304088529450699196e+00,-3.931817891141744375e-03,1.882967104510050935e-03,9.999904975763290738e-01,2.525143309913205347e-01,0.000000000000000000e+00,0.000000000000000000e+00,0.000000000000000000e+00,1.000000000000000056e-01
9.967816012441559348e-01,-7.981828751867491023e-02,7.448516545096532659e-03,2.224176803816689585e+01,7.983275635943916371e-02,9.968068807791439223e-01,-1.665365848087921319e-03,1.394253554719677046e+00,-7.291805893663056912e-03,2.254641643298352892e-03,9.999708726547336113e-01,2.641844685285945071e-01,0.000000000000000000e+00,0.000000000000000000e+00,0.000000000000000000e+00,1.000000000000000056e-01
9.969405712223081695e-01,-7.754389209891184020e-02,9.820501468368846021e-03,2.321438643751545428e+01,7.755567620947727281e-02,9.969876817880051201e-01,-8.242879776949407853e-04,1.471438821461662272e+00,-9.727000494943949943e-03,1.583401759430385887e-03,9.999514379709845135e-01,2.668901011225960906e-01,0.000000000000000000e+00,0.000000000000000000e+00,0.000000000000000000e+00,1.000000000000000056e-01
9.970943791988262639e-01,-7.545620967177162075e-02,1.044793721635501813e-02,2.413416868594454101e+01,7.547922558241325353e-02,9.971457028864614269e-01,-1.825847897298598721e-03,1.557089841248182616e+00,-1.028034413754861515e-02,2.609144885692579914e-03,9.999437518617629861e-01,2.643443545503613157e-01,0.000000000000000000e+00,0.000000000000000000e+00,0.000000000000000000e+00,1.000000000000000056e-01
9.971769669757951648e-01,-7.462826384532421364e-02,8.289678424796680448e-03,2.507453553688381476e+01,7.464919471285756669e-02,9.972073305778008656e-01,-2.244453300583895434e-03,1.633387892591940949e+00,-8.099028440235403123e-03,2.856934953634683149e-03,9.999631211504727002e-01,2.712736902566933450e-01,0.000000000000000000e+00,0.000000000000000000e+00,0.000000000000000000e+00,1.000000000000000056e-01
9.973967272679143958e-01,-7.193001571164964192e-02,5.083431417411110251e-03,2.600546232301943306e+01,7.195041381044725570e-02,9.974003870256309412e-01,-3.950432081051645679e-03,1.708060285840934389e+00,-4.786061821486243054e-03,4.305903022994844558e-03,9.999792761909606087e-01,2.724643638005520563e-01,0.000000000000000000e+00,0.000000000000000000e+00,0.000000000000000000e+00,1.000000000000000056e-01
9.974646516805615315e-01,-7.109925912912283541e-02,3.027209782290722542e-03,2.695864127574828117e+01,7.111143749063604524e-02,9.974598450027482022e-01,-4.125659354453848487e-03,1.778918965871126412e+00,-2.726188876713702986e-03,4.330468610147367170e-03,9.999869073822041932e-01,2.798500306053159914e-01,0.000000000000000000e+00,0.000000000000000000e+00,0.000000000000000000e+00,1.000000000000000056e-01
9.973796441028908166e-01,-7.219603960102445595e-02,4.645147480771899366e-03,2.792729069678865983e+01,7.222159128232059910e-02,9.973729435822237255e-01,-5.590452824221395223e-03,1.849831379497215211e+00,-4.229335862785873860e-03,5.911283790998344764e-03,9.999735843721583306e-01,2.874428195384250428e-01,0.000000000000000000e+00,0.000000000000000000e+00,0.000000000000000000e+00,1.000000000000000056e-01
9.975233109281840260e-01,-6.988227475698366442e-02,7.981969034206951724e-03,2.892192992706091914e+01,6.995743003295701312e-02,9.975041685260065405e-01,-9.559903578190531714e-03,1.919493851694062947e+00,-7.293979576165555284e-03,1.009462470970657472e-02,9.999224451995828433e-01,2.928188039033247647e-01,0.000000000000000000e+00,0.000000000000000000e+00,0.000000000000000000e+00,1.000000000000000056e-01
9.973756349251187148e-01,-7.135298382282644070e-02,1.227169740890625242e-02,2.986652858533142307e+01,7.149960341034371225e-02,9.973689797187071937e-01,-1.195512471823598731e-02,1.973245436927215657e+00,-1.138637650351736856e-02,1.280117160436813721e-02,9.998532294470402482e-01,2.985442933953169620e-01,0.000000000000000000e+00,0.000000000000000000e+00,0.000000000000000000e+00,1.000000000000000056e-01
9.974129913585986218e-01,-7.082524881134567851e-02,1.229263193555661833e-02,3.077262690629872566e+01,7.105941024604374434e-02,9.972757385013139020e-01,-1.979044244435603297e-02,2.019387611332096988e+00,-1.085748058144893162e-02,2.061275157444766512e-02,9.997285779590145971e-01,3.131696508349286479e-01,0.000000000000000000e+00,0.000000000000000000e+00,0.000000000000000000e+00,1.000000000000000056e-01
9.973904721939423901e-01,-7.158037889651951147e-02,9.407195850806019527e-03,3.171194033527921263e+01,7.177397327453514941e-02,9.971745281838642061e-01,-2.216883176159824276e-02,2.083974982736126691e+00,-7.793762706872299495e-03,2.278617340227260396e-02,9.997099817269758937e-01,3.091404503561885342e-01,0.000000000000000000e+00,0.000000000000000000e+00,0.000000000000000000e+00,1.000000000000000056e-01
9.974372056701500400e-01,-7.118622711318063623e-02,7.179262797359796736e-03,3.269091556461464876e+01,7.133477870014638678e-02,9.971836904154948167e-01,-2.315247108054903011e-02,2.166197660742096076e+00,-5.510906706162601795e-03,2.360526718182163683e-02,9.997061674654962316e-01,3.079804245268655816e-01,0.000000000000000000e+00,0.000000000000000000e+00,0.000000000000000000e+00,1.000000000000000056e-01
9.973975680310086522e-01,-7.185594579593528042e-02,5.900367751338039639e-03,3.365758720762064371e+01,7.197359265347676172e-02,9.971410672929387209e-01,-2.301073398330764561e-02,2.244788972102861990e+00,-4.230040943160809884e-03,2.337552077860004587e-02,9.997178060742683003e-01,3.064366685414776637e-01,0.000000000000000000e+00,0.000000000000000000e+00,0.000000000000000000e+00,1.000000000000000056e-01
9.975082157423412754e-01,-7.014161709739437367e-02,7.583737699403752044e-03,3.461264715825208782e+01,7.030502932626529755e-02,9.972366448693306129e-01,-2.400576974799035340e-02,2.301462766317770914e+00,-5.878977629130701169e-03,2.447912745019861086e-02,9.996830547435087144e-01,3.189766147425499576e-01,0.000000000000000000e+00,0.000000000000000000e+00,0.000000000000000000e+00,1.000000000000000056e-01
9.973393698776206184e-01,-7.223799285507297163e-02,9.790489282011680811e-03,3.559075920369014767e+01,7.244118176585741253e-02,9.971235605414950909e-01,-2.229080970753300958e-02,2.388510181048627778e+00,-8.152084179936271158e-03,2.294073672142780615e-02,9.997035891313991174e-01,3.145341422690716149e-01,0.000000000000000000e+00,0.000000000000000000e+00,0.000000000000000000e+00,1.000000000000000056e-01
9.973411407498623538e-01,-7.197310567071985021e-02,1.142457998678988833e-02,3.657196878997251588e+01,7.219896139711948213e-02,9.971739677814681624e-01,-2.076988088894178575e-02,2.466479269337650937e+00,-9.897420923675953955e-03,2.153949950846051342e-02,9.997190060311870186e-01,3.234617602389740498e-01,0.000000000000000000e+00,0.000000000000000000e+00,0.000000000000000000e+00,1.000000000000000056e-01
9.973895303436166593e-01,-7.108688995759616935e-02,1.267985950617442174e-02,3.757158903271147921e+01,7.133100118666595157e-02,9.972528073099188317e-01,-1.996813917704432992e-02,2.544151211963373349e+00,-1.122555257649128675e-02,2.082048002910990084e-02,9.997202081486148417e-01,3.191570807367469786e-01,0.000000000000000000e+00,0.000000000000000000e+00,0.000000000000000000e+00,1.000000000000000056e-01
9.972859272138893116e-01,-7.195976940417805889e-02,1.557468999468678006e-02,3.856317360153024509e+01,7.225549157511146348e-02,9.971986482253479833e-01,-1.933907740244292933e-02,2.612721224903789441e+00,-1.413942425886116627e-02,2.041194662045253683e-02,9.996916670237837588e-01,3.361177422889670696e-01,0.000000000000000000e+00,0.000000000000000000e+00,0.000000000000000000e+00,1.000000000000000056e-01
9.974465650240768033e-01,-6.941024797600936491e-02,1.680974115145763420e-02,3.957614531529848989e+01,6.971234654071842285e-02,9.974027996609516888e-01,-1.810646205867597058e-02,2.692364196900099316e+00,-1.550930886457885065e-02,1.923207488557530931e-02,9.996947477275944793e-01,3.325067200118687616e-01,0.000000000000000000e+00,0.000000000000000000e+00,0.000000000000000000e+00,1.000000000000000056e-01
9.974080198039873002e-01,-7.025291384021471741e-02,1.554895905352415147e-02,4.058575455854908398e+01,7.056336911156620151e-02,9.972984833811877614e-01,-2.040945822915228233e-02,2.774088976403826123e+00,-1.407312937173772760e-02,2.145374425460542731e-02,9.996707877532204911e-01,3.458337072519782063e-01,0.000000000000000000e+00,0.000000000000000000e+00,0.000000000000000000e+00,1.000000000000000056e-01
9.974612866323457894e-01,-6.993376325723200948e-02,1.342573746304986763e-02,4.159355150085872310e+01,7.015828531141775348e-02,9.973901253720161009e-01,-1.705147537768367944e-02,2.846906452461705594e+00,-1.219822412923362957e-02,1.795011328865296629e-02,9.997644706434698492e-01,3.612201114660478218e-01,0.000000000000000000e+00,0.000000000000000000e+00,0.000000000000000000e+00,1.000000000000000056e-01
9.975964090029452169e-01,-6.839328756287442468e-02,1.112488025869530321e-02,4.262631189754284833e+01,6.855505049808070794e-02,9.975364449660275579e-01,-1.487434085077544293e-02,2.920312372221151698e+00,-1.008016843281635787e-02,1.560125574693935202e-02,9.998274806302758222e-01,3.696484284822206812e-01,0.000000000000000000e+00,0.000000000000000000e+00,0.000000000000000000e+00,1.000000000000000056e-01
9.975794964827411349e-01,-6.863974423833359151e-02,1.112356544174818336e-02,4.367522205308858219e+01,6.883592580313506459e-02,9.974595074311798371e-01,-1.833429447711013016e-02,2.989901334633747076e+00,-9.836844822705506988e-03,1.905561717825632329e-02,9.997700335266554994e-01,3.786027899898860016e-01,0.000000000000000000e+00,0.000000000000000000e+00,0.000000000000000000e+00,1.000000000000000056e-01
9.975839655952793983e-01,-6.829580735845393324e-02,1.272455439115343159e-02,4.468835716993365281e+01,6.854545559693774048e-02,9.974405965796917517e-01,-2.034150465813035907e-02,3.075360634332902521e+00,-1.130274763961005083e-02,2.116456926104215430e-02,9.997121130124361210e-01,3.869327012914351438e-01,0.000000000000000000e+00,0.000000000000000000e+00,0.000000000000000000e+00,1.000000000000000056e-01
9.975776546507777454e-01,-6.827748061063321217e-02,1.330445725755587463e-02,4.567511133252621391e+01,6.854578472236244613e-02,9.974294882450219779e-01,-2.087801178438880578e-02,3.140327414836675768e+00,-1.184475994898454704e-02,2.173940249266618358e-02,9.996935030503163455e-01,3.885639792493756906e-01,0.000000000000000000e+00,0.000000000000000000e+00,0.000000000000000000e+00,1.000000000000000056e-01
9.970130491920937699e-01,-7.642740847540072102e-02,1.112793666488832642e-02,4.659094595313258225e+01,7.660483979552640266e-02,9.969249628214617021e-01,-1.650203088498213011e-02,3.196650616407341161e+00,-9.832510390803166772e-03,1.730519393596667566e-02,9.998019063805856366e-01,4.011018823043621673e-01,0.000000000000000000e+00,0.000000000000000000e+00,0.000000000000000000e+00,1.000000000000000056e-01
9.970423146121238922e-01,-7.648957805044863389e-02,7.481131101841766162e-03,4.754824867080336759e+01,7.660172279720185717e-02,9.969322360566805763e-01,-1.607148952423585395e-02,3.272193654633789084e+00,-6.228879305241285039e-03,1.659702264538142832e-02,9.998428576040884197e-01,3.967773791544131345e-01,0.000000000000000000e+00,0.000000000000000000e+00,0.000000000000000000e+00,1.000000000000000056e-01
9.971367848419021573e-01,-7.527587385986247992e-02,7.195493714005780569e-03,4.849495154783372897e+01,7.538179980158390969e-02,9.970295464658057716e-01,-1.580087759789385038e-02,3.363488628618807930e+00,-5.984694965338554357e-03,1.629804555226704865e-02,9.998492672084867694e-01,4.079373642640033992e-01,0.000000000000000000e+00,0.000000000000000000e+00,0.000000000000000000e+00,1.000000000000000056e-01
9.972526801492556103e-01,-7.350274137058999957e-02,9.189066662867124979e-03,4.946607502431356806e+01,7.364423715505434564e-02,9.971538592440404303e-01,-1.614643392723221285e-02,3.450636138508642592e+00,-7.976106128718039867e-03,1.677879631333898877e-02,9.998274119693353335e-01,4.136281148347442094e-01,0.000000000000000000e+00,0.000000000000000000e+00,0.000000000000000000e+00,1.000000000000000056e-01
9.972531169623823910e-01,-7.309108542133768704e-02,1.199641366174304669e-02,5.046502574890129722e+01,7.328985882333655111e-02,9.971647143828962223e-01,-1.706250225882367452e-02,3.540530567905181059e+00,-1.071528359252963206e-02,1.789484902444509265e-02,9.997824548750212648e-01,4.295825804346712351e-01,0.000000000000000000e+00,0.000000000000000000e+00,0.000000000000000000e+00,1.000000000000000056e-01
9.973571093479111083e-01,-7.157070232698896362e-02,1.250723796848615503e-02,5.140108092768188897e+01,7.181121822460818926e-02,9.972182236922567666e-01,-1.997406501335516685e-02,3.612302449520154557e+00,-1.104288776889934647e-02,2.081943573878921802e-02,9.997222642940597481e-01,4.397588949891352295e-01,0.000000000000000000e+00,0.000000000000000000e+00,0.000000000000000000e+00,1.000000000000000056e-01
9.974126125598443693e-01,-7.090838808714776398e-02,1.183557372620084105e-02,5.233900917410915099e+01,7.117048360272361374e-02,9.971890179133423571e-01,-2.342701041059713774e-02,3.682194773940334009e+00,-1.014113259455490246e-02,2.420873916390976766e-02,9.996554878445841341e-01,4.434510621416582477e-01,0.000000000000000000e+00,0.000000000000000000e+00,0.000000000000000000e+00,1.000000000000000056e-01
9.974212955089786226e-01,-7.089213181619249959e-02,1.118324245227522544e-02,5.332325288039228894e+01,7.116500621642640745e-02,9.971189920288079378e-01,-2.625371641634762637e-02,3.759662462063241950e+00,-9.289841516773795702e-03,2.698187135855475982e-02,9.995927558073756103e-01,4.575935232711748069e-01,0.000000000000000000e+00,0.000000000000000000e+00,0.000000000000000000e+00,1.000000000000000056e-01
9.973300100577595639e-01,-7.182148322374717897e-02,1.321081321229849830e-02,5.428774658837815537e+01,7.218545162244188740e-02,9.969542792355216010e-01,-2.951992019036801113e-02,3.838424325600356291e+00,-1.105041231146328302e-02,3.039473081839347973e-02,9.994768875397890273e-01,4.486051872219263270e-01,0.000000000000000000e+00,0.000000000000000000e+00,0.000000000000000000e+00,1.000000000000000056e-01
9.971797250049252437e-01,-7.302495002393687151e-02,1.731914296676229092e-02,5.524345736507705595e+01,7.354931390335774088e-02,9.967823272988567407e-01,-3.186676025296898696e-02,3.922576836164826997e+00,-1.493634705833310483e-02,3.305069830845303036e-02,9.993420619977309016e-01,4.554232992784260636e-01,0.000000000000000000e+00,0.000000000000000000e+00,0.000000000000000000e+00,1.000000000000000056e-01
9.970325420632927260e-01,-7.386966801499675328e-02,2.166523053564143805e-02,5.620127172555167050e+01,7.450502091200292276e-02,9.967646908007117279e-01,-3.015216462981729767e-02,3.990762518644609180e+00,-1.936780642484664181e-02,3.167685780369897119e-02,9.993104946681856671e-01,4.736942114745206767e-01,0.000000000000000000e+00,0.000000000000000000e+00,0.000000000000000000e+00,1.000000000000000056e-01
9.969033400876455842e-01,-7.505690406783606383e-02,2.345616494330986582e-02,5.716782851648869723e+01,7.568058978468807096e-02,9.967681267726747896e-01,-2.693974350165085491e-02,4.064889311687346130e+00,-2.135834384819834328e-02,2.863149667489679751e-02,9.993618256398517641e-01,4.619816436211126587e-01,0.000000000000000000e+00,0.000000000000000000e+00,0.000000000000000000e+00,1.000000000000000056e-01
9.967343801433289352e-01,-7.857933136242173378e-02,1.859742248078134069e-02,5.806609965995320977e+01,7.908246430622759005e-02,9.964727728760401915e-01,-2.807092367539603187e-02,4.144367721349403233e+00,-1.632603073463319288e-02,2.944998470917078656e-02,9.994329187699799721e-01,4.654195377262043132e-01,0.000000000000000000e+00,0.000000000000000000e+00,0.000000000000000000e+00,1.000000000000000056e-01
9.964707043301379574e-01,-8.296813755221947584e-02,1.274455032218902925e-02,5.898436072458311230e+01,8.329310143859432192e-02,9.961447383367849628e-01,-2.753033847736368472e-02,4.227828560669824931e+00,-1.041127583626791017e-02,2.849470889576104921e-02,9.995397225225253202e-01,4.637581928142594512e-01,0.000000000000000000e+00,0.000000000000000000e+00,0.000000000000000000e+00,1.000000000000000056e-01
9.965298905809888419e-01,-8.285845089433024890e-02,7.915446546737738009e-03,5.993797580771654054e+01,8.305857559943954915e-02,9.961031086520952815e-01,-2.966260192606429494e-02,4.308426448484023119e+00,-5.426803666486090284e-03,3.021711516713381993e-02,9.995286267801145597e-01,4.737243494504526087e-01,0.000000000000000000e+00,0.000000000000000000e+00,0.000000000000000000e+00,1.000000000000000056e-01
9.963960723710661993e-01,-8.442468893656414342e-02,8.206025924737014865e-03,6.084983714983791003e+01,8.461651120385314806e-02,9.960523717569539359e-01,-2.682757441579335100e-02,4.396518122330866696e+00,-5.908721960057474951e-03,2.742525506373861416e-02,9.996063937317966053e-01,4.763708501869491907e-01,0.000000000000000000e+00,0.000000000000000000e+00,0.000000000000000000e+00,1.000000000000000056e-01
9.963363687944983837e-01,-8.485975819312480128e-02,1.061421955669632038e-02,6.177899866094832504e+01,8.511144194343622793e-02,9.960302564992649099e-01,-2.607241048153445193e-02,4.491255849065241001e+00,-8.359585378620843985e-03,2.688028231646629948e-02,9.996037053527185856e-01,4.969728324450343182e-01,0.000000000000000000e+00,0.000000000000000000e+00,0.000000000000000000e+00,1.000000000000000056e-01
9.961679462928465512e-01,-8.688862203584039878e-02,9.989501459300179076e-03,6.267429614848668962e+01,8.711839127423286200e-02,9.958718416494981573e-01,-2.548844662639330669e-02,4.576511829100424755e+00,-7.733607210232238717e-03,2.626104282677488647e-02,9.996252042386527537e-01,5.119646598979313845e-01,0.000000000000000000e+00,0.000000000000000000e+00,0.000000000000000000e+00,1.000000000000000056e-01
9.959713673971848369e-01,-8.912145278589862774e-02,9.919777130194833495e-03,6.348854802692123656e+01,8.933334535525132292e-02,9.957247403170644828e-01,-2.349031562482324295e-02,4.656594349305191116e+00,-7.783876452082864536e-03,2.428184864966547937e-02,9.996748486850779436e-01,5.205290651157055137e-01,0.000000000000000000e+00,0.000000000000000000e+00,0.000000000000000000e+00,1.000000000000000056e-01
9.958091271021520807e-01,-9.086173321290663685e-02,1.040806502653039006e-02,6.430878121772684608e+01,9.107680754979941007e-02,9.955898383112167238e-01,-2.249197585767287108e-02,4.738072701599266523e+00,-8.318503867085012826e-03,2.334564818101900543e-02,9.996928444299385541e-01,5.297561490997287903e-01,0.000000000000000000e+00,0.000000000000000000e+00,0.000000000000000000e+00,1.000000000000000056e-01
9.957442620319916227e-01,-9.166440785584653583e-02,9.539442478544163037e-03,6.510406748416713185e+01,9.186734905734889045e-02,9.954911939973295487e-01,-2.361509794488257652e-02,4.815694669616711998e+00,-7.331767013459293894e-03,2.439096156792922021e-02,9.996756104788453445e-01,5.328448439865511865e-01,0.000000000000000000e+00,0.000000000000000000e+00,0.000000000000000000e+00,1.000000000000000056e-01
9.957491098073136815e-01,-9.160715876509263611e-02,9.583255236584441866e-03,6.590686246957871219e+01,9.182566169412710588e-02,9.954459311501950847e-01,-2.560167984638353142e-02,4.893438918238121715e+00,-7.194315282091055114e-03,2.637283866989132211e-02,9.996262877736428187e-01,5.418206737263100425e-01,0.000000000000000000e+00,0.000000000000000000e+00,0.000000000000000000e+00,1.000000000000000056e-01
9.956188239454893951e-01,-9.285509998930700781e-02,1.100399070229924822e-02,6.666327114809885757e+01,9.311318862438423827e-02,9.953191147440869635e-01,-2.588037730109268852e-02,4.967767352298790406e+00,-8.549357262410697822e-03,2.679160747366360340e-02,9.996044809120139263e-01,5.542155508690268517e-01,0.000000000000000000e+00,0.000000000000000000e+00,0.000000000000000000e+00,1.000000000000000056e-01
9.953115141759506512e-01,-9.574212865505457581e-02,1.372714643964151326e-02,6.745989906975897554e+01,9.605844700352880738e-02,9.950714207696316205e-01,-2.460980143717202487e-02,5.059681058599093006e+00,-1.130329633543379966e-02,2.581302710078315840e-02,9.996028827108531800e-01,5.622574748451858451e-01,0.000000000000000000e+00,0.000000000000000000e+00,0.000000000000000000e+00,1.000000000000000056e-01
9.952054839469567371e-01,-9.639946991224693229e-02,1.652836720736101592e-02,6.820125284281049005e+01,9.677012623112551948e-02,9.950335038582854841e-01,-2.332099630623327494e-02,5.138430782607628977e+00,-1.419814745365046045e-02,2.480863559612079758e-02,9.995913886227428824e-01,5.697358929223458324e-01,0.000000000000000000e+00,0.000000000000000000e+00,0.000000000000000000e+00,1.000000000000000056e-01
9.949765695598259407e-01,-9.848536939258104028e-02,1.795154708006241329e-02,6.892880956783859858e+01,9.885193566899946882e-02,9.948842493980736279e-01,-2.082366716319663386e-02,5.211965132092430508e+00,-1.580888488960649485e-02,2.249360609681032297e-02,9.996219869747307030e-01,5.755365128002351005e-01,0.000000000000000000e+00,0.000000000000000000e+00,0.000000000000000000e+00,1.000000000000000056e-01
9.950931243410576776e-01,-9.780296025390285142e-02,1.497514122557072266e-02,6.959654999297576694e+01,9.808653799456272526e-02,9.949859718570308598e-01,-1.954346110495903607e-02,5.292627157530427340e+00,-1.298864709634876824e-02,2.091642353016751402e-02,9.996968531876616604e-01,5.881057885113640804e-01,0.000000000000000000e+00,0.000000000000000000e+00,0.000000000000000000e+00,1.000000000000000056e-01
9.950809864738328070e-01,-9.861681056549084778e-02,9.410368332524451235e-03,7.028733582451565098e+01,9.878092889788520070e-02,9.949287610277937066e-01,-1.894963233866086075e-02,5.367352869951544925e+00,-7.493893803266319514e-03,1.978598376602910477e-02,9.997761531473311480e-01,5.902329578414918787e-01,0.000000000000000000e+00,0.000000000000000000e+00,0.000000000000000000e+00,1.000000000000000056e-01
9.952308593895672351e-01,-9.749914580183711987e-02,3.074587226859056867e-03,7.101751714493022405e+01,9.754296338565031366e-02,9.949966768147554541e-01,-2.160979920172241206e-02,5.429396296695026436e+00,-9.522671101846998196e-04,2.180664338006168060e-02,9.997617533651933508e-01,6.080808098063166245e-01,0.000000000000000000e+00,0.000000000000000000e+00,0.000000000000000000e+00,1.000000000000000056e-01
9.950983182023376283e-01,-9.889027230115633726e-02,2.261748931468378397e-04,7.171543793020538260e+01,9.887512862494481081e-02,9.949003633069581909e-01,-1.992425735336482082e-02,5.504999462796136278e+00,1.745293751709862083e-03,1.984895805541552274e-02,9.998014666991815735e-01,6.082443307098432950e-01,0.000000000000000000e+00,0.000000000000000000e+00,0.000000000000000000e+00,1.000000000000000056e-01
9.950613920310419358e-01,-9.921896683789520333e-02,2.902190356560506619e-03,7.237423653343385865e+01,9.925649513919525269e-02,9.948775479633693575e-01,-1.915235575788522965e-02,5.579095350870762360e+00,-9.870470748486676396e-04,1.934583102413398731e-02,9.998123646765215700e-01,6.202600247409857381e-01,0.000000000000000000e+00,0.000000000000000000e+00,0.000000000000000000e+00,1.000000000000000056e-01
9.949363299629224722e-01,-1.003067522762901148e-01,6.344664505994981885e-03,7.297739864069635018e+01,1.004171366276672001e-01,9.947340473183612364e-01,-2.050789548278260030e-02,5.645383427165250545e+00,-4.254173411026017024e-03,2.104116330945812394e-02,9.997695591761001088e-01,6.356139838396073216e-01,0.000000000000000000e+00,0.000000000000000000e+00,0.000000000000000000e+00,1.000000000000000056e-01
9.949188811031857149e-01,-1.006175924966734997e-01,3.538375977537564637e-03,7.356687868768176486e+01,1.006711923105260004e-01,9.946786216932561597e-01,-2.190320947215813538e-02,5.697527443907849154e+00,-1.315698735330706826e-03,2.214812918910990039e-02,9.997538343563681096e-01,6.552005159146259139e-01,0.000000000000000000e+00,0.000000000000000000e+00,0.000000000000000000e+00,1.000000000000000056e-01
9.949034755616221748e-01,-1.008318376974004227e-01,1.217455123673932306e-04,7.420680294570355784e+01,1.007924986488068497e-01,9.944801133943372839e-01,-2.915778248283659724e-02,5.748418648147044507e+00,2.818959299981108318e-03,2.902145016623470380e-02,9.995748140578142316e-01,6.712904600119674603e-01,0.000000000000000000e+00,0.000000000000000000e+00,0.000000000000000000e+00,1.000000000000000056e-01
9.950396225463061795e-01,-9.943710062167354646e-02,-2.900445286435131449e-03,7.483004040028070847e+01,9.928828871866438033e-02,9.945122666365971975e-01,-3.297252238845222588e-02,5.818106524332637974e+00,6.163220442558943989e-03,3.252098598279287017e-02,9.994520499676227132e-01,6.973517476061185105e-01,0.000000000000000000e+00,0.000000000000000000e+00,0.000000000000000000e+00,1.000000000000000056e-01
9.954639694557113616e-01,-9.511055263583920172e-02,-2.338438107764309604e-03,7.543538330393451474e+01,9.499632563570961641e-02,9.950147315493383937e-01,-3.035427672523568002e-02,5.871078658567093989e+00,5.213792400240203906e-03,2.999444577089608807e-02,9.995364673645998899e-01,7.100849106230928687e-01,0.000000000000000000e+00,0.000000000000000000e+00,0.000000000000000000e+00,1.000000000000000056e-01
9.959292528287208013e-01,-9.013835561089734993e-02,1.441489908710828598e-05,7.600013697439567295e+01,9.010923774129238339e-02,9.956034424963521312e-01,-2.557558529332238165e-02,5.949275260692438394e+00,2.290989678971966544e-03,2.547277246740463699e-02,9.996728911144457941e-01,7.135343302049249603e-01,0.000000000000000000e+00,0.000000000000000000e+00,0.000000000000000000e+00,1.000000000000000056e-01
9.965248119179280772e-01,-8.325205111979445960e-02,2.719414695317075477e-03,7.655859026207167517e+01,8.329513491224642407e-02,9.961615490912091309e-01,-2.690889466613799810e-02,5.988149033555176359e+00,-4.687556811859710810e-04,2.704189521002129185e-02,9.996341911777335554e-01,7.274732416019153991e-01,0.000000000000000000e+00,0.000000000000000000e+00,0.000000000000000000e+00,1.000000000000000056e-01
9.970750318498884379e-01,-7.610594945686820212e-02,7.018925759159333130e-03,7.713551050582891833e+01,7.629116347747123827e-02,9.965834071228534263e-01,-3.164128667830492375e-02,6.016384825648059653e+00,-4.586854782716016585e-03,3.208421893507059502e-02,9.994746438297115176e-01,7.396472856506326465e-01,0.000000000000000000e+00,0.000000000000000000e+00,0.000000000000000000e+00,1.000000000000000056e-01
9.977454439463374625e-01,-6.645782597145752368e-02,9.348072072538380489e-03,7.768346233988880556e+01,6.674748463803703569e-02,9.971507911984140993e-01,-3.514360406776434465e-02,6.036915943759169956e+00,-6.985869940166155451e-03,3.568833113952286917e-02,9.993385515638105732e-01,7.543291848372197794e-01,0.000000000000000000e+00,0.000000000000000000e+00,0.000000000000000000e+00,1.000000000000000056e-01
9.983777152109102326e-01,-5.623803982112810657e-02,8.900598143930309528e-03,7.817986105596635582e+01,5.650415427825623144e-02,9.978509249564536665e-01,-3.317848870652233967e-02,6.075151821671849639e+00,-7.015576921504301615e-03,3.362758451966216949e-02,9.994098094574774827e-01,7.622179205492967125e-01,0.000000000000000000e+00,0.000000000000000000e+00,0.000000000000000000e+00,1.000000000000000056e-01
9.991483020491667144e-01,-4.045066092213711606e-02,8.149511839948782310e-03,7.867171850407416400e+01,4.066554859909768393e-02,9.987747965017275131e-01,-2.819962819023058218e-02,6.116000686929472074e+00,-6.998833431479908537e-03,2.850701499447306012e-02,9.995690903717977527e-01,7.593249233366635709e-01,0.000000000000000000e+00,0.000000000000000000e+00,0.000000000000000000e+00,1.000000000000000056e-01
9.996673627981671473e-01,-2.427597852683593960e-02,8.708652175988606386e-03,7.915174325725932647e+01,2.446609761730191707e-02,9.994489410357710879e-01,-2.243266212147845828e-02,6.131911331063574444e+00,-8.159278371179898293e-03,2.263826691777356959e-02,9.997104255970431508e-01,7.632217812403467860e-01,0.000000000000000000e+00,0.000000000000000000e+00,0.000000000000000000e+00,1.000000000000000056e-01
9.999582092624366148e-01,1.609433710952568259e-03,8.999413969313165701e-03,7.964582013805237182e+01,-1.399199921593635666e-03,9.997271070797512094e-01,-2.331852502906272759e-02,6.144980435122954887e+00,-9.034487713226017208e-03,2.330495855138262420e-02,9.996875796661064406e-01,7.666032859957857548e-01,0.000000000000000000e+00,0.000000000000000000e+00,0.000000000000000000e+00,1.000000000000000056e-01
9.995943286185839938e-01,2.617414036792212531e-02,1.122909477930957196e-02,8.014338153719626234e+01,-2.589383939353298927e-02,9.993663721064328653e-01,-2.442055249761452412e-02,6.136812359244044224e+00,-1.186116668057266531e-02,2.411988140159767452e-02,9.996387067566704365e-01,7.814917980180344781e-01,0.000000000000000000e+00,0.000000000000000000e+00,0.000000000000000000e+00,1.000000000000000056e-01
9.985141892113900131e-01,5.290475732615651516e-02,1.305758767081398840e-02,8.062607915371947342e+01,-5.259903201925247851e-02,9.983567460392205328e-01,-2.274092057540751458e-02,6.116247241854226857e+00,-1.423923362257103163e-02,2.202031539828231202e-02,9.996561158396430891e-01,7.854206787450382921e-01,0.000000000000000000e+00,0.000000000000000000e+00,0.000000000000000000e+00,1.000000000000000056e-01
9.964167653069451180e-01,8.342204861035538987e-02,1.394243956040916096e-02,8.111959452175641161e+01,-8.310737097143060248e-02,9.963020678680621911e-01,-2.180262488876523463e-02,6.074658790972526923e+00,-1.570970099846503987e-02,2.056578147007047386e-02,9.996650708747726322e-01,7.836323483192033645e-01,0.000000000000000000e+00,0.000000000000000000e+00,0.000000000000000000e+00,1.000000000000000056e-01
9.924497551797628603e-01,1.217736525114604673e-01,1.465131385394529036e-02,8.160405565724087751e+01,-1.214072628655768482e-01,9.923190355384486905e-01,-2.373200858612037681e-02,6.004749719866472546e+00,-1.742871099988332201e-02,2.177405019882719742e-02,9.996109897209121131e-01,7.798842202462495932e-01,0.000000000000000000e+00,0.000000000000000000e+00,0.000000000000000000e+00,1.000000000000000056e-01
