1.000000000000000000e+00,1.065000680762010866e-14,-4.393761531321646166e-13,-4.405374010989559404e-21,-1.065000680767055790e-14,1.000000000000000000e+00,-1.148195577173390720e-13,-4.039765231911550393e-21,4.393761531321634049e-13,1.148195577173437673e-13,1.000000000000000000e+00,1.509982951112376364e-19,0.000000000000000000e+00,0.000000000000000000e+00,0.000000000000000000e+00,1.000000000000000056e-01
9.999990309716803027e-01,-6.281159371913039996e-04,-1.242387246319221709e-03,6.468619348631848842e-01,6.247944958455132168e-04,9.999962349669565542e-01,-2.672018665619475299e-03,-4.491089300196841536e-03,1.244060906198534572e-03,2.671239839644509034e-03,9.999956583856656200e-01,-3.714007445825126454e-04,0.000000000000000000e+00,0.000000000000000000e+00,0.000000000000000000e+00,1.000000000000000056e-01
9.999803735084781264e-01,-5.424449238348834183e-03,-3.134955869716667641e-03,1.307175452437297603e+00,5.415690350169492275e-03,9.999814269764081276e-01,-2.795711046867333568e-03,5.312624358957311090e-03,3.150062836766162784e-03,2.778678226616343016e-03,9.999911779868047024e-01,4.363884325677044526e-03,0.000000000000000000e+00,0.000000000000000000e+00,0.000000000000000000e+00,1.000000000000000056e-01
9.999363332119451941e-01,-9.945907547362955667e-03,-5.329957383417351438e-03,2.004906864387162369e+00,9.930598218285039899e-03,9.999465108730632990e-01,-2.891126391850368932e-03,1.418196225251263168e-02,5.358427164451387212e-03,2.838012657823839671e-03,9.999816163022584581e-01,8.820669026836714874e-03,0.000000000000000000e+00,0.000000000000000000e+00,0.000000000000000000e+00,1.000000000000000056e-01
9.998571998405426653e-01,-1.609213061530915742e-02,-5.159773181921074002e-03,2.702843648416567213e+00,1.608470472121264691e-02,9.998695411622315898e-01,-1.477474216298363223e-03,2.265029119275861758e-02,5.182875751978036245e-03,1.394269804685049560e-03,9.999855968015995966e-01,1.665677438065473262e-02,0.000000000000000000e+00,0.000000000000000000e+00,0.000000000000000000e+00,1.000000000000000056e-01
9.997519987171384903e-01,-2.134335015255091339e-02,-6.356293365817725777e-03,3.410883512840824139e+00,2.133381361206857646e-02,9.997711843768478657e-01,-1.564380542065547594e-03,3.075207454452859313e-02,6.388228068271431179e-03,1.428388595754248504e-03,9.999785748945660968e-01,3.035495884986712592e-02,0.000000000000000000e+00,0.000000000000000000e+00,0.000000000000000000e+00,1.000000000000000056e-01
9.996525431584531995e-01,-2.532153221080235897e-02,-7.322087361816868693e-03,4.129948505714587270e+00,2.531898040708635209e-02,9.996793259556575606e-01,-4.410079225887293046e-04,5.366228052616103111e-02,7.330906354766576240e-03,2.554669049160336364e-04,9.999730959124241148e-01,4.091268245059649644e-02,0.000000000000000000e+00,0.000000000000000000e+00,0.000000000000000000e+00,1.000000000000000056e-01
9.994984068188718096e-01,-3.006848089004323515e-02,-9.940886454540347542e-03,4.893414409324333469e+00,3.008306249940897320e-02,9.995465299491285149e-01,1.320536751671941463e-03,8.573461827044837058e-02,9.896672026171853334e-03,-1.618926687953338960e-03,9.999497162153632157e-01,5.571244593653969235e-02,0.000000000000000000e+00,0.000000000000000000e+00,0.000000000000000000e+00,1.000000000000000056e-01
9.993438657594401198e-01,-3.475439694041815297e-02,-1.019656129712498069e-02,5.655656991326240224e+00,3.477497625236862511e-02,9.993934592014501739e-01,1.847899349686333561e-03,1.260532382948955643e-01,1.012615403918842166e-02,-2.201272056613238180e-03,9.999463062613449527e-01,6.019548331864120472e-02,0.000000000000000000e+00,0.000000000000000000e+00,0.000000000000000000e+00,1.000000000000000056e-01
9.992110026810236967e-01,-3.887709627660912437e-02,-8.120560712326483147e-03,6.438748355590429462e+00,3.889387445929110010e-02,9.992415053351438869e-01,1.918474680726690168e-03,1.622824154190750934e-01,8.039816585483696224e-03,-2.232801078231350621e-03,9.999651873683487180e-01,7.111159013999665546e-02,0.000000000000000000e+00,0.000000000000000000e+00,0.000000000000000000e+00,1.000000000000000056e-01
9.991046229024769243e-01,-4.179122566149425649e-02,-6.591354383536374324e-03,7.236619615320467602e+00,4.180099355568914904e-02,9.991250429190070559e-01,1.351129101716055459e-03,2.024790387709530237e-01,6.529121890157537668e-03,-1.625444493772049267e-03,9.999773639925761959e-01,8.616950360787838104e-02,0.000000000000000000e+00,0.000000000000000000e+00,0.000000000000000000e+00,1.000000000000000056e-01
9.991221144064441617e-01,-4.143346682974748119e-02,-6.186140191154497307e-03,8.032329048592909970e+00,4.144582963031627487e-02,9.991389766210534429e-01,1.883773576816386150e-03,2.421442407740838076e-01,6.102762509814695958e-03,-2.138509551563619240e-03,9.999790913147367233e-01,1.004339221213320921e-01,0.000000000000000000e+00,0.000000000000000000e+00,0.000000000000000000e+00,1.000000000000000056e-01
9.990412958063468185e-01,-4.331099684469728178e-02,-6.375486326081002131e-03,8.867532086692698101e+00,4.331125375947050132e-02,9.990616225875931233e-01,-9.782856688316111232e-05,2.886325349884253932e-01,6.373740766471095928e-03,-1.783955278830974523e-04,9.999796715952167236e-01,1.154433941440941996e-01,0.000000000000000000e+00,0.000000000000000000e+00,0.000000000000000000e+00,1.000000000000000056e-01
9.989024718086146892e-01,-4.642474366564344063e-02,-6.212486637326391017e-03,9.642563267062881138e+00,4.642319675450911481e-02,9.989217848834740510e-01,-3.930500052604984570e-04,3.523447969340475217e-01,6.224035486064807485e-03,1.042151322997392562e-04,9.999806250730433055e-01,1.318721836675778858e-01,0.000000000000000000e+00,0.000000000000000000e+00,0.000000000000000000e+00,1.000000000000000056e-01
9.988344633897944247e-01,-4.800992130084877352e-02,-4.976163332098475049e-03,1.042539778778764514e+01,4.801080059934141608e-02,9.988468149517473194e-01,5.732852836865581152e-05,3.587343495117082393e-01,4.967672556810963889e-03,-2.961712953571672387e-04,9.999876171792989599e-01,1.385790377397093653e-01,0.000000000000000000e+00,0.000000000000000000e+00,0.000000000000000000e+00,1.000000000000000056e-01
9.987805984271111992e-01,-4.898216951687212051e-02,-6.169544148638912706e-03,1.122785527347752677e+01,4.897397177570375626e-02,9.987989689811830329e-01,-1.472973400402642066e-03,4.106652838486987145e-01,6.234283767536803397e-03,1.169030173316967488e-03,9.999798833348397809e-01,1.644636958734841947e-01,0.000000000000000000e+00,0.000000000000000000e+00,0.000000000000000000e+00,1.000000000000000056e-01
9.986553251837044787e-01,-5.134776464587909039e-02,-7.137825166026615618e-03,1.209555865587913104e+01,5.134275070538374397e-02,9.986806999338091462e-01,-8.840416969289932635e-04,4.615062863475013488e-01,7.173801797803671700e-03,5.163773702446589802e-04,9.999741346265799136e-01,1.758261007996785030e-01,0.000000000000000000e+00,0.000000000000000000e+00,0.000000000000000000e+00,1.000000000000000056e-01
9.985051381105357615e-01,-5.415294323244977670e-02,-7.412685486578383942e-03,1.299373882936425595e+01,5.415496583790437024e-02,9.985325405079105154e-01,7.226280816713859158e-05,5.325234019595240786e-01,7.397894427150738736e-03,-4.735885145419657227e-04,9.999725230584906033e-01,1.966697494075513031e-01,0.000000000000000000e+00,0.000000000000000000e+00,0.000000000000000000e+00,1.000000000000000056e-01
9.986608417400302251e-01,-5.090744733728340410e-02,-9.217102619376223507e-03,1.388364412481490717e+01,5.094020181529025637e-02,9.986960720680188031e-01,3.354321828351280316e-03,5.831733942797779902e-01,9.034324219989788365e-03,-3.819350928151512246e-03,9.999518956151719484e-01,2.090011316777372063e-01,0.000000000000000000e+00,0.000000000000000000e+00,0.000000000000000000e+00,1.000000000000000056e-01
9.978938921900833980e-01,-6.414010497459969595e-02,-9.686426770157659585e-03,1.481593929531196174e+01,6.420228184413222239e-02,9.979173320037401096e-01,6.250239398907966870e-03,7.112636019342893912e-01,9.265362147963000436e-03,-6.858966422456288028e-03,9.999335516142473512e-01,2.283084083080898496e-01,0.000000000000000000e+00,0.000000000000000000e+00,0.000000000000000000e+00,1.000000000000000056e-01
9.976615106694542989e-01,-6.765248995846230573e-02,-9.728860733019028054e-03,1.577733560986161443e+01,6.769102289722754573e-02,9.976995191833266663e-01,3.687118181703081914e-03,7.738427542975355733e-01,9.457036949771300063e-03,-4.337052429817436945e-03,9.999458757494585903e-01,2.346194904542708848e-01,0.000000000000000000e+00,0.000000000000000000e+00,0.000000000000000000e+00,1.000000000000000056e-01
9.975641702865615246e-01,-6.938841288702846111e-02,-7.139630067681328532e-03,1.670258896762574707e+01,6.941184058580551763e-02,9.975833121947456084e-01,3.087331704131125818e-03,8.580614264994680385e-01,6.908150763757272758e-03,-3.575386353930482420e-03,9.999697465750878589e-01,2.528332498297763409e-01,0.000000000000000000e+00,0.000000000000000000e+00,0.000000000000000000e+00,1.000000000000000056e-01
9.973716524257473237e-01,-7.214111647833013063e-02,-6.741383448094159098e-03,1.758208314597310462e+01,7.216996785881812926e-02,9.973837601623201099e-01,4.138925431632811854e-03,9.373343940416343223e-01,6.425159670497634576e-03,-4.614572323787491555e-03,9.999687110332388107e-01,2.724623695584504346e-01,0.000000000000000000e+00,0.000000000000000000e+00,0.000000000000000000e+00,1.000000000000000056e-01
9.972953833550438629e-01,-7.318158649257852644e-02,-6.809826513598927870e-03,1.849138948905104129e+01,7.321854750882764162e-02,9.973015904273322407e-01,5.346216588498891968e-03,1.006951399105514344e+00,6.400206200867136590e-03,-5.830362728238914875e-03,9.999625214131995232e-01,2.862279568990800382e-01,0.000000000000000000e+00,0.000000000000000000e+00,0.000000000000000000e+00,1.000000000000000056e-01
9.973370666554193242e-01,-7.255253200271184755e-02,-7.409829630917573115e-03,1.940824430429807279e+01,7.258561416908591857e-02,9.973529267670925291e-01,4.297450966689191770e-03,1.078043892035902340e+00,7.078424320450363988e-03,-4.823854175861737315e-03,9.999633124970284115e-01,3.070788522160737832e-01,0.000000000000000000e+00,0.000000000000000000e+00,0.000000000000000000e+00,1.000000000000000056e-01
9.972807614523295783e-01,-7.345651879124784345e-02,-5.934870186679335261e-03,2.033542793317745279e+01,7.345519168649403130e-02,9.972984206482468084e-01,-4.415731117444253537e-04,1.130631151394501321e+00,5.951273087508231543e-03,4.425341920366029436e-06,9.999822910077229565e-01,3.258568314386422471e-01,0.000000000000000000e+00,0.000000000000000000e+00,0.000000000000000000e+00,1.000000000000000056e-01
9.974182885255823416e-01,-7.177658467601408243e-02,-2.208983237859637235e-03,2.125119256109662658e+01,7.177593651684610609e-02,9.974207121319872416e-01,-3.714125052240612639e-04,1.211375265002795798e+00,2.229944355324527377e-03,2.119017846501916526e-04,9.999974912197558963e-01,3.311252815083940426e-01,0.000000000000000000e+00,0.000000000000000000e+00,0.000000000000000000e+00,1.000000000000000056e-01
9.974014139452783700e-01,-7.204418521437441769e-02,-2.341724927576731730e-04,2.221319978519018079e+01,7.204378858752086279e-02,9.974004832911849139e-01,-1.403016916263705302e-03,1.292725151386772575e+00,3.346429680242075174e-04,1.382500382509317454e-03,9.999989883528764834e-01,3.492134022176607289e-01,0.000000000000000000e+00,0.000000000000000000e+00,0.000000000000000000e+00,1.000000000000000056e-01
9.975476113966279534e-01,-6.998280719929375615e-02,1.081523642207994282e-03,2.318528795349038063e+01,6.998512215464308683e-02,9.975454393752143378e-01,-2.275754536452680946e-03,1.358954947817898828e+00,-9.196052859035697960e-04,2.345864066176473178e-03,9.999968256189122329e-01,3.634186207881407449e-01,0.000000000000000000e+00,0.000000000000000000e+00,0.000000000000000000e+00,1.000000000000000056e-01
9.978468903711490423e-01,-6.554723192616265792e-02,2.267986650294439438e-03,2.411534337701130681e+01,6.555569996927013143e-02,9.978413448663869811e-01,-3.885958926598440024e-03,1.422656506549895949e+00,-2.008376998251525797e-03,4.026271483397274135e-03,9.999898777286572171e-01,3.696573111806782386e-01,0.000000000000000000e+00,0.000000000000000000e+00,0.000000000000000000e+00,1.000000000000000056e-01
9.979677077291907450e-01,-6.372027696749479886e-02,-4.250093296827507270e-04,2.507211305873427065e+01,6.371731034963845630e-02,9.979550886264384468e-01,-5.073997083681465632e-03,1.491666344316256554e+00,7.474567227750564605e-04,5.036604787265302509e-03,9.999870368763109640e-01,3.810324237945260095e-01,0.000000000000000000e+00,0.000000000000000000e+00,0.000000000000000000e+00,1.000000000000000056e-01
9.980455628927804579e-01,-6.225113771719317096e-02,-5.463537585493591191e-03,2.602744911703410224e+01,6.223151832639125386e-02,9.980549173685736575e-01,-3.690534270492145698e-03,1.564251939558096050e+00,5.682650510552329608e-03,3.343317113989858515e-03,9.999782646207117098e-01,3.897678695667516346e-01,0.000000000000000000e+00,0.000000000000000000e+00,0.000000000000000000e+00,1.000000000000000056e-01
9.981086006143149447e-01,-6.083835360288170763e-02,-8.827010288011267330e-03,2.698246432553071372e+01,6.079742894816992510e-02,9.981384242406001750e-01,-4.833082637799227324e-03,1.630123224446132113e+00,9.104614930141509410e-03,4.287281817456998351e-03,9.999493613186577479e-01,4.094560175709250904e-01,0.000000000000000000e+00,0.000000000000000000e+00,0.000000000000000000e+00,1.000000000000000056e-01
9.981616099571388734e-01,-6.015112053305430445e-02,-7.432570644839684576e-03,2.795318170737321140e+01,6.009245893859879034e-02,9.981617201287951158e-01,-7.878886230782488481e-03,1.684217698986364642e+00,7.892831335165986437e-03,7.417760318503719731e-03,9.999413383020885338e-01,4.333872906195138652e-01,0.000000000000000000e+00,0.000000000000000000e+00,0.000000000000000000e+00,1.000000000000000056e-01
9.982203928571242724e-01,-5.947665865747794184e-02,-4.309798035916759251e-03,2.896365610206680685e+01,5.942616099712558914e-02,9.981718119747785556e-01,-1.102565953270284553e-02,1.731655336517892829e+00,4.957688303256508472e-03,1.074992343829604506e-02,9.999299277813213926e-01,4.501256617599126431e-01,0.000000000000000000e+00,0.000000000000000000e+00,0.000000000000000000e+00,1.000000000000000056e-01
9.982332436814757015e-01,-5.940371982478300644e-02,-1.260666545182062602e-03,2.992157041327052269e+01,5.937559609014687184e-02,9.981043349050900959e-01,-1.619491378820794164e-02,1.779216527263633552e+00,2.220314864877260229e-03,1.609144849435358016e-02,9.998680590394186662e-01,4.581675806259593586e-01,0.000000000000000000e+00,0.000000000000000000e+00,0.000000000000000000e+00,1.000000000000000056e-01
9.982696199874513399e-01,-5.876482269667470532e-02,-2.112208213657837050e-03,3.085101486727407760e+01,5.870232972271700184e-02,9.980199332169568116e-01,-2.258870042181635243e-02,1.824557293780876277e+00,3.435446875571440857e-03,2.242562184309581860e-02,9.997426114704301980e-01,4.790289248154879775e-01,0.000000000000000000e+00,0.000000000000000000e+00,0.000000000000000000e+00,1.000000000000000056e-01
9.982853465178005425e-01,-5.831299925077226831e-02,-5.095198348871028855e-03,3.180011144078415697e+01,5.816608520635899171e-02,9.979850681288336967e-01,-2.534778735222616847e-02,1.862960724272524571e+00,6.563037376207074038e-03,2.500795693907289369e-02,9.996657084396423087e-01,4.930259979664863290e-01,0.000000000000000000e+00,0.000000000000000000e+00,0.000000000000000000e+00,1.000000000000000056e-01
9.982898302411820080e-01,-5.787982196071841251e-02,-8.206159078853005051e-03,3.278832762535323297e+01,5.764733886287003867e-02,9.979933937090071927e-01,-2.619103730683543241e-02,1.935460426686563595e+00,9.705625124706660639e-03,2.567318295369995507e-02,9.996232732974780211e-01,5.078897465311439374e-01,0.000000000000000000e+00,0.000000000000000000e+00,0.000000000000000000e+00,1.000000000000000056e-01
9.982165080832148263e-01,-5.891032393260182964e-02,-9.663163266191057699e-03,3.376163133266347671e+01,5.863464466920509377e-02,9.979227327429246452e-01,-2.668703654228790634e-02,1.999511238564712023e+00,1.121523226104578774e-02,2.607284428383815911e-02,9.995971315266373169e-01,5.242684837828294198e-01,0.000000000000000000e+00,0.000000000000000000e+00,0.000000000000000000e+00,1.000000000000000056e-01
9.982106756153530380e-01,-5.915876749588269007e-02,-8.699845740495360663e-03,3.473005909158493409e+01,5.889485030144491623e-02,9.978720283185155138e-01,-2.797877244380338885e-02,2.070235342965037084e+00,1.033652240894947574e-02,2.741633323148506829e-02,9.995706583211760865e-01,5.512820128681931164e-01,0.000000000000000000e+00,0.000000000000000000e+00,0.000000000000000000e+00,1.000000000000000056e-01
9.981785405305535486e-01,-5.967306609344829454e-02,-8.872790277082246227e-03,3.571429938235726098e+01,5.942771608288448942e-02,9.979008503761281901e-01,-2.573401211961175161e-02,2.135236067412101590e+00,1.038979236877260633e-02,2.515984899810021214e-02,9.996294484522385559e-01,5.623445412750369687e-01,0.000000000000000000e+00,0.000000000000000000e+00,0.000000000000000000e+00,1.000000000000000056e-01
9.982751320910546733e-01,-5.810866216104996346e-02,-8.375203307402231609e-03,3.670138680543037424e+01,5.788918273647702256e-02,9.980242940030775722e-01,-2.442030101701163705e-02,2.203852837602856329e+00,9.777687389671026533e-03,2.389334554874325209e-02,9.996666968884170279e-01,5.876202010376875284e-01,0.000000000000000000e+00,0.000000000000000000e+00,0.000000000000000000e+00,1.000000000000000056e-01
9.982232865385261000e-01,-5.920915759658253869e-02,-6.674269167978209502e-03,3.771251514546190720e+01,5.902929469788772282e-02,9.979550376330655892e-01,-2.452111804662663458e-02,2.268352576817084021e+00,8.112495281570023323e-03,2.408357364449319193e-02,9.996770322963395294e-01,6.058315218860631512e-01,0.000000000000000000e+00,0.000000000000000000e+00,0.000000000000000000e+00,1.000000000000000056e-01
9.983565449321472052e-01,-5.712704604854342699e-02,-4.550802227434106763e-03,3.870649508948223172e+01,5.700027325633686553e-02,9.980780244167444248e-01,-2.431513983244677074e-02,2.329804504506268525e+00,5.931107809553712827e-03,2.401578202216429758e-02,9.996939852644984859e-01,6.375760595662900432e-01,0.000000000000000000e+00,0.000000000000000000e+00,0.000000000000000000e+00,1.000000000000000056e-01
9.983850640124400933e-01,-5.672420759991212563e-02,-3.102938774438769153e-03,3.972094689271915513e+01,5.665111593948129326e-02,9.981934126805099838e-01,-2.001404367059552228e-02,2.393337736508889702e+00,4.232613812680282098e-03,1.980593732695143730e-02,9.997948838771448798e-01,6.561410927260984405e-01,0.000000000000000000e+00,0.000000000000000000e+00,0.000000000000000000e+00,1.000000000000000056e-01
9.982855444496427921e-01,-5.846959043850513682e-02,-2.697913422221248116e-03,4.073012094957387319e+01,5.839331727857430265e-02,9.980339424637850732e-01,-2.276994043465764908e-02,2.462828360381567272e+00,4.023958260729025398e-03,2.257336226944425470e-02,9.997370909773071190e-01,6.754179567802928164e-01,0.000000000000000000e+00,0.000000000000000000e+00,0.000000000000000000e+00,1.000000000000000056e-01
9.983416062883659903e-01,-5.733922780477867381e-02,-5.123485953626185502e-03,4.174556504353631681e+01,5.721506673297332285e-02,9.981246031708592703e-01,-2.176494162078326799e-02,2.526132107610257638e+00,6.361862330066407611e-03,2.143570618772310671e-02,9.997499873508011170e-01,7.111665499729332707e-01,0.000000000000000000e+00,0.000000000000000000e+00,0.000000000000000000e+00,1.000000000000000056e-01
9.983944630485627192e-01,-5.620909235992969932e-02,-7.002434579846348109e-03,4.277738299679465683e+01,5.607691875029212347e-02,9.982673308047823602e-01,-1.782457380607980688e-02,2.601968890887496499e+00,7.992204792500644250e-03,1.740328083920224603e-02,9.998166084230580841e-01,7.374794358594743970e-01,0.000000000000000000e+00,0.000000000000000000e+00,0.000000000000000000e+00,1.000000000000000056e-01
9.984148547410564012e-01,-5.579529313504150850e-02,-7.393449558227963708e-03,4.383689158182017565e+01,5.564253917653715770e-02,9.982609668185884466e-01,-1.946663711082417814e-02,2.668682635982014162e+00,8.466738828073024775e-03,1.902438935660692720e-02,9.997831699639804226e-01,7.632372705294357962e-01,0.000000000000000000e+00,0.000000000000000000e+00,0.000000000000000000e+00,1.000000000000000056e-01
9.983924542037999617e-01,-5.623974359159034792e-02,-7.042629456765556704e-03,4.484261781377740164e+01,5.607123192819705310e-02,9.981800870968552397e-01,-2.219303209047599965e-02,2.728170005304622059e+00,8.277942918833427685e-03,2.176246686537937000e-02,9.997288986004985167e-01,7.963694102443122924e-01,0.000000000000000000e+00,0.000000000000000000e+00,0.000000000000000000e+00,1.000000000000000056e-01
9.985074507801124932e-01,-5.431896497737093849e-02,-5.685136795915909057e-03,4.582448883648429216e+01,5.417707628739153874e-02,9.982735993542058983e-01,-2.268623453437196985e-02,2.788623082739392078e+00,6.907614751220986747e-03,2.234437012281891705e-02,9.997264695816867608e-01,8.171632098806894673e-01,0.000000000000000000e+00,0.000000000000000000e+00,0.000000000000000000e+00,1.000000000000000056e-01
9.983305251605866237e-01,-5.718701931047855125e-02,-8.112173258157379455e-03,4.673795000513172226e+01,5.701385125968107259e-02,9.981695013439111364e-01,-2.017591017492615865e-02,2.844914152216794889e+00,9.251124100690346144e-03,1.967972076099350556e-02,9.997635346888997798e-01,8.417086860337199550e-01,0.000000000000000000e+00,0.000000000000000000e+00,0.000000000000000000e+00,1.000000000000000056e-01
9.984201305332481846e-01,-5.472648995346948014e-02,-1.273790576760873948e-02,4.769222455361376944e+01,5.448328228995403394e-02,9.983392692073363994e-01,-1.871564878583616490e-02,2.902461557163865891e+00,1.374099330051715105e-02,1.799207758804951054e-02,9.997437022793295158e-01,8.576879719317940243e-01,0.000000000000000000e+00,0.000000000000000000e+00,0.000000000000000000e+00,1.000000000000000056e-01
9.985190578239063752e-01,-5.306493336972254588e-02,-1.199183092464705357e-02,4.865441513721481925e+01,5.281334483172561017e-02,9.983959260584921447e-01,-2.040405443756690765e-02,2.962018116188477546e+00,1.305533493035153890e-02,1.974050851099986778e-02,9.997198960476796348e-01,8.840129001714890356e-01,0.000000000000000000e+00,0.000000000000000000e+00,0.000000000000000000e+00,1.000000000000000056e-01
9.987215789561572077e-01,-4.838753129769539363e-02,-1.462376634915867751e-02,4.961884899799771631e+01,4.809026612461188288e-02,9.986419770640939664e-01,-2.003816233045424555e-02,3.028095902770199466e+00,1.557350414596034294e-02,1.930928430657587180e-02,9.996922614025696152e-01,9.047655356551966843e-01,0.000000000000000000e+00,0.000000000000000000e+00,0.000000000000000000e+00,1.000000000000000056e-01
9.988084486095121228e-01,-4.742137650165737656e-02,-1.152805434353782778e-02,5.062761677602018295e+01,4.714291003927282425e-02,9.986155902490205793e-01,-2.333342976566691110e-02,3.089770703350392278e+00,1.261859815068748329e-02,2.276216075613952602e-02,9.996612701402526335e-01,9.430995909436631353e-01,0.000000000000000000e+00,0.000000000000000000e+00,0.000000000000000000e+00,1.000000000000000056e-01
9.989192615714769241e-01,-4.533723315822376504e-02,-1.023934329203293747e-02,5.157926506292000823e+01,4.509441404557674310e-02,9.987221472773625264e-01,-2.281592337777146526e-02,3.140901879248579220e+00,1.126066975722738589e-02,2.232952814662913718e-02,9.996872458371005576e-01,9.679540920852697239e-01,0.000000000000000000e+00,0.000000000000000000e+00,0.000000000000000000e+00,1.000000000000000056e-01
9.989590093130638060e-01,-4.444189179316134636e-02,-1.028668878244740417e-02,5.253768416358041549e+01,4.415188204109894016e-02,9.986630208943640952e-01,-2.688460545315614347e-02,3.179450700637539651e+00,1.146773842093009449e-02,2.640244215954134360e-02,9.995856151543603962e-01,9.939301326193596964e-01,0.000000000000000000e+00,0.000000000000000000e+00,0.000000000000000000e+00,1.000000000000000056e-01
9.989172908522699901e-01,-4.502664384008554788e-02,-1.169817852742424495e-02,5.352187155976029942e+01,4.466048944268505294e-02,9.985554626827825020e-01,-2.987354396642764170e-02,3.234478486620336657e+00,1.302638549641538072e-02,2.931875322847739967e-02,9.994852295006797505e-01,1.035539573993622620e+00,0.000000000000000000e+00,0.000000000000000000e+00,0.000000000000000000e+00,1.000000000000000056e-01
9.989287140041666069e-01,-4.468879156942796166e-02,-1.201400208282298390e-02,5.448313852557159009e+01,4.432544977567823979e-02,9.985968304386740879e-01,-2.897627891945270609e-02,3.274020046864400957e+00,1.329205928987969160e-02,2.841271099170787282e-02,9.995078984249878840e-01,1.054456776367454829e+00,0.000000000000000000e+00,0.000000000000000000e+00,0.000000000000000000e+00,1.000000000000000056e-01
9.989008969022350470e-01,-4.627674033843980766e-02,-7.447245904292318884e-03,5.542524064085424840e+01,4.601997327497463902e-02,9.984411171908981197e-01,-3.158318480397132033e-02,3.317240788014612640e+00,8.897203362911302801e-03,3.120574957022829651e-02,9.994733818196857023e-01,1.087391634542880237e+00,0.000000000000000000e+00,0.000000000000000000e+00,0.000000000000000000e+00,1.000000000000000056e-01
9.987766203016353872e-01,-4.941316862662011727e-02,-1.897763188604261343e-03,5.636675168922769075e+01,4.932850090353934486e-02,9.982809165157753295e-01,-3.165297330477997995e-02,3.363316580329705374e+00,3.458574482692760178e-03,3.152063588668226057e-02,9.994971174424901461e-01,1.124379532264891512e+00,0.000000000000000000e+00,0.000000000000000000e+00,0.000000000000000000e+00,1.000000000000000056e-01
9.987823597679414966e-01,-4.930243221377111212e-02,-1.751569064795675031e-03,5.732377913281816006e+01,4.923204020384355090e-02,9.983753969536610651e-01,-2.868401950541037138e-02,3.424887324257313015e+00,3.162915387641118074e-03,2.856285937062560260e-02,9.995869942285285914e-01,1.136502107500876324e+00,0.000000000000000000e+00,0.000000000000000000e+00,0.000000000000000000e+00,1.000000000000000056e-01
9.987121262807560074e-01,-5.050379237379783864e-02,-4.843116314479863765e-03,5.822741928156919755e+01,5.034668742579619799e-02,9.983281331527065205e-01,-2.839277409977778582e-02,3.478376533758826827e+00,6.268962036927420642e-03,2.811237292894636086e-02,9.995851112352981405e-01,1.154509767159974221e+00,0.000000000000000000e+00,0.000000000000000000e+00,0.000000000000000000e+00,1.000000000000000056e-01
9.985060094516549078e-01,-5.359156077539072721e-02,-1.066272491388347426e-02,5.914453407061103718e+01,5.327077492575624934e-02,9.981766159211555856e-01,-2.838429084897747812e-02,3.536148683436512563e+00,1.216444111913774287e-02,2.777387336774488763e-02,9.995402134633760705e-01,1.175626329805546932e+00,0.000000000000000000e+00,0.000000000000000000e+00,0.000000000000000000e+00,1.000000000000000056e-01
9.984286888660284243e-01,-5.366892193069253136e-02,-1.611831467804956952e-02,6.008788118836339720e+01,5.322825214875029354e-02,9.982273265154545383e-01,-2.662626092783687906e-02,3.595255631114008477e+00,1.751874488804655572e-02,2.572647306968881345e-02,9.995155037121445929e-01,1.209276881734792974e+00,0.000000000000000000e+00,0.000000000000000000e+00,0.000000000000000000e+00,1.000000000000000056e-01
9.984040725828444707e-01,-5.416267969668202287e-02,-1.599099678146724893e-02,6.100073073367445176e+01,5.377824623439340923e-02,9.982748200101291269e-01,-2.356446404434503483e-02,3.663604603527182757e+00,1.723972395205961364e-02,2.266688910765894682e-02,9.995944197804617071e-01,1.226221546596560463e+00,0.000000000000000000e+00,0.000000000000000000e+00,0.000000000000000000e+00,1.000000000000000056e-01
9.983854656739383771e-01,-5.521146163251803435e-02,-1.334752544235158662e-02,6.192000846576503648e+01,5.491933270050500943e-02,9.982626611295286612e-01,-2.134306187787956069e-02,3.723030357666379242e+00,1.450271790956699121e-02,2.057556558135750432e-02,9.996831084269868217e-01,1.261586390644295674e+00,0.000000000000000000e+00,0.000000000000000000e+00,0.000000000000000000e+00,1.000000000000000056e-01
9.982413035063986140e-01,-5.796777839212548938e-02,-1.241114991157346407e-02,6.280455631202865163e+01,5.769955173238962981e-02,9.981135802456715389e-01,-2.097719378393507125e-02,3.785855883573920444e+00,1.360373859376215987e-02,2.022418348040038935e-02,9.997029162200257169e-01,1.297984793300537065e+00,0.000000000000000000e+00,0.000000000000000000e+00,0.000000000000000000e+00,1.000000000000000056e-01
9.983085723450515481e-01,-5.628577803389141210e-02,-1.455697679823646055e-02,6.363193685731025084e+01,5.598041427219570265e-02,9.982193961589802544e-01,-2.059685291286358563e-02,3.848135924889751980e+00,1.569036648068603684e-02,1.974710923452584546e-02,9.996818814385811658e-01,1.327662984429196502e+00,0.000000000000000000e+00,0.000000000000000000e+00,0.000000000000000000e+00,1.000000000000000056e-01
9.982801536435280676e-01,-5.719971384734397202e-02,-1.284241321698878849e-02,6.445266706413761426e+01,5.696030945558210046e-02,9.982088572801119941e-01,-1.829208556336250902e-02,3.895597554353030123e+00,1.386571268194485354e-02,1.752911815565794812e-02,9.997502048154363052e-01,1.353954505767401173e+00,0.000000000000000000e+00,0.000000000000000000e+00,0.000000000000000000e+00,1.000000000000000056e-01
9.981567380825087099e-01,-5.900541272536461573e-02,-1.419462889953748697e-02,6.526280471630046520e+01,5.873916046700117938e-02,9.981020178775249496e-01,-1.849521387940105538e-02,3.946451179398376752e+00,1.525900547604894936e-02,1.762734177130183266e-02,9.997281828446968888e-01,1.384073481440794895e+00,0.000000000000000000e+00,0.000000000000000000e+00,0.000000000000000000e+00,1.000000000000000056e-01
9.981227056653508845e-01,-5.991160617187427789e-02,-1.271471121124880151e-02,6.606892266410741854e+01,5.967115788298866380e-02,9.980463516055705364e-01,-1.851574907243282511e-02,3.988985877131785429e+00,1.379917940251015364e-02,1.772228802147432850e-02,9.997477197548896299e-01,1.416850447681239800e+00,0.000000000000000000e+00,0.000000000000000000e+00,0.000000000000000000e+00,1.000000000000000056e-01
9.980197550035675436e-01,-6.151371987696258731e-02,-1.313890747047104582e-02,6.681973885190366502e+01,6.127416152933689436e-02,9.979601391086798667e-01,-1.791752993749307424e-02,4.042625363366544988e+00,1.421427984442939774e-02,1.707697329982127074e-02,9.997531351445823056e-01,1.440306511077134033e+00,0.000000000000000000e+00,0.000000000000000000e+00,0.000000000000000000e+00,1.000000000000000056e-01
9.979374158134091122e-01,-6.315490203737764152e-02,-1.150532347673562800e-02,6.760813711436072992e+01,6.294964225324398144e-02,9.978649137610314801e-01,-1.740564347784563995e-02,4.097435049194962708e+00,1.258001032764642993e-02,1.664548687598243690e-02,9.997823118593456293e-01,1.460151558443979924e+00,0.000000000000000000e+00,0.000000000000000000e+00,0.000000000000000000e+00,1.000000000000000056e-01
9.978216466097288295e-01,-6.548301525319666361e-02,-7.996015907882103244e-03,6.835980592479045015e+01,6.535458891309617324e-02,9.977434763699876141e-01,-1.538613236431164190e-02,4.156910570736999766e+00,8.985503049339935502e-03,1.483003959811046886e-02,9.998496540282787448e-01,1.484525397033116700e+00,0.000000000000000000e+00,0.000000000000000000e+00,0.000000000000000000e+00,1.000000000000000056e-01
9.979301752130641523e-01,-6.389795752468678536e-02,-7.239918742396813864e-03,6.905465817246502525e+01,6.380465756149548973e-02,9.978846405098535932e-01,-1.245832685317509528e-02,4.205804923559722575e+00,8.020665351670041784e-03,1.197059976331896203e-02,9.998961814451653440e-01,1.510068333898695103e+00,0.000000000000000000e+00,0.000000000000000000e+00,0.000000000000000000e+00,1.000000000000000056e-01
9.979985007731929647e-01,-6.259599911847021914e-02,-8.985173833577206337e-03,6.971799656051615557e+01,6.250294986213164594e-02,9.979917514049383431e-01,-1.028811869272921488e-02,4.254386539061687067e+00,9.611124439470333791e-03,9.705927161497806058e-03,9.999067062806132888e-01,1.542288023977051781e+00,0.000000000000000000e+00,0.000000000000000000e+00,0.000000000000000000e+00,1.000000000000000056e-01
9.977352260338597789e-01,-6.580239695851607118e-02,-1.394500934659685665e-02,7.040538007436340706e+01,6.567223304988555055e-02,9.977951110783341848e-01,-9.595525749859452891e-03,4.314615718897678143e+00,1.454567074439393204e-02,8.657994149257202537e-03,9.998567210355226997e-01,1.565456776080247803e+00,0.000000000000000000e+00,0.000000000000000000e+00,0.000000000000000000e+00,1.000000000000000056e-01
9.977189054479673747e-01,-6.512965453669757043e-02,-1.775144533947656256e-02,7.114601082584832170e+01,6.495385474475202925e-02,9.978350386837651076e-01,-1.030690684767784047e-02,4.369365689271569764e+00,1.838429942934051431e-02,9.130371016529527720e-03,9.997893047335487671e-01,1.593059732441689968e+00,0.000000000000000000e+00,0.000000000000000000e+00,0.000000000000000000e+00,1.000000000000000056e-01
9.975871584009137205e-01,-6.713203764114908378e-02,-1.769607062987674923e-02,7.185607426150433241e+01,6.695435635263435881e-02,9.977013183384280115e-01,-1.044957181740362173e-02,4.420297356152648405e+00,1.835689404541780007e-02,9.239529636835795701e-03,9.997888054649818335e-01,1.615088183295150026e+00,0.000000000000000000e+00,0.000000000000000000e+00,0.000000000000000000e+00,1.000000000000000056e-01
9.975788004844602375e-01,-6.778026298046432863e-02,-1.556832599493818484e-02,7.253604861509681712e+01,6.764551218348180406e-02,9.976685954088928554e-01,-9.025431639612448501e-03,4.471423525944666189e+00,1.614377605828286669e-02,7.950451883132073419e-03,9.998380712942641635e-01,1.633485844769448692e+00,0.000000000000000000e+00,0.000000000000000000e+00,0.000000000000000000e+00,1.000000000000000056e-01
9.975185926926257718e-01,-6.875087678890412501e-02,-1.516489938246264567e-02,7.317197614579254150e+01,6.861270877915989774e-02,9.975986025206579066e-01,-9.451160924278279030e-03,4.518948116403096016e+00,1.577825803152828332e-02,8.387203919503434524e-03,9.998403379459658291e-01,1.653326717796693934e+00,0.000000000000000000e+00,0.000000000000000000e+00,0.000000000000000000e+00,1.000000000000000056e-01
9.974250682618659436e-01,-6.968652445722546551e-02,-1.694170923740197579e-02,7.375534604927504745e+01,6.951796651697571272e-02,9.975270769517283753e-01,-1.034326251649886688e-02,4.555630265814897051e+00,1.762059971047518978e-02,9.138876146063231592e-03,9.998029782955389910e-01,1.679760807499307118e+00,0.000000000000000000e+00,0.000000000000000000e+00,0.000000000000000000e+00,1.000000000000000056e-01
9.973961866841400958e-01,-6.917735833684011959e-02,-2.037988914279155461e-02,7.439749178143462416e+01,6.883005857522968285e-02,9.974787809903674640e-01,-1.727728307636876293e-02,4.586002378910017718e+00,2.152370378133153239e-02,1.582954729317759962e-02,9.996430140845413703e-01,1.712718510145135875e+00,0.000000000000000000e+00,0.000000000000000000e+00,0.000000000000000000e+00,1.000000000000000056e-01
9.973605845731908781e-01,-6.823950407397488815e-02,-2.480391952012538093e-02,7.502398699254909786e+01,6.774664935829352586e-02,9.974981270696082758e-01,-2.019598953624172216e-02,4.608719295928984216e+00,2.612002757554668375e-02,1.846230149145882543e-02,9.994883128796910876e-01,1.734468332465282758e+00,0.000000000000000000e+00,0.000000000000000000e+00,0.000000000000000000e+00,1.000000000000000056e-01
9.976996572355728565e-01,-6.309507808100167647e-02,-2.478719576661878379e-02,7.561226802256426538e+01,6.259855631217609018e-02,9.978318712091572840e-01,-2.032184900207116562e-02,4.649017913712851779e+00,2.601566258336892798e-02,1.872345911374185407e-02,9.994861766823812665e-01,1.764395191087628989e+00,0.000000000000000000e+00,0.000000000000000000e+00,0.000000000000000000e+00,1.000000000000000056e-01
9.980100491905483651e-01,-5.831322209795031242e-02,-2.398978622735756239e-02,7.618378648204347314e+01,5.793932569962959023e-02,9.981919346613726818e-01,-1.599675324739538440e-02,4.701554870140020270e+00,2.487923335136027481e-02,1.457496845763077420e-02,9.995842105807332123e-01,1.776030142865948180e+00,0.000000000000000000e+00,0.000000000000000000e+00,0.000000000000000000e+00,1.000000000000000056e-01
9.984818357919812426e-01,-5.121382376862655683e-02,-2.027727418740374668e-02,7.672262920488243765e+01,5.084545660272604684e-02,9.985391559755077973e-01,-1.828369564887823151e-02,4.720804696032828929e+00,2.118403021937494482e-02,1.722493073183658380e-02,9.996271998224878219e-01,1.803637550906874720e+00,0.000000000000000000e+00,0.000000000000000000e+00,0.000000000000000000e+00,1.000000000000000056e-01
9.988888063191606603e-01,-4.384211582407580160e-02,-1.729223786415712630e-02,7.728908997241407519e+01,4.344511709597178445e-02,9.987978461826136911e-01,-2.270207614931595355e-02,4.727671088553110579e+00,1.826675698638287673e-02,2.192558644689720018e-02,9.995927141832117169e-01,1.823887856421224862e+00,0.000000000000000000e+00,0.000000000000000000e+00,0.000000000000000000e+00,1.000000000000000056e-01
9.992590378148940022e-01,-3.559756090237634063e-02,-1.463519740399570751e-02,7.784374595630330873e+01,3.522182373110814557e-02,9.990623537993070791e-01,-2.517610680869739048e-02,4.732764223046580732e+00,1.551768276216079767e-02,2.464197392235044359e-02,9.995758973899396826e-01,1.856737041926876275e+00,0.000000000000000000e+00,0.000000000000000000e+00,0.000000000000000000e+00,1.000000000000000056e-01
9.996071890163847895e-01,-2.375869094700761019e-02,-1.486580879892028181e-02,7.833045972152923753e+01,2.343999497495812684e-02,9.994992233790490621e-01,-2.125721289943017719e-02,4.747105990381641938e+00,1.536340790109456261e-02,2.090040834917685289e-02,9.996635127024003920e-01,1.881520380393765013e+00,0.000000000000000000e+00,0.000000000000000000e+00,0.000000000000000000e+00,1.000000000000000056e-01
9.998485284296537712e-01,-9.436026004417258362e-03,-1.462469180187424452e-02,7.883457999585674258e+01,9.149898522493826042e-03,9.997677998106710984e-01,-1.950963399856666530e-02,4.757106931900188407e+00,1.480538935941610838e-02,1.937286439775812857e-02,9.997027020924481588e-01,1.889303418271605972e+00,0.000000000000000000e+00,0.000000000000000000e+00,0.000000000000000000e+00,1.000000000000000056e-01
9.998624092080318215e-01,9.444182540199875034e-03,-1.363708432392068785e-02,7.932756363574340241e+01,-9.614202186206470893e-03,9.998761976339094470e-01,-1.245618406567749678e-02,4.748536151912431613e+00,1.351775754454422225e-02,1.258557989536751923e-02,9.998294221564317796e-01,1.904129733727380369e+00,0.000000000000000000e+00,0.000000000000000000e+00,0.000000000000000000e+00,1.000000000000000056e-01
9.994123167508628391e-01,3.161327444320816138e-02,-1.325224530604060189e-02,7.981816416724822716e+01,-3.180347116982885913e-02,9.993904653222219769e-01,-1.439573008160788779e-02,4.719222416728186431e+00,1.278907143708793090e-02,1.480873735370598875e-02,9.998085521487430904e-01,1.923641247498687035e+00,0.000000000000000000e+00,0.000000000000000000e+00,0.000000000000000000e+00,1.000000000000000056e-01
9.983345507233961635e-01,5.622143683056188279e-02,-1.293347875174539682e-02,8.030492074482855003e+01,-5.644200254967779440e-02,9.982547261509259195e-01,-1.737245133888689827e-02,4.699784862459665646e+00,1.193420211396118216e-02,1.807350984305393024e-02,9.997654340203286916e-01,1.942512232269149042e+00,0.000000000000000000e+00,0.000000000000000000e+00,0.000000000000000000e+00,1.000000000000000056e-01
9.963489076498193153e-01,8.464069779049736286e-02,-1.117168306700291533e-02,8.077401596286878771e+01,-8.483530093431505825e-02,9.962273508986559944e-01,-1.827668013700432456e-02,4.650493340498635497e+00,9.582585266829916903e-03,1.915770338490139016e-02,9.997705519070964053e-01,1.959198549045865212e+00,0.000000000000000000e+00,0.000000000000000000e+00,0.000000000000000000e+00,1.000000000000000056e-01
9.930300071033657527e-01,1.174791612040216177e-01,-9.489556105999663593e-03,8.123940378289100295e+01,-1.176424212221797022e-01,9.928739257377029448e-01,-1.901652752701122120e-02,4.586990357180876110e+00,7.187887121585610078e-03,2.000035682186282124e-02,9.997741344952496556e-01,1.974595190941902612e+00,0.000000000000000000e+00,0.000000000000000000e+00,0.000000000000000000e+00,1.000000000000000056e-01
