1.000000000000000000e+00,-9.528706176258154626e-11,1.492497655262520876e-10,8.565323326918803678e-16,9.528706173852620347e-11,1.000000000000000000e+00,1.611750111076215243e-10,4.120995683177512200e-16,-1.492497655416099882e-10,-1.611750110933999632e-10,1.000000000000000000e+00,-6.700178692674253587e-17,0.000000000000000000e+00,0.000000000000000000e+00,0.000000000000000000e+00,1.000000000000000056e-01
9.999934063688236119e-01,-3.555765581823632036e-03,-7.373940628559609361e-04,6.452243608727240565e-01,3.554819210059739863e-03,9.999928614263844384e-01,-1.280764090557634299e-03,1.928279427607770824e-02,7.419428957858000212e-04,1.278134343091572945e-03,9.999989079460739339e-01,1.099513023451596620e-02,0.000000000000000000e+00,0.000000000000000000e+00,0.000000000000000000e+00,1.000000000000000056e-01
9.999541462340596487e-01,-9.485036160337939615e-03,-1.318908014228761545e-03,1.325740734149594369e+00,9.486351691896880572e-03,9.999545087301705548e-01,9.947873043390184113e-04,2.653542061464468638e-02,1.309412421874905485e-03,-1.007253314867040048e-03,9.999986354390035803e-01,1.628912387450653226e-02,0.000000000000000000e+00,0.000000000000000000e+00,0.000000000000000000e+00,1.000000000000000056e-01
9.998857010300304937e-01,-1.503457632853672996e-02,-1.595741302945627048e-03,2.045364116161647594e+00,1.503687026515715744e-02,9.998859095604523128e-01,1.435407640988980299e-03,3.374704436174609523e-02,1.573978498377956057e-03,-1.459238530323275166e-03,9.999976966046463245e-01,1.663791817951014440e-02,0.000000000000000000e+00,0.000000000000000000e+00,0.000000000000000000e+00,1.000000000000000056e-01
9.997937153822550327e-01,-2.020748403979269123e-02,-2.045549052921309501e-03,2.750926360215978583e+00,2.021371753928484852e-02,9.997909562991921240e-01,3.073975534870947938e-03,3.806900841283365755e-02,1.983004132217485241e-03,-3.114689571771283010e-03,9.999931831785070502e-01,1.801663701415185878e-02,0.000000000000000000e+00,0.000000000000000000e+00,0.000000000000000000e+00,1.000000000000000056e-01
9.996782042952708780e-01,-2.528966908153350984e-02,-1.980023921355535729e-03,3.459559752418120748e+00,2.529862772216916883e-02,9.996691778765236513e-01,4.638344429900250789e-03,5.893677615990433605e-02,1.862066689918987503e-03,-4.686943718653018877e-03,9.999872825522434505e-01,2.774103928468042712e-02,0.000000000000000000e+00,0.000000000000000000e+00,0.000000000000000000e+00,1.000000000000000056e-01
9.995673058776962661e-01,-2.936024562267523438e-02,-1.782413358388430531e-03,4.191875132706750051e+00,2.936957865252564151e-02,9.995537212102686420e-01,5.457679404075483146e-03,8.477712698097830679e-02,1.621379097278575869e-03,-5.507666627596422351e-03,9.999835182332467154e-01,3.486455121446975502e-02,0.000000000000000000e+00,0.000000000000000000e+00,0.000000000000000000e+00,1.000000000000000056e-01
9.994091647724758776e-01,-3.428880170215920647e-02,-2.366314985827482151e-03,4.958771289932622395e+00,3.430771770716827679e-02,9.993753469429568215e-01,8.479176161034170101e-03,1.210257147294923202e-01,2.074096069954281616e-03,-8.555349231597859233e-03,9.999612513117785983e-01,4.886983657703175554e-02,0.000000000000000000e+00,0.000000000000000000e+00,0.000000000000000000e+00,1.000000000000000056e-01
9.992949137271786020e-01,-3.750022834855086529e-02,-1.846150805636128083e-03,5.718931946958926815e+00,3.751546348463320746e-02,9.992550000210224104e-01,9.057313758481134666e-03,1.587300828676175557e-01,1.505124089157225918e-03,-9.120186774017361234e-03,9.999572774847349521e-01,4.862891657235332565e-02,0.000000000000000000e+00,0.000000000000000000e+00,0.000000000000000000e+00,1.000000000000000056e-01
9.991485680893414933e-01,-4.125615258448622064e-02,2.622192671435046962e-04,6.512970082120080662e+00,4.125257622643736105e-02,9.991145208225402641e-01,8.270383076241390879e-03,2.038311384686823935e-01,-6.031912635680875944e-04,-8.252524187871031897e-03,9.999657654164106901e-01,5.328062640862959304e-02,0.000000000000000000e+00,0.000000000000000000e+00,0.000000000000000000e+00,1.000000000000000056e-01
9.990472434078681019e-01,-4.357769343452358446e-02,2.364333746855402322e-03,7.327513173502742561e+00,4.356439073557878683e-02,9.990359568546697266e-01,5.413018687606171997e-03,2.381874770256661999e-01,-2.597941296037322139e-03,-5.304860639190897911e-03,9.999825544251365050e-01,6.164363487753769105e-02,0.000000000000000000e+00,0.000000000000000000e+00,0.000000000000000000e+00,1.000000000000000056e-01
9.989296406040055754e-01,-4.606679894932731723e-02,4.174105570597561390e-03,8.141676098940797246e+00,4.603684155210183149e-02,9.989151505733446790e-01,7.009363376134349587e-03,2.877431861631580268e-01,-4.492476227973659503e-03,-6.809698201409418970e-03,9.999667222801701394e-01,5.999757150081460461e-02,0.000000000000000000e+00,0.000000000000000000e+00,0.000000000000000000e+00,1.000000000000000056e-01
9.988922993740412259e-01,-4.697835862158824399e-02,2.684785366144348644e-03,8.954079532704358968e+00,4.696163860067113088e-02,9.988787692699259146e-01,5.984045599604166134e-03,3.246381294293512743e-01,-2.962895742474315648e-03,-5.851335148462476730e-03,9.999784913315883372e-01,5.751944489500846608e-02,0.000000000000000000e+00,0.000000000000000000e+00,0.000000000000000000e+00,1.000000000000000056e-01
9.987748495471111543e-01,-4.940881912347145494e-02,2.751091595984697137e-03,9.730491823005062102e+00,4.938918018058077036e-02,9.987564636384709260e-01,6.799648628122044978e-03,3.801573934004306432e-01,-3.083633122721235638e-03,-6.655443876998447424e-03,9.999730977749173855e-01,7.042684682218949832e-02,0.000000000000000000e+00,0.000000000000000000e+00,0.000000000000000000e+00,1.000000000000000056e-01
9.986141202545206763e-01,-5.247458200922287819e-02,4.032005859018675600e-03,1.055767540317213360e+01,5.244946198328701015e-02,9.986049366549180073e-01,6.102001810141303127e-03,4.296354903318005403e-01,-4.346580949844289221e-03,-5.882068631406760055e-03,9.999732538936538795e-01,7.101578804648742138e-02,0.000000000000000000e+00,0.000000000000000000e+00,0.000000000000000000e+00,1.000000000000000056e-01
9.985496729329225163e-01,-5.361131792050044531e-02,4.937334947160713396e-03,1.137408765463939986e+01,5.357914955047178573e-02,9.985428890558691872e-01,6.432219632928316833e-03,4.900196100515994968e-01,-5.274980474049771086e-03,-6.158352603178599699e-03,9.999671240966941932e-01,8.281059371694869664e-02,0.000000000000000000e+00,0.000000000000000000e+00,0.000000000000000000e+00,1.000000000000000056e-01
9.984342723036891964e-01,-5.583680051132585559e-02,3.354936372129769476e-03,1.223813239000578967e+01,5.580868208205645026e-02,9.984097505126350303e-01,7.959967685972853257e-03,5.474960359280867106e-01,-3.794060314042114069e-03,-7.760269966707467743e-03,9.999626909622064685e-01,8.505549405949926201e-02,0.000000000000000000e+00,0.000000000000000000e+00,0.000000000000000000e+00,1.000000000000000056e-01
9.982745379805811892e-01,-5.868973914641547468e-02,1.860467302309085948e-03,1.312588057588340007e+01,5.866987042793762180e-02,9.982334984019246571e-01,9.366374550681216132e-03,6.196188648380006603e-01,-2.406890862973494818e-03,-9.241059851572475115e-03,9.999544038050901529e-01,8.357773185959369022e-02,0.000000000000000000e+00,0.000000000000000000e+00,0.000000000000000000e+00,1.000000000000000056e-01
9.985065368104187877e-01,-5.459931371035874753e-02,1.900233991259177909e-03,1.399660508331735720e+01,5.457169669518289329e-02,9.984329051489696516e-01,1.239612179665833085e-02,6.684911326386069330e-01,-2.574075887123287044e-03,-1.227390965204058250e-02,9.999213595454299330e-01,8.695151151300817283e-02,0.000000000000000000e+00,0.000000000000000000e+00,0.000000000000000000e+00,1.000000000000000056e-01
9.973877286538754827e-01,-7.221367960321552204e-02,1.703880520249130516e-03,1.498929867100479463e+01,7.218704026564919107e-02,9.973134567994959010e-01,1.244588704454233953e-02,7.825106017300668126e-01,-2.598066271035375137e-03,-1.229037691871570116e-02,9.999210952304422584e-01,8.663398644025210871e-02,0.000000000000000000e+00,0.000000000000000000e+00,0.000000000000000000e+00,1.000000000000000056e-01
9.971725715743749996e-01,-7.506232056790071439e-02,3.537022859655952669e-03,1.596080270719931349e+01,7.501788242107140792e-02,9.971174882805643458e-01,1.135922013682684820e-02,8.526819127647692342e-01,-4.379476773122932196e-03,-1.106176278991273867e-02,9.999292262891276151e-01,9.892103907710353417e-02,0.000000000000000000e+00,0.000000000000000000e+00,0.000000000000000000e+00,1.000000000000000056e-01
9.970431392886092148e-01,-7.668123673911023119e-02,4.996631833107456795e-03,1.687918903807107895e+01,7.662198543158349473e-02,9.969980738007145904e-01,1.113158507074082926e-02,9.406550534843080014e-01,-5.835216023190491035e-03,-1.071581867266630655e-02,9.999255579712608144e-01,1.042763774998276549e-01,0.000000000000000000e+00,0.000000000000000000e+00,0.000000000000000000e+00,1.000000000000000056e-01
9.968416459352558157e-01,-7.916423197188042493e-02,6.305339435147898700e-03,1.775563044019929748e+01,7.909164185571647410e-02,9.968062998691852306e-01,1.103234923627248974e-02,1.017001382274848043e+00,-7.158569525904108499e-03,-1.049880552283498879e-02,9.999192617231336122e-01,1.121491200633741164e-01,0.000000000000000000e+00,0.000000000000000000e+00,0.000000000000000000e+00,1.000000000000000056e-01
9.969234074959795189e-01,-7.816306931653070611e-02,5.852707204730420512e-03,1.865763895558164620e+01,7.810072540983102607e-02,9.968931376885257212e-01,1.021512212282237042e-02,1.105945462110706545e+00,-6.632968947858941880e-03,-9.726593676370850344e-03,9.999306961476838174e-01,1.104584379865446303e-01,0.000000000000000000e+00,0.000000000000000000e+00,0.000000000000000000e+00,1.000000000000000056e-01
9.966405113767805579e-01,-8.166500240624535722e-02,6.206324565895727022e-03,1.958602054619029786e+01,8.161093778199873805e-02,9.966278826130771096e-01,8.515775508864436433e-03,1.194595664185613915e+00,-6.880836938340642583e-03,-7.980662889922308934e-03,9.999444800101980890e-01,1.203688332150582990e-01,0.000000000000000000e+00,0.000000000000000000e+00,0.000000000000000000e+00,1.000000000000000056e-01
9.965902138837335889e-01,-8.207478139819512908e-02,8.466159082640634798e-03,2.051560234571933705e+01,8.200611665692861263e-02,9.965984020641616148e-01,8.162219919234844565e-03,1.275378368590381895e+00,-9.107273028975838153e-03,-7.440111665709180609e-03,9.999308487672422530e-01,1.201279629438306851e-01,0.000000000000000000e+00,0.000000000000000000e+00,0.000000000000000000e+00,1.000000000000000056e-01
9.966048564560433531e-01,-8.149691356729968361e-02,1.170526237353914853e-02,2.143232578724735049e+01,8.140097079833860660e-02,9.966455938277545279e-01,8.452352146623284476e-03,1.363664293953854356e+00,-1.235483878151933529e-02,-7.470835477146076445e-03,9.998957668557038048e-01,1.154469407764203703e-01,0.000000000000000000e+00,0.000000000000000000e+00,0.000000000000000000e+00,1.000000000000000056e-01
9.966801072125724970e-01,-8.006322677270662214e-02,1.478660222894933804e-02,2.237918259397302734e+01,7.992467444373048402e-02,9.967533613510051183e-01,9.735658710965225393e-03,1.459873818489353825e+00,-1.551806372582320223e-02,-8.521522998552119588e-03,9.998432743905348863e-01,1.167721140183016482e-01,0.000000000000000000e+00,0.000000000000000000e+00,0.000000000000000000e+00,1.000000000000000056e-01
9.967312111317156997e-01,-7.878560184895430640e-02,1.788076332825952811e-02,2.333912201446459633e+01,7.860031077632093077e-02,9.968472718150691581e-01,1.084010243122168239e-02,1.537517427737021602e+00,-1.867843413589455673e-02,-9.399234870544401557e-03,9.997813613396078214e-01,1.142293221912076551e-01,0.000000000000000000e+00,0.000000000000000000e+00,0.000000000000000000e+00,1.000000000000000056e-01
9.969072262978370125e-01,-7.650195172375609531e-02,1.798425805000704661e-02,2.426164738389199371e+01,7.632681999149229513e-02,9.970303549575495472e-01,1.023170773669474301e-02,1.613775438636911197e+00,-1.871359679857089939e-02,-8.827382153215043020e-03,9.997859163936955174e-01,1.070251089194835803e-01,0.000000000000000000e+00,0.000000000000000000e+00,0.000000000000000000e+00,1.000000000000000056e-01
9.971296437692479531e-01,-7.391437061839699341e-02,1.640546654925960010e-02,2.522001429876195644e+01,7.377667802107081008e-02,9.972355524444218577e-01,8.846169851631781669e-03,1.686906309164033502e+00,-1.701397357432618204e-02,-7.610437369489687388e-03,9.998262878851791324e-01,9.526360334219054204e-02,0.000000000000000000e+00,0.000000000000000000e+00,0.000000000000000000e+00,1.000000000000000056e-01
9.973954673510141422e-01,-7.096822684412545934e-02,1.287604311319353635e-02,2.616399105699413852e+01,7.086836687112191280e-02,9.974531662644977592e-01,8.053302797506250305e-03,1.767093803900045224e+00,-1.341477859199092550e-02,-7.119823560243794883e-03,9.998846692633099886e-01,9.692047143366541717e-02,0.000000000000000000e+00,0.000000000000000000e+00,0.000000000000000000e+00,1.000000000000000056e-01
9.975218295456926842e-01,-6.951509264370893393e-02,1.085594190066735756e-02,2.712000772514780778e+01,6.944315313749734042e-02,9.975622599267331969e-01,6.869210448877083666e-03,1.835323847955065757e+00,-1.130699173680586866e-02,-6.098316538638440601e-03,9.999174778316750611e-01,9.055092405298054148e-02,0.000000000000000000e+00,0.000000000000000000e+00,0.000000000000000000e+00,1.000000000000000056e-01
9.976513396069355277e-01,-6.748926681713944553e-02,1.170484707170467084e-02,2.807957638350676177e+01,6.742529107341309336e-02,9.977075989258613609e-01,5.777297747046268410e-03,1.900484531263454402e+00,-1.206792045683733119e-02,-4.974526115869365266e-03,9.999148060638816116e-01,9.777132045890078726e-02,0.000000000000000000e+00,0.000000000000000000e+00,0.000000000000000000e+00,1.000000000000000056e-01
9.975400237391773839e-01,-6.832532300672711223e-02,1.567007576458721158e-02,2.907271219427244802e+01,6.825193958901951130e-02,9.976547135459513660e-01,5.171584078658955988e-03,1.953486323505800426e+00,-1.598667510079342796e-02,-4.089349040154640832e-03,9.998638424523857982e-01,9.154807810726654782e-02,0.000000000000000000e+00,0.000000000000000000e+00,0.000000000000000000e+00,1.000000000000000056e-01
9.974557532594200415e-01,-6.856908393299958326e-02,1.950130811694737384e-02,3.002187829651775530e+01,6.856023272940060809e-02,9.976463469792532512e-01,1.122874455093117322e-03,2.008565403336396660e+00,-1.953240327694691011e-02,2.169966376049951222e-04,9.998092008651880969e-01,9.120637521836486017e-02,0.000000000000000000e+00,0.000000000000000000e+00,0.000000000000000000e+00,1.000000000000000056e-01
9.974479044343830259e-01,-6.864553571564895040e-02,1.963334830764913025e-02,3.096873912498764625e+01,6.873333965880833174e-02,9.976277075856018195e-01,-3.832111277591781183e-03,2.061010136563201200e+00,-1.932371493281739155e-02,5.171796961262625260e-03,9.997999032593405389e-01,9.202413695016425921e-02,0.000000000000000000e+00,0.000000000000000000e+00,0.000000000000000000e+00,1.000000000000000056e-01
9.974843003132999320e-01,-6.839944256704894032e-02,1.861684412040745182e-02,3.193328153370692490e+01,6.851913694240513442e-02,9.976325416443928562e-01,-5.868536854841403978e-03,2.104362629851896926e+00,-1.817136486768422196e-02,7.129383470235899252e-03,9.998094685439720131e-01,8.396384350117012951e-02,0.000000000000000000e+00,0.000000000000000000e+00,0.000000000000000000e+00,1.000000000000000056e-01
9.974675201851037620e-01,-6.900158662939373522e-02,1.724317889502905918e-02,3.292479464787771093e+01,6.910275406116966890e-02,9.975952495555266974e-01,-5.341109005441471193e-03,2.184406360160179972e+00,-1.683316835718110319e-02,6.519133905111973958e-03,9.998370593932723871e-01,8.212154582371644640e-02,0.000000000000000000e+00,0.000000000000000000e+00,0.000000000000000000e+00,1.000000000000000056e-01
9.974609900634602289e-01,-6.944543666270877602e-02,1.577671158218437591e-02,3.388395463092295756e+01,6.957222854742867169e-02,9.975477024058192477e-01,-7.634555639690902146e-03,2.255489757303613452e+00,-1.520783734020322159e-02,8.712792410983258296e-03,9.998463926683123226e-01,6.842592666909672050e-02,0.000000000000000000e+00,0.000000000000000000e+00,0.000000000000000000e+00,1.000000000000000056e-01
9.974659001568273453e-01,-6.905182650182252468e-02,1.713543933176066639e-02,3.486308080556349154e+01,6.920761871603033077e-02,9.975645934905432721e-01,-8.671062547557884664e-03,2.328453463590742789e+00,-1.649495486464927843e-02,9.834992161120138798e-03,9.998155776908078662e-01,6.776576035185150060e-02,0.000000000000000000e+00,0.000000000000000000e+00,0.000000000000000000e+00,1.000000000000000056e-01
9.974250556754389319e-01,-6.912991488327124845e-02,1.908698978569254440e-02,3.585855411957245309e+01,6.926362618475806476e-02,9.975776384733622271e-01,-6.434695458836106954e-03,2.404308078478925914e+00,-1.859592424660724136e-02,7.740160601792602998e-03,9.997971201775253114e-01,5.394280420751363520e-02,0.000000000000000000e+00,0.000000000000000000e+00,0.000000000000000000e+00,1.000000000000000056e-01
9.972270748855384115e-01,-7.163703846424851474e-02,2.015678137264145450e-02,3.684456918967595840e+01,7.176722679791502912e-02,9.974044840547120483e-01,-5.810365331909700740e-03,2.480833804333151704e+00,-1.968822676040972788e-02,7.240849924243000432e-03,9.997799476981948930e-01,5.129935887192409866e-02,0.000000000000000000e+00,0.000000000000000000e+00,0.000000000000000000e+00,1.000000000000000056e-01
9.971618715884266182e-01,-7.201631639848538047e-02,2.195112804981452781e-02,3.784243295294153597e+01,7.216243670210778505e-02,9.973752179525333661e-01,-5.937789433026622113e-03,2.549696543409859295e+00,-2.146589340047130173e-02,7.504984112569411392e-03,9.997414118830877383e-01,4.386272303406462542e-02,0.000000000000000000e+00,0.000000000000000000e+00,0.000000000000000000e+00,1.000000000000000056e-01
9.971763322149705955e-01,-7.103582773114393289e-02,2.435720938140913810e-02,3.883144416188913794e+01,7.120591051043860531e-02,9.974424489726211318e-01,-6.187026416589155517e-03,2.619427294295014974e+00,-2.385541403283476802e-02,7.903933580908141174e-03,9.996841736544950230e-01,4.469891417106913040e-02,0.000000000000000000e+00,0.000000000000000000e+00,0.000000000000000000e+00,1.000000000000000056e-01
9.973048743750398959e-01,-6.898900510975011779e-02,2.497007652677222383e-02,3.983445592156673598e+01,6.913008648823909530e-02,9.975959586941031132e-01,-4.830563043972386887e-03,2.692686522717037345e+00,-2.457679169286687559e-02,6.543727619643303732e-03,9.996765281524445657e-01,2.456290413034327089e-02,0.000000000000000000e+00,0.000000000000000000e+00,0.000000000000000000e+00,1.000000000000000056e-01
9.973320799947469339e-01,-6.887371501601237400e-02,2.418953478768948520e-02,4.083177816516607805e+01,6.904137545571038814e-02,9.975947496366706080e-01,-6.164736209458934225e-03,2.771330710047045010e+00,-2.370676461551346134e-02,7.818367939774447176e-03,9.996883826644296089e-01,2.201622512058200309e-02,0.000000000000000000e+00,0.000000000000000000e+00,0.000000000000000000e+00,1.000000000000000056e-01
9.973427562939478630e-01,-6.951346482383505276e-02,2.180148334807556834e-02,4.183097931585724183e+01,6.963708865814821625e-02,9.975600478769062196e-01,-4.962535948664331675e-03,2.845003367036107900e+00,-2.140332570438934282e-02,6.467541110037765620e-03,9.997500030311486929e-01,2.788791291060142841e-02,0.000000000000000000e+00,0.000000000000000000e+00,0.000000000000000000e+00,1.000000000000000056e-01
9.974720498441975725e-01,-6.846629651540664385e-02,1.902303921772326156e-02,4.284398063964771097e+01,6.849210365403116119e-02,9.976514075302067575e-01,-7.076652052135434324e-04,2.909570456897832891e+00,-1.892991063529014806e-02,2.008804236762768997e-03,9.998187951768451320e-01,3.035136925485758252e-02,0.000000000000000000e+00,0.000000000000000000e+00,0.000000000000000000e+00,1.000000000000000056e-01
9.975428464968526532e-01,-6.722260721057314592e-02,1.973297957151078780e-02,4.386505546005223977e+01,6.726439751461733840e-02,9.977341160305894796e-01,-1.461005014979971286e-03,2.987693292620250851e+00,-1.959005436317631799e-02,2.784742083435222480e-03,9.998042183255562154e-01,2.981848740077562565e-02,0.000000000000000000e+00,0.000000000000000000e+00,0.000000000000000000e+00,1.000000000000000056e-01
9.975407977666912451e-01,-6.686210423013980164e-02,2.101941504683710674e-02,4.484564218918418987e+01,6.695729921343290814e-02,9.977483852325345071e-01,-3.857440590940883207e-03,3.061225973167209791e+00,-2.071417082666110118e-02,5.255357627007191390e-03,9.997716260942676181e-01,2.830218471956107151e-02,0.000000000000000000e+00,0.000000000000000000e+00,0.000000000000000000e+00,1.000000000000000056e-01
9.975115239533189904e-01,-6.666464988500193922e-02,2.294741894063780790e-02,4.581915398017686414e+01,6.677010633945736073e-02,9.977609214277456395e-01,-3.859607632074208219e-03,3.130995695505391918e+00,-2.263873847511357201e-02,5.382204693814668719e-03,9.997292230363625798e-01,2.146733415518880042e-02,0.000000000000000000e+00,0.000000000000000000e+00,0.000000000000000000e+00,1.000000000000000056e-01
9.972889563682911795e-01,-7.076441972985010598e-02,2.017757185942563314e-02,4.672207463942517336e+01,7.081647061887462458e-02,9.974875979845216900e-01,-1.875994710872692494e-03,3.198591843020414771e+00,-1.999412401008737739e-02,3.299813232101907971e-03,9.997946520349578758e-01,2.282642546484495161e-02,0.000000000000000000e+00,0.000000000000000000e+00,0.000000000000000000e+00,1.000000000000000056e-01
9.975367939402601802e-01,-6.863478921474884531e-02,1.447792957691030127e-02,4.766323192681578291e+01,6.864576237787896329e-02,9.976410631048195921e-01,-2.617530232442268415e-04,3.267682149850893669e+00,-1.442581169108881137e-02,1.254956785071466600e-03,9.998951550240259278e-01,9.348363648189529987e-03,0.000000000000000000e+00,0.000000000000000000e+00,0.000000000000000000e+00,1.000000000000000056e-01
9.977263135684426576e-01,-6.583834424999845947e-02,1.440540313717106335e-02,4.860590507058198995e+01,6.585616467252433659e-02,9.978288326552289256e-01,-7.657000251857838148e-04,3.344278463704567717e+00,-1.432371417444095948e-02,1.712643664603511785e-03,9.998959436180981930e-01,6.266015729493123673e-03,0.000000000000000000e+00,0.000000000000000000e+00,0.000000000000000000e+00,1.000000000000000056e-01
9.978278330508316696e-01,-6.348212382453827241e-02,1.759646395750284406e-02,4.956922676525788773e+01,6.349540670659137298e-02,9.979821113933499133e-01,-1.966368118542851122e-04,3.424516576431627435e+00,-1.754847333092707587e-02,1.313504319450104450e-03,9.998451509059572695e-01,2.560608260473125081e-03,0.000000000000000000e+00,0.000000000000000000e+00,0.000000000000000000e+00,1.000000000000000056e-01
9.979045612258362619e-01,-6.134233266664051998e-02,2.058166435656840973e-02,5.056754498493948091e+01,6.141383636956723735e-02,9.981082922481908648e-01,-2.859658681030407580e-03,3.507824589897345469e+00,-2.036731172843514112e-02,4.117665408356948470e-03,9.997840854127162391e-01,8.701697792656179833e-03,0.000000000000000000e+00,0.000000000000000000e+00,0.000000000000000000e+00,1.000000000000000056e-01
9.980789706613588663e-01,-5.804301422685005651e-02,2.166510611615077297e-02,5.150114168087326050e+01,5.816513763458240616e-02,9.982942052581698089e-01,-5.049407084916130231e-03,3.562130567216895027e+00,-2.133506708478970226e-02,6.299860904877005799e-03,9.997525327125041938e-01,-3.461229733327159542e-03,0.000000000000000000e+00,0.000000000000000000e+00,0.000000000000000000e+00,1.000000000000000056e-01
9.981810685882417378e-01,-5.666298835409715184e-02,2.058786202642952021e-02,5.244319326527511294e+01,5.682216638212145288e-02,9.983581345794679818e-01,-7.230250801137872753e-03,3.606821378044672510e+00,-2.014437191074356162e-02,8.386946392358731600e-03,9.997619033602617167e-01,-2.501300785890907610e-03,0.000000000000000000e+00,0.000000000000000000e+00,0.000000000000000000e+00,1.000000000000000056e-01
9.981715850088153097e-01,-5.710784038775352373e-02,1.980357157778129401e-02,5.341899413502932248e+01,5.729439517519461372e-02,9.983169038068294698e-01,-8.983977685537068714e-03,3.675980635440636579e+00,-1.925718469813476191e-02,1.010218490191401586e-02,9.997635253887338092e-01,9.010307173193173730e-03,0.000000000000000000e+00,0.000000000000000000e+00,0.000000000000000000e+00,1.000000000000000056e-01
9.982214568910633412e-01,-5.580894716019513258e-02,2.095911303356038854e-02,5.438372069763509842e+01,5.595866183769840352e-02,9.984111032120669416e-01,-6.625492298501420817e-03,3.718978791387904881e+00,-2.055604941658609533e-02,7.786552493493710710e-03,9.997583800262186404e-01,5.092174915401165118e-03,0.000000000000000000e+00,0.000000000000000000e+00,0.000000000000000000e+00,1.000000000000000056e-01
9.981314006255952442e-01,-5.579919656068358519e-02,2.490294658006889095e-02,5.533373091530473431e+01,5.601702958397395543e-02,9.983966588911774576e-01,-8.136578612786682721e-03,3.777115149634237667e+00,-2.440900411273991960e-02,9.516363702384877596e-03,9.996567607634673225e-01,5.123660973832116876e-03,0.000000000000000000e+00,0.000000000000000000e+00,0.000000000000000000e+00,1.000000000000000056e-01
9.979318010157153251e-01,-5.699570677578159883e-02,2.972557704502840417e-02,5.629662550010127120e+01,5.731525310289160846e-02,9.983059432515788423e-01,-1.001026624655212104e-02,3.829253936449535711e+00,-2.910467803089857378e-02,1.169329199603389054e-02,9.995079712733726529e-01,1.173573427458385506e-02,0.000000000000000000e+00,0.000000000000000000e+00,0.000000000000000000e+00,1.000000000000000056e-01
9.979375990062356871e-01,-5.568239636483050120e-02,3.193773981889470870e-02,5.726036969089070539e+01,5.592009056366525205e-02,9.984134500310354321e-01,-6.597444086656939488e-03,3.892666873807879124e+00,-3.151970750214820594e-02,8.369798814487683369e-03,9.994680857870270607e-01,-7.910600270811914613e-04,0.000000000000000000e+00,0.000000000000000000e+00,0.000000000000000000e+00,1.000000000000000056e-01
9.978399923543075367e-01,-5.835517316222520179e-02,3.016659449726157363e-02,5.815389160979336225e+01,5.855283382685742832e-02,9.982679794650810567e-01,-5.710238659541537996e-03,3.949671747353434181e+00,-2.978112337034856741e-02,7.464244095098548047e-03,9.995285737540917648e-01,-1.220926086092022182e-02,0.000000000000000000e+00,0.000000000000000000e+00,0.000000000000000000e+00,1.000000000000000056e-01
9.977190635568957688e-01,-6.226294889593429055e-02,2.607672161014797790e-02,5.906658443609489240e+01,6.242084558591184246e-02,9.980359261807912885e-01,-5.284703283056773303e-03,4.002160227140358018e+00,-2.569646379349955351e-02,6.900380223761313526e-03,9.996459755839949279e-01,-2.043128708083011974e-02,0.000000000000000000e+00,0.000000000000000000e+00,0.000000000000000000e+00,1.000000000000000056e-01
9.977149557765696564e-01,-6.419515178058828042e-02,2.106773617703007820e-02,6.001278673339596281e+01,6.433816999690901428e-02,9.979090071573918364e-01,-6.181691968810337952e-03,4.072562553483276560e+00,-2.062684903727532784e-02,7.523026120893773656e-03,9.997589395333146278e-01,-2.841375336087434075e-02,0.000000000000000000e+00,0.000000000000000000e+00,0.000000000000000000e+00,1.000000000000000056e-01
9.977736659141243081e-01,-6.292127198008547195e-02,2.210486690069870391e-02,6.092264534975817014e+01,6.300140797538759940e-02,9.980090868163696838e-01,-2.947070592053589733e-03,4.141078772491076698e+00,-2.187542459949659568e-02,4.333147166193579598e-03,9.997513138947244915e-01,-4.962596711977351749e-02,0.000000000000000000e+00,0.000000000000000000e+00,0.000000000000000000e+00,1.000000000000000056e-01
9.975859385338774477e-01,-6.519474925799129128e-02,2.391526518085483957e-02,6.184899846230175058e+01,6.527267920675053348e-02,9.978643537997133883e-01,-2.491739362974696066e-03,4.199141926209835063e+00,-2.370174231265709600e-02,4.046737583289226718e-03,9.997108838690695887e-01,-4.931611504565296816e-02,0.000000000000000000e+00,0.000000000000000000e+00,0.000000000000000000e+00,1.000000000000000056e-01
9.975344541373618590e-01,-6.586554564665998701e-02,2.422277245781952193e-02,6.273653567703382095e+01,6.588795832169865030e-02,9.978270194287474082e-01,-1.274603479620918956e-04,4.271930008201709761e+00,-2.416174159851997016e-02,1.723135110765326369e-03,9.997065774757692980e-01,-4.730433019035192033e-02,0.000000000000000000e+00,0.000000000000000000e+00,0.000000000000000000e+00,1.000000000000000056e-01
9.974325369529591923e-01,-6.749289037569457250e-02,2.393833695806941303e-02,6.356870709253545471e+01,6.749141852549873921e-02,9.977194750748897834e-01,8.703342475048214937e-04,4.334952998299812954e+00,-2.394248635792790153e-02,7.475326219556980688e-04,9.997130581031636876e-01,-5.154913778741430919e-02,0.000000000000000000e+00,0.000000000000000000e+00,0.000000000000000000e+00,1.000000000000000056e-01
9.972327027455989423e-01,-6.997333545865114246e-02,2.511312205797864086e-02,6.438323786987206176e+01,6.994514237804447254e-02,9.975488336598246075e-01,2.000380373499721989e-03,4.392263969764298892e+00,-2.519153890541320565e-02,-2.383038284818536894e-04,9.996826144226288458e-01,-5.557666373429859252e-02,0.000000000000000000e+00,0.000000000000000000e+00,0.000000000000000000e+00,1.000000000000000056e-01
9.971415191036939740e-01,-7.099497722673245304e-02,2.585544600569297455e-02,6.518475641829040512e+01,7.097251645256991148e-02,9.974766715727898525e-01,1.786498379082629949e-03,4.440231665684811979e+00,-2.591703663552718043e-02,5.363435943283678762e-05,9.996640957518621029e-01,-6.267439543843603134e-02,0.000000000000000000e+00,0.000000000000000000e+00,0.000000000000000000e+00,1.000000000000000056e-01
9.970772003671541928e-01,-7.162625311651997506e-02,2.658451377185841805e-02,6.597922643985526747e+01,7.160134069014838232e-02,9.974315412430713179e-01,1.889059248549063499e-03,4.499281663084193639e+00,-2.665153878055107409e-02,1.994892078979574896e-05,9.996447844522919901e-01,-6.909833474329535319e-02,0.000000000000000000e+00,0.000000000000000000e+00,0.000000000000000000e+00,1.000000000000000056e-01
9.968356331208387822e-01,-7.467100337215669403e-02,2.725732554693885076e-02,6.672608214946686189e+01,7.465028269440614206e-02,9.972081892016152471e-01,1.778393342540819135e-03,4.558805605172990383e+00,-2.731402266641970791e-02,2.620012040228809338e-04,9.996268681468838402e-01,-7.764234789518656421e-02,0.000000000000000000e+00,0.000000000000000000e+00,0.000000000000000000e+00,1.000000000000000056e-01
9.968670811679493093e-01,-7.360916144101847802e-02,2.894328653838966134e-02,6.751129821407999998e+01,7.355575321436633174e-02,9.972868694169175763e-01,2.907104688710328115e-03,4.632143228317771921e+00,-2.907874916086465936e-02,-7.690517238538435978e-04,9.995768279160364145e-01,-8.981465673596854271e-02,0.000000000000000000e+00,0.000000000000000000e+00,0.000000000000000000e+00,1.000000000000000056e-01
9.966272092335463073e-01,-7.520959893736903212e-02,3.282867714412395638e-02,6.824508029681460641e+01,7.516316695517524793e-02,9.971677325402795722e-01,2.647926310494942356e-03,4.700590271679557119e+00,-3.293484702593101748e-02,-1.714880679833201676e-04,9.994574860609234390e-01,-9.555084046498177330e-02,0.000000000000000000e+00,0.000000000000000000e+00,0.000000000000000000e+00,1.000000000000000056e-01
9.963664699543788306e-01,-7.862911767220409631e-02,3.273101594421636007e-02,6.895941656724195923e+01,7.843934302699828720e-02,9.968940006232469564e-01,7.044216554769598161e-03,4.766609653709215522e+00,-3.318323396148660509e-02,-4.451221794999443877e-03,9.994393726526832333e-01,-9.956715282426865932e-02,0.000000000000000000e+00,0.000000000000000000e+00,0.000000000000000000e+00,1.000000000000000056e-01
9.964220754708330574e-01,-7.905216895183170278e-02,2.989652318261407440e-02,6.961802796726676945e+01,7.879901490341043035e-02,9.968447311196060312e-01,9.554961503454775101e-03,4.823328284244318809e+00,-3.055753204448334939e-02,-7.164957996489355885e-03,9.995073289437446107e-01,-1.030861875053264431e-01,0.000000000000000000e+00,0.000000000000000000e+00,0.000000000000000000e+00,1.000000000000000056e-01
9.965713518409099470e-01,-7.922584092698051195e-02,2.384967126385612035e-02,7.029288215348745439e+01,7.903270517032837117e-02,9.968319712466361393e-01,8.936028984147005583e-03,4.885087150928211663e+00,-2.448207923035086719e-02,-7.020486447415341148e-03,9.996756176713527120e-01,-1.102272829068333959e-01,0.000000000000000000e+00,0.000000000000000000e+00,0.000000000000000000e+00,1.000000000000000056e-01
9.966007159111689440e-01,-8.016233654144193366e-02,1.900033803809896699e-02,7.102880437963821691e+01,8.002667694422642419e-02,9.967622273195485549e-01,7.796997257729406348e-03,4.947046814094861134e+00,-1.956384478086667378e-02,-6.249959135004506082e-03,9.997890747493697328e-01,-1.129248872310988916e-01,0.000000000000000000e+00,0.000000000000000000e+00,0.000000000000000000e+00,1.000000000000000056e-01
9.963695246777747316e-01,-8.340342538812203776e-02,1.707743912046323642e-02,7.174104612959673943e+01,8.325793268507827860e-02,9.964868311986072591e-01,9.061561276371296603e-03,5.011452398975734468e+00,-1.777320844395127025e-02,-7.606831225051548240e-03,9.998131071256874947e-01,-1.221650526732936254e-01,0.000000000000000000e+00,0.000000000000000000e+00,0.000000000000000000e+00,1.000000000000000056e-01
9.963687132051721740e-01,-8.279000666962821331e-02,1.987969168554174632e-02,7.242982145579549069e+01,8.255367925119264094e-02,9.965091069820716241e-01,1.242939032637691357e-02,5.086223011263224514e+00,-2.083932311665827319e-02,-1.074311395439616831e-02,9.997251162767705202e-01,-1.194116832118731347e-01,0.000000000000000000e+00,0.000000000000000000e+00,0.000000000000000000e+00,1.000000000000000056e-01
9.962308766852636666e-01,-8.438194940225392238e-02,2.009295782075217959e-02,7.303860279722805160e+01,8.417248393447988863e-02,9.963898920381449864e-01,1.105332495285747153e-02,5.137670502171500786e+00,-2.095312118064495202e-02,-9.320389438708854071e-03,9.997370139459177407e-01,-1.216182452515262719e-01,0.000000000000000000e+00,0.000000000000000000e+00,0.000000000000000000e+00,1.000000000000000056e-01
9.964364504466008965e-01,-8.228790380103805091e-02,1.852298867379952724e-02,7.363926859378844370e+01,8.215334247917475963e-02,9.965882849629342788e-01,7.913191147489810270e-03,5.185225002912644321e+00,-1.911095342671359498e-02,-6.363266666453685008e-03,9.997971195679919987e-01,-1.184834652779890446e-01,0.000000000000000000e+00,0.000000000000000000e+00,0.000000000000000000e+00,1.000000000000000056e-01
9.965414303275250685e-01,-8.172304659138043825e-02,1.505062445859262597e-02,7.427995768275749811e+01,8.172142365978202205e-02,9.966549477949461222e-01,7.238445079374629951e-04,5.220819019226432545e+00,-1.505943411250706097e-02,5.086174164502023929e-04,9.998864709318426858e-01,-1.073531662882494936e-01,0.000000000000000000e+00,0.000000000000000000e+00,0.000000000000000000e+00,1.000000000000000056e-01
9.967559240325314374e-01,-7.991049593788729366e-02,9.588563240413707639e-03,7.488488885803229778e+01,7.993554789600718080e-02,9.967974769206400243e-01,-2.257916564281016013e-03,5.265428829054149773e+00,-9.377424412900313422e-03,3.017058767576266416e-03,9.999514794567651021e-01,-1.050676710256898405e-01,0.000000000000000000e+00,0.000000000000000000e+00,0.000000000000000000e+00,1.000000000000000056e-01
9.969397004970255161e-01,-7.768167222472245614e-02,8.763068713179516037e-03,7.546490880053464423e+01,7.768842465929710894e-02,9.969775934290741048e-01,-4.322896349949713530e-04,5.306739722802936932e+00,-8.703002174987503267e-03,1.111755702747945634e-03,9.999615101354649704e-01,-9.600093003004882275e-02,0.000000000000000000e+00,0.000000000000000000e+00,0.000000000000000000e+00,1.000000000000000056e-01
9.973672283315972997e-01,-7.168010446913281042e-02,1.098064084840920905e-02,7.604499267159881981e+01,7.165089518817671643e-02,9.974251654159792535e-01,3.031272610531952037e-03,5.367102007403974362e+00,-1.116964945199536673e-02,-2.236519215355357859e-03,9.999351163515155516e-01,-1.020215723144958647e-01,0.000000000000000000e+00,0.000000000000000000e+00,0.000000000000000000e+00,1.000000000000000056e-01
9.977316931853271731e-01,-6.562029335426607102e-02,1.501484311074008197e-02,7.659364714218995118e+01,6.559500231824576255e-02,9.978439664183639257e-01,2.171256165529474990e-03,5.393360179129957466e+00,-1.512494907129963324e-02,-1.181432421715712319e-03,9.998849134440540576e-01,-9.449652667520072602e-02,0.000000000000000000e+00,0.000000000000000000e+00,0.000000000000000000e+00,1.000000000000000056e-01
9.981346858300367275e-01,-5.802767909353231252e-02,1.897201628693914732e-02,7.717986894400411302e+01,5.806477550407889571e-02,9.983118220589778380e-01,-1.409887564555459098e-03,5.406991030755799343e+00,-1.885817564439283556e-02,2.508863547864088363e-03,9.998190210308380843e-01,-9.072480626586984509e-02,0.000000000000000000e+00,0.000000000000000000e+00,0.000000000000000000e+00,1.000000000000000056e-01
9.986184416440770928e-01,-4.752447455167241319e-02,2.241946312788346482e-02,7.772794174061358774e+01,4.761861792357312273e-02,9.988587969660744914e-01,-3.683877106417636320e-03,5.419745592864548378e+00,-2.221880364474751110e-02,4.746371463957389965e-03,9.997418650444335197e-01,-8.270764693607920992e-02,0.000000000000000000e+00,0.000000000000000000e+00,0.000000000000000000e+00,1.000000000000000056e-01
9.991044085980991252e-01,-3.684339573987292782e-02,2.080732828110836916e-02,7.822706661559926999e+01,3.684724112434997756e-02,9.993208900790128135e-01,1.986786689783086323e-04,5.428778468494927623e+00,-2.080051781486967274e-02,5.681919082568761842e-04,9.997834843687850581e-01,-7.548657319454100956e-02,0.000000000000000000e+00,0.000000000000000000e+00,0.000000000000000000e+00,1.000000000000000056e-01
9.995667362907364462e-01,-2.114752818799955220e-02,2.047246327687894663e-02,7.871825061008452451e+01,2.106470979141517041e-02,9.997690699966791383e-01,4.252608538163087613e-03,5.444826267737733261e+00,-2.055766772979976398e-02,-3.819519539570937795e-03,9.997813728850912796e-01,-7.632446746478049882e-02,0.000000000000000000e+00,0.000000000000000000e+00,0.000000000000000000e+00,1.000000000000000056e-01
9.997795522704685522e-01,-2.367883868285069159e-03,2.086240608960658605e-02,7.919534031087646042e+01,2.184585276581857416e-03,9.999588534661075778e-01,8.804485329478403677e-03,5.446181546429412101e+00,-2.088239567268756341e-02,-8.756968695500400718e-03,9.997435876514714215e-01,-7.347436125637565874e-02,0.000000000000000000e+00,0.000000000000000000e+00,0.000000000000000000e+00,1.000000000000000056e-01
9.995337310208136650e-01,2.076591936409794698e-02,2.238519923019614138e-02,7.968396737096149707e+01,-2.095448382876196475e-02,9.997466203745902780e-01,8.222205121198488537e-03,5.445794914066014236e+00,-2.220878562825859270e-02,-8.687441657282725382e-03,9.997156086599675584e-01,-8.019258068707754705e-02,0.000000000000000000e+00,0.000000000000000000e+00,0.000000000000000000e+00,1.000000000000000056e-01
9.986593669073065005e-01,4.641332520119685612e-02,2.291881611396504384e-02,8.017700772222447370e+01,-4.654710729251702872e-02,9.989018313078590339e-01,5.338371709096954507e-03,5.419349674142334372e+00,-2.264587580546856618e-02,-6.398019503996840371e-03,9.997230764843981765e-01,-7.438913594219562220e-02,0.000000000000000000e+00,0.000000000000000000e+00,0.000000000000000000e+00,1.000000000000000056e-01
9.969801644339506552e-01,7.382479892195703552e-02,2.409254634498630629e-02,8.064799216931236003e+01,-7.397212203122902063e-02,9.972463276133979315e-01,5.280835519914464996e-03,5.387542107214961185e+00,-2.363634674499557123e-02,-7.047065043267337556e-03,9.996957847199448022e-01,-7.794814720767329064e-02,0.000000000000000000e+00,0.000000000000000000e+00,0.000000000000000000e+00,1.000000000000000056e-01
9.940416351168922526e-01,1.058181461263325018e-01,2.614856792486729489e-02,8.111317155989563332e+01,-1.059850541091987841e-01,9.943547573015979468e-01,5.077887075399678367e-03,5.331865616107325678e+00,-2.546362031615810942e-02,-7.818988557764351005e-03,9.996451707772754380e-01,-8.624581486942127506e-02,0.000000000000000000e+00,0.000000000000000000e+00,0.000000000000000000e+00,1.000000000000000056e-01
