1.000000000000000000e+00,-1.595760788006666655e-09,-4.767315592911391216e-11,1.255794869587261270e-16,1.595760788006264232e-09,1.000000000000000000e+00,-8.438009070222442859e-12,3.257338711607467022e-15,4.767315594257895204e-11,8.438008994147488490e-12,1.000000000000000000e+00,1.042403140730662114e-16,0.000000000000000000e+00,0.000000000000000000e+00,0.000000000000000000e+00,1.000000000000000056e-01
9.999818859386653269e-01,-5.945303702399747613e-03,-9.387003975579078126e-04,6.406085843334069496e-01,5.943780873075799227e-03,9.999810285105386054e-01,-1.616814132237543236e-03,7.013939208846701502e-03,9.482950400596921493e-04,1.611205415698631870e-03,9.999982523752856123e-01,8.286581006422320470e-03,0.000000000000000000e+00,0.000000000000000000e+00,0.000000000000000000e+00,1.000000000000000056e-01
9.999345159291838092e-01,-1.135900531159106212e-02,-1.391708230946862510e-03,1.303328721324078954e+00,1.135964138656013998e-02,9.999353759370145367e-01,4.499969669348769809e-04,1.599476792913080703e-02,1.386506775168875293e-03,-4.657768057199075076e-04,9.999989303248927319e-01,1.336101023395220092e-02,0.000000000000000000e+00,0.000000000000000000e+00,0.000000000000000000e+00,1.000000000000000056e-01
9.998118210266082606e-01,-1.928576351774030292e-02,-2.093289515410246947e-03,2.028871753787636845e+00,1.928990879945216910e-02,9.998119748373204274e-01,1.978481843765751962e-03,2.299894628086312717e-02,2.054739391345567368e-03,-2.018488898926631189e-03,9.999958518656957285e-01,1.891876771711117899e-02,0.000000000000000000e+00,0.000000000000000000e+00,0.000000000000000000e+00,1.000000000000000056e-01
9.996268108494219540e-01,-2.727026719351356016e-02,-1.603607872389321539e-03,2.746045318491058929e+00,2.727650505346742443e-02,9.996199000331192908e-01,4.005961787734838887e-03,4.263420690880614233e-02,1.493754692771602369e-03,-4.048207624493032654e-03,9.999906903126383195e-01,2.497673926410012499e-02,0.000000000000000000e+00,0.000000000000000000e+00,0.000000000000000000e+00,1.000000000000000056e-01
9.994313181476996988e-01,-3.366864812076505314e-02,-1.860763088518365034e-03,3.443728442912096455e+00,3.367244200391588532e-02,9.994308270347247447e-01,2.046612366601715301e-03,5.966745509626526084e-02,1.790797320862879023e-03,-2.108104932471297193e-03,9.999961744619573212e-01,3.090418621595879961e-02,0.000000000000000000e+00,0.000000000000000000e+00,0.000000000000000000e+00,1.000000000000000056e-01
9.991133431329358716e-01,-4.206068503661931912e-02,-1.851039702060224262e-03,4.181954146285909779e+00,4.206804169796489468e-02,9.991061990301399742e-01,4.133149797017680177e-03,9.749170599374779034e-02,1.675542129157745613e-03,-4.207354726738407255e-03,9.999897453098091082e-01,4.485880669697762946e-02,0.000000000000000000e+00,0.000000000000000000e+00,0.000000000000000000e+00,1.000000000000000056e-01
9.988678467866185517e-01,-4.748867535588301159e-02,-2.801850961050972137e-03,4.952215526198336271e+00,4.750536436299369891e-02,9.988515833977783531e-01,6.225327340013841852e-03,1.376831241365800151e-01,2.503000719856329943e-03,-6.351382266457024882e-03,9.999766971938405247e-01,5.308640547534800025e-02,0.000000000000000000e+00,0.000000000000000000e+00,0.000000000000000000e+00,1.000000000000000056e-01
9.985091630858407008e-01,-5.456099530929932329e-02,-1.596566463589670559e-03,5.737742425798182389e+00,5.456949842929091632e-02,9.984926479901399254e-01,5.882325289716544905e-03,1.906214266642525246e-01,1.273214353381906363e-03,-5.960679533160657961e-03,9.999814244398309571e-01,5.589034597417239653e-02,0.000000000000000000e+00,0.000000000000000000e+00,0.000000000000000000e+00,1.000000000000000056e-01
9.980427451081682610e-01,-6.250090678916964126e-02,2.077399211396080934e-03,6.546146892409158369e+00,6.249064856057637285e-02,9.980345661040638250e-01,4.682275510004138379e-03,2.403938927963600591e-01,-2.365962685782592272e-03,-4.543293079317907608e-03,9.999868802682188029e-01,5.820940534747987699e-02,0.000000000000000000e+00,0.000000000000000000e+00,0.000000000000000000e+00,1.000000000000000056e-01
9.978408657969982665e-01,-6.556459477785327172e-02,3.858815506439537257e-03,7.370360495652131583e+00,6.554215842816578375e-02,9.978336406843040240e-01,5.678995270675739684e-03,3.084156487354201559e-01,-4.222796949186809895e-03,-5.413818460480016026e-03,9.999764290000053846e-01,6.830031688261727074e-02,0.000000000000000000e+00,0.000000000000000000e+00,0.000000000000000000e+00,1.000000000000000056e-01
9.975039300377873674e-01,-7.053090643768264445e-02,3.361665695422928236e-03,8.187149051308395542e+00,7.051148691351846742e-02,9.974953475975707473e-01,5.582269650088587075e-03,3.694182813637797436e-01,-3.746968429763036616e-03,-5.331299867803591420e-03,9.999787685092648148e-01,7.345467064885777275e-02,0.000000000000000000e+00,0.000000000000000000e+00,0.000000000000000000e+00,1.000000000000000056e-01
9.972148995479284128e-01,-7.449122833179036562e-02,3.674373584176805763e-03,9.019993692667524599e+00,7.446833348139375586e-02,9.972052235024356781e-01,6.017435330877196967e-03,4.439682768515783029e-01,-4.112350680444632790e-03,-5.727051691615157869e-03,9.999751444165012604e-01,7.750643023755374172e-02,0.000000000000000000e+00,0.000000000000000000e+00,0.000000000000000000e+00,1.000000000000000056e-01
9.970114726524382798e-01,-7.712007170059288763e-02,4.540698218538068848e-03,9.800968736450604624e+00,7.709962669877158670e-02,9.970131580008592120e-01,4.517779992852489872e-03,5.276861436579249887e-01,-4.875547387369803809e-03,-4.154192346192520958e-03,9.999794856513929409e-01,8.834362175243022641e-02,0.000000000000000000e+00,0.000000000000000000e+00,0.000000000000000000e+00,1.000000000000000056e-01
9.967581140165103770e-01,-8.030355979902592534e-02,4.959881637056117246e-03,1.057660830541226638e+01,8.027650612818290621e-02,9.967578308780978835e-01,5.432232233725916605e-03,5.642099826975993659e-01,-5.380028447987369664e-03,-5.016459587556142651e-03,9.999729448475619398e-01,9.171753646949297456e-02,0.000000000000000000e+00,0.000000000000000000e+00,0.000000000000000000e+00,1.000000000000000056e-01
9.965251757122275400e-01,-8.309280459573702149e-02,5.758471683420674468e-03,1.137746244071241897e+01,8.306982913700884652e-02,9.965352089972178140e-01,4.120766435934603185e-03,6.460683840085782448e-01,-6.080925822787968012e-03,-3.628092237806720792e-03,9.999749293296565922e-01,1.060422184789500122e-01,0.000000000000000000e+00,0.000000000000000000e+00,0.000000000000000000e+00,1.000000000000000056e-01
9.962339690634789413e-01,-8.657243281794223255e-02,4.805492691717793904e-03,1.223602650608009412e+01,8.653944968451830755e-02,9.962259409099812890e-01,6.693153690395496277e-03,7.275010381770443679e-01,-5.366799076544524413e-03,-6.252082373530344628e-03,9.999660538906641749e-01,9.960814444463628181e-02,0.000000000000000000e+00,0.000000000000000000e+00,0.000000000000000000e+00,1.000000000000000056e-01
9.959749265822912534e-01,-8.959773271571967734e-02,2.488355200118269432e-03,1.311185022616650642e+01,8.958239337296917959e-02,9.959630378845761856e-01,5.711564172528670741e-03,8.301088804021269363e-01,-2.990053004564578211e-03,-5.465661893015619915e-03,9.999805928732322657e-01,9.973724034081869749e-02,0.000000000000000000e+00,0.000000000000000000e+00,0.000000000000000000e+00,1.000000000000000056e-01
9.962594282426648906e-01,-8.641262791410576904e-02,-9.682239757824185602e-05,1.398559527974212635e+01,8.640968734493255365e-02,9.962149470693975051e-01,9.441671910657345110e-03,9.222966056195776030e-01,-7.194237620241565167e-04,-9.414721052469038690e-03,9.999554217348665119e-01,1.083297100578368838e-01,0.000000000000000000e+00,0.000000000000000000e+00,0.000000000000000000e+00,1.000000000000000056e-01
9.947445411694518791e-01,-1.023860453857162317e-01,6.289068697080496496e-04,1.494008758129866621e+01,1.023747538325558010e-01,9.946960244063693946e-01,9.961365764137487464e-03,1.043566828371189414e+00,-1.645476010251152241e-03,-9.844630030498067660e-03,9.999501865934433686e-01,1.099850548038846382e-01,0.000000000000000000e+00,0.000000000000000000e+00,0.000000000000000000e+00,1.000000000000000056e-01
9.939994924529514941e-01,-1.093627139526713171e-01,2.192213534550329496e-03,1.591524801078085716e+01,1.093365278007906310e-01,9.939569572781281614e-01,9.751449475455233051e-03,1.171939123141698458e+00,-3.245410874113713491e-03,-9.453246813217471012e-03,9.999500504689954328e-01,1.175502921957284064e-01,0.000000000000000000e+00,0.000000000000000000e+00,0.000000000000000000e+00,1.000000000000000056e-01
9.937056724755628512e-01,-1.119781464498028761e-01,3.151381848643486621e-03,1.683902644659986336e+01,1.119436497104458889e-01,9.936685746738709302e-01,9.559445334468319108e-03,1.287236496290529830e+00,-4.201878079436659544e-03,-9.146497868812818524e-03,9.999493416155347258e-01,1.245628936686248300e-01,0.000000000000000000e+00,0.000000000000000000e+00,0.000000000000000000e+00,1.000000000000000056e-01
9.933290202845983519e-01,-1.152729432417343436e-01,3.099357486296753800e-03,1.772790871013338787e+01,1.152426354011460707e-01,9.932998843370072217e-01,8.629876122316769427e-03,1.385095131716082451e+00,-4.073382653088622636e-03,-8.215128268987254706e-03,9.999579587269085135e-01,1.342868009551009267e-01,0.000000000000000000e+00,0.000000000000000000e+00,0.000000000000000000e+00,1.000000000000000056e-01
9.929819836152786738e-01,-1.182234129926675176e-01,3.163042179861860672e-03,1.863815993188669395e+01,1.181920470106358617e-01,9.929523109654450064e-01,8.737744092037747629e-03,1.494783365527017516e+00,-4.173755970592231933e-03,-8.302576030815467245e-03,9.999568225640297348e-01,1.401124007818828898e-01,0.000000000000000000e+00,0.000000000000000000e+00,0.000000000000000000e+00,1.000000000000000056e-01
9.924823490785010804e-01,-1.223608249137126125e-01,2.572021394956986243e-03,1.956321362457645208e+01,1.223431406718434589e-01,9.924686649549381290e-01,6.172925814582440676e-03,1.604521931182704142e+00,-3.307974934891956369e-03,-5.811850737809886452e-03,9.999776395964219411e-01,1.507724251279183025e-01,0.000000000000000000e+00,0.000000000000000000e+00,0.000000000000000000e+00,1.000000000000000056e-01
9.922434071690612312e-01,-1.242290697207111272e-01,4.489895974205945772e-03,2.048690286323662590e+01,1.242093265059439622e-01,9.922461123203235589e-01,4.437994383006422378e-03,1.723205171785458845e+00,-5.006409738755150662e-03,-3.845883712553578668e-03,9.999800723214423703e-01,1.642097548497102322e-01,0.000000000000000000e+00,0.000000000000000000e+00,0.000000000000000000e+00,1.000000000000000056e-01
9.924009382187702899e-01,-1.229134557296912844e-01,5.714912343131010528e-03,2.140830721700053374e+01,1.228887468808187722e-01,9.924102879115695997e-01,4.491807802829608787e-03,1.844946429739224625e+00,-6.223641423355408264e-03,-3.755375861445403324e-03,9.999735813708143795e-01,1.656988433788884607e-01,0.000000000000000000e+00,0.000000000000000000e+00,0.000000000000000000e+00,1.000000000000000056e-01
9.923147570731934985e-01,-1.233258369417893907e-01,1.010746443852812357e-02,2.236119676607937024e+01,1.233079810975015456e-01,9.923656121395310059e-01,2.373529142894733029e-03,1.968853016748464579e+00,-1.032301760277172173e-02,-1.108956960908037519e-03,9.999461013084813832e-01,1.703434580767443085e-01,0.000000000000000000e+00,0.000000000000000000e+00,0.000000000000000000e+00,1.000000000000000056e-01
9.925606844828388509e-01,-1.210566507267668984e-01,1.298364100612866938e-02,2.332375855565975442e+01,1.210290489431770783e-01,9.926447475735178383e-01,2.893860158523582117e-03,2.097554319583298188e+00,-1.323846406757626416e-02,-1.300934096950395746e-03,9.999115214055726009e-01,1.697424580004809613e-01,0.000000000000000000e+00,0.000000000000000000e+00,0.000000000000000000e+00,1.000000000000000056e-01
9.928447949179369791e-01,-1.186664899542505536e-01,1.332206313967495594e-02,2.424178004849200363e+01,1.186660336527094739e-01,9.929338787973420732e-01,8.275225672550914468e-04,2.201755742047170727e+00,-1.332612702527464187e-02,7.592749192798426729e-04,9.999109149519787021e-01,1.662802907902595217e-01,0.000000000000000000e+00,0.000000000000000000e+00,0.000000000000000000e+00,1.000000000000000056e-01
9.928697102318594370e-01,-1.185997848771635499e-01,1.199289502972073450e-02,2.519269587969182922e+01,1.186063213433295738e-01,9.929413439688936638e-01,1.672562403845717985e-04,2.312910976232843474e+00,-1.192807786301774454e-02,1.256369506806777336e-03,9.999280686600192647e-01,1.630774743067780752e-01,0.000000000000000000e+00,0.000000000000000000e+00,0.000000000000000000e+00,1.000000000000000056e-01
9.930557382563132141e-01,-1.173875038916514096e-01,7.776544624458144733e-03,2.613216594787648717e+01,1.173920098717558397e-01,9.930856461834651761e-01,-1.239461137028578883e-04,2.434268154022859676e+00,-7.708225118549918986e-03,1.035989602769732745e-03,9.999697545381384112e-01,1.590883809430445883e-01,0.000000000000000000e+00,0.000000000000000000e+00,0.000000000000000000e+00,1.000000000000000056e-01
9.929655955529610445e-01,-1.182070152067577901e-01,6.813780453068545538e-03,2.707143158146217132e+01,1.182196897686204479e-01,9.929863512921839330e-01,-1.486976276410761130e-03,2.548904003945521524e+00,-6.590219963280764641e-03,2.282039295192589586e-03,9.999756803530227556e-01,1.606160243551593703e-01,0.000000000000000000e+00,0.000000000000000000e+00,0.000000000000000000e+00,1.000000000000000056e-01
9.930419411619592074e-01,-1.175081829971405811e-01,7.715570101971468316e-03,2.802409368385444211e+01,1.175327494968353981e-01,9.930650308730745168e-01,-2.810205112369178714e-03,2.662580932178685522e+00,-7.331840764913889232e-03,3.697483707870636779e-03,9.999662857942901439e-01,1.627344340809014078e-01,0.000000000000000000e+00,0.000000000000000000e+00,0.000000000000000000e+00,1.000000000000000056e-01
9.929704658771494330e-01,-1.178826042998372681e-01,1.064638432543103634e-02,2.902968164670684459e+01,1.179488323545100636e-01,9.930026125361394174e-01,-5.821034496498183816e-03,2.782522199077645642e+00,-9.885688743050425123e-03,7.035843935856708059e-03,9.999263823193114131e-01,1.673180852636968197e-01,0.000000000000000000e+00,0.000000000000000000e+00,0.000000000000000000e+00,1.000000000000000056e-01
9.930363065066883932e-01,-1.168481994054478279e-01,1.501306948159548439e-02,2.998304803060793944e+01,1.169849382644021218e-01,9.930966710539690379e-01,-8.574739692776211022e-03,2.891219833070156842e+00,-1.390748643100308928e-02,1.027133084023441022e-02,9.998505296212738536e-01,1.660136196511589612e-01,0.000000000000000000e+00,0.000000000000000000e+00,0.000000000000000000e+00,1.000000000000000056e-01
9.928669848012541266e-01,-1.181769718953684656e-01,1.579094060870171387e-02,3.091031525643726852e+01,1.184229638329926670e-01,9.928395559610343479e-01,-1.567219691382811322e-02,2.979827242441585256e+00,-1.382577768792632965e-02,1.743041688363725430e-02,9.997524835871060001e-01,1.696801619777062453e-01,0.000000000000000000e+00,0.000000000000000000e+00,0.000000000000000000e+00,1.000000000000000056e-01
9.929696789203662499e-01,-1.177449245879526735e-01,1.213875935019889142e-02,3.186078435371240047e+01,1.179603927183368178e-01,9.928384518791260049e-01,-1.889852428091075287e-02,3.082762934067039495e+00,-9.826621724705305108e-03,2.019755440734754409e-02,9.997477163271950573e-01,1.709945970071098664e-01,0.000000000000000000e+00,0.000000000000000000e+00,0.000000000000000000e+00,1.000000000000000056e-01
9.927228415921953708e-01,-1.201174918189657909e-01,8.552656911019035010e-03,3.285875410005077413e+01,1.202582422815940827e-01,9.925707512134041011e-01,-1.847319677262139470e-02,3.200347240993344666e+00,-6.270163032835181227e-03,1.936729188036516447e-02,9.997927750592932039e-01,1.658639627910774572e-01,0.000000000000000000e+00,0.000000000000000000e+00,0.000000000000000000e+00,1.000000000000000056e-01
9.925857617887806628e-01,-1.213516930994585491e-01,6.875469153501826206e-03,3.382720549688586686e+01,1.214595482189035763e-01,9.924260036188912171e-01,-1.839036398488197097e-02,3.322515752131841804e+00,-4.591692568734045618e-03,1.908910482268436418e-02,9.998072426405115731e-01,1.671430798730106082e-01,0.000000000000000000e+00,0.000000000000000000e+00,0.000000000000000000e+00,1.000000000000000056e-01
9.923750307331150600e-01,-1.229881027109262920e-01,8.107093746561891412e-03,3.479156791944059535e+01,1.231211017600268992e-01,9.922154248912902208e-01,-1.870146810262538969e-02,3.443427427989955270e+00,-5.743925386527626298e-03,1.955702429724576544e-02,9.997922434795095681e-01,1.776688597245003609e-01,0.000000000000000000e+00,0.000000000000000000e+00,0.000000000000000000e+00,1.000000000000000056e-01
9.922792369048638594e-01,-1.236465646666374957e-01,9.666594728242276086e-03,3.576748138129436683e+01,1.238047997038595610e-01,9.921437615339687710e-01,-1.797576200094052820e-02,3.579204694274400467e+00,-7.368010436221347596e-03,1.903374622522513784e-02,9.997916927674711518e-01,1.740112525343379124e-01,0.000000000000000000e+00,0.000000000000000000e+00,0.000000000000000000e+00,1.000000000000000056e-01
9.922555259994854104e-01,-1.236993224203596503e-01,1.128932045024960348e-02,3.673835398839340627e+01,1.238902805718404415e-01,9.921296843893508965e-01,-1.816281182299592581e-02,3.696305547833543148e+00,-8.953742419523291751e-03,1.942078747710333439e-02,9.997713056046637625e-01,1.858580987523461014e-01,0.000000000000000000e+00,0.000000000000000000e+00,0.000000000000000000e+00,1.000000000000000056e-01
9.920102772557050086e-01,-1.254025955483366594e-01,1.377675029894789675e-02,3.772601339086541117e+01,1.256287801896939782e-01,9.919316084153171342e-01,-1.700275903056514340e-02,3.836913655558665592e+00,-1.153340396885580051e-02,1.859766803505769409e-02,9.997605249941352579e-01,1.879740162192887476e-01,0.000000000000000000e+00,0.000000000000000000e+00,0.000000000000000000e+00,1.000000000000000056e-01
9.921195032036420614e-01,-1.244768605336066675e-01,1.429694214353193805e-02,3.872843837202690054e+01,1.247017865595755753e-01,9.920637305850884546e-01,-1.609406370209277501e-02,3.978387194383024017e+00,-1.218013923600708322e-02,1.775008871228537025e-02,9.997682624282976382e-01,1.986198494652722524e-01,0.000000000000000000e+00,0.000000000000000000e+00,0.000000000000000000e+00,1.000000000000000056e-01
9.922334461822222007e-01,-1.234148645903017233e-01,1.554218374323800000e-02,3.975505644501411950e+01,1.236076374043364318e-01,9.922571715712878992e-01,-1.211847517907280007e-02,4.122661962087997622e+00,-1.392624330784038994e-02,1.394548900201086038e-02,9.998057726797868749e-01,1.985072946471435618e-01,0.000000000000000000e+00,0.000000000000000000e+00,0.000000000000000000e+00,1.000000000000000056e-01
9.918021670449612692e-01,-1.269217575268266618e-01,1.480975729781208033e-02,4.075538751054644138e+01,1.271421573129192240e-01,9.917706173176856765e-01,-1.503045106154985572e-02,4.244361446611412347e+00,-1.278019087242332139e-02,1.679017842663296095e-02,9.997773535291076819e-01,2.121988066413510732e-01,0.000000000000000000e+00,0.000000000000000000e+00,0.000000000000000000e+00,1.000000000000000056e-01
9.920033570063063744e-01,-1.254269114302483945e-01,1.405096357149143889e-02,4.176227684422544684e+01,1.256146279448850656e-01,9.919888495979295451e-01,-1.338235852323715717e-02,4.365714813543104533e+00,-1.225989129180431007e-02,1.504035114101324490e-02,9.998117237275566671e-01,2.341263571320258419e-01,0.000000000000000000e+00,0.000000000000000000e+00,0.000000000000000000e+00,1.000000000000000056e-01
9.922262606752989544e-01,-1.240339533093960112e-01,1.013045175479435588e-02,4.277188119359524165e+01,1.241507254277720296e-01,9.921926203101980590e-01,-1.184911717138481015e-02,4.474398061802862259e+00,-8.581666625522349143e-03,1.301470815753539255e-02,9.998784788010504077e-01,2.414365758959711450e-01,0.000000000000000000e+00,0.000000000000000000e+00,0.000000000000000000e+00,1.000000000000000056e-01
9.925005388162617681e-01,-1.219049817460718110e-01,9.047423662015354612e-03,4.380716769640558539e+01,1.220098426400065550e-01,9.924549120940550084e-01,-1.211799320606933399e-02,4.608043577066440299e+00,-7.501916314578218475e-03,1.313098952369557738e-02,9.998856426440664302e-01,2.497785629242929573e-01,0.000000000000000000e+00,0.000000000000000000e+00,0.000000000000000000e+00,1.000000000000000056e-01
9.924636602600096502e-01,-1.219910167742975921e-01,1.157907119233679213e-02,4.479316716655075226e+01,1.221491049453899552e-01,9.924116262876524486e-01,-1.409823287284214799e-02,4.731222384750275012e+00,-9.771347110008623410e-03,1.540635698242179621e-02,9.998335686203908557e-01,2.607471049611501113e-01,0.000000000000000000e+00,0.000000000000000000e+00,0.000000000000000000e+00,1.000000000000000056e-01
9.922755933161279129e-01,-1.236029696787037113e-01,1.055712061747025345e-02,4.575186234368485572e+01,1.237348543395284106e-01,9.922312684314933406e-01,-1.291494360829607661e-02,4.853178133092258761e+00,-8.878779798038390417e-03,1.412146711341383774e-02,9.998608660388017544e-01,2.634205394921109167e-01,0.000000000000000000e+00,0.000000000000000000e+00,0.000000000000000000e+00,1.000000000000000056e-01
9.917950058031499427e-01,-1.276692858252927998e-01,6.574185941203956537e-03,4.665692798425722998e+01,1.277490024931722812e-01,9.917130326959684439e-01,-1.361811818734595322e-02,4.974429433661130773e+00,-4.781090453995686523e-03,1.434622730284020389e-02,9.998856569309542142e-01,2.774804666577528334e-01,0.000000000000000000e+00,0.000000000000000000e+00,0.000000000000000000e+00,1.000000000000000056e-01
9.920927517338804513e-01,-1.253974879877182425e-01,5.238507751939559115e-03,4.761139622260991899e+01,1.254562278319911461e-01,9.920137871067183921e-01,-1.301464899081133768e-02,5.097267707993370145e+00,-3.564667623299829381e-03,1.356894235217157192e-02,9.999015836311986316e-01,2.793975334367516106e-01,0.000000000000000000e+00,0.000000000000000000e+00,0.000000000000000000e+00,1.000000000000000056e-01
9.921299303286724713e-01,-1.251145554748611943e-01,4.954730502394520154e-03,4.855087172895581915e+01,1.251658583060264729e-01,9.920640144419684558e-01,-1.193730136176430860e-02,5.224785464629279730e+00,-3.421879679236982698e-03,1.246351706436685074e-02,9.999164722524812587e-01,2.912313376885645178e-01,0.000000000000000000e+00,0.000000000000000000e+00,0.000000000000000000e+00,1.000000000000000056e-01
9.925410955110333111e-01,-1.216507993757421635e-01,7.953410149165578494e-03,4.950990117308086980e+01,1.217541462961872767e-01,9.924594892347345931e-01,-1.414532034336187828e-02,5.356378939620999091e+00,-6.172647847119304247e-03,1.500817241280998950e-02,9.998683179196062865e-01,2.926400938261203843e-01,0.000000000000000000e+00,0.000000000000000000e+00,0.000000000000000000e+00,1.000000000000000056e-01
9.928380737177474602e-01,-1.190300409252758596e-01,1.021805919731845827e-02,5.049540858175534908e+01,1.191904335836660445e-01,9.927281691851519430e-01,-1.686483466963348277e-02,5.484226771496516051e+00,-8.136333238654969852e-03,1.796194487307914422e-02,9.998055654064974540e-01,3.143235068029949786e-01,0.000000000000000000e+00,0.000000000000000000e+00,0.000000000000000000e+00,1.000000000000000056e-01
9.929944489327032775e-01,-1.177391851858638760e-01,9.975402779121855107e-03,5.141189467922326628e+01,1.178924349649103365e-01,9.928893543797755461e-01,-1.649556720324852829e-02,5.611292168268951386e+00,-7.962296583351374801e-03,1.755603118820855610e-02,9.998141765358388167e-01,3.178402110694175109e-01,0.000000000000000000e+00,0.000000000000000000e+00,0.000000000000000000e+00,1.000000000000000056e-01
9.929593962156759712e-01,-1.180247506714994787e-01,1.008938530984876576e-02,5.234680162664172087e+01,1.182046670097723906e-01,9.927952727408214662e-01,-1.962659217966040634e-02,5.732067988371669642e+00,-7.700270391942922940e-03,2.068102155137086992e-02,9.997564709385394766e-01,3.303200058983165044e-01,0.000000000000000000e+00,0.000000000000000000e+00,0.000000000000000000e+00,1.000000000000000056e-01
9.931115899167434202e-01,-1.169620594537519459e-01,7.017593702613812538e-03,5.331176845221020955e+01,1.170929627937708911e-01,9.928617376076257495e-01,-2.268938207494296602e-02,5.853299753094668212e+00,-4.313703422183109114e-03,2.335479914499702728e-02,9.997179328789107533e-01,3.537826776595411338e-01,0.000000000000000000e+00,0.000000000000000000e+00,0.000000000000000000e+00,1.000000000000000056e-01
9.928823585510814231e-01,-1.187812587054749985e-01,8.696818865821149408e-03,5.424542073476765580e+01,1.189724534360264568e-01,9.925458998190643811e-01,-2.642332446488039610e-02,5.974375952575916138e+00,-5.493396167618201653e-03,2.726993459300640354e-02,9.996130117529676840e-01,3.539112552339773177e-01,0.000000000000000000e+00,0.000000000000000000e+00,0.000000000000000000e+00,1.000000000000000056e-01
9.928807481227807097e-01,-1.184148029300101657e-01,1.287456617498588564e-02,5.518213160978930887e+01,1.187339816562341943e-01,9.925376833859655967e-01,-2.777028373779508175e-02,6.085235665280499973e+00,-9.490079409798334378e-03,2.910122859721662320e-02,9.995314186592276773e-01,3.661791080798662557e-01,0.000000000000000000e+00,0.000000000000000000e+00,0.000000000000000000e+00,1.000000000000000056e-01
9.926242073835601643e-01,-1.198749190293637024e-01,1.808830295694896159e-02,5.612115400932967191e+01,1.203193978099123262e-01,9.923974694328806523e-01,-2.589411465709395843e-02,6.206803888684924608e+00,-1.484673118295524660e-02,2.787949875658027321e-02,9.995010295753891105e-01,3.873380853782401045e-01,0.000000000000000000e+00,0.000000000000000000e+00,0.000000000000000000e+00,1.000000000000000056e-01
9.926274669404961948e-01,-1.196977730039933685e-01,1.905662648997794029e-02,5.707212464873088464e+01,1.201219159635057432e-01,9.924943208925627314e-01,-2.292920193262538986e-02,6.332218171607183699e+00,-1.616901915857976019e-02,2.504927411912611507e-02,9.995554495302171327e-01,3.832302755999565380e-01,0.000000000000000000e+00,0.000000000000000000e+00,0.000000000000000000e+00,1.000000000000000056e-01
9.927115295108080995e-01,-1.197462722672193863e-01,1.358857808664878236e-02,5.795233941654641541e+01,1.200568140900352271e-01,9.924531048541241907e-01,-2.496389504783633195e-02,6.438083577234460009e+00,-1.049669313939879944e-02,2.641334782858160979e-02,9.995959956350484177e-01,3.940233368210124820e-01,0.000000000000000000e+00,0.000000000000000000e+00,0.000000000000000000e+00,1.000000000000000056e-01
9.927442110402716624e-01,-1.199753301002067646e-01,8.053049942406690503e-03,5.886348796441319564e+01,1.201400321293743939e-01,9.924499406359481579e-01,-2.468781099360355807e-02,6.544154421151360701e+00,-5.030320663870745286e-03,2.547617512597650374e-02,9.996627733265699423e-01,4.009051169814063509e-01,0.000000000000000000e+00,0.000000000000000000e+00,0.000000000000000000e+00,1.000000000000000056e-01
9.929212806513502132e-01,-1.186813449172550716e-01,4.697743960035739158e-03,5.981564608069655264e+01,1.187616901899361532e-01,9.926150873503144512e-01,-2.471738877303450432e-02,6.671644935610875571e+00,-1.729558588813891488e-03,2.510033332765213704e-02,9.996834408421141349e-01,4.113477744533977631e-01,0.000000000000000000e+00,0.000000000000000000e+00,0.000000000000000000e+00,1.000000000000000056e-01
9.927143768547020963e-01,-1.204788914173413189e-01,1.732832602714075385e-03,6.072744883370321389e+01,1.204878624205690946e-01,9.924735063440771610e-01,-2.188639336243065198e-02,6.789709682224379428e+00,9.170579603065301356e-04,2.193572264461592092e-02,9.997589624888371107e-01,4.155858457307915477e-01,0.000000000000000000e+00,0.000000000000000000e+00,0.000000000000000000e+00,1.000000000000000056e-01
9.924695352889336686e-01,-1.224392243771419420e-01,3.585785449797795552e-03,6.165436668218518435e+01,1.224857611526765089e-01,9.922846851787017197e-01,-1.919223474883298419e-02,6.919699998472085944e+00,-1.208237649459833378e-03,1.948691596247906915e-02,9.998093819664094495e-01,4.364271276110513464e-01,0.000000000000000000e+00,0.000000000000000000e+00,0.000000000000000000e+00,1.000000000000000056e-01
9.922150534285626433e-01,-1.244433858695825623e-01,4.809517966356363985e-03,6.252315413716040382e+01,1.245096402627227372e-01,9.920615986535044062e-01,-1.763898973015774058e-02,7.045549103632605004e+00,-2.576282477116621436e-03,1.810050248936246470e-02,9.998328533201090718e-01,4.496485027175119997e-01,0.000000000000000000e+00,0.000000000000000000e+00,0.000000000000000000e+00,1.000000000000000056e-01
9.921630909543850407e-01,-1.248509413649084576e-01,4.964210726476111189e-03,6.332763053041387735e+01,1.249177716781693925e-01,9.920238589648614491e-01,-1.685863468450252145e-02,7.156426826392173091e+00,-2.819799071106353881e-03,1.734663323993908962e-02,9.998455595983000155e-01,4.628696569103794567e-01,0.000000000000000000e+00,0.000000000000000000e+00,0.000000000000000000e+00,1.000000000000000056e-01
9.919830188074736377e-01,-1.262111008600756146e-01,6.359907019697423093e-03,6.413346219561108796e+01,1.263001506536554353e-01,9.918564907631982619e-01,-1.640041693913444135e-02,7.265487017038344320e+00,-4.238200381684928582e-03,1.707219231971483439e-02,9.998452769838558352e-01,4.719438669962880972e-01,0.000000000000000000e+00,0.000000000000000000e+00,0.000000000000000000e+00,1.000000000000000056e-01
9.920932545964222804e-01,-1.252538977894572803e-01,7.901599384086828784e-03,6.492622444934767145e+01,1.253747737965793529e-01,9.919583378604830415e-01,-1.731537018155372698e-02,7.379701400076725371e+00,-5.669239784571240837e-03,1.816912319337055798e-02,9.998188549345572440e-01,4.923717607330452273e-01,0.000000000000000000e+00,0.000000000000000000e+00,0.000000000000000000e+00,1.000000000000000056e-01
9.921135330600147073e-01,-1.250261265944199451e-01,8.899729657202752608e-03,6.572405985938557649e+01,1.251729432619458626e-01,9.919627126575767395e-01,-1.848542593946469678e-02,7.490331871921728002e+00,-6.517038769018641473e-03,1.945364659434925883e-02,9.997895197689687929e-01,5.029001418939222923e-01,0.000000000000000000e+00,0.000000000000000000e+00,0.000000000000000000e+00,1.000000000000000056e-01
9.920832825054162196e-01,-1.252226340430813156e-01,9.489599390444780277e-03,6.646458918341038213e+01,1.253868022431032236e-01,9.919197952513667538e-01,-1.932018663821530313e-02,7.587192502355984303e+00,-6.993596823346217087e-03,2.035710470079388906e-02,9.997683121061966549e-01,5.126324527100951656e-01,0.000000000000000000e+00,0.000000000000000000e+00,0.000000000000000000e+00,1.000000000000000056e-01
9.918490739114987909e-01,-1.269122427467841152e-01,1.134447979784002948e-02,6.724205136592289023e+01,1.271039035343163592e-01,9.917230235465990251e-01,-1.816706563898150620e-02,7.702667033387120554e+00,-8.944958761306043629e-03,1.946091489558487639e-02,9.997706039408167378e-01,5.174424530466124050e-01,0.000000000000000000e+00,0.000000000000000000e+00,0.000000000000000000e+00,1.000000000000000056e-01
9.920838440988051232e-01,-1.248237244792430034e-01,1.373623257184622415e-02,6.798287348927208029e+01,1.250515429587650829e-01,9.920010330894053485e-01,-1.720645091774351820e-02,7.811722572999511449e+00,-1.147858361340575728e-02,1.878797904732221885e-02,9.997575976013122201e-01,5.280757080095830336e-01,0.000000000000000000e+00,0.000000000000000000e+00,0.000000000000000000e+00,1.000000000000000056e-01
9.918829518564490355e-01,-1.262545743605639481e-01,1.509941288825565608e-02,6.869416523225520166e+01,1.264759434103098490e-01,9.918602847576796222e-01,-1.473130200921638627e-02,7.910695251653737436e+00,-1.311661370206849975e-02,1.652143981157431357e-02,9.997774734767448379e-01,5.444908451604859589e-01,0.000000000000000000e+00,0.000000000000000000e+00,0.000000000000000000e+00,1.000000000000000056e-01
9.915607542415667552e-01,-1.290413301228984788e-01,1.247420410320368087e-02,6.935853439279669885e+01,1.292075453971091026e-01,9.915244772060376466e-01,-1.358754259414317843e-02,8.008929477347400905e+00,-1.061512413254066603e-02,1.508463527589551899e-02,9.998298719873516260e-01,5.521193371367204561e-01,0.000000000000000000e+00,0.000000000000000000e+00,0.000000000000000000e+00,1.000000000000000056e-01
9.918573665604683010e-01,-1.271829411534878829e-01,6.592714105836968916e-03,7.005454145573175140e+01,1.272661789816304512e-01,9.917656124680410690e-01,-1.429299175494444518e-02,8.113237814020203942e+00,-4.720602413725709032e-03,1.501563869569785131e-02,9.998761155800310885e-01,5.568984143780570939e-01,0.000000000000000000e+00,0.000000000000000000e+00,0.000000000000000000e+00,1.000000000000000056e-01
9.921207051944692656e-01,-1.252783174349997308e-01,1.359965104151037059e-03,7.080745620422185027e+01,1.252836141762888600e-01,9.919831277074334652e-01,-1.653754403484789318e-02,8.213931280577215333e+00,7.227332536042498307e-04,1.657762119343955329e-02,9.998623205882952725e-01,5.711169865618680452e-01,0.000000000000000000e+00,0.000000000000000000e+00,0.000000000000000000e+00,1.000000000000000056e-01
9.920510133124517127e-01,-1.258216364808720233e-01,1.924260640598687497e-03,7.152690522856032374e+01,1.258363404309960076e-01,9.919409102116892862e-01,-1.477992135770365457e-02,8.321168982822912952e+00,-4.911895903512509057e-05,1.490457787663660057e-02,9.998889194033740990e-01,5.831558669882466184e-01,0.000000000000000000e+00,0.000000000000000000e+00,0.000000000000000000e+00,1.000000000000000056e-01
9.922910133680356015e-01,-1.238343480057456647e-01,4.857884624903543655e-03,7.219822164015258181e+01,1.238870602085235251e-01,9.922149818559902190e-01,-1.270535687836518886e-02,8.423394460279306273e+00,-3.246706319744495015e-03,1.320924049704702043e-02,9.999074831520986528e-01,5.937870187552483081e-01,0.000000000000000000e+00,0.000000000000000000e+00,0.000000000000000000e+00,1.000000000000000056e-01
9.922390040276066747e-01,-1.241414218541408432e-01,7.118024047121060231e-03,7.282091349490660548e+01,1.242270085364404753e-01,9.921659588768069193e-01,-1.320455967282968025e-02,8.509071390793607748e+00,-5.423028341277111482e-03,1.398632997245591834e-02,9.998874803384185661e-01,6.071710560098452225e-01,0.000000000000000000e+00,0.000000000000000000e+00,0.000000000000000000e+00,1.000000000000000056e-01
9.923076341432036651e-01,-1.237258146735947389e-01,4.181148702577682646e-03,7.339962313088084045e+01,1.237781175538597705e-01,9.921758082762957009e-01,-1.631389242646553300e-02,8.563001607105730884e+00,-2.129984962541561777e-03,1.670593471299056804e-02,9.998581773978870713e-01,6.172758966205321718e-01,0.000000000000000000e+00,0.000000000000000000e+00,0.000000000000000000e+00,1.000000000000000056e-01
9.923842271973383200e-01,-1.231793103172208470e-01,6.349170933762414513e-04,7.404502823857382054e+01,1.231602028118732595e-01,9.921093388209180075e-01,-2.346538445581394794e-02,8.625608807599160599e+00,2.260542695879994186e-03,2.336487393706030563e-02,9.997244483419546190e-01,6.379798931453508626e-01,0.000000000000000000e+00,0.000000000000000000e+00,0.000000000000000000e+00,1.000000000000000056e-01
9.926920622509252112e-01,-1.206178320639072904e-01,-3.715929521438439496e-03,7.466605618780806708e+01,1.204779468009408577e-01,9.923598955279218092e-01,-2.658763025246594497e-02,8.697414699587040943e+00,6.894481752452968903e-03,2.594564194648560362e-02,9.996395799413656524e-01,6.470403006506332266e-01,0.000000000000000000e+00,0.000000000000000000e+00,0.000000000000000000e+00,1.000000000000000056e-01
9.931979335092443462e-01,-1.163483809008381276e-01,-4.573744059319562530e-03,7.525789984209403372e+01,1.162081346370207879e-01,9.929384167240875581e-01,-2.385309283187908233e-02,8.763953222202310656e+00,7.316714915228486951e-03,2.315933624298579033e-02,9.997050119048286332e-01,6.588604003332416692e-01,0.000000000000000000e+00,0.000000000000000000e+00,0.000000000000000000e+00,1.000000000000000056e-01
9.938674691110396253e-01,-1.105581486278104653e-01,-2.085573016613360281e-03,7.583530389774479374e+01,1.104937090006558875e-01,9.936703390021176530e-01,-2.025827383305227672e-02,8.846578756321331838e+00,4.312089295809343019e-03,1.990359664501676826e-02,9.997926048568760438e-01,6.652689516022082250e-01,0.000000000000000000e+00,0.000000000000000000e+00,0.000000000000000000e+00,1.000000000000000056e-01
9.946974936591841399e-01,-1.028293933051232789e-01,1.735505873687631824e-03,7.638736040256405602e+01,1.028430256360166051e-01,9.944711980689976416e-01,-2.122141110393317015e-02,8.884118391411638171e+00,4.562742234341327432e-04,2.128736911205261761e-02,9.997732941672928808e-01,6.787249133519804856e-01,0.000000000000000000e+00,0.000000000000000000e+00,0.000000000000000000e+00,1.000000000000000056e-01
9.955989597265688662e-01,-9.350130632562494992e-02,6.341695891133034176e-03,7.696576070097844990e+01,9.362924093893473798e-02,9.953091212252306308e-01,-2.435812897285266274e-02,8.937341406372750541e+00,-4.034430885871498861e-03,2.484469603881005531e-02,9.996831820362720444e-01,6.912416823465840077e-01,0.000000000000000000e+00,0.000000000000000000e+00,0.000000000000000000e+00,1.000000000000000056e-01
9.965363353098201094e-01,-8.257503508052382868e-02,9.833411855708171223e-03,7.749902922456868737e+01,8.281379476816586038e-02,9.961982564082250136e-01,-2.703533475488270957e-02,8.979639969645930364e+00,-7.563584029402302573e-03,2.775603557179449551e-02,9.995861116912176936e-01,7.072610314548046784e-01,0.000000000000000000e+00,0.000000000000000000e+00,0.000000000000000000e+00,1.000000000000000056e-01
9.975077632268291028e-01,-6.989481577785766619e-02,9.642459727038482295e-03,7.798284139836715667e+01,7.011206395477007081e-02,9.972403546537221830e-01,-2.441256926504583105e-02,9.018774004644258824e+00,-7.909537926481519446e-03,2.502778011525931892e-02,9.996554653640882249e-01,7.179228878688914683e-01,0.000000000000000000e+00,0.000000000000000000e+00,0.000000000000000000e+00,1.000000000000000056e-01
9.985826230433876294e-01,-5.245665457505548079e-02,9.002463361815059295e-03,7.847603944493228312e+01,5.263691450570906483e-02,9.983904670867044251e-01,-2.111469776508238111e-02,9.059696883549602120e+00,-7.880367193613860288e-03,2.155863217334095389e-02,9.997365278870770089e-01,7.197776451339482628e-01,0.000000000000000000e+00,0.000000000000000000e+00,0.000000000000000000e+00,1.000000000000000056e-01
9.994264619272854588e-01,-3.226365395047964962e-02,1.028609903082285462e-02,7.896180800201609884e+01,3.242688663967623758e-02,9.993441322287955897e-01,-1.611838710085628651e-02,9.073284525355816754e+00,-9.759314646315218195e-03,1.644268875942016955e-02,9.998171801704525130e-01,7.242389093497684227e-01,0.000000000000000000e+00,0.000000000000000000e+00,0.000000000000000000e+00,1.000000000000000056e-01
9.998896733676478910e-01,-1.013704018079143385e-02,1.085732513612131488e-02,7.943858436307047555e+01,1.031317021531783992e-02,9.998141036831041939e-01,-1.629099740534213636e-02,9.079788363791042372e+00,-1.069016430408404640e-02,1.640117351667261247e-02,9.998083425809306535e-01,7.305038601276340193e-01,0.000000000000000000e+00,0.000000000000000000e+00,0.000000000000000000e+00,1.000000000000000056e-01
9.997850264242214013e-01,1.666306652875829478e-02,1.233868517213308584e-02,7.992722002897656353e+01,-1.643189909104003990e-02,9.996918694906345992e-01,-1.860534242044381559e-02,9.084884952319024265e+00,-1.264490530532827971e-02,1.839859473379050481e-02,9.997507679825212712e-01,7.402146164139975504e-01,0.000000000000000000e+00,0.000000000000000000e+00,0.000000000000000000e+00,1.000000000000000056e-01
9.988405926352023068e-01,4.590550578911333640e-02,1.449672523032640575e-02,8.040652114730255562e+01,-4.561978733680831927e-02,9.987693032018402084e-01,-1.946057514707443675e-02,9.065439584108879956e+00,-1.537223170207514117e-02,1.877667489083808400e-02,9.997055221276620607e-01,7.399289615469527570e-01,0.000000000000000000e+00,0.000000000000000000e+00,0.000000000000000000e+00,1.000000000000000056e-01
9.967526043338132968e-01,7.882168022377926409e-02,1.647387266130530964e-02,8.088065703948527130e+01,-7.847537065413444368e-02,9.967009866253730976e-01,-2.070650768971150912e-02,9.015235708705661821e+00,-1.805164686273343089e-02,1.934647220317313454e-02,9.996498647320646302e-01,7.377492032707615444e-01,0.000000000000000000e+00,0.000000000000000000e+00,0.000000000000000000e+00,1.000000000000000056e-01
