1.000000000000000000e+00,-3.046849169240678463e-13,1.319344704769297429e-13,1.815562472206108025e-20,3.046849169240707745e-13,1.000000000000000000e+00,-2.193460589604204031e-14,7.041237358210452250e-20,-1.319344704769230786e-13,2.193460589608224066e-14,1.000000000000000000e+00,-4.013657263965238638e-20,0.000000000000000000e+00,0.000000000000000000e+00,0.000000000000000000e+00,1.000000000000000056e-01
9.999966547128933403e-01,-2.141297727146145718e-03,-1.451002090350331231e-03,6.253726554148444361e-01,2.138528111578478011e-03,9.999958938117619045e-01,-1.907631288096077937e-03,-3.159553097511470961e-03,1.455080938804047611e-03,1.904521897761552113e-03,9.999971277637763611e-01,1.251645029691973374e-02,0.000000000000000000e+00,0.000000000000000000e+00,0.000000000000000000e+00,1.000000000000000056e-01
9.999870151392721285e-01,-4.287252946102431718e-03,-2.754816695412200690e-03,1.256102165582547059e+00,4.287293396079197398e-03,9.999908094769072164e-01,8.778139890204512226e-06,-8.434356960440130696e-03,2.754753743099639957e-03,-2.058873333293003552e-05,9.999962054467601558e-01,1.951475217320826003e-02,0.000000000000000000e+00,0.000000000000000000e+00,0.000000000000000000e+00,1.000000000000000056e-01
9.999636793168519278e-01,-8.375598744435412343e-03,-1.577780965876798879e-03,1.986087812269851760e+00,8.376429660981904099e-03,9.999647814941867718e-01,5.207661834582376229e-04,-6.772915002031879884e-03,1.573363670196362965e-03,-5.339634401557970473e-04,9.999986197039503200e-01,2.649725933902399161e-02,0.000000000000000000e+00,0.000000000000000000e+00,0.000000000000000000e+00,1.000000000000000056e-01
9.999079031239422877e-01,-1.332938306890426097e-02,-2.552022194898113418e-03,2.702565057608837140e+00,1.332542949027605908e-02,9.999099956434684966e-01,-1.559981146818985353e-03,-9.023454277243960625e-03,2.572586088068826507e-03,1.525830685612920108e-03,9.999955268107644235e-01,2.484948128322028021e-02,0.000000000000000000e+00,0.000000000000000000e+00,0.000000000000000000e+00,1.000000000000000056e-01
9.997970462020144833e-01,-1.995157621953779631e-02,-2.793029194776294744e-03,3.449169382942375961e+00,1.995151216225456853e-02,9.998009474800370056e-01,-5.079822604252228255e-05,-4.966012286029200876e-03,2.793486739955448883e-03,-4.937239599495290762e-06,9.999960981961166784e-01,3.524830218098394530e-02,0.000000000000000000e+00,0.000000000000000000e+00,0.000000000000000000e+00,1.000000000000000056e-01
9.997039639005551592e-01,-2.419773366313188179e-02,-2.540521026422098028e-03,4.197349308325883932e+00,2.419934405539198724e-02,9.997069698891949407e-01,6.050638421719881565e-04,1.548952085151346011e-02,2.525135403562154147e-03,-6.663636638305823036e-04,9.999965898195158909e-01,5.164952377197883776e-02,0.000000000000000000e+00,0.000000000000000000e+00,0.000000000000000000e+00,1.000000000000000056e-01
9.995417717488722653e-01,-3.006027937315105050e-02,-3.553327051279648718e-03,4.965402344557147352e+00,3.006970801468674889e-02,9.995443427461340180e-01,2.630502634553284758e-03,3.828232573004997086e-02,3.472634307946893730e-03,-2.736144770844133566e-03,9.999902271136235088e-01,6.653569729942078459e-02,0.000000000000000000e+00,0.000000000000000000e+00,0.000000000000000000e+00,1.000000000000000056e-01
9.994200573326483816e-01,-3.388010075315753267e-02,-3.418738679925191395e-03,5.750957212650177119e+00,3.388566656006503086e-02,9.994244615391231212e-01,1.583438983294523875e-03,8.700861789870459329e-02,3.363123992036711005e-03,-1.698366918430905311e-03,9.999929024482246964e-01,6.355220891306830044e-02,0.000000000000000000e+00,0.000000000000000000e+00,0.000000000000000000e+00,1.000000000000000056e-01
9.993532815926039481e-01,-3.591036167766171322e-02,-1.861315199848663114e-03,6.539539680439806268e+00,3.591297401622484814e-02,9.993539549794746568e-01,1.389591375946946884e-03,1.235823843161241026e-01,1.810211977537758360e-03,-1.455538066033532736e-03,9.999973022671284628e-01,6.699749815559088995e-02,0.000000000000000000e+00,0.000000000000000000e+00,0.000000000000000000e+00,1.000000000000000056e-01
9.993124772146948498e-01,-3.700053772553026782e-02,2.352252335868853985e-03,7.326187324400112999e+00,3.700086300799563382e-02,9.993152291093977402e-01,-9.490361177718343298e-05,1.664327706676871910e-01,-2.347130097274048848e-03,1.818737298214000489e-04,9.999972289472870424e-01,8.163056989438285949e-02,0.000000000000000000e+00,0.000000000000000000e+00,0.000000000000000000e+00,1.000000000000000056e-01
9.990735594952229182e-01,-4.292514619766382711e-02,3.074823808688556190e-03,8.128389851919999742e+00,4.292275975720726000e-02,9.990780422361114077e-01,8.379835820825207908e-04,2.084193778275664211e-01,-3.107959518777680952e-03,-7.052273165136614197e-04,9.999949216081358561e-01,7.316926722574576547e-02,0.000000000000000000e+00,0.000000000000000000e+00,0.000000000000000000e+00,1.000000000000000056e-01
9.989546207948715173e-01,-4.557857200830821992e-02,3.501337781194375012e-03,8.962528123859513585e+00,4.556246159355991504e-02,9.989511255950038748e-01,4.550908262115904712e-03,2.615151641414031336e-01,-3.705089217540489047e-03,-4.386621269072491988e-03,9.999835147979849737e-01,7.871662255070178971e-02,0.000000000000000000e+00,0.000000000000000000e+00,0.000000000000000000e+00,1.000000000000000056e-01
9.989601132282042162e-01,-4.553301112444426563e-02,2.331754068218864703e-03,9.743209781212677001e+00,4.552885888722103119e-02,9.989613950989674196e-01,1.803915284088580470e-03,3.073192180264822104e-01,-2.411469991713570057e-03,-1.695877314515576492e-03,9.999956543968644418e-01,9.732301597032343154e-02,0.000000000000000000e+00,0.000000000000000000e+00,0.000000000000000000e+00,1.000000000000000056e-01
9.988962717388271129e-01,-4.685654767769046464e-02,3.271428739792788063e-03,1.052503469982665329e+01,4.685511313161652008e-02,9.989015638987804868e-01,5.138229207405899330e-04,3.587512798608549214e-01,-3.291911252546004304e-03,-3.599726361567174345e-04,9.999945168549708718e-01,9.737959864308015634e-02,0.000000000000000000e+00,0.000000000000000000e+00,0.000000000000000000e+00,1.000000000000000056e-01
9.987210086410945875e-01,-5.050310934145384872e-02,2.404754823208712835e-03,1.128528049555887947e+01,5.050813760828205129e-02,9.987214871700120788e-01,-2.078244514533734121e-03,4.059763704012438468e-01,-2.296722503358491780e-03,2.197046145282758288e-03,9.999949490142328035e-01,1.080420829180720604e-01,0.000000000000000000e+00,0.000000000000000000e+00,0.000000000000000000e+00,1.000000000000000056e-01
9.984740104013045681e-01,-5.520906100190813709e-02,1.268911511150931865e-03,1.211387820906923984e+01,5.520694600903227472e-02,9.984735778784086246e-01,1.645415158925985118e-03,4.688593135203116269e-01,-1.357816442432578175e-03,-1.572851543221579374e-03,9.999978412339356471e-01,1.192589152426314636e-01,0.000000000000000000e+00,0.000000000000000000e+00,0.000000000000000000e+00,1.000000000000000056e-01
9.983695218276970040e-01,-5.705496380793855654e-02,-1.740399497376323400e-03,1.295744159245325910e+01,5.705894278657693691e-02,9.983680940959880346e-01,2.329321622795552191e-03,5.344546989992406960e-01,1.604659968275566530e-03,-2.424829070079893584e-03,9.999957726262481694e-01,1.218313538885205105e-01,0.000000000000000000e+00,0.000000000000000000e+00,0.000000000000000000e+00,1.000000000000000056e-01
9.983438931384960302e-01,-5.746231623111428682e-02,-2.748317017111866732e-03,1.384465795361144913e+01,5.747368543719661577e-02,9.983379581779301404e-01,4.254026726245815383e-03,5.860957424610729882e-01,2.499302970289971754e-03,-4.404937511118640729e-03,9.999871749228516071e-01,1.322059023072272854e-01,0.000000000000000000e+00,0.000000000000000000e+00,0.000000000000000000e+00,1.000000000000000056e-01
9.977890977992586174e-01,-6.632482878858149411e-02,-4.234784422725196978e-03,1.477050874843460271e+01,6.635757356018535946e-02,9.977628099918961491e-01,8.126956889264678671e-03,6.801386483200576594e-01,3.686291381075540007e-03,-8.389999001235387208e-03,9.999580087046721077e-01,1.474593645644138307e-01,0.000000000000000000e+00,0.000000000000000000e+00,0.000000000000000000e+00,1.000000000000000056e-01
9.974655566571940524e-01,-7.107482118638039359e-02,-3.291363832524327963e-03,1.572568549239873548e+01,7.109062410322605774e-02,9.974575146729180997e-01,4.962820482272068366e-03,7.490688702026327972e-01,2.930264009916453641e-03,-5.184227603944172903e-03,9.999822685112884635e-01,1.383666893139811893e-01,0.000000000000000000e+00,0.000000000000000000e+00,0.000000000000000000e+00,1.000000000000000056e-01
9.970446388659348624e-01,-7.680549955093743386e-02,-1.703921191993382732e-03,1.665074093595354299e+01,7.680860170559386524e-02,9.970441643049212654e-01,1.836608159788098542e-03,8.457814893000775713e-01,1.557823073720634912e-03,-1.962056123587694115e-03,9.999968617565951901e-01,1.485758748566191889e-01,0.000000000000000000e+00,0.000000000000000000e+00,0.000000000000000000e+00,1.000000000000000056e-01
9.968945188637367005e-01,-7.874679211560148273e-02,5.108727250385787597e-04,1.754606883776788351e+01,7.874415895894823492e-02,9.968869478725719269e-01,3.971220361032057680e-03,9.441315982199930401e-01,-8.220032158304877833e-04,-3.918659568044699504e-03,9.999919841768247775e-01,1.770029570222677595e-01,0.000000000000000000e+00,0.000000000000000000e+00,0.000000000000000000e+00,1.000000000000000056e-01
9.967839353804280877e-01,-8.012645084543965068e-02,1.240178382295620274e-03,1.848064194820864969e+01,8.011789004711400430e-02,9.967681608480302158e-01,5.861502711245811584e-03,1.022466458514917020e+00,-1.705831734117339502e-03,-5.743291264487080869e-03,9.999820522107114584e-01,1.932534787897805251e-01,0.000000000000000000e+00,0.000000000000000000e+00,0.000000000000000000e+00,1.000000000000000056e-01
9.964793872702845112e-01,-8.382839014226452223e-02,1.277400326687544137e-03,1.941941658540124749e+01,8.382235322332652616e-02,9.964718114158741535e-01,4.212143595664657146e-03,1.107908685677512661e+00,-1.625990634110184184e-03,-4.090239567911174538e-03,9.999903130004484941e-01,2.111508576051344399e-01,0.000000000000000000e+00,0.000000000000000000e+00,0.000000000000000000e+00,1.000000000000000056e-01
9.963776895136464695e-01,-8.503226220318588213e-02,1.007086915944599599e-03,2.035590902470701380e+01,8.502619247691242665e-02,9.963660557641875748e-01,5.022898943331903510e-03,1.182738387686983472e+00,-1.430535678220944389e-03,-4.919075677861492815e-03,9.999868780449815420e-01,2.190986668512119873e-01,0.000000000000000000e+00,0.000000000000000000e+00,0.000000000000000000e+00,1.000000000000000056e-01
9.966166532983071757e-01,-8.208616586283848382e-02,4.136150676689684218e-03,2.128379571175161900e+01,8.206068034911404019e-02,9.966093042284700498e-01,5.994953368064599546e-03,1.275354411074554939e+00,-4.614228984590755013e-03,-5.635255023804352191e-03,9.999734760440871506e-01,2.326324975285356256e-01,0.000000000000000000e+00,0.000000000000000000e+00,0.000000000000000000e+00,1.000000000000000056e-01
9.967594064924809594e-01,-8.005360607635554626e-02,7.880718427199442586e-03,2.222843160870667489e+01,8.000713143437414299e-02,9.967759537234639478e-01,6.046238361295652036e-03,1.363247731159052956e+00,-8.339333810316712156e-03,-5.396131285514884496e-03,9.999506674225231428e-01,2.239681773553661437e-01,0.000000000000000000e+00,0.000000000000000000e+00,0.000000000000000000e+00,1.000000000000000056e-01
9.967955500828369342e-01,-7.911392995829634456e-02,1.181598161848584905e-02,2.318951334811605136e+01,7.904621146139116650e-02,9.968523325118802125e-01,6.092915494633628290e-03,1.450586168976988555e+00,-1.226082332698938404e-02,-5.139382470442824952e-03,9.999116255745639226e-01,2.336510987687636931e-01,0.000000000000000000e+00,0.000000000000000000e+00,0.000000000000000000e+00,1.000000000000000056e-01
9.968915934899027498e-01,-7.723667267609295173e-02,1.554500637145426849e-02,2.412015876290626437e+01,7.716160972867629197e-02,9.970041216134575279e-01,5.372845601495706766e-03,1.527282096591778382e+00,-1.591341613990927134e-02,-4.156666898386328704e-03,9.998647335050145912e-01,2.398195559713867941e-01,0.000000000000000000e+00,0.000000000000000000e+00,0.000000000000000000e+00,1.000000000000000056e-01
9.971157244879619297e-01,-7.495757492306330538e-02,1.189932521196448816e-02,2.507936268353556031e+01,7.491487930480526802e-02,9.971819305606877126e-01,3.994774337348258250e-03,1.591811111454023209e+00,-1.216523068392872352e-02,-3.091815795487980970e-03,9.999212208156668114e-01,2.425550610029323095e-01,0.000000000000000000e+00,0.000000000000000000e+00,0.000000000000000000e+00,1.000000000000000056e-01
9.971833889572401244e-01,-7.446609860869252140e-02,8.949242747518801680e-03,2.604289900556985415e+01,7.443121078980188821e-02,9.972174288204106452e-01,4.170673467598621023e-03,1.665306082775885432e+00,-9.234914624273263609e-03,-3.492823329304359757e-03,9.999512570806001754e-01,2.358709975126280500e-01,0.000000000000000000e+00,0.000000000000000000e+00,0.000000000000000000e+00,1.000000000000000056e-01
9.973397398285654969e-01,-7.246845177595934162e-02,7.859189263837558503e-03,2.698520086230093895e+01,7.243733285450668080e-02,9.973642281607193461e-01,4.174828654920420198e-03,1.741613352446949481e+00,-8.141017603148351101e-03,-3.594423815856004952e-03,9.999604011908758139e-01,2.494633951248574899e-01,0.000000000000000000e+00,0.000000000000000000e+00,0.000000000000000000e+00,1.000000000000000056e-01
9.973781238594744414e-01,-7.185532155638761631e-02,8.584335185842286234e-03,2.794056095979360421e+01,7.185042680737187271e-02,9.974150319277682586e-01,8.776400900308128352e-04,1.810572817646898480e+00,-8.625208064345487799e-03,-2.585508794584844136e-04,9.999627687755626715e-01,2.592615472264701570e-01,0.000000000000000000e+00,0.000000000000000000e+00,0.000000000000000000e+00,1.000000000000000056e-01
9.975016005542448605e-01,-6.921990957610686668e-02,1.411244167376351187e-02,2.894414982493728061e+01,6.928553302306227069e-02,9.975879661881341676e-01,-4.214810829948510348e-03,1.897439683670003596e+00,-1.378665316274897863e-02,5.182068592530585105e-03,9.998915312971063951e-01,2.643657942960277452e-01,0.000000000000000000e+00,0.000000000000000000e+00,0.000000000000000000e+00,1.000000000000000056e-01
9.974039864642764153e-01,-6.983338868700701696e-02,1.756660495539319120e-02,2.992378686039896962e+01,6.999412427647309920e-02,9.975094016432373145e-01,-8.707249859758126043e-03,1.931675470445137321e+00,-1.691479683410601273e-02,9.914204851626765014e-03,9.998077806209656471e-01,2.602468847256899642e-01,0.000000000000000000e+00,0.000000000000000000e+00,0.000000000000000000e+00,1.000000000000000056e-01
9.972293110536587513e-01,-7.160011694734333410e-02,2.017732461383242581e-02,3.083923022512130174e+01,7.189929169837136480e-02,9.973063046556855937e-01,-1.451297858102879035e-02,1.986615928114824126e+00,-1.908384208480347344e-02,1.592350297979851226e-02,9.996910767952941201e-01,2.685726841621976502e-01,0.000000000000000000e+00,0.000000000000000000e+00,0.000000000000000000e+00,1.000000000000000056e-01
9.974454049705383518e-01,-7.011076462593160419e-02,1.368008723385434264e-02,3.175429416776306013e+01,7.029748023432855208e-02,9.974322466875482629e-01,-1.368128431595379453e-02,2.052246779318086745e+00,-1.268575484008870047e-02,1.460800983696937567e-02,9.998128213184406254e-01,2.541218530549740895e-01,0.000000000000000000e+00,0.000000000000000000e+00,0.000000000000000000e+00,1.000000000000000056e-01
9.974859390058634645e-01,-6.988840619342440164e-02,1.172229351849492229e-02,3.274051962926601789e+01,7.005936411781843454e-02,9.974320033631992599e-01,-1.486889929624106606e-02,2.101458692205129708e+00,-1.065302703449901717e-02,1.565277440640282236e-02,9.998207357663595474e-01,2.584095546238949770e-01,0.000000000000000000e+00,0.000000000000000000e+00,0.000000000000000000e+00,1.000000000000000056e-01
9.973003008466808650e-01,-7.278040501499703774e-02,9.753080383795995761e-03,3.368969098661050765e+01,7.287501830396557467e-02,9.972936744936696796e-01,-9.724120634330445101e-03,2.182952442375848623e+00,-9.018959935406779815e-03,1.040862434557635052e-02,9.999051549526666305e-01,2.473355183887805397e-01,0.000000000000000000e+00,0.000000000000000000e+00,0.000000000000000000e+00,1.000000000000000056e-01
9.969801286514119454e-01,-7.682933078658094050e-02,1.130827153459467577e-02,3.464337318371060093e+01,7.696219456510072776e-02,9.969638972356195117e-01,-1.182405245627404962e-02,2.261885993183317733e+00,-1.036550442272716338e-02,1.265865473307761259e-02,9.998661484310843450e-01,2.598352687464375865e-01,0.000000000000000000e+00,0.000000000000000000e+00,0.000000000000000000e+00,1.000000000000000056e-01
9.969434276542508133e-01,-7.723484054687340672e-02,1.177206280532732546e-02,3.562119936854078617e+01,7.737157404300815111e-02,9.969343889817614546e-01,-1.163888292187766592e-02,2.338233758686196317e+00,-1.083704697326896838e-02,1.251413086318456901e-02,9.998629680819458576e-01,2.520713406425231229e-01,0.000000000000000000e+00,0.000000000000000000e+00,0.000000000000000000e+00,1.000000000000000056e-01
9.969752550597185126e-01,-7.674101204712890922e-02,1.229462763127438067e-02,3.659868794597477404e+01,7.687407215589595055e-02,9.969829429948088295e-01,-1.074189962622056245e-02,2.412034486797784094e+00,-1.143318979022838779e-02,1.165454621133359993e-02,9.998667179798658156e-01,2.541229830755934449e-01,0.000000000000000000e+00,0.000000000000000000e+00,0.000000000000000000e+00,1.000000000000000056e-01
9.969037335384005605e-01,-7.760679376039118782e-02,1.265431228593118067e-02,3.759642039681423853e+01,7.772040337308246116e-02,9.969368210007745201e-01,-8.747218551919670737e-03,2.495880896082071754e+00,-1.193670627615137612e-02,9.703633087756607239e-03,9.998816702731253558e-01,2.566527224188848155e-01,0.000000000000000000e+00,0.000000000000000000e+00,0.000000000000000000e+00,1.000000000000000056e-01
9.967884076639910162e-01,-7.858595225995726463e-02,1.539865104744342870e-02,3.858810775171367169e+01,7.875067219314230149e-02,9.968401053431691361e-01,-1.039884650082858672e-02,2.576793446287026779e+00,-1.453278967760346894e-02,1.157810376595699853e-02,9.998273578660323846e-01,2.733523881187090443e-01,0.000000000000000000e+00,0.000000000000000000e+00,0.000000000000000000e+00,1.000000000000000056e-01
9.966536592964897467e-01,-8.031694925690979758e-02,1.518785939425238915e-02,3.960840932403317538e+01,8.043209439405937800e-02,9.967346037072897236e-01,-7.127970528647254410e-03,2.632683000942710461e+00,-1.456576816723808079e-02,8.325709251176030209e-03,9.998592505763814753e-01,2.657415120946703957e-01,0.000000000000000000e+00,0.000000000000000000e+00,0.000000000000000000e+00,1.000000000000000056e-01
9.963240464934980389e-01,-8.396179480770786518e-02,1.699445178551737060e-02,4.062479438942141030e+01,8.416451700809123027e-02,9.963845117493570491e-01,-1.158614788400438161e-02,2.724936944105798453e+00,-1.596021477351218174e-02,1.297388756940869026e-02,9.997884525166910175e-01,2.769068070914476598e-01,0.000000000000000000e+00,0.000000000000000000e+00,0.000000000000000000e+00,1.000000000000000056e-01
9.964294479823633255e-01,-8.296900149825678361e-02,1.563649525772601093e-02,4.164706337877347408e+01,8.317093380495227395e-02,9.964538765202943793e-01,-1.273843544906791241e-02,2.818262398902158683e+00,-1.452415104489312124e-02,1.399345411469548987e-02,9.997965954524775656e-01,2.894350865155014274e-01,0.000000000000000000e+00,0.000000000000000000e+00,0.000000000000000000e+00,1.000000000000000056e-01
9.962903659598038031e-01,-8.471920208761281323e-02,1.510508170512369144e-02,4.270444141172681185e+01,8.491723149388129277e-02,9.963033463444265214e-01,-1.298868193128954393e-02,2.908208014401033381e+00,-1.394885268023206629e-02,1.422318039454793098e-02,9.998015456321166505e-01,2.982772901641552732e-01,0.000000000000000000e+00,0.000000000000000000e+00,0.000000000000000000e+00,1.000000000000000056e-01
9.964109987624583109e-01,-8.385795506816666467e-02,1.153104145277601342e-02,4.377773436092285664e+01,8.401220540868169218e-02,9.963717130140669065e-01,-1.361465562485391669e-02,2.988457845827184212e+00,-1.034750634548109102e-02,1.453454083207425356e-02,9.998408254493467151e-01,3.048895115245705001e-01,0.000000000000000000e+00,0.000000000000000000e+00,0.000000000000000000e+00,1.000000000000000056e-01
9.964433290721865788e-01,-8.333932138141467161e-02,1.245991409374369238e-02,4.481116313552282548e+01,8.351756688009606688e-02,9.964001752260800426e-01,-1.454327445473421396e-02,3.065172335855369301e+00,-1.120303396258690715e-02,1.553217052193033715e-02,9.998166050375992819e-01,3.125504578839964354e-01,0.000000000000000000e+00,0.000000000000000000e+00,0.000000000000000000e+00,1.000000000000000056e-01
9.964136887225655270e-01,-8.334862969192993742e-02,1.458652990837110489e-02,4.581819779496260736e+01,8.355584228522835999e-02,9.964015748619280410e-01,-1.422402308335125008e-02,3.163083170976100256e+00,-1.334848853976787833e-02,1.539180110146956028e-02,9.997924336143759749e-01,3.250714463645782426e-01,0.000000000000000000e+00,0.000000000000000000e+00,0.000000000000000000e+00,1.000000000000000056e-01
9.959979022633271839e-01,-8.851403990254164134e-02,1.238722838988242508e-02,4.676448715788632171e+01,8.866020010035227661e-02,9.959921103707002343e-01,-1.179343026791949967e-02,3.240727102907018153e+00,-1.129369758836037962e-02,1.284448595507239194e-02,9.998537250894915518e-01,3.384862488998197083e-01,0.000000000000000000e+00,0.000000000000000000e+00,0.000000000000000000e+00,1.000000000000000056e-01
9.962150384415393578e-01,-8.665072087239179821e-02,6.873845737068740198e-03,4.772094016702884289e+01,8.673062352548603637e-02,9.961554838241956089e-01,-1.233089574455827411e-02,3.344026336642972552e+00,-5.778938120674312513e-03,1.288039670497771044e-02,9.999003446618667246e-01,3.323174368530341649e-01,0.000000000000000000e+00,0.000000000000000000e+00,0.000000000000000000e+00,1.000000000000000056e-01
9.962782467114520424e-01,-8.605358642927328494e-02,4.943216788144100607e-03,4.866921519087551928e+01,8.611067464488449119e-02,9.962031883451115677e-01,-1.281246437017413177e-02,3.429578170682092697e+00,-3.821889814979471250e-03,1.319044327131303936e-02,9.999056982358628387e-01,3.397968410892144853e-01,0.000000000000000000e+00,0.000000000000000000e+00,0.000000000000000000e+00,1.000000000000000056e-01
9.963511857500079172e-01,-8.515681186353507570e-02,5.712446743000004767e-03,4.963553710190545587e+01,8.523018980772187336e-02,9.962608823142184988e-01,-1.414457902641718008e-02,3.534355210447226003e+00,-4.486579977312657105e-03,1.457984100507784229e-02,9.998836426486703566e-01,3.465709873421973231e-01,0.000000000000000000e+00,0.000000000000000000e+00,0.000000000000000000e+00,1.000000000000000056e-01
9.967570001307447525e-01,-7.994950568709939531e-02,9.141073828983150781e-03,5.064447404032176792e+01,8.009222112686499584e-02,9.966510779018832311e-01,-1.648833017560455763e-02,3.613570884285164375e+00,-7.792227237691482476e-03,1.716698742944875247e-02,9.998222720750290504e-01,3.622491935666960483e-01,0.000000000000000000e+00,0.000000000000000000e+00,0.000000000000000000e+00,1.000000000000000056e-01
9.968105794407646769e-01,-7.932766358541079588e-02,8.705774235923655069e-03,5.158881555457460877e+01,7.945766672793097563e-02,9.967134923252028988e-01,-1.577001633007138123e-02,3.698487434323135314e+00,-7.426164091913905162e-03,1.641145962361540214e-02,9.998377448765887188e-01,3.661853295148887466e-01,0.000000000000000000e+00,0.000000000000000000e+00,0.000000000000000000e+00,1.000000000000000056e-01
9.968817458369295670e-01,-7.774452827003854039e-02,1.351196289162495678e-02,5.253750931237864563e+01,7.798206243578577335e-02,9.967914542182729765e-01,-1.804424383790589198e-02,3.780678582473141258e+00,-1.206576791491863893e-02,1.904166803328360275e-02,9.997458837740386128e-01,3.927203175865475737e-01,0.000000000000000000e+00,0.000000000000000000e+00,0.000000000000000000e+00,1.000000000000000056e-01
9.970587634762096974e-01,-7.533406868404370071e-02,1.409256083185180496e-02,5.353559520417041995e+01,7.557562129957591524e-02,9.969869552180472549e-01,-1.747388308964577253e-02,3.876692163774897892e+00,-1.273372060612071831e-02,1.848754230705933199e-02,9.997479998174390037e-01,4.201165414142369325e-01,0.000000000000000000e+00,0.000000000000000000e+00,0.000000000000000000e+00,1.000000000000000056e-01
9.970655642366192950e-01,-7.496126454549673079e-02,1.552641076527668321e-02,5.450318231269367431e+01,7.526457904317374048e-02,9.969636048091495839e-01,-1.997032366787386548e-02,3.939617823575421784e+00,-1.398226573077114218e-02,2.108031080619651720e-02,9.996800071729694537e-01,4.148442609030311146e-01,0.000000000000000000e+00,0.000000000000000000e+00,0.000000000000000000e+00,1.000000000000000056e-01
9.969684455307235016e-01,-7.551492623401385995e-02,1.874605376937246021e-02,5.543916313613893010e+01,7.585520262540733361e-02,9.969535150641006815e-01,-1.815701065683081317e-02,4.014853798837914489e+00,-1.731781887857572477e-02,1.952395239712792496e-02,9.996593962105710940e-01,4.239711607346711153e-01,0.000000000000000000e+00,0.000000000000000000e+00,0.000000000000000000e+00,1.000000000000000056e-01
9.969644266178020464e-01,-7.424883610999562233e-02,2.343165369640402493e-02,5.638334254329533479e+01,7.463080122623262647e-02,9.970849466944384787e-01,-1.586986400947675013e-02,4.099514173836151798e+00,-2.218503024491398981e-02,1.757041296212873138e-02,9.995994722994667736e-01,4.349971728904051260e-01,0.000000000000000000e+00,0.000000000000000000e+00,0.000000000000000000e+00,1.000000000000000056e-01
9.968881394891122572e-01,-7.461490040551924108e-02,2.542939211642133296e-02,5.734083004173803033e+01,7.499010824399993114e-02,9.970841060876548534e-01,-1.413396805343185465e-02,4.165679693944429829e+00,-2.430063808811281506e-02,1.599693798377378740e-02,9.995766988899120742e-01,4.195760425960717299e-01,0.000000000000000000e+00,0.000000000000000000e+00,0.000000000000000000e+00,1.000000000000000056e-01
9.969095888796885019e-01,-7.533478313644015323e-02,2.226975638654257392e-02,5.822621518183344591e+01,7.558925861585780170e-02,9.970804006880403803e-01,-1.081381272641134851e-02,4.233200710526990207e+00,-2.139008138449663768e-02,1.246374797412319775e-02,9.996935127351793682e-01,4.210784198894352848e-01,0.000000000000000000e+00,0.000000000000000000e+00,0.000000000000000000e+00,1.000000000000000056e-01
9.970618465464666791e-01,-7.486931165468828364e-02,1.619445379453376965e-02,5.912724039112349317e+01,7.498365132049093773e-02,9.971631095870169270e-01,-6.571522913145535529e-03,4.312092735816957401e+00,-1.565650650679033945e-02,7.766534047058424282e-03,9.998472657125681007e-01,4.248925121512962533e-01,0.000000000000000000e+00,0.000000000000000000e+00,0.000000000000000000e+00,1.000000000000000056e-01
9.971460230814497283e-01,-7.489851449656378946e-02,9.487949149153507983e-03,6.011340716483293534e+01,7.496515960861827033e-02,9.971624579072769778e-01,-6.874400713698099012e-03,4.375358142600519251e+00,-8.946144292559063405e-03,7.566046955057086250e-03,9.999313583620480506e-01,4.285701504280198804e-01,0.000000000000000000e+00,0.000000000000000000e+00,0.000000000000000000e+00,1.000000000000000056e-01
9.972945342717096651e-01,-7.289268288712562327e-02,9.500983806462635559e-03,6.103625809157751547e+01,7.293107959462404033e-02,9.973298987299855645e-01,-3.759086112254371188e-03,4.456554224858851221e+00,-9.201605345608656131e-03,4.441833039824335735e-03,9.999477989266789546e-01,4.357113355058904736e-01,0.000000000000000000e+00,0.000000000000000000e+00,0.000000000000000000e+00,1.000000000000000056e-01
9.970863219579513270e-01,-7.548101925695903380e-02,1.102190075691323462e-02,6.197975804611773043e+01,7.551344913495268429e-02,9.971415079266071624e-01,-2.555810946649849161e-03,4.536338714782628401e+00,-1.079747952568465078e-02,3.380665878592631519e-03,9.999359907184608431e-01,4.369787133325546691e-01,0.000000000000000000e+00,0.000000000000000000e+00,0.000000000000000000e+00,1.000000000000000056e-01
9.971927827404200029e-01,-7.387432289660653129e-02,1.221222612734128299e-02,6.285389939024128836e+01,7.392200213722935342e-02,9.972578861743532919e-01,-3.499437538246477977e-03,4.605214305212286696e+00,-1.192022023457865038e-02,4.392366062675940805e-03,9.999193044790817275e-01,4.475535160267868351e-01,0.000000000000000000e+00,0.000000000000000000e+00,0.000000000000000000e+00,1.000000000000000056e-01
9.973704706854003010e-01,-7.108313858285041087e-02,1.411848483352102883e-02,6.365877894694120442e+01,7.112747433301529199e-02,9.974636796969459374e-01,-2.662720495049352570e-03,4.680335152467277382e+00,-1.389340130383241896e-02,3.659930961068366857e-03,9.998967838259961161e-01,4.488516981428468111e-01,0.000000000000000000e+00,0.000000000000000000e+00,0.000000000000000000e+00,1.000000000000000056e-01
9.972713616276956961e-01,-7.249648173441050614e-02,1.393166943959460967e-02,6.446304907344111257e+01,7.251359707335164329e-02,9.973671591735429054e-01,-7.266646959816691273e-04,4.752676801711627874e+00,-1.384230893765406485e-02,1.734917355110304760e-03,9.999026855374704148e-01,4.600616438518995710e-01,0.000000000000000000e+00,0.000000000000000000e+00,0.000000000000000000e+00,1.000000000000000056e-01
9.971768156787628179e-01,-7.334739666858546003e-02,1.607972868874888925e-02,6.524459825926598455e+01,7.335261318198159353e-02,9.973060329830722992e-01,2.659228113302304630e-04,4.816721632795368357e+00,-1.605591517594611925e-02,9.143180563583853081e-04,9.998706774430154987e-01,4.606501973304408248e-01,0.000000000000000000e+00,0.000000000000000000e+00,0.000000000000000000e+00,1.000000000000000056e-01
9.965988818432847118e-01,-8.121643645945779422e-02,1.394844642035183817e-02,6.605786849994322552e+01,8.122724097876769800e-02,9.966955862675346278e-01,-2.088966073964006187e-04,4.882980636608913017e+00,-1.388538914441266557e-02,1.341179944017456939e-03,9.999026938680913856e-01,4.654853896226622822e-01,0.000000000000000000e+00,0.000000000000000000e+00,0.000000000000000000e+00,1.000000000000000056e-01
9.965083416241490299e-01,-8.242319328926366040e-02,1.332449929599694403e-02,6.680494299819417847e+01,8.240425633495772340e-02,9.965970486604440737e-01,1.964978161495498435e-03,4.946651937195363224e+00,-1.344111644808284288e-02,-8.601216735172527526e-04,9.999092941758946917e-01,4.695500066802777983e-01,0.000000000000000000e+00,0.000000000000000000e+00,0.000000000000000000e+00,1.000000000000000056e-01
9.963621546126120165e-01,-8.360868448540494102e-02,1.649377865540245860e-02,6.758805016091449147e+01,8.355469931126079108e-02,9.964954163585684199e-01,3.936673642567132224e-03,5.032658650861196570e+00,-1.676511493304474673e-02,-2.544219916456223751e-03,9.998562185966032301e-01,4.794784885819225462e-01,0.000000000000000000e+00,0.000000000000000000e+00,0.000000000000000000e+00,1.000000000000000056e-01
9.966734542583663981e-01,-7.920477183498110529e-02,1.919973164564062196e-02,6.832528761436088871e+01,7.908469701443750222e-02,9.968437718530612779e-01,6.935792376982441443e-03,5.113684596956328043e+00,-1.968848076492067667e-02,-5.394315186431939552e-03,9.997916108313965600e-01,4.766486013976520830e-01,0.000000000000000000e+00,0.000000000000000000e+00,0.000000000000000000e+00,1.000000000000000056e-01
9.962053607071126304e-01,-8.437928416734141734e-02,2.133109706083376883e-02,6.904811487887043597e+01,8.418635549871975043e-02,9.964019550427272165e-01,9.787825850216376466e-03,5.203464512927417296e+00,-2.208023655341679464e-02,-7.954897261312158380e-03,9.997245534462515515e-01,4.845456171706137849e-01,0.000000000000000000e+00,0.000000000000000000e+00,0.000000000000000000e+00,1.000000000000000056e-01
9.963387670601773216e-01,-8.413457574866095579e-02,1.518006642273424765e-02,6.972808497978461162e+01,8.392293326362465500e-02,9.963727750605406719e-01,1.407957352289070097e-02,5.278325944037262296e+00,-1.630958385229354379e-02,-1.275406922319752279e-02,9.997856426218646453e-01,4.808626544752509502e-01,0.000000000000000000e+00,0.000000000000000000e+00,0.000000000000000000e+00,1.000000000000000056e-01
9.963097513160997787e-01,-8.529992250396375986e-02,9.529042620810210251e-03,7.041619803207811401e+01,8.516758475181021582e-02,9.962748512596759642e-01,1.352417298964007919e-02,5.353385490204454200e+00,-1.064715642764130221e-02,-1.266269988305275540e-02,9.998631376801911941e-01,4.880123665465971872e-01,0.000000000000000000e+00,0.000000000000000000e+00,0.000000000000000000e+00,1.000000000000000056e-01
9.966491326951116836e-01,-8.150214694437923901e-02,6.921440712631011551e-03,7.115575679024310318e+01,8.141692042059486822e-02,9.966101254891935879e-01,1.181282530304560152e-02,5.428566209539511966e+00,-7.860748520858310343e-03,-1.120971970526312561e-02,9.999062710158493905e-01,4.978177809653397401e-01,0.000000000000000000e+00,0.000000000000000000e+00,0.000000000000000000e+00,1.000000000000000056e-01
9.968364452485504179e-01,-7.930453359857798923e-02,5.281323219205004936e-03,7.186571697702399319e+01,7.924695091544216308e-02,9.968013677179079490e-01,1.034186087285507774e-02,5.494117990322328282e+00,-6.084586661327047279e-03,-9.890615067831003138e-03,9.999325744962711537e-01,5.005927448519742473e-01,0.000000000000000000e+00,0.000000000000000000e+00,0.000000000000000000e+00,1.000000000000000056e-01
9.968882887463764719e-01,-7.834417568776379237e-02,8.713776226518228987e-03,7.254147539689211044e+01,7.823323399772673381e-02,9.968577460682314095e-01,1.241753606889790980e-02,5.565706794590671080e+00,-9.659236956300781482e-03,-1.169718938763701470e-02,9.998849308304690320e-01,5.096293427826195099e-01,0.000000000000000000e+00,0.000000000000000000e+00,0.000000000000000000e+00,1.000000000000000056e-01
9.968541494293670091e-01,-7.835573235050251328e-02,1.192409213607382133e-02,7.312969708240964906e+01,7.818899402281363764e-02,9.968421943302829824e-01,1.386076536439254450e-02,5.602863102801586059e+00,-1.297250859138575872e-02,-1.288482869900660702e-02,9.998328336328247135e-01,5.322871799154663686e-01,0.000000000000000000e+00,0.000000000000000000e+00,0.000000000000000000e+00,1.000000000000000056e-01
9.968334666984907111e-01,-7.900051882247377533e-02,9.053048969766925788e-03,7.371458462675801115e+01,7.890968404312809215e-02,9.968317438162612731e-01,9.986805517554120729e-03,5.631666188965566811e+00,-9.813329408652692390e-03,-9.240808731475815344e-03,9.999091488829900953e-01,5.401555652782348282e-01,0.000000000000000000e+00,0.000000000000000000e+00,0.000000000000000000e+00,1.000000000000000056e-01
9.967989984325192898e-01,-7.963711655100527698e-02,7.048857451246876189e-03,7.434093101672114301e+01,7.959155157520211854e-02,9.968062051764389198e-01,6.524893838152274507e-03,5.668621700075806125e+00,-7.545968577878933194e-03,-5.942978141371540145e-03,9.999538686204643145e-01,5.523612289009146581e-01,0.000000000000000000e+00,0.000000000000000000e+00,0.000000000000000000e+00,1.000000000000000056e-01
9.969411763611123467e-01,-7.813381960947615723e-02,1.843124780173083059e-03,7.496150641958200822e+01,7.812361172574125434e-02,9.969307419445180285e-01,5.079080318173068327e-03,5.685845906917306181e+00,-2.234315699956453648e-03,-4.919552742543698183e-03,9.999854028105441550e-01,5.658366065333280126e-01,0.000000000000000000e+00,0.000000000000000000e+00,0.000000000000000000e+00,1.000000000000000056e-01
9.974231169276526199e-01,-7.169720422893449685e-02,2.576184015280444470e-03,7.557294866933094113e+01,7.168773814758105933e-02,9.974206415896238465e-01,3.596099307156413322e-03,5.741802550080580048e+00,-2.827369379826677204e-03,-3.402151774617913176e-03,9.999902156249792506e-01,5.871513402636892032e-01,0.000000000000000000e+00,0.000000000000000000e+00,0.000000000000000000e+00,1.000000000000000056e-01
9.977156874924307806e-01,-6.736619921920283804e-02,5.020172732565536707e-03,7.614421932055428499e+01,6.733387280384667273e-02,9.977102792918030039e-01,6.352020836546483883e-03,5.800232125835664831e+00,-5.436589440220373527e-03,-5.999483163673313517e-03,9.999672243113907344e-01,5.816719853670798690e-01,0.000000000000000000e+00,0.000000000000000000e+00,0.000000000000000000e+00,1.000000000000000056e-01
9.979087435028772823e-01,-6.413468677075059854e-02,8.054911130886974538e-03,7.669318373810463640e+01,6.410043307401966373e-02,9.979335695993946098e-01,4.441300072424483533e-03,5.818667062086580799e+00,-8.323107606651792764e-03,-3.915688882929757586e-03,9.999576957353446538e-01,5.916860955802033528e-01,0.000000000000000000e+00,0.000000000000000000e+00,0.000000000000000000e+00,1.000000000000000056e-01
9.983142288114004170e-01,-5.690703843254592970e-02,1.141444389953702628e-02,7.726151582286831854e+01,5.691414025707831198e-02,9.983790321337641105e-01,-2.980510793898886210e-04,5.810960046976036963e+00,-1.137898024853522226e-02,9.471918945223242736e-04,9.999348086930559543e-01,6.082762320395272981e-01,0.000000000000000000e+00,0.000000000000000000e+00,0.000000000000000000e+00,1.000000000000000056e-01
9.987983042892908392e-01,-4.682414876619770544e-02,1.447226454837892071e-02,7.781189168605895645e+01,4.691484855963817119e-02,9.988809183601801145e-01,-5.992321799557972020e-03,5.826618752290728231e+00,-1.417548353543878273e-02,6.664084951756471184e-03,9.998773152933775332e-01,6.119484562271071404e-01,0.000000000000000000e+00,0.000000000000000000e+00,0.000000000000000000e+00,1.000000000000000056e-01
9.993009361043667660e-01,-3.451729557569771512e-02,1.435950580891399118e-02,7.831547088611353047e+01,3.452495781736472646e-02,9.994037950225396205e-01,-2.859759690886009773e-04,5.862716308552082367e+00,-1.434107348302426747e-02,7.815373859445516082e-04,9.998968560860009847e-01,6.141606874992429077e-01,0.000000000000000000e+00,0.000000000000000000e+00,0.000000000000000000e+00,1.000000000000000056e-01
9.997559164099588669e-01,-1.562849983646802388e-02,1.561594045022003316e-02,7.882765009638480080e+01,1.559581502531470938e-02,9.998759296913359851e-01,2.212640409701170218e-03,5.877130751787512430e+00,-1.564858322594947157e-02,-1.968557021778538727e-03,9.998756155773940169e-01,6.154787757886687194e-01,0.000000000000000000e+00,0.000000000000000000e+00,0.000000000000000000e+00,1.000000000000000056e-01
9.999022526100487251e-01,8.245429421646806312e-04,1.395726886919227035e-02,7.932741084219158267e+01,-9.018398835242374782e-04,9.999842876904874167e-01,5.532725998361520681e-03,5.883159587175673444e+00,-1.395248759809096691e-02,-5.544772410567173904e-03,9.998872854420842726e-01,6.248697915238538014e-01,0.000000000000000000e+00,0.000000000000000000e+00,0.000000000000000000e+00,1.000000000000000056e-01
9.996456872116777914e-01,2.308997284024769808e-02,1.324209927953937278e-02,7.984965101743341620e+01,-2.315211331275789791e-02,9.997215602594233808e-01,4.558684198028887039e-03,5.871257914132229416e+00,-1.313315225853153335e-02,-4.863651580938288879e-03,9.999019277934478866e-01,6.355345715315769972e-01,0.000000000000000000e+00,0.000000000000000000e+00,0.000000000000000000e+00,1.000000000000000056e-01
9.987132424799298747e-01,4.855050730119407632e-02,1.465290196587263824e-02,8.035933342940283808e+01,-4.862614310293814079e-02,9.988052729165791677e-01,4.850257825134793137e-03,5.833272945282462985e+00,-1.439991326909141958e-02,-5.556530827269868557e-03,9.998808766363161959e-01,6.531760446824838029e-01,0.000000000000000000e+00,0.000000000000000000e+00,0.000000000000000000e+00,1.000000000000000056e-01
9.973310658038347931e-01,7.141820221438421878e-02,1.517186788277505131e-02,8.081633099154490196e+01,-7.151726100056499114e-02,9.974207740785691056e-01,6.089401898794494054e-03,5.836907954412379418e+00,-1.469784207168251151e-02,-7.158200121071120990e-03,9.998663578746224134e-01,6.474716535169194875e-01,0.000000000000000000e+00,0.000000000000000000e+00,0.000000000000000000e+00,1.000000000000000056e-01
9.944242967211300854e-01,1.043210453249124592e-01,1.540901012405750982e-02,8.130805168572378250e+01,-1.043453200458232810e-01,9.945408233992193425e-01,7.776740560782134789e-04,5.760458886426092384e+00,-1.524376184609491959e-02,-2.381196069277957423e-03,9.998809717311651912e-01,6.445589823418432784e-01,0.000000000000000000e+00,0.000000000000000000e+00,0.000000000000000000e+00,1.000000000000000056e-01
