1.000000000000000000e+00,-7.856097786140887360e-09,1.231486653424448142e-09,6.453556493166694091e-15,7.856097785972837347e-09,1.000000000000000000e+00,1.364609214041780975e-10,4.878357898134214031e-14,-1.231486654496498618e-09,-1.364609117294985202e-10,1.000000000000000000e+00,-7.004163137792088797e-15,0.000000000000000000e+00,0.000000000000000000e+00,0.000000000000000000e+00,1.000000000000000056e-01
9.999443658801726587e-01,-1.054822042639757401e-02,-1.379621230054051489e-05,6.441754958755691041e-01,1.054816327725099576e-02,9.999418705022948828e-01,-2.234248833116628512e-03,3.161610947617277817e-02,3.736275951278502044e-05,2.233979007949369548e-03,9.999975039677930777e-01,8.265175378306463885e-03,0.000000000000000000e+00,0.000000000000000000e+00,0.000000000000000000e+00,1.000000000000000056e-01
9.997699253938625574e-01,-2.144355446762447742e-02,5.198555034822835907e-04,1.292849301843642662e+00,2.144441951161780990e-02,9.997685627400038078e-01,-1.719833886397105710e-03,6.567124925102706123e-02,-4.828558379307410940e-04,1.730586195795168593e-03,9.999983859595268365e-01,1.073998617958789488e-02,0.000000000000000000e+00,0.000000000000000000e+00,0.000000000000000000e+00,1.000000000000000056e-01
9.994161023926206866e-01,-3.416738477987317502e-02,-2.099896348507908318e-04,2.000885153955156426e+00,3.416693207148024936e-02,9.994143817663696527e-01,-1.874638996708510733e-03,9.796659790496747844e-02,2.739181730156439146e-04,1.866369697893970796e-03,9.999982208149098550e-01,1.072946449438182820e-02,0.000000000000000000e+00,0.000000000000000000e+00,0.000000000000000000e+00,1.000000000000000056e-01
9.989244689489802376e-01,-4.636389894191049466e-02,5.424111928654996341e-04,2.705076338401671165e+00,4.636383038983390992e-02,9.989246098217842151e-01,1.382894751026498659e-04,1.323311553284875486e-01,-5.482395284445269138e-04,-1.129924799305842250e-04,9.999998433330471448e-01,7.830433745514267865e-03,0.000000000000000000e+00,0.000000000000000000e+00,0.000000000000000000e+00,1.000000000000000056e-01
9.983831260577884503e-01,-5.682607290488581042e-02,1.389619115710418167e-03,3.415064246630644451e+00,5.682433764463887260e-02,9.983833994797068900e-01,1.257892917544581150e-03,1.826028979087008508e-01,-1.458853771363879427e-03,-1.176894877435537366e-03,9.999982433305176777e-01,1.670998648456028385e-02,0.000000000000000000e+00,0.000000000000000000e+00,0.000000000000000000e+00,1.000000000000000056e-01
9.977722298764725162e-01,-6.669925546679532358e-02,1.336640380547951274e-03,4.151559141357636484e+00,6.669681473043313769e-02,9.977716750368252896e-01,1.794268380763378848e-03,2.365908439520265361e-01,-1.453338276525718755e-03,-1.701121507448501722e-03,9.999974969936029634e-01,2.635040294079909334e-02,0.000000000000000000e+00,0.000000000000000000e+00,0.000000000000000000e+00,1.000000000000000056e-01
9.968937133633067882e-01,-7.872813355467668528e-02,2.192086611922747057e-03,4.918195964772904993e+00,7.872280162561577643e-02,9.968936050134450388e-01,2.420906340870996806e-03,3.146552510582742990e-01,-2.375870562788831575e-03,-2.240819112359100987e-03,9.999946669701667012e-01,2.499973444113913826e-02,0.000000000000000000e+00,0.000000000000000000e+00,0.000000000000000000e+00,1.000000000000000056e-01
9.959971785235692820e-01,-8.927233095454899237e-02,4.480100337132895266e-03,5.685373805005538905e+00,8.925602508356560161e-02,9.960017809519053911e-01,3.716762961855024638e-03,3.963897111814271290e-01,-4.793992007837926880e-03,-3.302009475180485085e-03,9.999830570434954380e-01,1.682753630488980842e-02,0.000000000000000000e+00,0.000000000000000000e+00,0.000000000000000000e+00,1.000000000000000056e-01
9.951768489636335646e-01,-9.784921349699311766e-02,6.969268601024499951e-03,6.477627857019567337e+00,9.782150191643594617e-02,9.951950595086747064e-01,4.212753533994939049e-03,4.949443345772126523e-01,-7.347996300086598667e-03,-3.510690465610219555e-03,9.999668404516364184e-01,1.973158842930555074e-02,0.000000000000000000e+00,0.000000000000000000e+00,0.000000000000000000e+00,1.000000000000000056e-01
9.943104856098551325e-01,-1.060403121792774378e-01,1.010496903585142263e-02,7.296832797232571721e+00,1.059917619691557872e-01,9.943532735243870713e-01,5.226263101808832287e-03,5.795091942147242436e-01,-1.060210361050827922e-02,-4.125484729930753436e-03,9.999352857934232786e-01,2.632331200172904895e-02,0.000000000000000000e+00,0.000000000000000000e+00,0.000000000000000000e+00,1.000000000000000056e-01
9.936375055535289214e-01,-1.120384733545070483e-01,1.148425207630427748e-02,8.106130943715031734e+00,1.119792340897929478e-01,9.936943151839187083e-01,5.679709836448765085e-03,6.850386863044699570e-01,-1.204818202153497102e-02,-4.357574962558125563e-03,9.999179230568985277e-01,2.334120861387798881e-02,0.000000000000000000e+00,0.000000000000000000e+00,0.000000000000000000e+00,1.000000000000000056e-01
9.929997718123629857e-01,-1.175259586204692591e-01,1.179416088302589517e-02,8.933473547007917404e+00,1.174702020367707905e-01,9.930621779152488671e-01,5.316241874000774727e-03,7.828647226707378115e-01,-1.233713151568075102e-02,-3.893564505998867772e-03,9.999163141690420309e-01,2.182201399351752294e-02,0.000000000000000000e+00,0.000000000000000000e+00,0.000000000000000000e+00,1.000000000000000056e-01
9.924324903378836105e-01,-1.221111977723591535e-01,1.290765278222129504e-02,9.710148604354797541e+00,1.220750840494595202e-01,9.925145100993008063e-01,3.552618282658656038e-03,9.048200301520420430e-01,-1.324484715140167475e-02,-1.950031011207920949e-03,9.999103816857745075e-01,2.254581572661448416e-02,0.000000000000000000e+00,0.000000000000000000e+00,0.000000000000000000e+00,1.000000000000000056e-01
9.916247580457375754e-01,-1.284216420652614932e-01,1.371936878993461860e-02,1.050786562963732074e+01,1.283866761369683862e-01,9.917183463974583724e-01,3.403352639950917892e-03,1.027914805485165894e+00,-1.404281386452049980e-02,-1.613464580498683845e-03,9.999000930647090613e-01,1.751204235856081495e-02,0.000000000000000000e+00,0.000000000000000000e+00,0.000000000000000000e+00,1.000000000000000056e-01
9.910659740636693638e-01,-1.325598354884516272e-01,1.470119275789837435e-02,1.131437284967365287e+01,1.325061820331244755e-01,9.911716443203848481e-01,4.569815995087240547e-03,1.152366202142825147e+00,-1.517717945583832440e-02,-2.580990216780739213e-03,9.998814888341848173e-01,2.745089177005837974e-02,0.000000000000000000e+00,0.000000000000000000e+00,0.000000000000000000e+00,1.000000000000000056e-01
9.902723095551528854e-01,-1.384472699325256240e-01,1.389627203726771093e-02,1.216762641176605975e+01,1.383723166538764759e-01,9.903607349312770758e-01,6.222273717865301444e-03,1.277453304887853136e+00,-1.462377899664476372e-02,-4.238886010625583615e-03,9.998840817481025045e-01,2.590531955873210876e-02,0.000000000000000000e+00,0.000000000000000000e+00,0.000000000000000000e+00,1.000000000000000056e-01
9.899443950551771731e-01,-1.409249845707905291e-01,1.225738236989603637e-02,1.303548839452531638e+01,1.408277696076362384e-01,9.899979069160852463e-01,8.466617335672686762e-03,1.436751469692312932e+00,-1.332794080786366304e-02,-6.655300556145752125e-03,9.998890303270305813e-01,3.092802697182405955e-02,0.000000000000000000e+00,0.000000000000000000e+00,0.000000000000000000e+00,1.000000000000000056e-01
9.904701780157818547e-01,-1.372675739457183408e-01,1.124453664861707787e-02,1.390836482174910849e+01,1.371295985395631079e-01,9.904774591668232819e-01,1.224238893403391260e-02,1.595896906703919038e+00,-1.281794311750521394e-02,-1.058376235044274430e-02,9.998618326092589825e-01,2.704052349862826402e-02,0.000000000000000000e+00,0.000000000000000000e+00,0.000000000000000000e+00,1.000000000000000056e-01
9.872364173523886510e-01,-1.588464718117324204e-01,1.149150321693724781e-02,1.486659899039318233e+01,1.587366997424361215e-01,9.872712014831679372e-01,9.911350910025823122e-03,1.804080304419923175e+00,-1.291961331077893203e-02,-7.960723267800022887e-03,9.998848486085551990e-01,8.177458671192372811e-03,0.000000000000000000e+00,0.000000000000000000e+00,0.000000000000000000e+00,1.000000000000000056e-01
9.868599713104156956e-01,-1.610507183906814133e-01,1.304082555097372913e-02,1.582371793238402091e+01,1.609399761973792642e-01,9.869218331930827981e-01,9.144355001407360184e-03,1.976257508565679277e+00,-1.434298040131426304e-02,-6.925407760573236947e-03,9.998731507749156755e-01,-7.847412920730903636e-04,0.000000000000000000e+00,0.000000000000000000e+00,0.000000000000000000e+00,1.000000000000000056e-01
9.864479478656671407e-01,-1.633710328636159836e-01,1.517734405913494580e-02,1.672629576925428552e+01,1.632315089748452852e-01,9.865368554269801082e-01,1.002533600637369599e-02,2.158181897987910602e+00,-1.661085877999841573e-02,-7.412051357148115999e-03,9.998345567469000272e-01,-6.653121409335014357e-03,0.000000000000000000e+00,0.000000000000000000e+00,0.000000000000000000e+00,1.000000000000000056e-01
9.861257488369082891e-01,-1.653069790693911800e-01,1.515289252251227070e-02,1.759974741701674361e+01,1.651836218235611664e-01,9.862211380266224792e-01,9.068516456641402199e-03,2.327289539614819880e+00,-1.644319196803559896e-02,-6.439687913673594610e-03,9.998440637706845768e-01,-1.098457573148238497e-02,0.000000000000000000e+00,0.000000000000000000e+00,0.000000000000000000e+00,1.000000000000000056e-01
9.858524819480737333e-01,-1.669984910391795752e-01,1.436620435118718918e-02,1.850573718686461078e+01,1.668926334626757435e-01,9.859402680540861885e-01,8.284728440312224065e-03,2.498840355869501373e+00,-1.554775651713079417e-02,-5.769906418115020030e-03,9.998624782674916389e-01,-2.231780273609579660e-02,0.000000000000000000e+00,0.000000000000000000e+00,0.000000000000000000e+00,1.000000000000000056e-01
9.858119944813257263e-01,-1.672634976312994681e-01,1.405823235314065944e-02,1.942360811161136525e+01,1.671780503121847727e-01,9.859014689219895988e-01,7.056420571353452277e-03,2.675873363050499165e+00,-1.504031351293004526e-02,-4.606076161711270857e-03,9.998762788624526721e-01,-2.498481775309485328e-02,0.000000000000000000e+00,0.000000000000000000e+00,0.000000000000000000e+00,1.000000000000000056e-01
9.862354914465527589e-01,-1.645475624246357238e-01,1.623746012426412200e-02,2.033902081650245108e+01,1.644523380598488516e-01,9.863598769376554776e-01,7.044265340137593513e-03,2.849907759975987442e+00,-1.717509586074123656e-02,-4.277016208021720313e-03,9.998433493375502579e-01,-3.129528577620934587e-02,0.000000000000000000e+00,0.000000000000000000e+00,0.000000000000000000e+00,1.000000000000000056e-01
9.855060042022918410e-01,-1.686548806316651161e-01,1.826052902714397561e-02,2.121201852719993042e+01,1.685667583437145955e-01,9.856702774843968395e-01,6.273122454084713306e-03,3.017013155919010536e+00,-1.905685343187836153e-02,-3.104081659849735903e-03,9.998135831315380084e-01,-3.797016707980542527e-02,0.000000000000000000e+00,0.000000000000000000e+00,0.000000000000000000e+00,1.000000000000000056e-01
9.863034934838431633e-01,-1.636473874377695481e-01,2.061434758509246915e-02,2.212187150612960096e+01,1.635571984069368601e-01,9.865156127685498211e-01,5.999051022165348586e-03,3.194131960415898419e+00,-2.131810476661461298e-02,-2.545260042744975672e-03,9.997695034659110913e-01,-4.601195859793398568e-02,0.000000000000000000e+00,0.000000000000000000e+00,0.000000000000000000e+00,1.000000000000000056e-01
9.868480577963756328e-01,-1.600559631162367380e-01,2.264949214563465735e-02,2.306196876351259917e+01,1.599584398522301554e-01,9.871051136386278513e-01,6.065653180998492079e-03,3.363493499701852851e+00,-2.332827348008768148e-02,-2.362900633873708973e-03,9.997250663842698337e-01,-4.997222099618927466e-02,0.000000000000000000e+00,0.000000000000000000e+00,0.000000000000000000e+00,1.000000000000000056e-01
9.878749458398993211e-01,-1.536442299993249216e-01,2.228322170895858517e-02,2.397583714378549047e+01,1.536007416350436139e-01,9.881262131938421955e-01,3.660460129820362722e-03,3.519720457395674629e+00,-2.258104406312154422e-02,-1.933574719812582339e-04,9.997449970176931489e-01,-6.272812157555743284e-02,0.000000000000000000e+00,0.000000000000000000e+00,0.000000000000000000e+00,1.000000000000000056e-01
9.888508801893772793e-01,-1.475628926429390086e-01,1.997822473450322142e-02,2.492085244745707229e+01,1.475327396503543220e-01,9.890526743858290004e-01,2.982955162265561906e-03,3.675118641891255145e+00,-2.019969009550962383e-02,-2.255609340014912492e-06,9.997959654424284359e-01,-7.703732807861296550e-02,0.000000000000000000e+00,0.000000000000000000e+00,0.000000000000000000e+00,1.000000000000000056e-01
9.896948042959512470e-01,-1.423276837232588521e-01,1.571702247790160434e-02,2.584144520118846344e+01,1.423155127714827717e-01,9.898195292691260860e-01,1.895864456033854051e-03,3.829327179319235608e+00,-1.582684978726939251e-02,3.604489113974118338e-04,9.998746825989712761e-01,-8.869127998401697688e-02,0.000000000000000000e+00,0.000000000000000000e+00,0.000000000000000000e+00,1.000000000000000056e-01
9.906968009637749928e-01,-1.354275577177083412e-01,1.338750054189082744e-02,2.677630716266351385e+01,1.354172006353908941e-01,9.907872399949866349e-01,1.681319479176127726e-03,3.973728559373764124e+00,-1.349186170313943292e-02,1.472200174697643402e-04,9.999089698537811932e-01,-9.524865312736850720e-02,0.000000000000000000e+00,0.000000000000000000e+00,0.000000000000000000e+00,1.000000000000000056e-01
9.916423372987369644e-01,-1.281879743827322726e-01,1.460541339195828292e-02,2.772622698477242764e+01,1.282193471586836608e-01,9.917450731331524105e-01,-1.228385248692934108e-03,4.112282684232009267e+00,-1.432738255575601374e-02,3.090815389216737628e-03,9.998925807152140299e-01,-1.007769903101888576e-01,0.000000000000000000e+00,0.000000000000000000e+00,0.000000000000000000e+00,1.000000000000000056e-01
9.924315886151610089e-01,-1.213401333267271898e-01,1.887098203697915033e-02,2.872085394721702301e+01,1.213940942639268050e-01,9.926028704866683983e-01,-1.736484801840607094e-03,4.235693016330458249e+00,-1.852068564143268675e-02,4.014168142746673239e-03,9.998204192041153515e-01,-1.065401887471144615e-01,0.000000000000000000e+00,0.000000000000000000e+00,0.000000000000000000e+00,1.000000000000000056e-01
9.930838151889801457e-01,-1.153992873803998676e-01,2.162268442620915096e-02,2.966236673910096044e+01,1.155410383580957601e-01,9.932879142737262024e-01,-5.421052746820279218e-03,4.363262565587642250e+00,-2.085196549087365084e-02,7.881867154846615431e-03,9.997515049777723206e-01,-1.172957131471469988e-01,0.000000000000000000e+00,0.000000000000000000e+00,0.000000000000000000e+00,1.000000000000000056e-01
9.938834981295647797e-01,-1.085241236722608443e-01,2.044765822551090212e-02,3.056093981930170855e+01,1.088085194812391937e-01,9.939731094157335800e-01,-1.334780306713404321e-02,4.470846498505929745e+00,-1.887586379587063296e-02,1.549104062308393967e-02,9.997018202576074541e-01,-1.194338453679357204e-01,0.000000000000000000e+00,0.000000000000000000e+00,0.000000000000000000e+00,1.000000000000000056e-01
9.945949400777700511e-01,-1.025884085187680483e-01,1.601635443174876175e-02,3.148529423109314607e+01,1.028440492513346960e-01,9.945680404304420019e-01,-1.604725795704142755e-02,4.569386945129068955e+00,-1.428309158712077337e-02,1.760770831020173899e-02,9.997429479135008235e-01,-1.229748056189505778e-01,0.000000000000000000e+00,0.000000000000000000e+00,0.000000000000000000e+00,1.000000000000000056e-01
9.954136154879540399e-01,-9.499219653758571302e-02,1.132328124547845802e-02,3.244845850636806261e+01,9.516779686903446833e-02,9.953304877501157888e-01,-1.613414373962406001e-02,4.690343734341798410e+00,-9.737789291913784978e-03,1.713775808212216617e-02,9.998057174809639180e-01,-1.287872632824430819e-01,0.000000000000000000e+00,0.000000000000000000e+00,0.000000000000000000e+00,1.000000000000000056e-01
9.959403709967241669e-01,-8.936031589888474014e-02,1.084026574208435574e-02,3.340569747754201302e+01,8.953294092352867550e-02,9.958447091429060150e-01,-1.664835612499930562e-02,4.801296158034359607e+00,-9.307518922430731492e-03,1.755133084789878284e-02,9.998026409631933786e-01,-1.353024019669571143e-01,0.000000000000000000e+00,0.000000000000000000e+00,0.000000000000000000e+00,1.000000000000000056e-01
9.968856487446493553e-01,-7.812136369115052492e-02,1.077292263011792907e-02,3.438070055933896185e+01,7.830094992769293105e-02,9.967779193152215278e-01,-1.739944844064213181e-02,4.903478661031546615e+00,-9.378942764535989560e-03,1.818879052198438262e-02,9.997905797375603587e-01,-1.308776617939989562e-01,0.000000000000000000e+00,0.000000000000000000e+00,0.000000000000000000e+00,1.000000000000000056e-01
9.973841636981850556e-01,-7.147308021481066365e-02,1.079021819423668822e-02,3.535023583806734138e+01,7.164989652537009923e-02,9.972849418495144391e-01,-1.700109079189764463e-02,5.008595848085535707e+00,-9.545801798474329650e-03,1.772973673853697404e-02,9.997972464971117690e-01,-1.375629361466196854e-01,0.000000000000000000e+00,0.000000000000000000e+00,0.000000000000000000e+00,1.000000000000000056e-01
9.978831516867393558e-01,-6.418090367359610693e-02,1.048938431846672958e-02,3.632541538992686014e+01,6.434373201027795974e-02,9.977994854296109439e-01,-1.600221945209669497e-02,5.095205884617714176e+00,-9.439265370220769474e-03,1.664327131438133114e-02,9.998169341380582775e-01,-1.333144953706293101e-01,0.000000000000000000e+00,0.000000000000000000e+00,0.000000000000000000e+00,1.000000000000000056e-01
9.978183334604281418e-01,-6.508098469910107708e-02,1.109228744891243949e-02,3.732064397457454419e+01,6.526066203476156569e-02,9.977286809432432957e-01,-1.668907469096100188e-02,5.167661236388743973e+00,-9.980951910442114119e-03,1.737655471752722058e-02,9.997991978117957146e-01,-1.272743909478250557e-01,0.000000000000000000e+00,0.000000000000000000e+00,0.000000000000000000e+00,1.000000000000000056e-01
9.977385223074752840e-01,-6.571674252803791361e-02,1.411208188748651338e-02,3.830868081096197386e+01,6.592049249708584191e-02,9.977196152919826089e-01,-1.449337540257279386e-02,5.232122434390075405e+00,-1.312744349205892391e-02,1.539087434559280668e-02,9.997953746713579282e-01,-1.058211648443389691e-01,0.000000000000000000e+00,0.000000000000000000e+00,0.000000000000000000e+00,1.000000000000000056e-01
9.976970155256472683e-01,-6.611045187395177269e-02,1.516816944256238128e-02,3.932087856251734337e+01,6.632793957984432776e-02,9.976952113351663654e-01,-1.431327041490459105e-02,5.302605501866638704e+00,-1.418695324264148197e-02,1.528638060168497313e-02,9.997825048108170964e-01,-1.111425818133612853e-01,0.000000000000000000e+00,0.000000000000000000e+00,0.000000000000000000e+00,1.000000000000000056e-01
9.974676139389497820e-01,-6.981466750327343374e-02,1.357465816680854601e-02,4.032852718964677052e+01,7.003486144772956556e-02,9.974083264639570512e-01,-1.648479549056615714e-02,5.374597673998067648e+00,-1.238859656844346069e-02,1.739374892815931037e-02,9.997719640864553003e-01,-1.024222702100005267e-01,0.000000000000000000e+00,0.000000000000000000e+00,0.000000000000000000e+00,1.000000000000000056e-01
9.974570576331880378e-01,-6.999893201361125084e-02,1.340028711248059633e-02,4.134832394881890139e+01,7.022697604049875364e-02,9.973796381927909627e-01,-1.737898600679992425e-02,5.454996858421361949e+00,-1.214866305196992714e-02,1.827585388897498206e-02,9.997591725764153336e-01,-8.017963339883125984e-02,0.000000000000000000e+00,0.000000000000000000e+00,0.000000000000000000e+00,1.000000000000000056e-01
9.975255089687899979e-01,-6.929427443320036739e-02,1.188118206799099359e-02,4.237802072027478317e+01,6.943862024951828749e-02,9.975116225212663501e-01,-1.220003905050536484e-02,5.535779891746973824e+00,-1.100622434805078979e-02,1.299486305302909213e-02,9.998549877656426332e-01,-6.878341459919223855e-02,0.000000000000000000e+00,0.000000000000000000e+00,0.000000000000000000e+00,1.000000000000000056e-01
9.975179734946513221e-01,-6.937790586283967831e-02,1.202492133907546133e-02,4.342271431701760065e+01,6.952941838685855469e-02,9.974993632203353888e-01,-1.267597545795463854e-02,5.600352834081689046e+00,-1.111541874646075102e-02,1.348059913774048851e-02,9.998473488052955771e-01,-5.950446957997131137e-02,0.000000000000000000e+00,0.000000000000000000e+00,0.000000000000000000e+00,1.000000000000000056e-01
9.975350354397818364e-01,-6.869903521324370599e-02,1.429320226271235152e-02,4.441135656283715605e+01,6.893095648825205146e-02,9.974862894302352068e-01,-1.642028124959148475e-02,5.664582755402466141e+00,-1.312921580933173495e-02,1.736504994149123612e-02,9.997630112845551364e-01,-5.344992664164723017e-02,0.000000000000000000e+00,0.000000000000000000e+00,0.000000000000000000e+00,1.000000000000000056e-01
9.975337134039398146e-01,-6.844553798022690039e-02,1.554667016257020931e-02,4.538142624584926921e+01,6.869613518082740011e-02,9.975060752443665191e-01,-1.620095249662074910e-02,5.744344711524882463e+00,-1.439901502756079851e-02,1.722899245973458227e-02,9.997478833111168584e-01,-4.630390816133639342e-02,0.000000000000000000e+00,0.000000000000000000e+00,0.000000000000000000e+00,1.000000000000000056e-01
9.972022809405520771e-01,-7.357309354574660676e-02,1.321403772769962764e-02,4.629034543859270912e+01,7.378416310655257215e-02,9.971415637284326561e-01,-1.626650423052423619e-02,5.807803135847976250e+00,-1.197948920555027066e-02,1.719598183660463533e-02,9.997803709050550047e-01,-3.969176243065615506e-02,0.000000000000000000e+00,0.000000000000000000e+00,0.000000000000000000e+00,1.000000000000000056e-01
9.973245287148738702e-01,-7.267331752640934783e-02,7.897679618754739617e-03,4.723723994324912923e+01,7.277459257182417041e-02,9.972584268115899375e-01,-1.339734411283383282e-02,5.888967368444228967e+00,-6.902398109338765166e-03,1.393625031988066608e-02,9.998790616006326681e-01,-4.099507269207634808e-02,0.000000000000000000e+00,0.000000000000000000e+00,0.000000000000000000e+00,1.000000000000000056e-01
9.972755543886481222e-01,-7.332682859398355346e-02,8.040200691715770551e-03,4.818503393752730091e+01,7.342835754320466146e-02,9.972136979239145660e-01,-1.315739265276544279e-02,5.966175920497330587e+00,-7.053008388043228993e-03,1.371192478320620856e-02,9.998811120285340248e-01,-3.117070188837585409e-02,0.000000000000000000e+00,0.000000000000000000e+00,0.000000000000000000e+00,1.000000000000000056e-01
9.972280888440857582e-01,-7.392866398138589479e-02,8.407821495458590172e-03,4.915109929074383643e+01,7.405225978077081828e-02,9.971341232654646891e-01,-1.548557525487466620e-02,6.059547434680001565e+00,-7.238897825870536235e-03,1.606526879764197738e-02,9.998447406956372241e-01,-2.871487203768315760e-02,0.000000000000000000e+00,0.000000000000000000e+00,0.000000000000000000e+00,1.000000000000000056e-01
9.972874579611279433e-01,-7.268334792930608579e-02,1.161280014548585898e-02,5.015245511144971857e+01,7.285314717862306777e-02,9.972308253844078818e-01,-1.493652735084325701e-02,6.150871178681833307e+00,-1.049500545981009794e-02,1.574204043064434885e-02,9.998210054922223033e-01,-1.091154753776835129e-02,0.000000000000000000e+00,0.000000000000000000e+00,0.000000000000000000e+00,1.000000000000000056e-01
9.971676557908166760e-01,-7.421371552588235110e-02,1.220617354008682667e-02,5.109007113653872523e+01,7.439386846281584309e-02,9.971156085833949856e-01,-1.503381037871074320e-02,6.236251084430977087e+00,-1.105525123118251268e-02,1.589929392171816544e-02,9.998124793545069000e-01,-7.157814465983808154e-03,0.000000000000000000e+00,0.000000000000000000e+00,0.000000000000000000e+00,1.000000000000000056e-01
9.969291449474312339e-01,-7.732433830621773807e-02,1.237847566905198385e-02,5.203711633390692270e+01,7.754057539709385827e-02,9.968255704454219712e-01,-1.806215029410371611e-02,6.313563928494063227e+00,-1.094253725016849227e-02,1.896651817453002750e-02,9.997602372903534595e-01,7.968111444417533967e-05,0.000000000000000000e+00,0.000000000000000000e+00,0.000000000000000000e+00,1.000000000000000056e-01
9.968613243565372928e-01,-7.830747317791868223e-02,1.163785403844057494e-02,5.302374746258343663e+01,7.852037133437893279e-02,9.967290156499917231e-01,-1.912643842720647760e-02,6.398914581507454180e+00,-1.010204373588557102e-02,1.998021536140246954e-02,9.997493384376257008e-01,1.681205843345730255e-02,0.000000000000000000e+00,0.000000000000000000e+00,0.000000000000000000e+00,1.000000000000000056e-01
9.965521683125061481e-01,-8.201230028220456159e-02,1.256019243737810896e-02,5.399284933614721638e+01,8.223939310917809109e-02,9.964356688702391551e-01,-1.877871199398888080e-02,6.492687285741406633e+00,-1.097533838551372452e-02,1.974690875911015026e-02,9.997447681992553958e-01,2.043227364882637537e-02,0.000000000000000000e+00,0.000000000000000000e+00,0.000000000000000000e+00,1.000000000000000056e-01
9.962616755706356075e-01,-8.479414552838722419e-02,1.651141039706663025e-02,5.493539227015861570e+01,8.512799805208835779e-02,9.961551637826533412e-01,-2.069090662099492064e-02,6.577526527091166919e+00,-1.469345898123759937e-02,2.201914061142667620e-02,9.996495684538161397e-01,2.801342612507218277e-02,0.000000000000000000e+00,0.000000000000000000e+00,0.000000000000000000e+00,1.000000000000000056e-01
9.958676588707729982e-01,-8.837032064600888748e-02,2.093543513202623940e-02,5.588841154178312109e+01,8.877683677856085254e-02,9.958634723645402032e-01,-1.935504227930008592e-02,6.661094237110291694e+00,-1.913842383370342737e-02,2.113364234963544669e-02,9.995934623106531580e-01,4.184123384802101303e-02,0.000000000000000000e+00,0.000000000000000000e+00,0.000000000000000000e+00,1.000000000000000056e-01
9.955074920330909682e-01,-9.215350740191936840e-02,2.173854593825656073e-02,5.685408450403177483e+01,9.253460111254856180e-02,9.955604230711894154e-01,-1.722764090802401601e-02,6.757113167484138927e+00,-2.005444845730798564e-02,1.916181327115705144e-02,9.996152479875617392e-01,3.925383423545671102e-02,0.000000000000000000e+00,0.000000000000000000e+00,0.000000000000000000e+00,1.000000000000000056e-01
9.951143185547783876e-01,-9.672375488681619893e-02,1.979919816189750284e-02,5.774974128552892694e+01,9.707797027562906078e-02,9.951178500213754274e-01,-1.778573180949759650e-02,6.849991042532822760e+00,-1.798223274299011812e-02,1.962090236024821924e-02,9.996457670075667989e-01,3.830002854382733718e-02,0.000000000000000000e+00,0.000000000000000000e+00,0.000000000000000000e+00,1.000000000000000056e-01
9.946773830058478483e-01,-1.021210349662222405e-01,1.371852594361112378e-02,5.862424277177355947e+01,1.023703080724306380e-01,9.945668604510951027e-01,-1.889656364547546638e-02,6.949565589980791991e+00,-1.171425464097316897e-02,2.020035420183208599e-02,9.997273237880052177e-01,3.551139830662593949e-02,0.000000000000000000e+00,0.000000000000000000e+00,0.000000000000000000e+00,1.000000000000000056e-01
9.943905052725287019e-01,-1.051905098458241899e-01,1.106705300522842390e-02,5.955736685726335367e+01,1.053981305155784892e-01,9.942241937347831016e-01,-2.023577713460965322e-02,7.036334574757789895e+00,-8.874520137227276742e-03,2.128871134653467084e-02,9.997339814478338749e-01,4.026394861667710601e-02,0.000000000000000000e+00,0.000000000000000000e+00,0.000000000000000000e+00,1.000000000000000056e-01
9.942281572684364965e-01,-1.066035998431786591e-01,1.208485809120353992e-02,6.045733036653700765e+01,1.068029644183490223e-01,9.941302947046504190e-01,-1.726510764223147809e-02,7.147639902754598040e+00,-1.017340090933020226e-02,1.845615482489261494e-02,9.997779114698511771e-01,3.979897672655154789e-02,0.000000000000000000e+00,0.000000000000000000e+00,0.000000000000000000e+00,1.000000000000000056e-01
9.938843837588433594e-01,-1.095777622657621020e-01,1.365817473648588999e-02,6.137773954108384800e+01,1.097774223324551601e-01,9.938453781982886648e-01,-1.484189273449989382e-02,7.255993532890703257e+00,-1.194777244284615965e-02,1.625048463058096151e-02,9.997965655486745762e-01,4.924269038178724633e-02,0.000000000000000000e+00,0.000000000000000000e+00,0.000000000000000000e+00,1.000000000000000056e-01
9.936919597624610523e-01,-1.108138246395880266e-01,1.722165416521165976e-02,6.226561907309203292e+01,1.110492758935704982e-01,9.937249153397795798e-01,-1.337351698176253434e-02,7.361312301753078380e+00,-1.563161626170433277e-02,1.520160852326041256e-02,9.997622535739946192e-01,5.644402979670553461e-02,0.000000000000000000e+00,0.000000000000000000e+00,0.000000000000000000e+00,1.000000000000000056e-01
9.933668668042215932e-01,-1.135278864284836181e-01,1.826709989695363828e-02,6.307727670171895795e+01,1.137599127175722286e-01,9.934333027395451099e-01,-1.220472312220574097e-02,7.463018578445919538e+00,-1.676156896159499560e-02,1.420183125799917047e-02,9.997586497724663124e-01,5.782972562687126172e-02,0.000000000000000000e+00,0.000000000000000000e+00,0.000000000000000000e+00,1.000000000000000056e-01
9.928591297247213454e-01,-1.179275652686501974e-01,1.799549588305632622e-02,6.388935196190393384e+01,1.181400638405209480e-01,9.929333506469413262e-01,-1.123772613992599437e-02,7.568094662010581786e+00,-1.654309034087901933e-02,1.328346802783778036e-02,9.997749124873692717e-01,5.709836341214943184e-02,0.000000000000000000e+00,0.000000000000000000e+00,0.000000000000000000e+00,1.000000000000000056e-01
9.921127245057460575e-01,-1.239113299192604878e-01,1.892945301443764092e-02,6.468322199628381952e+01,1.241372857093830107e-01,9.922011173864153655e-01,-1.126396705676278170e-02,7.672840351735337627e+00,-1.738609129426845964e-02,1.352497596260347767e-02,9.997573699926989299e-01,5.833635475304023432e-02,0.000000000000000000e+00,0.000000000000000000e+00,0.000000000000000000e+00,1.000000000000000056e-01
9.918543581794819763e-01,-1.261753512524406151e-01,1.745602751748151840e-02,6.547473506185968972e+01,1.264110533116159507e-01,9.918910842892738611e-01,-1.312716679624398655e-02,7.765560948694453458e+00,-1.565815318023268052e-02,1.522687242252497922e-02,9.997614538454723254e-01,6.079559966058939446e-02,0.000000000000000000e+00,0.000000000000000000e+00,0.000000000000000000e+00,1.000000000000000056e-01
9.916660420729921377e-01,-1.273228828553513159e-01,1.968106960226250271e-02,6.622779692287772946e+01,1.275828117326752720e-01,9.917483332826234621e-01,-1.256461625053107919e-02,7.869721291706818889e+00,-1.791890481227433399e-02,1.497086946509328803e-02,9.997273557914616582e-01,6.620878729153041597e-02,0.000000000000000000e+00,0.000000000000000000e+00,0.000000000000000000e+00,1.000000000000000056e-01
9.912895786319638747e-01,-1.297428347777819790e-01,2.262229253388463313e-02,6.701995191111966221e+01,1.300171260268155882e-01,9.914495974290872260e-01,-1.110147275941640414e-02,7.986747764101458813e+00,-2.098852627962795314e-02,1.394605971326968140e-02,9.996824441706892994e-01,6.717969863650806450e-02,0.000000000000000000e+00,0.000000000000000000e+00,0.000000000000000000e+00,1.000000000000000056e-01
9.910301823430620605e-01,-1.313351265248265676e-01,2.470348610591065544e-02,6.776077561886749834e+01,1.316062765600643780e-01,9.912547670771689745e-01,-9.683734650605400548e-03,8.093282608214307672e+00,-2.321563385033844143e-02,1.284800714100348303e-02,9.996479195483937152e-01,6.308297601263455900e-02,0.000000000000000000e+00,0.000000000000000000e+00,0.000000000000000000e+00,1.000000000000000056e-01
9.906227642158227376e-01,-1.339037210295415392e-01,2.713544751511003800e-02,6.844261057432977680e+01,1.341548599535106467e-01,9.909308674046980459e-01,-7.647847764346644289e-03,8.193849553459784829e+00,-2.586527727004917648e-02,1.121648425378429792e-02,9.996025099571970163e-01,6.337593321132486968e-02,0.000000000000000000e+00,0.000000000000000000e+00,0.000000000000000000e+00,1.000000000000000056e-01
9.905573271317630324e-01,-1.351157867153764125e-01,2.323587411444233766e-02,6.912410506638013885e+01,1.352500149528479689e-01,9.908021785751943700e-01,-4.298416673972576749e-03,8.299236647989800986e+00,-2.244137074315413413e-02,7.400480452889697178e-03,9.997207698993928471e-01,6.079226256299688491e-02,0.000000000000000000e+00,0.000000000000000000e+00,0.000000000000000000e+00,1.000000000000000056e-01
9.906052693431762757e-01,-1.356672735812398667e-01,1.719276675134400259e-02,6.981679659782346903e+01,1.357765905699823694e-01,9.907250151646395109e-01,-5.353669789605074170e-03,8.406073845656548471e+00,-1.630698631643742388e-02,7.637748755868600109e-03,9.998378603509759932e-01,5.742646687614594986e-02,0.000000000000000000e+00,0.000000000000000000e+00,0.000000000000000000e+00,1.000000000000000056e-01
9.907447199606326249e-01,-1.352784975254178179e-01,1.116369013334010674e-02,7.055171038821764284e+01,1.353499569558772042e-01,9.907802185749272628e-01,-5.911652278480346301e-03,8.508046922104458787e+00,-1.026104391228793364e-02,7.367943260163980698e-03,9.999202090116716679e-01,5.894532381455690195e-02,0.000000000000000000e+00,0.000000000000000000e+00,0.000000000000000000e+00,1.000000000000000056e-01
9.905066234293055105e-01,-1.370285099838057519e-01,1.094606752646945166e-02,7.126375504722975052e+01,1.370887144626664889e-01,9.905464063956909149e-01,-4.949862983587531920e-03,8.614733048444119135e+00,-1.016431550324389116e-02,6.403454395936231114e-03,9.999278386274429442e-01,6.265199952892169799e-02,0.000000000000000000e+00,0.000000000000000000e+00,0.000000000000000000e+00,1.000000000000000056e-01
9.901302608722428733e-01,-1.394774706638554629e-01,1.371501667070439308e-02,7.193058698227576997e+01,1.395351104409213172e-01,9.902115082931337575e-01,-3.334935992949254312e-03,8.720796007723274457e+00,-1.311561890664125589e-02,5.215747410536891553e-03,9.999003832980789541e-01,7.257350967920174478e-02,0.000000000000000000e+00,0.000000000000000000e+00,0.000000000000000000e+00,1.000000000000000056e-01
9.897310717142904224e-01,-1.421011393352880903e-01,1.548133982881451202e-02,7.254848192171073151e+01,1.421909250982548445e-01,9.898273362809862919e-01,-4.856456587867036614e-03,8.811413002706981246e+00,-1.463374535054793625e-02,7.007892015463161942e-03,9.998683628090824227e-01,8.061745717700921632e-02,0.000000000000000000e+00,0.000000000000000000e+00,0.000000000000000000e+00,1.000000000000000056e-01
9.898349012367824162e-01,-1.416317922677765573e-01,1.293459363824750984e-02,7.311788292481857354e+01,1.417449872785691012e-01,9.898684515607755197e-01,-8.295009708908793536e-03,8.886236937101022804e+00,-1.162870908430855936e-02,1.004410392668274137e-02,9.998819375813039478e-01,8.215094106006637364e-02,0.000000000000000000e+00,0.000000000000000000e+00,0.000000000000000000e+00,1.000000000000000056e-01
9.899487262963579948e-01,-1.410355963738864071e-01,1.051093999985964859e-02,7.374867044085796408e+01,1.411892122447656606e-01,9.898584598665787215e-01,-1.567915100595019401e-02,8.965775605585760033e+00,-8.193024467250680995e-03,1.700558690628083819e-02,9.998218263090938862e-01,9.655030135815885484e-02,0.000000000000000000e+00,0.000000000000000000e+00,0.000000000000000000e+00,1.000000000000000056e-01
9.902971853026124593e-01,-1.388074340284858044e-01,6.631820274310135446e-03,7.435218353412859926e+01,1.389131035964842054e-01,9.901077185057988173e-01,-1.974475637819715981e-02,9.050458675756829052e+00,-3.825497472962582912e-03,2.047442340261295887e-02,9.997830582458451243e-01,1.057843358661152838e-01,0.000000000000000000e+00,0.000000000000000000e+00,0.000000000000000000e+00,1.000000000000000056e-01
9.909041931960663740e-01,-1.344325419964935986e-01,6.063955706778108475e-03,7.493079509979227737e+01,1.345225375270090729e-01,9.907411641072311204e-01,-1.832027949413064447e-02,9.125609145455937821e+00,-3.544968793545812298e-03,1.896938048038514582e-02,9.998137805613819262e-01,1.141335157862092692e-01,0.000000000000000000e+00,0.000000000000000000e+00,0.000000000000000000e+00,1.000000000000000056e-01
9.915905911565172648e-01,-1.291939647263897761e-01,7.551093175498398841e-03,7.550573573602768818e+01,1.293122980132531130e-01,9.914377067925047582e-01,-1.815497542137982714e-02,9.220254615256747499e+00,-5.140925247494446126e-03,1.897875202155395111e-02,9.998066702414541984e-01,1.085931651336302928e-01,0.000000000000000000e+00,0.000000000000000000e+00,0.000000000000000000e+00,1.000000000000000056e-01
9.923476300823089735e-01,-1.231429349556825564e-01,9.055310073400371293e-03,7.605940111512596502e+01,1.232986958452320508e-01,9.921812990603224858e-01,-1.933135788908445230e-02,9.274243979138317329e+00,-6.603989164879858244e-03,2.029993511003035794e-02,9.997721240170875934e-01,1.157968933241587534e-01,0.000000000000000000e+00,0.000000000000000000e+00,0.000000000000000000e+00,1.000000000000000056e-01
9.934411377576780611e-01,-1.136532899515516892e-01,1.255529744444868444e-02,7.663327317982270870e+01,1.139259414626837552e-01,9.932065971853653030e-01,-2.369673330458602067e-02,9.338192181573878869e+00,-9.776792550280284308e-03,2.497168377695103969e-02,9.996403499943230520e-01,1.265132605550338685e-01,0.000000000000000000e+00,0.000000000000000000e+00,0.000000000000000000e+00,1.000000000000000056e-01
9.943649646706206324e-01,-1.048183764164033055e-01,1.585638675816861479e-02,7.718763806075682510e+01,1.052270192046224767e-01,9.940648664450207894e-01,-2.761006571801309997e-02,9.379307513899362903e+00,-1.286823472374715172e-02,2.912300233616333875e-02,9.994930011110745305e-01,1.338955020685741182e-01,0.000000000000000000e+00,0.000000000000000000e+00,0.000000000000000000e+00,1.000000000000000056e-01
9.954961589435314950e-01,-9.348948299429533926e-02,1.571986317162047883e-02,7.767808953866922650e+01,9.384600298229388293e-02,9.953041316637141200e-01,-2.371946916327009186e-02,9.428161450859068538e+00,-1.342852385492886852e-02,2.508788677030006353e-02,9.995950543517501119e-01,1.445565200138634043e-01,0.000000000000000000e+00,0.000000000000000000e+00,0.000000000000000000e+00,1.000000000000000056e-01
9.967039377966132596e-01,-8.006813371925119993e-02,1.305198618758603851e-02,7.817123843266833205e+01,8.031477380138421496e-02,9.965765114256672774e-01,-1.961616639099948711e-02,9.471867522766935110e+00,-1.143667302834686095e-02,2.059977760469753477e-02,9.997223873019347451e-01,1.394018988423352534e-01,0.000000000000000000e+00,0.000000000000000000e+00,0.000000000000000000e+00,1.000000000000000056e-01
9.978011599878259252e-01,-6.485484886841341723e-02,1.366359049460343957e-02,7.867115225458870498e+01,6.504632467603835289e-02,9.977830670475580366e-01,-1.406864454407752082e-02,9.501923988867346793e+00,-1.272087941489770564e-02,1.492647618908935631e-02,9.998076712725744164e-01,1.426760199112279692e-01,0.000000000000000000e+00,0.000000000000000000e+00,0.000000000000000000e+00,1.000000000000000056e-01
9.990232127456621924e-01,-4.145709370961488116e-02,1.529476304123414919e-02,7.916764772246320092e+01,4.168593441877005423e-02,9.990187672240613548e-01,-1.495946542329250686e-02,9.524823227145823523e+00,-1.465957935853869597e-02,1.558242969722284377e-02,9.997711161149644976e-01,1.506884186858553909e-01,0.000000000000000000e+00,0.000000000000000000e+00,0.000000000000000000e+00,1.000000000000000056e-01
9.997386560583327864e-01,-1.675019501362493349e-02,1.555797382964853315e-02,7.966892537194763690e+01,1.705293556841211769e-02,9.996637451104830596e-01,-1.953443370519544406e-02,9.552179595703643500e+00,-1.522553681083458482e-02,1.979463762458473150e-02,9.996881290433198286e-01,1.505738209832063468e-01,0.000000000000000000e+00,0.000000000000000000e+00,0.000000000000000000e+00,1.000000000000000056e-01
9.998043133285222650e-01,1.054986754137083281e-02,1.673425661753672952e-02,8.014899312802799614e+01,-1.024261931525723666e-02,9.997793222967897853e-01,-1.834108659088978105e-02,9.556835308106165883e+00,-1.692405977432013750e-02,1.816609486464627193e-02,9.996917370860498586e-01,1.579428439004146867e-01,0.000000000000000000e+00,0.000000000000000000e+00,0.000000000000000000e+00,1.000000000000000056e-01
9.989713909834794237e-01,4.212877823127006427e-02,1.677277679076344397e-02,8.063989138346627783e+01,-4.179446002870411403e-02,9.989298723150781267e-01,-1.980740536998159759e-02,9.533606068738185613e+00,-1.758928956613545203e-02,1.908602214507221576e-02,9.996631135793879741e-01,1.554369865810176499e-01,0.000000000000000000e+00,0.000000000000000000e+00,0.000000000000000000e+00,1.000000000000000056e-01
