1.000000000000000000e+00,-8.719578791844956450e-14,5.473940939846285826e-14,5.904140228346956098e-21,8.719578791845017035e-14,1.000000000000000000e+00,-1.094734989410900361e-14,2.009204637188238718e-20,-5.473940939846189901e-14,1.094734989411377779e-14,1.000000000000000000e+00,-1.697060650668668890e-20,0.000000000000000000e+00,0.000000000000000000e+00,0.000000000000000000e+00,1.000000000000000056e-01
9.999920469295884295e-01,-3.984052253054638955e-03,-1.827709405785088101e-04,6.556251542595878945e-01,3.983500193603468388e-03,9.999877807191582813e-01,-2.927479902622904563e-03,7.032174109431755735e-03,1.944319401508731227e-04,2.926728552091931168e-03,9.999956982188488164e-01,2.039079749447830683e-03,0.000000000000000000e+00,0.000000000000000000e+00,0.000000000000000000e+00,1.000000000000000056e-01
9.999536040125762693e-01,-9.339861533413941139e-03,-2.357288441528639956e-03,1.325919181424844773e+00,9.336582101807979969e-03,9.999554353914481553e-01,-1.398379689349347295e-03,9.434542135012054243e-03,2.370244062561660363e-03,1.376305793070891270e-03,9.999962438556696531e-01,6.224959313838786951e-03,0.000000000000000000e+00,0.000000000000000000e+00,0.000000000000000000e+00,1.000000000000000056e-01
9.998859920501844689e-01,-1.492179254080050650e-02,-2.311495011420730897e-03,2.043405580851261671e+00,1.492008442427766347e-02,9.998884047111393780e-01,-7.544567483827837239e-04,3.324456782104889146e-04,2.322494906547606548e-03,7.198830335989821498e-04,9.999970438885441570e-01,4.947362428855176485e-03,0.000000000000000000e+00,0.000000000000000000e+00,0.000000000000000000e+00,1.000000000000000056e-01
9.997913381965837232e-01,-1.995608495773441848e-02,-4.362882102917423066e-03,2.738281530853508894e+00,1.995733199952796216e-02,9.998008032125937916e-01,2.424766232448431725e-04,8.607802293226498105e-03,4.357174146724951749e-03,-3.294975142380723648e-04,9.999904531868507584e-01,1.026838999933659367e-02,0.000000000000000000e+00,0.000000000000000000e+00,0.000000000000000000e+00,1.000000000000000056e-01
9.996855538780116124e-01,-2.429597423787165783e-02,-6.204756517846933377e-03,3.444250055751421957e+00,2.429565120228927011e-02,9.997048089765456780e-01,-1.274434187319880543e-04,1.027425391322085366e-02,6.206021291438444491e-03,-2.334525550954514298e-05,9.999807421919330030e-01,2.509469299279979901e-02,0.000000000000000000e+00,0.000000000000000000e+00,0.000000000000000000e+00,1.000000000000000056e-01
9.995198502355289172e-01,-2.999700135096594611e-02,-7.762016174676505953e-03,4.165172467865054351e+00,2.999836947331188663e-02,9.995499458480827659e-01,5.986683117215101579e-05,4.501935307312865397e-02,7.756727021654294396e-03,-2.926859151930328424e-04,9.999698733066244571e-01,4.344636278494178050e-02,0.000000000000000000e+00,0.000000000000000000e+00,0.000000000000000000e+00,1.000000000000000056e-01
9.993680745569181179e-01,-3.449627847291008437e-02,-8.570783389954731921e-03,4.933997950243081299e+00,3.452571911681210498e-02,9.993983247388219526e-01,3.311076668269792838e-03,7.328501694502644048e-02,8.451406738826291662e-03,-3.604896774611734359e-03,9.999577883307771975e-01,5.546057355080009216e-02,0.000000000000000000e+00,0.000000000000000000e+00,0.000000000000000000e+00,1.000000000000000056e-01
9.992710804295423799e-01,-3.752121934742752574e-02,-7.033200968068132469e-03,5.704675738385766692e+00,3.754949921247680011e-02,9.992870295711540063e-01,3.932892034075798939e-03,1.090041681209553415e-01,6.880619599077460527e-03,-4.194118446315329464e-03,9.999675326951326104e-01,6.071618360594890906e-02,0.000000000000000000e+00,0.000000000000000000e+00,0.000000000000000000e+00,1.000000000000000056e-01
9.990776599976174399e-01,-4.262098739482134135e-02,-5.223095554899681407e-03,6.498389063346381889e+00,4.264207766256511434e-02,9.990824244883511618e-01,3.995283606689815220e-03,1.633016428879879300e-01,5.048020038084040546e-03,-4.214322243089532391e-03,9.999783782571133317e-01,7.186444464613618577e-02,0.000000000000000000e+00,0.000000000000000000e+00,0.000000000000000000e+00,1.000000000000000056e-01
9.988438641415265939e-01,-4.795009301163532384e-02,-3.423981162184309372e-03,7.323919344386478514e+00,4.795934403500940607e-02,9.988457124750604876e-01,2.672824333978709565e-03,1.979422089957438846e-01,3.291866728025131129e-03,-2.833946076449384965e-03,9.999905661370415144e-01,9.220014592476435955e-02,0.000000000000000000e+00,0.000000000000000000e+00,0.000000000000000000e+00,1.000000000000000056e-01
9.987649706622713230e-01,-4.959901817935957746e-02,-2.910459351338821974e-03,8.140522399461033842e+00,4.960817539321456249e-02,9.987637471452354143e-01,3.163277187394519969e-03,2.446038681639750023e-01,2.749965844933118745e-03,-3.303753025240757819e-03,9.999907614092241603e-01,1.071812309815416558e-01,0.000000000000000000e+00,0.000000000000000000e+00,0.000000000000000000e+00,1.000000000000000056e-01
9.986091353429624728e-01,-5.259463189217494089e-02,-3.687750765358484544e-03,8.987906142829563905e+00,5.260675000135931617e-02,9.986099529768119876e-01,3.269811912598704143e-03,2.950867114450365092e-01,3.510650064485061530e-03,-3.459264629354845237e-03,9.999878543384158602e-01,1.161067133234386789e-01,0.000000000000000000e+00,0.000000000000000000e+00,0.000000000000000000e+00,1.000000000000000056e-01
9.986198917231662309e-01,-5.240682432513041333e-02,-3.440438775315946517e-03,9.668658348073680742e+00,5.242446536180893346e-02,9.986110660800932015e-01,5.254915214184016636e-03,3.770880665664259612e-01,3.160266814728350873e-03,-5.428026025608836957e-03,9.999802744290134937e-01,1.339383945210038396e-01,0.000000000000000000e+00,0.000000000000000000e+00,0.000000000000000000e+00,1.000000000000000056e-01
9.983577416521457470e-01,-5.715435645368602963e-02,-3.898617907969284015e-03,1.042330126257523659e+01,5.717557050639274913e-02,9.983486223464220766e-01,5.566183276683919420e-03,4.406900541422676398e-01,3.574048194394085706e-03,-5.779947868806681668e-03,9.999769089244701092e-01,1.407628889497540003e-01,0.000000000000000000e+00,0.000000000000000000e+00,0.000000000000000000e+00,1.000000000000000056e-01
9.982177135447348748e-01,-5.951110037218724363e-02,-4.452560837663323626e-03,1.125050519338194377e+01,5.952909771071055595e-02,9.982184564599571042e-01,4.024886141181085140e-03,4.915493012244895321e-01,4.205103003531883085e-03,-4.282769570295817153e-03,9.999819873345406895e-01,1.620848013094819684e-01,0.000000000000000000e+00,0.000000000000000000e+00,0.000000000000000000e+00,1.000000000000000056e-01
9.980157069166586403e-01,-6.271530242329627358e-02,-5.607101710925261988e-03,1.214234386296010371e+01,6.274216082393486993e-02,9.980184676391467002e-01,4.749684868805301684e-03,5.559726808914848828e-01,5.298113134471988360e-03,-5.092061779275112478e-03,9.999730000875275415e-01,1.752827232200703245e-01,0.000000000000000000e+00,0.000000000000000000e+00,0.000000000000000000e+00,1.000000000000000056e-01
9.978773698384113544e-01,-6.472043155589082830e-02,-7.212524079249871094e-03,1.304139416771630877e+01,6.477114524576046972e-02,9.978753499430922380e-01,7.034537618341634400e-03,6.335991172734672938e-01,6.741921679099225316e-03,-7.486769341345750166e-03,9.999492461004719779e-01,1.885825920673781242e-01,0.000000000000000000e+00,0.000000000000000000e+00,0.000000000000000000e+00,1.000000000000000056e-01
9.980235903558946076e-01,-6.194454201102928687e-02,-1.057292807945004950e-02,1.391674180207877853e+01,6.205125233111271482e-02,9.980220424364349974e-01,1.008190930068483294e-02,6.961002330613544897e-01,9.927496022158612682e-03,-1.071804674604862583e-02,9.998932784535955465e-01,1.946260061090050730e-01,0.000000000000000000e+00,0.000000000000000000e+00,0.000000000000000000e+00,1.000000000000000056e-01
9.970384172137226608e-01,-7.652077439010010473e-02,-7.678911817052132618e-03,1.488515942891496202e+01,7.659309829307592299e-02,9.970160909639902425e-01,9.613097978877322217e-03,7.833722872767624468e-01,6.920396941062910423e-03,-1.017277964096761737e-02,9.999243084656730396e-01,2.068430651928441499e-01,0.000000000000000000e+00,0.000000000000000000e+00,0.000000000000000000e+00,1.000000000000000056e-01
9.966736736444742339e-01,-8.118937902280919106e-02,-7.062081698663396669e-03,1.584680337185192478e+01,8.124307010362448456e-02,9.966647262337153812e-01,7.680302182255588188e-03,8.792403168852608308e-01,6.414968757953627872e-03,-8.228500189210383176e-03,9.999455684988411974e-01,2.182152048494540586e-01,0.000000000000000000e+00,0.000000000000000000e+00,0.000000000000000000e+00,1.000000000000000056e-01
9.965362772547357029e-01,-8.291529685049306431e-02,-6.364091723666262003e-03,1.675520028911978798e+01,8.296310293932002145e-02,9.965232099804655075e-01,7.656077383935844770e-03,9.719025760215821430e-01,5.707159184078629786e-03,-8.157543651347401101e-03,9.999504401797241204e-01,2.370765201431572489e-01,0.000000000000000000e+00,0.000000000000000000e+00,0.000000000000000000e+00,1.000000000000000056e-01
9.963191714519841202e-01,-8.555258691958318729e-02,-5.372473229245926934e-03,1.764715874481794700e+01,8.559533123116001840e-02,9.962953624355462834e-01,8.306025574940163053e-03,1.060402859692881172e+00,4.641968188150491503e-03,-8.735311144471218786e-03,9.999510720383020246e-01,2.599441484715664941e-01,0.000000000000000000e+00,0.000000000000000000e+00,0.000000000000000000e+00,1.000000000000000056e-01
9.962655021588541215e-01,-8.616277882019428291e-02,-5.569986907400266765e-03,1.855634095042210063e+01,8.620373350434569482e-02,9.962486481360187662e-01,7.586001388531321901e-03,1.144538499791252217e+00,4.895460966863128538e-03,-8.037825149711148170e-03,9.999557129337202088e-01,2.636515971868494956e-01,0.000000000000000000e+00,0.000000000000000000e+00,0.000000000000000000e+00,1.000000000000000056e-01
9.960703057615093448e-01,-8.837532316842432178e-02,-5.809323114600065466e-03,1.949419441426519484e+01,8.840195809890304124e-02,9.960747193372203601e-01,4.499700163067834983e-03,1.229513886193263517e+00,5.388857434842355201e-03,-4.995573255821956181e-03,9.999730018672466914e-01,2.814619867013425925e-01,0.000000000000000000e+00,0.000000000000000000e+00,0.000000000000000000e+00,1.000000000000000056e-01
9.959288066177497400e-01,-9.005097680851084641e-02,-4.078446368163410676e-03,2.042573806641046730e+01,9.006132180783915642e-02,9.959332629129211689e-01,2.427784555326609021e-03,1.312729433948214286e+00,3.843236028372561119e-03,-2.785210845750611675e-03,9.999887360052486240e-01,2.997182422005927882e-01,0.000000000000000000e+00,0.000000000000000000e+00,0.000000000000000000e+00,1.000000000000000056e-01
9.960366656870426327e-01,-8.894304710583371409e-02,3.081859306354700991e-04,2.134858535498780796e+01,8.894184619152741000e-02,9.960329002580257107e-01,2.794566089484653258e-03,1.408366539261623807e+00,-5.555205496469649805e-04,-2.756079664171399123e-03,9.999960477030914729e-01,3.075373385772773860e-01,0.000000000000000000e+00,0.000000000000000000e+00,0.000000000000000000e+00,1.000000000000000056e-01
9.959209438330527409e-01,-9.018293847359407089e-02,2.917403460164692645e-03,2.229744620339441497e+01,9.018100924356178827e-02,9.959250810320194880e-01,7.864751604696534285e-04,1.501602440143475325e+00,-2.976441918475260066e-03,-5.201726957078775439e-04,9.999954350965171157e-01,3.172642631768657906e-01,0.000000000000000000e+00,0.000000000000000000e+00,0.000000000000000000e+00,1.000000000000000056e-01
9.959828140271995700e-01,-8.929876481447993064e-02,6.630593115928614528e-03,2.327500046339075723e+01,8.929639016718454725e-02,9.960048830693188915e-01,6.539152714794185112e-04,1.594941116370256928e+00,-6.662496947147147561e-03,-5.920034230362216298e-05,9.999778035685336075e-01,3.285640465806766719e-01,0.000000000000000000e+00,0.000000000000000000e+00,0.000000000000000000e+00,1.000000000000000056e-01
9.961618774902942786e-01,-8.716661736655435810e-02,7.968353147583848856e-03,2.420780273740390243e+01,8.717942959616063747e-02,9.961918104817337749e-01,-1.274277996960702236e-03,1.690138184952329814e+00,-7.826933646069681588e-03,1.964063644124075959e-03,9.999674402517823024e-01,3.394237298235201483e-01,0.000000000000000000e+00,0.000000000000000000e+00,0.000000000000000000e+00,1.000000000000000056e-01
9.962126613922908103e-01,-8.676158149317948765e-02,5.723745145559349864e-03,2.516505378339524412e+01,8.677901286830315419e-02,9.962234507966826191e-01,-2.870367285311525678e-03,1.768468397205443798e+00,-5.453091535249983413e-03,3.356197186114942901e-03,9.999794996564460581e-01,3.448659997608475858e-01,0.000000000000000000e+00,0.000000000000000000e+00,0.000000000000000000e+00,1.000000000000000056e-01
9.965052352568368743e-01,-8.352691787759940201e-02,7.550467435403108041e-04,2.610855597341283030e+01,8.352932705864786478e-02,9.964968592795226954e-01,-4.106210805189683920e-03,1.868524903516391555e+00,-4.094225758339609697e-04,4.154929110825457232e-03,9.999912844306386717e-01,3.474336457036193426e-01,0.000000000000000000e+00,0.000000000000000000e+00,0.000000000000000000e+00,1.000000000000000056e-01
9.965365681900718586e-01,-8.314823515479867477e-02,-1.113216329626356797e-03,2.706234786367440748e+01,8.314147197862199745e-02,9.965244507895772985e-01,-5.149234482856840378e-03,1.953281310240080559e+00,1.537497051138672806e-03,5.038846016076360332e-03,9.999861229705360177e-01,3.563925488047952062e-01,0.000000000000000000e+00,0.000000000000000000e+00,0.000000000000000000e+00,1.000000000000000056e-01
9.966246010876628203e-01,-8.206828454586295729e-02,2.049677671301184095e-03,2.804123281265322376e+01,8.208143725060679241e-02,9.965975745729493962e-01,-7.477433663313231942e-03,2.033906084877705300e+00,-1.429043642321486214e-03,7.620434831019889770e-03,9.999699429519142146e-01,3.640654556309145806e-01,0.000000000000000000e+00,0.000000000000000000e+00,0.000000000000000000e+00,1.000000000000000056e-01
9.966254501539086874e-01,-8.169932540198696080e-02,7.932990254577989772e-03,2.904257927445931742e+01,8.176922472003386733e-02,9.966113085450274411e-01,-8.927125452948584186e-03,2.109714758026253634e+00,-7.176767671005114015e-03,9.545674885953725833e-03,9.999286845054341510e-01,3.820319117031816258e-01,0.000000000000000000e+00,0.000000000000000000e+00,0.000000000000000000e+00,1.000000000000000056e-01
9.967616599781096154e-01,-7.976054515520711319e-02,1.022001145927045433e-02,2.998445753338200959e+01,7.987327405812452708e-02,9.967427525348928619e-01,-1.114205368866013832e-02,2.179233510109758853e+00,-9.298026076495260681e-03,1.192227770643758053e-02,9.998856964700372219e-01,3.871355131625445201e-01,0.000000000000000000e+00,0.000000000000000000e+00,0.000000000000000000e+00,1.000000000000000056e-01
9.966525873936454838e-01,-8.122640000171714447e-02,9.267792850134329644e-03,3.088842129491288446e+01,8.139037148281642875e-02,9.965020890396036890e-01,-1.895241329210602121e-02,2.242784872622815673e+00,-7.695938632882698763e-03,1.964328084782940992e-02,9.997774322548454995e-01,3.991638439191897425e-01,0.000000000000000000e+00,0.000000000000000000e+00,0.000000000000000000e+00,1.000000000000000056e-01
9.966591529311766839e-01,-8.134880170120190046e-02,7.273605728106871497e-03,3.182336480484958585e+01,8.149609981501323985e-02,9.964085660095852726e-01,-2.298598045903717593e-02,2.319204889799189040e+00,-5.377601086992156616e-03,2.350195831202942301e-02,9.997093274357545800e-01,4.076448082054163757e-01,0.000000000000000000e+00,0.000000000000000000e+00,0.000000000000000000e+00,1.000000000000000056e-01
9.968370717304594342e-01,-7.939013741349393305e-02,3.613655394403624682e-03,3.279194422849153767e+01,7.945559340233204759e-02,9.965295652607796262e-01,-2.481197771731925503e-02,2.386529839392138808e+00,-1.631288118708790029e-03,2.502062434528781396e-02,9.996856042058651637e-01,4.074204691749600538e-01,0.000000000000000000e+00,0.000000000000000000e+00,0.000000000000000000e+00,1.000000000000000056e-01
9.966973260533528167e-01,-8.109635964403501263e-02,4.221455978913224612e-03,3.373780703558088589e+01,8.117770042728554569e-02,9.963770056838288092e-01,-2.535830234588489288e-02,2.463900961858294103e+00,-2.149695660891596735e-03,2.561724023021912447e-02,9.996695132950452756e-01,4.099071961924170004e-01,0.000000000000000000e+00,0.000000000000000000e+00,0.000000000000000000e+00,1.000000000000000056e-01
9.966814086568257514e-01,-8.122715008359436550e-02,5.321628241699510355e-03,3.469968503820825134e+01,8.133838328221380809e-02,9.963503240945843498e-01,-2.588627206942628600e-02,2.552868223535784242e+00,-3.199537916840155573e-03,2.623321874863843856e-02,9.996507296006964527e-01,4.263423332243096997e-01,0.000000000000000000e+00,0.000000000000000000e+00,0.000000000000000000e+00,1.000000000000000056e-01
9.966204496013256753e-01,-8.194184124251645274e-02,5.763166684882772145e-03,3.567161470419107161e+01,8.205972972755394557e-02,9.963235832796945024e-01,-2.460727855229730143e-02,2.633528532731191252e+00,-3.725613169977836509e-03,2.499704091479192092e-02,9.996805828623520629e-01,4.291429110410378556e-01,0.000000000000000000e+00,0.000000000000000000e+00,0.000000000000000000e+00,1.000000000000000056e-01
9.966953835439761322e-01,-8.109815307014524299e-02,4.626228565208384026e-03,3.663467258343184341e+01,8.118460646128035363e-02,9.964252732812947100e-01,-2.336095974107639875e-02,2.709562177602071742e+00,-2.715160373402181020e-03,2.365933927455390537e-02,9.997163915677477197e-01,4.465123246683634917e-01,0.000000000000000000e+00,0.000000000000000000e+00,0.000000000000000000e+00,1.000000000000000056e-01
9.965128570752931347e-01,-8.316491012594347254e-02,6.761908560461761704e-03,3.762587453342747779e+01,8.329931745443595881e-02,9.962614098143376395e-01,-2.290037175186399043e-02,2.804743789687617284e+00,-4.832121196886809793e-03,2.338377725031209192e-02,9.997148841375956829e-01,4.586378275253306658e-01,0.000000000000000000e+00,0.000000000000000000e+00,0.000000000000000000e+00,1.000000000000000056e-01
9.966681883929109365e-01,-8.096665144704197348e-02,9.844978366980278520e-03,3.861161073919824105e+01,8.117205416594892864e-02,9.964427507482264135e-01,-2.264822517965355345e-02,2.890244725455748842e+00,-7.976206371035481427e-03,2.337190267738713592e-02,9.996950206423783625e-01,4.817686567485836013e-01,0.000000000000000000e+00,0.000000000000000000e+00,0.000000000000000000e+00,1.000000000000000056e-01
9.967103763760365442e-01,-8.023998970896377425e-02,1.140042437126931145e-02,3.960412101799212081e+01,8.043287443082548782e-02,9.966044769938084968e-01,-1.760878038628606659e-02,2.976905097293908842e+00,-9.948785611053322445e-03,1.846782302825058023e-02,9.997799563791337496e-01,4.874418415211772548e-01,0.000000000000000000e+00,0.000000000000000000e+00,0.000000000000000000e+00,1.000000000000000056e-01
9.965822840502674973e-01,-8.202775765628199378e-02,9.756950908673551678e-03,4.060000271410250861e+01,8.220313349885415011e-02,9.964309086350168210e-01,-1.918564983950853814e-02,3.057483109327836512e+00,-8.148371623923350224e-03,1.992213067613352734e-02,9.997683295389995228e-01,5.022520421797778134e-01,0.000000000000000000e+00,0.000000000000000000e+00,0.000000000000000000e+00,1.000000000000000056e-01
9.965694607576929265e-01,-8.233042982995730785e-02,8.426755552149032408e-03,4.160632381608458275e+01,8.245065540290086314e-02,9.964810151136990202e-01,-1.508230557985324773e-02,3.134879470713467953e+00,-7.155369225504385963e-03,1.572535665689181461e-02,9.998507457862199077e-01,5.281304241899024143e-01,0.000000000000000000e+00,0.000000000000000000e+00,0.000000000000000000e+00,1.000000000000000056e-01
9.964925588798766443e-01,-8.342486416867077315e-02,6.547681687010993741e-03,4.263105327023581026e+01,8.350872605991323250e-02,9.964115566967356452e-01,-1.379501188974816689e-02,3.193265540526524227e+00,-5.373338709401894071e-03,1.429341525412158517e-02,9.998834059586584333e-01,5.336316295961236467e-01,0.000000000000000000e+00,0.000000000000000000e+00,0.000000000000000000e+00,1.000000000000000056e-01
9.965655383344571572e-01,-8.238496890681500096e-02,8.357314304046424558e-03,4.365061636349111041e+01,8.250109561914904799e-02,9.964831471641155680e-01,-1.465969438766459750e-02,3.280221209763763301e+00,-7.120184393224702687e-03,1.529883381577900638e-02,9.998576141921826643e-01,5.469196290089534118e-01,0.000000000000000000e+00,0.000000000000000000e+00,0.000000000000000000e+00,1.000000000000000056e-01
9.966551384445433426e-01,-8.122303712887948834e-02,9.019603741227708721e-03,4.464135039415283757e+01,8.137182449875801638e-02,9.965287836362316520e-01,-1.757866781744106544e-02,3.368121168696559753e+00,-7.560501956314198690e-03,1.825381121994188588e-02,9.998047995414481859e-01,5.651874595693210379e-01,0.000000000000000000e+00,0.000000000000000000e+00,0.000000000000000000e+00,1.000000000000000056e-01
9.965021482706267753e-01,-8.294342957595116084e-02,1.019097552764417630e-02,4.562243820077571144e+01,8.310323784594808583e-02,9.964058136080334860e-01,-1.641055963800578874e-02,3.461825136368031686e+00,-8.793199164444973071e-03,1.720006099675205555e-02,9.998134013655559649e-01,5.765163048969441650e-01,0.000000000000000000e+00,0.000000000000000000e+00,0.000000000000000000e+00,1.000000000000000056e-01
9.958578334086954920e-01,-9.050036812540901421e-02,8.766926924780175587e-03,4.653474308228705070e+01,9.062873996099599094e-02,9.957631994638571626e-01,-1.555898732517133586e-02,3.533616458175637298e+00,-7.321689123498362727e-03,1.628907494820143811e-02,9.998405167353995315e-01,5.878184679668967405e-01,0.000000000000000000e+00,0.000000000000000000e+00,0.000000000000000000e+00,1.000000000000000056e-01
9.960805462579989111e-01,-8.836348224029499931e-02,3.929423969932451660e-03,4.748230413725963217e+01,8.841404145310868823e-02,9.959642769642904625e-01,-1.543101697640756817e-02,3.629799361235873878e+00,-2.550027508555445001e-03,1.571795207294095220e-02,9.998732136337777909e-01,5.870313828411151125e-01,0.000000000000000000e+00,0.000000000000000000e+00,0.000000000000000000e+00,1.000000000000000056e-01
9.962399062188713739e-01,-8.660331232853168970e-02,2.432190523225484513e-03,4.843211018539095392e+01,8.663307065586367539e-02,9.960793637739521200e-01,-1.790564526664606068e-02,3.721027097741996137e+00,-8.719665994802325510e-04,1.804902649467896372e-02,9.998367228287045050e-01,5.913721689521054259e-01,0.000000000000000000e+00,0.000000000000000000e+00,0.000000000000000000e+00,1.000000000000000056e-01
9.963973133011908567e-01,-8.470441350155311078e-02,4.190033356244206135e-03,4.940498883109178507e+01,8.476628563702803820e-02,9.962402851454674746e-01,-1.788773525573688142e-02,3.827278737288849264e+00,-2.659109901885501823e-03,1.817846491416328855e-02,9.998312220309456544e-01,6.034523666004423248e-01,0.000000000000000000e+00,0.000000000000000000e+00,0.000000000000000000e+00,1.000000000000000056e-01
9.964864293698051378e-01,-8.356954979353847790e-02,5.561153578328859731e-03,5.042213037473258908e+01,8.365315852687937870e-02,9.963491525545994376e-01,-1.704450856459161986e-02,3.924919197281317995e+00,-4.116448747798904378e-03,1.744982954177323395e-02,9.998392662316627488e-01,6.276820979321855454e-01,0.000000000000000000e+00,0.000000000000000000e+00,0.000000000000000000e+00,1.000000000000000056e-01
9.965933563553641683e-01,-8.229887865900592514e-02,5.345712283730368920e-03,5.136688999799076782e+01,8.238404256054454589e-02,9.964313053194632230e-01,-1.837180749771347502e-02,4.011053383137337391e+00,-3.814655912738803938e-03,1.874962268476018309e-02,9.998169332680091337e-01,6.355946100891136652e-01,0.000000000000000000e+00,0.000000000000000000e+00,0.000000000000000000e+00,1.000000000000000056e-01
9.967062026802462338e-01,-8.097780257739542464e-02,4.397843614814394078e-03,5.232298931603779835e+01,8.104992929706578142e-02,9.965102871628652714e-01,-1.995386026623301515e-02,4.098507385931206670e+00,-2.766676646200113849e-03,2.024458120880961651e-02,9.997912294234307939e-01,6.520376648971033529e-01,0.000000000000000000e+00,0.000000000000000000e+00,0.000000000000000000e+00,1.000000000000000056e-01
9.966686821592037893e-01,-8.146463476006336746e-02,3.879598748006851065e-03,5.330671589915878883e+01,8.153048551333764993e-02,9.964292124246998394e-01,-2.194549062226125447e-02,4.186867226384086038e+00,-2.077964146827409892e-03,2.218868878734822636e-02,9.997516412364135796e-01,6.748417467784517676e-01,0.000000000000000000e+00,0.000000000000000000e+00,0.000000000000000000e+00,1.000000000000000056e-01
9.966532977452213782e-01,-8.161309965483788675e-02,4.637462485523226839e-03,5.426408703169459358e+01,8.170088676865190636e-02,9.963724751205716990e-01,-2.380873628149442200e-02,4.266188160506098725e+00,-2.677535208182217109e-03,2.410794032752131694e-02,9.997057757252248988e-01,6.755075200139247782e-01,0.000000000000000000e+00,0.000000000000000000e+00,0.000000000000000000e+00,1.000000000000000056e-01
9.965706157159780476e-01,-8.226033108335961685e-02,8.958003211230639723e-03,5.521364719583883129e+01,8.247052805122279118e-02,9.962442748399018555e-01,-2.638099413726636977e-02,4.338929351422473601e+00,-6.754250101146281292e-03,2.702929482568989378e-02,9.996118233228321603e-01,6.931744500157179800e-01,0.000000000000000000e+00,0.000000000000000000e+00,0.000000000000000000e+00,1.000000000000000056e-01
9.963516338953016804e-01,-8.430751786329976349e-02,1.325383212102058429e-02,5.616317209338694028e+01,8.462355451264585993e-02,9.960883691231320336e-01,-2.543255628646722347e-02,4.426565663287909125e+00,-1.105783232862846306e-02,2.646135539515048415e-02,9.995886759136697330e-01,7.198524069761030875e-01,0.000000000000000000e+00,0.000000000000000000e+00,0.000000000000000000e+00,1.000000000000000056e-01
9.961934910407124200e-01,-8.603908547921851335e-02,1.399300461007859514e-02,5.712014686340160097e+01,8.633744698431627951e-02,9.960155564433418318e-01,-2.233509729306251690e-02,4.501105282201984359e+00,-1.201555892783721241e-02,2.345819883878386830e-02,9.996526092852915379e-01,7.180156111627087334e-01,0.000000000000000000e+00,0.000000000000000000e+00,0.000000000000000000e+00,1.000000000000000056e-01
9.961834903611189729e-01,-8.682417096027091052e-02,8.945214866058148750e-03,5.801543049735503388e+01,8.700820438659341571e-02,9.959468371917435947e-01,-2.279188138753372728e-02,4.583258686913691982e+00,-6.930072247753733122e-03,2.348320303587795449e-02,9.997002117003960242e-01,7.307582430209653701e-01,0.000000000000000000e+00,0.000000000000000000e+00,0.000000000000000000e+00,1.000000000000000056e-01
9.959960331904991193e-01,-8.931222535277356933e-02,3.902341774559654405e-03,5.894483973853594705e+01,8.937560037276277847e-02,9.957683764163262063e-01,-2.138556960199777118e-02,4.660209556865593683e+00,-1.975835721483823644e-03,2.164871663007008479e-02,9.997636866487362717e-01,7.461224075486719842e-01,0.000000000000000000e+00,0.000000000000000000e+00,0.000000000000000000e+00,1.000000000000000056e-01
9.959940099984964101e-01,-8.941995925518710087e-02,5.416563280114243973e-05,5.989341151018955145e+01,8.940133139081689329e-02,9.957737912073483244e-01,-2.102281356273842661e-02,4.761038557061161747e+00,1.825922414681926172e-03,2.094343886149067219e-02,9.997789947663385801e-01,7.602425782334325532e-01,0.000000000000000000e+00,0.000000000000000000e+00,0.000000000000000000e+00,1.000000000000000056e-01
9.959637466692166097e-01,-8.975628752000069932e-02,-1.554710373923371813e-04,6.079862321968324324e+01,8.974031969419374311e-02,9.958163840185391136e-01,-1.721639745781126593e-02,4.852281467998277087e+00,1.700100526557565090e-03,1.713295569562930595e-02,9.998517747583044457e-01,7.704179937968624881e-01,0.000000000000000000e+00,0.000000000000000000e+00,0.000000000000000000e+00,1.000000000000000056e-01
9.958058670563472159e-01,-9.149137708544261005e-02,5.527355582863333408e-05,6.173882176104915231e+01,9.148064936125105406e-02,9.956794829833155447e-01,-1.592664303992895325e-02,4.944554955931954154e+00,1.402115758581276789e-03,1.586490104245309729e-02,9.998731614491473962e-01,7.897196949628955132e-01,0.000000000000000000e+00,0.000000000000000000e+00,0.000000000000000000e+00,1.000000000000000056e-01
9.956678815821018436e-01,-9.296427027365430917e-02,1.764663791392867120e-03,6.262254124143964162e+01,9.297946328878475830e-02,9.955816386126896678e-01,-1.311564957603058440e-02,5.031009718457960744e+00,-5.375800770347458372e-04,1.322290852114842499e-02,9.999124290146123029e-01,8.126583364866010184e-01,0.000000000000000000e+00,0.000000000000000000e+00,0.000000000000000000e+00,1.000000000000000056e-01
9.955444036241043460e-01,-9.428236189452418592e-02,1.475346846099215856e-03,6.344789752623224643e+01,9.429306481017690755e-02,9.954797026995518827e-01,-1.135691163633657449e-02,5.120795346183870222e+00,-3.979213868323513894e-04,1.144542479778506983e-02,9.999344198045030385e-01,8.297770885139484909e-01,0.000000000000000000e+00,0.000000000000000000e+00,0.000000000000000000e+00,1.000000000000000056e-01
9.953251971136580778e-01,-9.654135719456066744e-02,2.741959461762218716e-03,6.426583220973773791e+01,9.656426022967942724e-02,9.952760832459706108e-01,-1.004299581074423117e-02,5.205482030539559268e+00,-1.759442227653395651e-03,1.026082207194548360e-02,9.999458084783672263e-01,8.431727823672461319e-01,0.000000000000000000e+00,0.000000000000000000e+00,0.000000000000000000e+00,1.000000000000000056e-01
9.953653601191699840e-01,-9.609928869025759213e-02,3.567434380844025556e-03,6.505504999422387868e+01,9.613278235601001309e-02,9.953093332363565082e-01,-1.085446125293865541e-02,5.289201713030990071e+00,-2.507594729438954260e-03,1.114710212683388615e-02,9.999347249110047686e-01,8.590870092606881503e-01,0.000000000000000000e+00,0.000000000000000000e+00,0.000000000000000000e+00,1.000000000000000056e-01
9.952866511392306492e-01,-9.691779604035596907e-02,3.379774361617468928e-03,6.585052372872429771e+01,9.695113979951169858e-02,9.952200186647931490e-01,-1.172991647132352357e-02,5.367932227221032804e+00,-2.226781451113581979e-03,1.200230225951046982e-02,9.999254903165737396e-01,8.729700044195359832e-01,0.000000000000000000e+00,0.000000000000000000e+00,0.000000000000000000e+00,1.000000000000000056e-01
9.953034108911692490e-01,-9.671443306842113230e-02,4.175967511638898830e-03,6.659462068004152968e+01,9.675925028344735390e-02,9.952311159566973320e-01,-1.235610440923682989e-02,5.443591911443681930e+00,-2.961039173933735849e-03,1.270213634947504368e-02,9.999149403720147822e-01,8.910915344189573872e-01,0.000000000000000000e+00,0.000000000000000000e+00,0.000000000000000000e+00,1.000000000000000056e-01
9.953250048384315596e-01,-9.642493830528933718e-02,5.510536833856024067e-03,6.739470869736236125e+01,9.648168447572363915e-02,9.952720017581466738e-01,-1.117707819864831136e-02,5.533425744384801170e+00,-4.406733949655825683e-03,1.165649128824510807e-02,9.999223504386448580e-01,8.944380082405498644e-01,0.000000000000000000e+00,0.000000000000000000e+00,0.000000000000000000e+00,1.000000000000000056e-01
9.950821462957410990e-01,-9.862076308401376834e-02,9.244847872628796093e-03,6.814082761729503090e+01,9.871732729757842772e-02,9.950585748521215690e-01,-1.064527615834725063e-02,5.609101620319611570e+00,-8.149319890886411871e-03,1.150555092081768233e-02,9.999006005015320664e-01,9.039479979413364008e-01,0.000000000000000000e+00,0.000000000000000000e+00,0.000000000000000000e+00,1.000000000000000056e-01
9.949176470097627067e-01,-9.993970832470480681e-02,1.228537213641051236e-02,6.886951519780873809e+01,1.000667949050535743e-01,9.949283910585686730e-01,-1.020456873354841192e-02,5.688359940411944038e+00,-1.120322391042445111e-02,1.138206332703783040e-02,9.998724600709993915e-01,9.184892586198369901e-01,0.000000000000000000e+00,0.000000000000000000e+00,0.000000000000000000e+00,1.000000000000000056e-01
9.948657083020501224e-01,-1.008701349194056213e-01,8.212084144789820461e-03,6.956070131848291282e+01,1.009221028416991267e-01,9.948751367366015508e-01,-6.179924055994248135e-03,5.768559633079215487e+00,-7.546628563120431031e-03,6.976975323824761120e-03,9.999471837115503359e-01,9.330636928279465447e-01,0.000000000000000000e+00,0.000000000000000000e+00,0.000000000000000000e+00,1.000000000000000056e-01
9.948610070566661356e-01,-1.012036447564685915e-01,3.065766821298565765e-03,7.026076262268567518e+01,1.012238711402933533e-01,9.948363077376682906e-01,-7.378937474777878813e-03,5.846274928564046292e+00,-2.303160778007699340e-03,7.651345952831007172e-03,9.999680756681889049e-01,9.359972290278064655e-01,0.000000000000000000e+00,0.000000000000000000e+00,0.000000000000000000e+00,1.000000000000000056e-01
9.949027680001754081e-01,-1.008361599117058582e-01,-7.423475264640834546e-04,7.101298314618705376e+01,1.008258941849157209e-01,9.948657653018877500e-01,-8.732015351645448092e-03,5.925078770224860847e+00,1.619039036385644349e-03,8.612658390420378784e-03,9.999615996767319270e-01,9.641327092909622865e-01,0.000000000000000000e+00,0.000000000000000000e+00,0.000000000000000000e+00,1.000000000000000056e-01
9.947090872298766095e-01,-1.027274284881653094e-01,-9.524801911833467296e-04,7.174320786561270324e+01,1.027172046535418243e-01,9.946811084282608517e-01,-7.659530278602543277e-03,6.006817203786178005e+00,1.734257901270292671e-03,7.521168269312114227e-03,9.999702117450282035e-01,9.746206608951362149e-01,0.000000000000000000e+00,0.000000000000000000e+00,0.000000000000000000e+00,1.000000000000000056e-01
9.945504299396044079e-01,-1.042512594548216237e-01,1.056981093287654317e-03,7.242260713617753254e+01,1.042558979179961237e-01,9.945301210283680193e-01,-6.367583263063900968e-03,6.093934520582508618e+00,-3.873709597742132837e-04,6.443079184919480763e-03,9.999791681201946059e-01,9.856223217710246010e-01,0.000000000000000000e+00,0.000000000000000000e+00,0.000000000000000000e+00,1.000000000000000056e-01
9.944615902692638398e-01,-1.050251175714421725e-01,3.983736717135744759e-03,7.303407438935867901e+01,1.050462475310532939e-01,9.944519718322468727e-01,-5.528254570897413352e-03,6.150827453611541706e+00,-3.381029247342799693e-03,5.916113425274756137e-03,9.999767838520892127e-01,1.001623742113370241e+00,0.000000000000000000e+00,0.000000000000000000e+00,0.000000000000000000e+00,1.000000000000000056e-01
9.943887568371003738e-01,-1.057844020750116770e-01,8.127444852977776680e-04,7.360472826131925217e+01,1.057874791230731110e-01,9.943660778769546349e-01,-6.716578622151083214e-03,6.205670021589170027e+00,-9.765629262761745151e-05,6.764868456550290898e-03,9.999771132471053647e-01,1.011898805617355679e+00,0.000000000000000000e+00,0.000000000000000000e+00,0.000000000000000000e+00,1.000000000000000056e-01
9.945624682520155524e-01,-1.041264999812769459e-01,-1.780097218601695355e-03,7.423843239059603150e+01,1.040996165746071039e-01,9.945011536970039812e-01,-1.143350883796228484e-02,6.262397226699401465e+00,2.960839995394223476e-03,1.118603133274304398e-02,9.999330508236762283e-01,1.030964785713763598e+00,0.000000000000000000e+00,0.000000000000000000e+00,0.000000000000000000e+00,1.000000000000000056e-01
9.946305685111194173e-01,-1.033871980846707006e-01,-4.595590870429473382e-03,7.485501877504592017e+01,1.033031179355455575e-01,9.945243094671933903e-01,-1.580707764252585468e-02,6.316198578472254077e+00,6.204676304375199639e-03,1.524746375641340516e-02,9.998644992402494491e-01,1.052503372980189367e+00,0.000000000000000000e+00,0.000000000000000000e+00,0.000000000000000000e+00,1.000000000000000056e-01
9.951786782838820677e-01,-9.794846789672106979e-02,-5.049349050189418445e-03,7.544027267049160912e+01,9.786766604351906929e-02,9.950963010291116184e-01,-1.432730335317871154e-02,6.369818939945037783e+00,6.427925974983757923e-03,1.376405880780752142e-02,9.998846095689218894e-01,1.065758186492901549e+00,0.000000000000000000e+00,0.000000000000000000e+00,0.000000000000000000e+00,1.000000000000000056e-01
9.955502770947610713e-01,-9.413440697754843489e-02,-4.284763649234201582e-03,7.599925218691642215e+01,9.408390850592740495e-02,9.955060957534506150e-01,-1.076250333193814676e-02,6.447214669237800067e+00,5.278630200421333477e-03,1.031148586320023569e-02,9.999329024102068253e-01,1.069201806051232051e+00,0.000000000000000000e+00,0.000000000000000000e+00,0.000000000000000000e+00,1.000000000000000056e-01
9.961744990060737992e-01,-8.737696942582499904e-02,-1.277788697805200746e-03,7.654674508497106444e+01,8.734946985884205206e-02,9.960726098097062442e-01,-1.447156184590760696e-02,6.485411036282357600e+00,2.537251539961976957e-03,1.430458670633751907e-02,9.998944650080746621e-01,1.086878682730281431e+00,0.000000000000000000e+00,0.000000000000000000e+00,0.000000000000000000e+00,1.000000000000000056e-01
9.968240349819722512e-01,-7.961581184678083456e-02,1.779265645635218825e-03,7.710102348259832183e+01,7.963443840812510499e-02,9.966848399639722800e-01,-1.666391326830382602e-02,6.510057442000956485e+00,-4.466561118729800916e-04,1.675268008316927598e-02,9.998595642430734287e-01,1.101554169042364695e+00,0.000000000000000000e+00,0.000000000000000000e+00,0.000000000000000000e+00,1.000000000000000056e-01
9.974483135177203419e-01,-7.132760250798191037e-02,3.038911173222759964e-03,7.763028617123589470e+01,7.137326212526089175e-02,9.972615973057845640e-01,-1.936915054187716978e-02,6.541651646198249459e+00,-1.649034339910248129e-03,1.953662354600803341e-02,9.998077820392115012e-01,1.115749722801021138e+00,0.000000000000000000e+00,0.000000000000000000e+00,0.000000000000000000e+00,1.000000000000000056e-01
9.982509269540889019e-01,-5.900167840898637439e-02,3.726765383653085368e-03,7.810820439902605017e+01,5.905466252646654479e-02,9.981230079382682474e-01,-1.621751701552561278e-02,6.573153192200317463e+00,-2.762909551069725033e-03,1.640923426568910090e-02,9.998615420955174748e-01,1.127283725971841566e+00,0.000000000000000000e+00,0.000000000000000000e+00,0.000000000000000000e+00,1.000000000000000056e-01
9.989981749649599063e-01,-4.464303298410691317e-02,3.105804671774218487e-03,7.859261458810561862e+01,4.467809938396299224e-02,9.989253988681551233e-01,-1.232537754122858993e-02,6.603453939498036718e+00,-2.552224934444002283e-03,1.245179111923417313e-02,9.999192162598971034e-01,1.132664817092198462e+00,0.000000000000000000e+00,0.000000000000000000e+00,0.000000000000000000e+00,1.000000000000000056e-01
9.996304992685025592e-01,-2.709211544692758170e-02,2.209572993731684105e-03,7.905702574628097068e+01,2.710741357986969427e-02,9.996064852545457624e-01,-7.215453281918512117e-03,6.615032811334708107e+00,-2.013221600861844155e-03,7.272682975628753065e-03,9.999715271052080912e-01,1.132334881892545164e+00,0.000000000000000000e+00,0.000000000000000000e+00,0.000000000000000000e+00,1.000000000000000056e-01
9.999814922693469610e-01,-4.868346431428595064e-03,3.648879525770481243e-03,7.953898713534253773e+01,4.893994491828125570e-03,9.999631487331280821e-01,-7.053367539119727650e-03,6.633208489673744879e+00,-3.614406823248665548e-03,7.071094593593582264e-03,9.999684673451281203e-01,1.147002864534145461e+00,0.000000000000000000e+00,0.000000000000000000e+00,0.000000000000000000e+00,1.000000000000000056e-01
9.997872127894011918e-01,2.008740273656201003e-02,4.693121999249053045e-03,8.001777812997745798e+01,-2.004284793471225457e-02,9.997553518687616325e-01,-9.355247534654095865e-03,6.618699355535746953e+00,-4.879896460651088341e-03,9.259193327056734757e-03,9.999452254746084012e-01,1.161187985861807714e+00,0.000000000000000000e+00,0.000000000000000000e+00,0.000000000000000000e+00,1.000000000000000056e-01
9.987942003614621589e-01,4.870844360434471720e-02,6.134561593936666522e-03,8.049065054107656181e+01,-4.863941114698795698e-02,9.987564884763993067e-01,-1.094003700022599425e-02,6.610809294523383173e+00,-6.659805371157320568e-03,1.062846404399152463e-02,9.999213382784086779e-01,1.167772163997081059e+00,0.000000000000000000e+00,0.000000000000000000e+00,0.000000000000000000e+00,1.000000000000000056e-01
9.967182019659873715e-01,8.042475316384589679e-02,9.202442514012115771e-03,8.099140520064264592e+01,-8.032041332767722586e-02,9.967062126741367267e-01,-1.119628597569461564e-02,6.567526607701545061e+00,-1.007259016143954508e-02,1.042039804004169651e-02,9.998949736007911593e-01,1.173448983400778411e+00,0.000000000000000000e+00,0.000000000000000000e+00,0.000000000000000000e+00,1.000000000000000056e-01
