9.999999999999998890e-01,-4.217451260964517801e-09,1.099608572213577391e-08,6.064984564182441284e-15,4.217451280627716001e-09,1.000000000000000000e+00,-1.788199731907216819e-09,4.270241307563252352e-15,-1.099608571459413004e-08,1.788199778282672691e-09,9.999999999999998890e-01,-2.060591864740253467e-14,0.000000000000000000e+00,0.000000000000000000e+00,0.000000000000000000e+00,1.000000000000000056e-01
9.998676397228397628e-01,-1.199824257658534121e-02,1.098841254007927939e-02,6.522276115882432723e-01,1.203128074209125487e-02,9.999232832679647576e-01,-2.945481678530654634e-03,3.841743368371339402e-03,-1.095222894129505020e-02,3.077296489938923397e-03,9.999352873699030031e-01,3.283111910650952665e-03,0.000000000000000000e+00,0.000000000000000000e+00,0.000000000000000000e+00,1.000000000000000056e-01
9.995792848693976218e-01,-1.822854193713951618e-02,2.256044145910373125e-02,1.336372002937212589e+00,1.831565502544357446e-02,9.998255527594485104e-01,-3.660714445587427007e-03,-2.646741598277211390e-03,-2.248977636555428775e-02,4.072383590618012562e-03,9.997387787071772003e-01,-1.186081134182204004e-02,0.000000000000000000e+00,0.000000000000000000e+00,0.000000000000000000e+00,1.000000000000000056e-01
9.991617254914160196e-01,-2.568029125198591570e-02,3.188054193751200388e-02,2.067794015710072930e+00,2.590565243575568624e-02,9.996420997121054919e-01,-6.676050857420061380e-03,1.816491449768435976e-02,-3.169768895194271380e-02,7.496340733064994766e-03,9.994693899218323185e-01,-3.494852141793135941e-02,0.000000000000000000e+00,0.000000000000000000e+00,0.000000000000000000e+00,1.000000000000000056e-01
9.984979511422606979e-01,-3.425117751860981552e-02,4.276328335495575839e-02,2.799526275587554736e+00,3.465147318924691189e-02,9.993619828784694459e-01,-8.654627838831922132e-03,6.656298830915279019e-02,-4.243956845353709373e-02,1.012343893163086470e-02,9.990477461131049841e-01,-7.553001920366787802e-02,0.000000000000000000e+00,0.000000000000000000e+00,0.000000000000000000e+00,1.000000000000000056e-01
9.977583216056933324e-01,-4.305345320276506016e-02,5.123213672986046824e-02,3.550116095145474215e+00,4.360108583632070489e-02,9.990027075262384315e-01,-9.619546202323013898e-03,9.230823576265093089e-02,-5.076688862323151114e-02,1.183175906457499711e-02,9.986404420495668122e-01,-1.102055201737369289e-01,0.000000000000000000e+00,0.000000000000000000e+00,0.000000000000000000e+00,1.000000000000000056e-01
9.967567176480665037e-01,-5.201705640142369191e-02,6.140253795067274201e-02,4.308428845186201173e+00,5.275965955722784761e-02,9.985516757181215342e-01,-1.053419403357271772e-02,1.466891038045430029e-01,-6.076564939880192695e-02,1.373960566619904233e-02,9.980574928776795307e-01,-1.419291623190687135e-01,0.000000000000000000e+00,0.000000000000000000e+00,0.000000000000000000e+00,1.000000000000000056e-01
9.954677170183570123e-01,-6.155366450397955352e-02,7.249255658612013820e-02,5.112157898846331427e+00,6.237910414646560125e-02,9.980103449898772849e-01,-9.175982730508461943e-03,2.136695866802839350e-01,-7.178350604522393263e-02,1.365641531726826535e-02,9.973267421364663265e-01,-1.928921028588645448e-01,0.000000000000000000e+00,0.000000000000000000e+00,0.000000000000000000e+00,1.000000000000000056e-01
9.942526900271755341e-01,-6.606900021615798313e-02,8.424058157540544045e-02,5.886802996789000098e+00,6.694198936564084434e-02,9.977280929806389143e-01,-7.577765962867286098e-03,2.801899548161633779e-01,-8.354853938577054551e-02,1.317344630895335780e-02,9.964166306715527277e-01,-2.424782585170338622e-01,0.000000000000000000e+00,0.000000000000000000e+00,0.000000000000000000e+00,1.000000000000000056e-01
9.926158765722615795e-01,-7.449483065910464386e-02,9.573004638958475254e-02,6.690300836210669289e+00,7.576856362099240738e-02,9.970779082388543380e-01,-9.734971435114649421e-03,3.390307360502640699e-01,-9.472510936120555336e-02,1.691641531478206215e-02,9.953597282135767665e-01,-3.080790147751332753e-01,0.000000000000000000e+00,0.000000000000000000e+00,0.000000000000000000e+00,1.000000000000000056e-01
9.908961913312647196e-01,-8.216885530029903462e-02,1.066443492353541383e-01,7.522177128968781545e+00,8.402732722020804512e-02,9.963780665347673482e-01,-1.304441676223246430e-02,4.055541694367331140e-01,-1.051862457045679849e-01,2.188670251721909835e-02,9.942116605469385471e-01,-3.806600553668855191e-01,0.000000000000000000e+00,0.000000000000000000e+00,0.000000000000000000e+00,1.000000000000000056e-01
9.891549710917609817e-01,-8.867654685625057931e-02,1.170850682286548455e-01,8.360769622131645207e+00,9.092042235848669940e-02,9.957603954883689212e-01,-1.395390895059332032e-02,4.952868768024824009e-01,-1.153512893842628811e-01,2.444800225986273196e-02,9.930238543070805113e-01,-4.716396171132320458e-01,0.000000000000000000e+00,0.000000000000000000e+00,0.000000000000000000e+00,1.000000000000000056e-01
9.874742172686760133e-01,-9.537811344396665558e-02,1.256888447933442177e-01,9.209427263583199519e+00,9.798017073211853778e-02,9.950802174443943438e-01,-1.467129831070899601e-02,6.058343873952530823e-01,-1.236711622526466270e-01,2.680254328765723296e-02,9.919612226797944743e-01,-5.665696112899111236e-01,0.000000000000000000e+00,0.000000000000000000e+00,0.000000000000000000e+00,1.000000000000000056e-01
9.857317509441816394e-01,-1.004664071152969185e-01,1.350533828597463015e-01,9.990316040774276374e+00,1.038544437500655004e-01,9.944248374414030867e-01,-1.826190551403233248e-02,7.056289760039019532e-01,-1.324657302621409516e-01,3.202723405138787477e-02,9.906700190200242728e-01,-6.562492765554236440e-01,0.000000000000000000e+00,0.000000000000000000e+00,0.000000000000000000e+00,1.000000000000000056e-01
9.835305297076576414e-01,-1.078502671020369202e-01,1.450379847453547311e-01,1.081909583014691556e+01,1.117454414805722912e-01,9.935559938656304269e-01,-1.895899158688084743e-02,8.105658014100393105e-01,-1.420586267753086718e-01,3.485408067499011497e-02,9.892444286519964658e-01,-7.735173913744585183e-01,0.000000000000000000e+00,0.000000000000000000e+00,0.000000000000000000e+00,1.000000000000000056e-01
9.816534181170410989e-01,-1.128234571227125782e-01,1.537121798102192016e-01,1.162584168879170932e+01,1.173024985015405641e-01,9.928875279722330083e-01,-2.035879766794530116e-02,9.191888659989539967e-01,-1.503219562952325117e-01,3.801610606134851744e-02,9.879059090497973594e-01,-8.679312251448042526e-01,0.000000000000000000e+00,0.000000000000000000e+00,0.000000000000000000e+00,1.000000000000000056e-01
9.798204810334099069e-01,-1.183125841686777230e-01,1.611023195822664233e-01,1.248894432460244808e+01,1.228619857667481857e-01,9.922505591010650772e-01,-1.854077714323411688e-02,1.052062300804967876e+00,-1.576602594216707509e-01,3.795998407472343794e-02,9.867635391562348257e-01,-9.967295386019036085e-01,0.000000000000000000e+00,0.000000000000000000e+00,0.000000000000000000e+00,1.000000000000000056e-01
9.779026834663921974e-01,-1.257184993549850527e-01,1.670365247158827060e-01,1.339285558962002476e+01,1.305357768842108912e-01,9.912777128176317731e-01,-1.813579400743799835e-02,1.179018633072042466e+00,-1.632995793701397802e-01,3.953928414849378070e-02,9.857838974068099391e-01,-1.140703365176176431e+00,0.000000000000000000e+00,0.000000000000000000e+00,0.000000000000000000e+00,1.000000000000000056e-01
9.769946715057611364e-01,-1.241027498271775470e-01,1.734356345584233960e-01,1.426188587556597120e+01,1.287411320320463182e-01,9.915537730630967772e-01,-1.571101675398504927e-02,1.309836899800632226e+00,-1.700209774482467073e-01,3.767787958032885187e-02,9.847198812951188929e-01,-1.276329051272456327e+00,0.000000000000000000e+00,0.000000000000000000e+00,0.000000000000000000e+00,1.000000000000000056e-01
9.725002560843617472e-01,-1.454733219553030199e-01,1.818811824107694763e-01,1.523435035586225617e+01,1.505825577810965543e-01,9.884906681183995847e-01,-1.452901699850389118e-02,1.544491892410194467e+00,-1.776742671518685979e-01,4.151760641136292840e-02,9.832131727910878860e-01,-1.441819132914490931e+00,0.000000000000000000e+00,0.000000000000000000e+00,0.000000000000000000e+00,1.000000000000000056e-01
9.708311106238738386e-01,-1.473928441490020558e-01,1.891092386386335755e-01,1.615748893234061256e+01,1.530098451208071753e-01,9.881050910049375968e-01,-1.537258684251285347e-02,1.708647616756553411e+00,-1.845939921582559762e-01,4.385976087248978639e-02,9.818357191685815888e-01,-1.606312041339810648e+00,0.000000000000000000e+00,0.000000000000000000e+00,0.000000000000000000e+00,1.000000000000000056e-01
9.676342957407990664e-01,-1.550303724864850741e-01,1.991217047760228953e-01,1.703993200116595830e+01,1.619616369998868322e-01,9.866159675956296393e-01,-1.890398438574112522e-02,1.869099008440573417e+00,-1.935259616860870169e-01,5.054222088552452058e-02,9.797924198836374110e-01,-1.768429264652463972e+00,0.000000000000000000e+00,0.000000000000000000e+00,0.000000000000000000e+00,1.000000000000000056e-01
9.649593963307870892e-01,-1.618984744586153823e-01,2.064999937067698854e-01,1.786731278213279239e+01,1.697147105403232215e-01,9.852780202512635421e-01,-2.059465551945355993e-02,2.008331237414832326e+00,-2.001256616707043634e-01,5.491909301621544087e-02,9.782298363693161525e-01,-1.925061655773557590e+00,0.000000000000000000e+00,0.000000000000000000e+00,0.000000000000000000e+00,1.000000000000000056e-01
9.624791887104144905e-01,-1.666308725591568174e-01,2.141680732731105485e-01,1.873996221300982867e+01,1.759596344772095811e-01,9.840768219634041802e-01,-2.512002207509787810e-02,2.153648836588103244e+00,-2.065720657155492579e-01,6.186243435705267302e-02,9.764737686601878686e-01,-2.103952226661465641e+00,0.000000000000000000e+00,0.000000000000000000e+00,0.000000000000000000e+00,1.000000000000000056e-01
9.591949380114984658e-01,-1.726044039990359269e-01,2.239481873408562251e-01,1.964051174290544921e+01,1.829381930629574438e-01,9.827783213910772364e-01,-2.608425813774571667e-02,2.326961571965022735e+00,-2.155891658037985825e-01,6.598856509937184311e-02,9.742519288480512296e-01,-2.291008689734103321e+00,0.000000000000000000e+00,0.000000000000000000e+00,0.000000000000000000e+00,1.000000000000000056e-01
9.563855765453678215e-01,-1.761932182740286734e-01,2.329862202153269168e-01,2.053631831662895380e+01,1.876679703480803596e-01,9.818374768394108054e-01,-2.785501712531344640e-02,2.485594513902997349e+00,-2.238467374821807299e-01,7.036418767995528123e-02,9.720810250234924732e-01,-2.490267951008585001e+00,0.000000000000000000e+00,0.000000000000000000e+00,0.000000000000000000e+00,1.000000000000000056e-01
9.543371108591413021e-01,-1.755415032417454169e-01,2.417144171882500692e-01,2.141504522328463977e+01,1.889332615513687197e-01,9.814285901935346779e-01,-3.319856970251829770e-02,2.676196691612946488e+00,-2.313977128594602306e-01,7.735052029792144346e-02,9.697793540249511901e-01,-2.687775751065248908e+00,0.000000000000000000e+00,0.000000000000000000e+00,0.000000000000000000e+00,1.000000000000000056e-01
9.513634688076175738e-01,-1.779457242406435324e-01,2.514813500894452214e-01,2.231741902853086401e+01,1.927691002598214132e-01,9.806058960810987157e-01,-3.538573944408084787e-02,2.885381784473275868e+00,-2.403073536189772319e-01,8.214253341271079978e-02,9.672150639858674293e-01,-2.899181926351873440e+00,0.000000000000000000e+00,0.000000000000000000e+00,0.000000000000000000e+00,1.000000000000000056e-01
9.496589473643191059e-01,-1.749309538099970418e-01,2.598981436832861203e-01,2.323253848530358923e+01,1.905222418104944027e-01,9.810278243159102907e-01,-3.585642611157781323e-02,3.086689337152327184e+00,-2.486949116214419997e-01,8.356775285429311750e-02,9.649700884568842563e-01,-3.116212267084432774e+00,0.000000000000000000e+00,0.000000000000000000e+00,0.000000000000000000e+00,1.000000000000000056e-01
9.493543773053829682e-01,-1.683908727325264254e-01,2.652749145160294697e-01,2.411035130905440127e+01,1.847488528383982309e-01,9.820593003453423897e-01,-3.778084144262068567e-02,3.270827080446345736e+00,-2.541537480856903564e-01,8.487664334547316558e-02,9.634323161221035603e-01,-3.338492260700580250e+00,0.000000000000000000e+00,0.000000000000000000e+00,0.000000000000000000e+00,1.000000000000000056e-01
9.478359575067173415e-01,-1.712604358851148312e-01,2.688435618677983974e-01,2.500876288217621735e+01,1.888513253640704270e-01,9.811581099854517207e-01,-4.079142211311391486e-02,3.444587334392649858e+00,-2.567920843125002794e-01,8.943503961097519495e-02,9.623196969428741143e-01,-3.558874265103239232e+00,0.000000000000000000e+00,0.000000000000000000e+00,0.000000000000000000e+00,1.000000000000000056e-01
9.481725380138475989e-01,-1.705152958209017189e-01,2.681293942250439488e-01,2.587905319937462423e+01,1.885603781194937489e-01,9.811260911567888376e-01,-4.285530369550605290e-02,3.628909502317453573e+00,-2.557612596931211901e-01,9.119280203234728099e-02,9.624292446188846828e-01,-3.792322583178049378e+00,0.000000000000000000e+00,0.000000000000000000e+00,0.000000000000000000e+00,1.000000000000000056e-01
9.460331759931350781e-01,-1.710432026586027887e-01,2.752552501672403951e-01,2.676992544910046590e+01,1.910544391736200831e-01,9.804342918939487062e-01,-4.740042774559019567e-02,3.811537519410276520e+00,-2.617621653188165753e-01,9.743111465389039938e-02,9.602019301714118660e-01,-4.022209540661687122e+00,0.000000000000000000e+00,0.000000000000000000e+00,0.000000000000000000e+00,1.000000000000000056e-01
9.441753862613889714e-01,-1.718701325613725683e-01,2.810578188051225390e-01,2.768067765047921469e+01,1.936545322499350630e-01,9.797199874844408907e-01,-5.144577983222572981e-02,3.976718827953134028e+00,-2.665159697226710533e-01,1.030019594805031136e-01,9.583109277400321258e-01,-4.266880456328012272e+00,0.000000000000000000e+00,0.000000000000000000e+00,0.000000000000000000e+00,1.000000000000000056e-01
9.407042940036948186e-01,-1.724499959704983154e-01,2.921239978721113517e-01,2.862213403910415366e+01,1.966530894830146869e-01,9.789074852301360430e-01,-5.538680129052769852e-02,4.167039379433536084e+00,-2.764109144729918754e-01,1.095496884988090835e-01,9.547752992772793323e-01,-4.525427185307198563e+00,0.000000000000000000e+00,0.000000000000000000e+00,0.000000000000000000e+00,1.000000000000000056e-01
9.374514769362903843e-01,-1.736342021250845691e-01,3.017215475274397929e-01,2.952896986501302123e+01,2.005978047147166654e-01,9.778003166894200238e-01,-6.055626660971108466e-02,4.348101664898153196e+00,-2.845087856879014443e-01,1.172932416401528954e-01,9.514709907989525872e-01,-4.784725997638838102e+00,0.000000000000000000e+00,0.000000000000000000e+00,0.000000000000000000e+00,1.000000000000000056e-01
9.343121799116569370e-01,-1.728946237452212709e-01,3.117181411928504620e-01,3.040833482832938373e+01,2.030014029080413340e-01,9.769100595711606161e-01,-6.661205541070194802e-02,4.524427873674617295e+00,-2.930037216249898879e-01,1.255156746732045692e-01,9.478368185110956912e-01,-5.031645785722692388e+00,0.000000000000000000e+00,0.000000000000000000e+00,0.000000000000000000e+00,1.000000000000000056e-01
9.336212610069516415e-01,-1.762236433914954603e-01,3.119239787281773979e-01,3.132163233827195015e+01,2.079901972728470383e-01,9.755207857075214317e-01,-7.140920452562263265e-02,4.705526733376282245e+00,-2.917043346167341178e-01,1.315462814465200858e-01,9.474197364438854407e-01,-5.304619090694001393e+00,0.000000000000000000e+00,0.000000000000000000e+00,0.000000000000000000e+00,1.000000000000000056e-01
9.325127634646581676e-01,-1.809181366328849738e-01,3.125517138215549995e-01,3.226605633838309473e+01,2.133863726093399582e-01,9.742587267896758441e-01,-7.270618446038600025e-02,4.908701020740240395e+00,-2.913523673494594624e-01,1.344937214573398709e-01,9.471141625635323136e-01,-5.597323878408111852e+00,0.000000000000000000e+00,0.000000000000000000e+00,0.000000000000000000e+00,1.000000000000000056e-01
9.296589790149303312e-01,-1.827891066212590787e-01,3.198786101594154885e-01,3.318710675533872489e+01,2.170748146072016826e-01,9.732917363743134320e-01,-7.471091465591137015e-02,5.136841771784876443e+00,-2.976788665662484790e-01,1.388932626374506096e-01,9.445083133534388775e-01,-5.891849102267235239e+00,0.000000000000000000e+00,0.000000000000000000e+00,0.000000000000000000e+00,1.000000000000000056e-01
9.278110648303968810e-01,-1.863301355767728595e-01,3.231837071299024644e-01,3.411107374651951574e+01,2.217576379194191594e-01,9.721231156042956512e-01,-7.615903184913155877e-02,5.353724371645117053e+00,-2.999836295578225953e-01,1.423296479435633699e-01,9.432667137737748009e-01,-6.164318610664323295e+00,0.000000000000000000e+00,0.000000000000000000e+00,0.000000000000000000e+00,1.000000000000000056e-01
9.261991818879306004e-01,-1.894419360953700227e-01,3.259859327004245855e-01,3.501148030651893350e+01,2.256449001236701668e-01,9.711841577356522537e-01,-7.671838639772494972e-02,5.584168010066890453e+00,-3.020586938300351965e-01,1.446135699432437582e-01,9.422565791067545327e-01,-6.445012310214179863e+00,0.000000000000000000e+00,0.000000000000000000e+00,0.000000000000000000e+00,1.000000000000000056e-01
9.236660654704968998e-01,-1.914567289471614253e-01,3.319417425379113662e-01,3.592747051710242090e+01,2.289340366687162009e-01,9.703638938201535336e-01,-7.735063299519132074e-02,5.800275497518006418e+00,-3.072949826352828206e-01,1.474389178983724902e-01,9.401231616847540717e-01,-6.739176872360718384e+00,0.000000000000000000e+00,0.000000000000000000e+00,0.000000000000000000e+00,1.000000000000000056e-01
9.213823980719568763e-01,-1.943069271461420888e-01,3.365996057427783072e-01,3.686739376524273126e+01,2.339936817020483451e-01,9.688378747546495529e-01,-8.124118022539113249e-02,6.034381684526928247e+00,-3.103247225837645895e-01,1.536163744654775454e-01,9.381367576475146963e-01,-7.050840110969031294e+00,0.000000000000000000e+00,0.000000000000000000e+00,0.000000000000000000e+00,1.000000000000000056e-01
9.182062595127983284e-01,-1.988810020166798809e-01,3.425545387647886408e-01,3.780347257895684976e+01,2.390054041188784673e-01,9.678198516188123435e-01,-7.874739116003540151e-02,6.268300441223029651e+00,-3.158697228185812222e-01,1.541787334536816323e-01,9.361918800957051978e-01,-7.333041427876132445e+00,0.000000000000000000e+00,0.000000000000000000e+00,0.000000000000000000e+00,1.000000000000000056e-01
9.159191803877368976e-01,-2.028458732820447030e-01,3.463316426350629973e-01,3.873706888327984643e+01,2.432967049626741096e-01,9.668804167890370227e-01,-7.712958566052073583e-02,6.508401410186182012e+00,-3.192158648190309700e-01,1.549058143592511039e-01,9.349360514631658292e-01,-7.647144632826915256e+00,0.000000000000000000e+00,0.000000000000000000e+00,0.000000000000000000e+00,1.000000000000000056e-01
9.132077386733348234e-01,-2.078492128394009153e-01,3.505001151913870183e-01,3.967406970117683329e+01,2.506862216811546751e-01,9.646658125131992723e-01,-8.109431809612849262e-02,6.767463702192038966e+00,-3.212600882250410406e-01,1.619215084239599145e-01,9.330452190667655188e-01,-7.947218840947444463e+00,0.000000000000000000e+00,0.000000000000000000e+00,0.000000000000000000e+00,1.000000000000000056e-01
9.111552547462866691e-01,-2.141442478819214068e-01,3.520487790737467093e-01,4.060053725090438093e+01,2.574940440942057318e-01,9.629025210129864565e-01,-8.071897102197550522e-02,7.023464141249372794e+00,-3.217031535503510065e-01,1.641979784465128489e-01,9.324945602360572572e-01,-8.243703892775615216e+00,0.000000000000000000e+00,0.000000000000000000e+00,0.000000000000000000e+00,1.000000000000000056e-01
9.106088768602591532e-01,-2.157859160038720081e-01,3.524598017330023425e-01,4.154871246586233724e+01,2.601067967072654419e-01,9.620023190782726052e-01,-8.304211217635697195e-02,7.292728239673542667e+00,-3.211478284061449195e-01,1.672960744978651548e-01,9.321352346991407245e-01,-8.565614712213237780e+00,0.000000000000000000e+00,0.000000000000000000e+00,0.000000000000000000e+00,1.000000000000000056e-01
9.091117441613867367e-01,-2.194228781942678674e-01,3.540754681600870590e-01,4.252126806745517484e+01,2.645585720393032747e-01,9.607120129269679509e-01,-8.391179999462634875e-02,7.549909749325368402e+00,-3.217523870748530967e-01,1.699589030994166361e-01,9.314447770366620638e-01,-8.890105701248543824e+00,0.000000000000000000e+00,0.000000000000000000e+00,0.000000000000000000e+00,1.000000000000000056e-01
9.063734908406818613e-01,-2.220426723364047339e-01,3.594219619931207088e-01,4.347205202467117147e+01,2.699434285806249223e-01,9.588096698277160934e-01,-8.840001363689470315e-02,7.838789189181338379e+00,-3.249886774449433080e-01,1.771470256780341979e-01,9.289786277552419813e-01,-9.203425627233469797e+00,0.000000000000000000e+00,0.000000000000000000e+00,0.000000000000000000e+00,1.000000000000000056e-01
9.051189362386837800e-01,-2.202526651267327495e-01,3.636598338650074980e-01,4.438932859884529591e+01,2.695675641484392426e-01,9.587417776791556934e-01,-9.026368091148027906e-02,8.105438038829403169e+00,-3.287750593053411774e-01,1.797302624412031591e-01,9.271483123759572953e-01,-9.519526695068400102e+00,0.000000000000000000e+00,0.000000000000000000e+00,0.000000000000000000e+00,1.000000000000000056e-01
9.015507901790267287e-01,-2.338546647089728148e-01,3.640304499920665737e-01,4.519849774529237152e+01,2.847887678378659415e-01,9.541299716516905560e-01,-9.236533391556769890e-02,8.359609898768145086e+00,-3.257322987377252455e-01,1.869438230854341965e-01,9.267958116916795719e-01,-9.795601140964086184e+00,0.000000000000000000e+00,0.000000000000000000e+00,0.000000000000000000e+00,1.000000000000000056e-01
9.018937359061376391e-01,-2.360457698876012589e-01,3.617597042947703900e-01,4.605440342718616620e+01,2.879711194987484291e-01,9.527905000987585415e-01,-9.624394659507201633e-02,8.621146906191722081e+00,-3.219632330995383929e-01,1.909781595882815153e-01,9.272901482774230653e-01,-1.009858622585131194e+01,0.000000000000000000e+00,0.000000000000000000e+00,0.000000000000000000e+00,1.000000000000000056e-01
9.011642346813402149e-01,-2.369039907770748854e-01,3.630144918389485165e-01,4.689302878085064208e+01,2.900887662064056127e-01,9.518718833010908487e-01,-9.893647204989564070e-02,8.891369204419902417e+00,-3.221048429503036159e-01,1.944644361695218593e-01,9.265160836236089326e-01,-1.039293614843682612e+01,0.000000000000000000e+00,0.000000000000000000e+00,0.000000000000000000e+00,1.000000000000000056e-01
8.982938788839747168e-01,-2.397920081795751057e-01,3.681954643566234808e-01,4.773187535329963538e+01,2.946990690926925005e-01,9.503365586076683025e-01,-1.000643995116861640e-01,9.188092125961583534e+00,-3.259149671854353891e-01,1.983940981655968328e-01,9.243479950633182174e-01,-1.068799032926076542e+01,0.000000000000000000e+00,0.000000000000000000e+00,0.000000000000000000e+00,1.000000000000000056e-01
8.972784725781284276e-01,-2.372848799997145930e-01,3.722730561985137521e-01,4.861646481051607083e+01,2.951362912456738652e-01,9.495431580073417921e-01,-1.061242699442170589e-01,9.491670958594976781e+00,-3.283076487650105624e-01,2.050943119761377276e-01,9.220360139156307255e-01,-1.099268479212589789e+01,0.000000000000000000e+00,0.000000000000000000e+00,0.000000000000000000e+00,1.000000000000000056e-01
8.943435756863573616e-01,-2.381481446073504260e-01,3.787281740887749049e-01,4.943522996700018979e+01,2.992881627049964188e-01,9.477048967684642555e-01,-1.108242947450696625e-01,9.759388962293877867e+00,-3.325299449571549326e-01,2.124638554228718279e-01,9.188487067225161731e-01,-1.129008526448902217e+01,0.000000000000000000e+00,0.000000000000000000e+00,0.000000000000000000e+00,1.000000000000000056e-01
8.930119115802489516e-01,-2.420263486873640568e-01,3.794113497470153473e-01,5.028831999736674874e+01,3.052226381942461098e-01,9.452612240558905254e-01,-1.154138615163010223e-01,1.007090524453484548e+01,-3.307096413918619304e-01,2.188708862261539712e-01,9.180014532957145867e-01,-1.158802846027090006e+01,0.000000000000000000e+00,0.000000000000000000e+00,0.000000000000000000e+00,1.000000000000000056e-01
8.924116471992081800e-01,-2.433537589581880600e-01,3.799742095775923145e-01,5.119918221095457511e+01,3.078122723795682636e-01,9.440629316506706781e-01,-1.183080134888059853e-01,1.038253226215745073e+01,-3.299288664480911626e-01,2.225401740901205017e-01,9.174000294311182024e-01,-1.188040290050570391e+01,0.000000000000000000e+00,0.000000000000000000e+00,0.000000000000000000e+00,1.000000000000000056e-01
8.896613523481882169e-01,-2.486621615891171644e-01,3.829749437389092792e-01,5.206938760048562642e+01,3.151721853772353477e-01,9.412916451110385774e-01,-1.209815374703605007e-01,1.070668218535394622e+01,-3.304075842085507642e-01,2.283356481979597064e-01,9.158021948322067063e-01,-1.219244271668765300e+01,0.000000000000000000e+00,0.000000000000000000e+00,0.000000000000000000e+00,1.000000000000000056e-01
8.874097479962137491e-01,-2.507873045821601976e-01,3.867940886592132199e-01,5.291023462243571629e+01,3.191122581056768381e-01,9.397224505319521359e-01,-1.228376273497607252e-01,1.101132141874218995e+01,-3.326729713817946910e-01,2.324380429848728613e-01,9.139481660823933762e-01,-1.248920984654614408e+01,0.000000000000000000e+00,0.000000000000000000e+00,0.000000000000000000e+00,1.000000000000000056e-01
8.838327450534062546e-01,-2.531369696678325010e-01,3.933971954129152904e-01,5.375945287879427070e+01,3.236727639830162540e-01,9.380646912237917689e-01,-1.235741758410994068e-01,1.130190477630022805e+01,-3.377508262417062701e-01,2.365508606338162512e-01,9.110258337206720292e-01,-1.278143555765702999e+01,0.000000000000000000e+00,0.000000000000000000e+00,0.000000000000000000e+00,1.000000000000000056e-01
8.825659390563853623e-01,-2.587432647717263223e-01,3.925930286604552566e-01,5.459272203094752740e+01,3.275828214861195575e-01,9.373424845564404251e-01,-1.186531150570952764e-01,1.164300162784133086e+01,-3.372934305389208576e-01,2.333259299367035633e-01,9.120263988144524658e-01,-1.307984038118029879e+01,0.000000000000000000e+00,0.000000000000000000e+00,0.000000000000000000e+00,1.000000000000000056e-01
8.823771266913345013e-01,-2.632252693616730088e-01,3.900295679322522413e-01,5.541487083434566330e+01,3.331513867843757248e-01,9.348441039496475646e-01,-1.227870302362091270e-01,1.194470968750623818e+01,-3.322961928394485009e-01,2.382833583783289244e-01,9.125789178719574402e-01,-1.337546538953758812e+01,0.000000000000000000e+00,0.000000000000000000e+00,0.000000000000000000e+00,1.000000000000000056e-01
8.822928789052263410e-01,-2.692254403135317942e-01,3.861048278914840926e-01,5.623276472090055478e+01,3.382742217847433119e-01,9.330549828835035253e-01,-1.223885198545644759e-01,1.226832956156791710e+01,-3.273069304323601991e-01,2.385918297097572027e-01,9.142997933318679493e-01,-1.365315420619543652e+01,0.000000000000000000e+00,0.000000000000000000e+00,0.000000000000000000e+00,1.000000000000000056e-01
8.830096253128116857e-01,-2.714439388389024432e-01,3.828997122910255957e-01,5.707356908113821703e+01,3.420556080173836055e-01,9.307874246409242325e-01,-1.289679462276336064e-01,1.259834100679903734e+01,-3.213906697911219634e-01,2.448529317732135724e-01,9.147431766202337444e-01,-1.396033724149764055e+01,0.000000000000000000e+00,0.000000000000000000e+00,0.000000000000000000e+00,1.000000000000000056e-01
8.828316320788955895e-01,-2.754953854305799421e-01,3.804084673181838405e-01,5.790434367264162319e+01,3.454477133731639338e-01,9.296028587138663868e-01,-1.284694609479613281e-01,1.292327576341132733e+01,-3.182360550380267106e-01,2.448281390638411825e-01,9.158520598854219541e-01,-1.425931442017332706e+01,0.000000000000000000e+00,0.000000000000000000e+00,0.000000000000000000e+00,1.000000000000000056e-01
8.796064839542407920e-01,-2.796523591938527842e-01,3.848207262907890058e-01,5.877003443143412653e+01,3.510376218493637124e-01,9.275232767200476403e-01,-1.283478055474613910e-01,1.326621600534045342e+01,-3.210374143803197411e-01,2.479821145563085860e-01,9.140239873374116364e-01,-1.453741529874070082e+01,0.000000000000000000e+00,0.000000000000000000e+00,0.000000000000000000e+00,1.000000000000000056e-01
8.784645905557376677e-01,-2.831265172636583394e-01,3.848887350415592934e-01,5.959045266055217382e+01,3.558979936406803102e-01,9.251958174138568136e-01,-1.317168082001826668e-01,1.360248880789161063e+01,-3.188049266593577791e-01,2.526896805610724384e-01,9.135159243689541242e-01,-1.480782078742314667e+01,0.000000000000000000e+00,0.000000000000000000e+00,0.000000000000000000e+00,1.000000000000000056e-01
8.776057366595964027e-01,-2.880233694308765302e-01,3.832110510460939312e-01,6.032934834243635436e+01,3.612508470606468625e-01,9.228325601212015172e-01,-1.337082326489813511e-01,1.390329175584391486e+01,-3.151285396153961638e-01,2.557784288047642018e-01,9.139318349187940393e-01,-1.506874675928598428e+01,0.000000000000000000e+00,0.000000000000000000e+00,0.000000000000000000e+00,1.000000000000000056e-01
8.757553409659211141e-01,-2.945620708174107039e-01,3.824732267825057819e-01,6.106004383826551418e+01,3.682249923615976694e-01,9.199358715702578015e-01,-1.346415507879032136e-01,1.420793950955973095e+01,-3.121905472143010063e-01,2.587492582289443455e-01,9.141038691505503078e-01,-1.532255350196728649e+01,0.000000000000000000e+00,0.000000000000000000e+00,0.000000000000000000e+00,1.000000000000000056e-01
8.758659119361809076e-01,-2.962328969833811221e-01,3.809264693520728606e-01,6.177049600918200412e+01,3.708180191710560014e-01,9.183236858263814639e-01,-1.384760076991820854e-01,1.451224579260824044e+01,-3.087926504408039508e-01,2.625408135796853393e-01,9.141769086115992815e-01,-1.557029882308989421e+01,0.000000000000000000e+00,0.000000000000000000e+00,0.000000000000000000e+00,1.000000000000000056e-01
8.755993685860431475e-01,-3.014227940434104913e-01,3.774520432621689126e-01,6.248749569390118097e+01,3.767239218628683495e-01,9.152142292820253378e-01,-1.430454515738538990e-01,1.481657216649615982e+01,-3.023323211765192586e-01,2.674457211300492188e-01,9.149141783912008163e-01,-1.581610736947227736e+01,0.000000000000000000e+00,0.000000000000000000e+00,0.000000000000000000e+00,1.000000000000000056e-01
8.737304844861811803e-01,-3.048261629992652377e-01,3.790462383808715918e-01,6.316222720017565706e+01,3.812616623034549290e-01,9.130995656896857549e-01,-1.445293326453614968e-01,1.511390504718142758e+01,-3.020506337307530265e-01,2.707954827696588684e-01,9.140214555328545210e-01,-1.603997027732452807e+01,0.000000000000000000e+00,0.000000000000000000e+00,0.000000000000000000e+00,1.000000000000000056e-01
8.718240432830086650e-01,-3.103208286887843559e-01,3.789773355170104052e-01,6.384571061793363356e+01,3.874286117512237282e-01,9.102826347866230794e-01,-1.458924110515792405e-01,1.542768860075777049e+01,-2.997030336019075314e-01,2.740191746718276256e-01,9.138334550463691475e-01,-1.626068563134814937e+01,0.000000000000000000e+00,0.000000000000000000e+00,0.000000000000000000e+00,1.000000000000000056e-01
8.679050010884883370e-01,-3.165252493172209802e-01,3.828219894810930835e-01,6.451184583769487801e+01,3.959896744770051158e-01,9.061640546194102974e-01,-1.485223344258562173e-01,1.571858074672395311e+01,-2.998884572523367598e-01,2.804968318187950893e-01,9.118050452516874849e-01,-1.647716199537103421e+01,0.000000000000000000e+00,0.000000000000000000e+00,0.000000000000000000e+00,1.000000000000000056e-01
8.673400487463758246e-01,-3.196424820896472396e-01,3.815100568585365615e-01,6.512996643581936951e+01,3.993066434683650301e-01,9.044618842443619133e-01,-1.500096811248078921e-01,1.600640685079640591e+01,-2.971118380722355123e-01,2.824489043928265497e-01,9.121113814028578570e-01,-1.666938523025223873e+01,0.000000000000000000e+00,0.000000000000000000e+00,0.000000000000000000e+00,1.000000000000000056e-01
8.677727720219595708e-01,-3.260005702738431599e-01,3.750920477942091824e-01,6.571755289978379722e+01,4.037469067642795451e-01,9.025498810007483996e-01,-1.496400600902416667e-01,1.628520789457659390e+01,-2.897565381757595815e-01,2.812958237988328336e-01,9.148299339755644466e-01,-1.684908943540045811e+01,0.000000000000000000e+00,0.000000000000000000e+00,0.000000000000000000e+00,1.000000000000000056e-01
8.696778362030332943e-01,-3.265070608860118351e-01,3.702075099302932770e-01,6.630680694776715711e+01,4.045038464314751336e-01,9.012379253204222396e-01,-1.553925358126397871e-01,1.654854340165814008e+01,-2.829082880358078089e-01,2.848918060522611095e-01,9.158600108122033623e-01,-1.703530847609767207e+01,0.000000000000000000e+00,0.000000000000000000e+00,0.000000000000000000e+00,1.000000000000000056e-01
8.708103202394668063e-01,-3.276168033102960786e-01,3.665468815215595089e-01,6.694877947245406347e+01,4.056441185608664624e-01,9.000543796000246566e-01,-1.592324176786635015e-01,1.685198383319284687e+01,-2.777449103789573770e-01,2.873488192973088218e-01,9.166724719369658825e-01,-1.723107614176976554e+01,0.000000000000000000e+00,0.000000000000000000e+00,0.000000000000000000e+00,1.000000000000000056e-01
8.707519747013622302e-01,-3.317653361614458229e-01,3.629363033307099751e-01,6.755614244981894956e+01,4.092004405028700220e-01,8.981802193292147685e-01,-1.607087212878654525e-01,1.713668724746377237e+01,-2.726646255859667689e-01,2.884511316105494716e-01,9.178507213194627701e-01,-1.742045463205599276e+01,0.000000000000000000e+00,0.000000000000000000e+00,0.000000000000000000e+00,1.000000000000000056e-01
8.689744116190887269e-01,-3.349903317165041083e-01,3.642319997031085999e-01,6.814925453602378980e+01,4.130748791133005970e-01,8.963286565604123846e-01,-1.611337446785698069e-01,1.742265545432696427e+01,-2.724933323896032711e-01,2.904761902205978963e-01,9.172627577298319013e-01,-1.759298272425357368e+01,0.000000000000000000e+00,0.000000000000000000e+00,0.000000000000000000e+00,1.000000000000000056e-01
8.669705824906622782e-01,-3.422064299480107596e-01,3.622937598110667623e-01,6.869456775725453213e+01,4.208941043541408744e-01,8.920487430163883680e-01,-1.646122504639523365e-01,1.766657271119713712e+01,-2.668523224851664932e-01,2.952012862186047526e-01,9.174126871801774330e-01,-1.776152952432842724e+01,0.000000000000000000e+00,0.000000000000000000e+00,0.000000000000000000e+00,1.000000000000000056e-01
8.658973810118264502e-01,-3.489754393222334050e-01,3.583822935172913948e-01,6.919615677342166293e+01,4.277923100509586352e-01,8.879443214312359167e-01,-1.689633732478326156e-01,1.789626905378720423e+01,-2.592594550216524296e-01,2.996181316073447398e-01,9.181576717503370233e-01,-1.789198229209361202e+01,0.000000000000000000e+00,0.000000000000000000e+00,0.000000000000000000e+00,1.000000000000000056e-01
8.669235703744501143e-01,-3.486895457072616833e-01,3.561728847676073895e-01,6.973796659791702268e+01,4.295629509636539889e-01,8.851101303041326585e-01,-1.790411360341491731e-01,1.814186843081773759e+01,-2.528224560607962856e-01,3.082136563286331232e-01,9.171069445620406713e-01,-1.804575083643693389e+01,0.000000000000000000e+00,0.000000000000000000e+00,0.000000000000000000e+00,1.000000000000000056e-01
8.689206829011902888e-01,-3.472814659758404199e-01,3.526647561299544598e-01,7.028070372820728551e+01,4.292041235663673904e-01,8.835422206978509330e-01,-1.874485650996998154e-01,1.838837428865850754e+01,-2.464967893100345198e-01,3.142431027627831663e-01,9.167827470158147474e-01,-1.818977409037981374e+01,0.000000000000000000e+00,0.000000000000000000e+00,0.000000000000000000e+00,1.000000000000000056e-01
8.704169262725930389e-01,-3.491292084911208349e-01,3.471068570865966096e-01,7.078832258445852688e+01,4.296229245211402592e-01,8.829576879157081670e-01,-1.892349441209247030e-01,1.863643557306301801e+01,-2.404132217330695875e-01,3.138383614679862155e-01,9.185352283320523670e-01,-1.832282304097954295e+01,0.000000000000000000e+00,0.000000000000000000e+00,0.000000000000000000e+00,1.000000000000000056e-01
8.720679344455279924e-01,-3.480589514451398747e-01,3.440239585128048172e-01,7.128602150163651174e+01,4.265911315163340989e-01,8.851460072319117245e-01,-1.858401258959381241e-01,1.890394356103648121e+01,-2.398281139139530338e-01,3.088227844578734227e-01,9.203863121408106807e-01,-1.845707994697954746e+01,0.000000000000000000e+00,0.000000000000000000e+00,0.000000000000000000e+00,1.000000000000000056e-01
8.722732452121229052e-01,-3.454408421347405778e-01,3.461358263346239750e-01,7.177733005828339685e+01,4.259346040134243117e-01,8.844237141285855586e-01,-1.907207565812523986e-01,1.912124782023683167e+01,-2.402479943538325391e-01,3.137918393971378395e-01,9.185943515702247320e-01,-1.859256193072302921e+01,0.000000000000000000e+00,0.000000000000000000e+00,0.000000000000000000e+00,1.000000000000000056e-01
8.733917429611582905e-01,-3.427730907997222354e-01,3.459674429059408363e-01,7.230308856359941672e+01,4.243522275952512079e-01,8.841984989691411556e-01,-1.952388315772911331e-01,1.935250545279263434e+01,-2.389812759657504726e-01,3.173320384775591974e-01,9.177081927788695026e-01,-1.872066243301854627e+01,0.000000000000000000e+00,0.000000000000000000e+00,0.000000000000000000e+00,1.000000000000000056e-01
8.744502498335464669e-01,-3.388748382830550909e-01,3.471319699259654556e-01,7.280137389755940092e+01,4.213297650044591780e-01,8.852058575119783335e-01,-1.972100883519153358e-01,1.955952421533310925e+01,-2.404537163100942398e-01,3.187074423434701487e-01,9.168465392351919929e-01,-1.885256421581635067e+01,0.000000000000000000e+00,0.000000000000000000e+00,0.000000000000000000e+00,1.000000000000000056e-01
8.784165648417211480e-01,-3.337318717686156289e-01,3.420634098781784038e-01,7.325419702776108011e+01,4.149707662430403010e-01,8.876728232642090433e-01,-1.995901350312993261e-01,1.978075207932612756e+01,-2.370308034313987067e-01,3.172695960913440305e-01,9.182354826626452082e-01,-1.895859940710993641e+01,0.000000000000000000e+00,0.000000000000000000e+00,0.000000000000000000e+00,1.000000000000000056e-01
8.835259144898683914e-01,-3.266635485295847352e-01,3.356678186643777262e-01,7.370739602726578710e+01,4.059247158743562456e-01,8.915757693907339076e-01,-2.007928596281353117e-01,2.000694662504842825e+01,-2.336815856398724578e-01,3.136615588454864101e-01,9.203311051113367558e-01,-1.907426580344979072e+01,0.000000000000000000e+00,0.000000000000000000e+00,0.000000000000000000e+00,1.000000000000000056e-01
8.911385025501474821e-01,-3.114726488654318004e-01,3.299347788297442574e-01,7.416030894173049148e+01,3.883645472207873928e-01,8.996107963144881481e-01,-1.996832331879800360e-01,2.019180543892296598e+01,-2.346170235397969095e-01,3.060803884001127018e-01,9.226427521539214416e-01,-1.919558481109110559e+01,0.000000000000000000e+00,0.000000000000000000e+00,0.000000000000000000e+00,1.000000000000000056e-01
8.959965302153179989e-01,-2.988111282114540579e-01,3.284845924835876896e-01,7.463107746988228541e+01,3.763070552806857538e-01,9.036651479773830653e-01,-2.044071928210778044e-01,2.036737627891258029e+01,-2.357609339735691756e-01,3.067592052213141685e-01,9.221255728065989032e-01,-1.930331373699660347e+01,0.000000000000000000e+00,0.000000000000000000e+00,0.000000000000000000e+00,1.000000000000000056e-01
9.025796730269899371e-01,-2.784126713221163341e-01,3.283844062768134231e-01,7.509472991679827203e+01,3.573779031014471252e-01,9.098400753546036501e-01,-2.108840241780818303e-01,2.054317332235697080e+01,-2.400645084415952146e-01,3.076969641156901414e-01,9.207016943943803211e-01,-1.942734255355670214e+01,0.000000000000000000e+00,0.000000000000000000e+00,0.000000000000000000e+00,1.000000000000000056e-01
9.095710667240439751e-01,-2.556258674192958824e-01,3.276215659638682665e-01,7.554046379487277818e+01,3.352040013500550697e-01,9.173109927845907174e-01,-2.148925778044948331e-01,2.073715649398572936e+01,-2.455987623287157751e-01,3.052801310643736277e-01,9.200463518322986589e-01,-1.952859534221224536e+01,0.000000000000000000e+00,0.000000000000000000e+00,0.000000000000000000e+00,1.000000000000000056e-01
9.178277896544895231e-01,-2.289337397714003852e-01,3.243169612157755233e-01,7.596989616805548451e+01,3.089825509780657065e-01,9.249039092040141075e-01,-2.215458009762765190e-01,2.083997992892419049e+01,-2.492427165014880486e-01,3.035491748191940786e-01,9.196390415470327984e-01,-1.966103573454206455e+01,0.000000000000000000e+00,0.000000000000000000e+00,0.000000000000000000e+00,1.000000000000000056e-01
