9.999921171071035619e-01,-2.573348626522020070e-03,-3.023838702583374772e-03,6.404689960222357259e-01,2.562282687301362886e-03,9.999900277011334326e-01,-3.657759658149168855e-03,1.839811672105134271e-02,3.033221238752553759e-03,3.649982894864721786e-03,9.999887385334816914e-01,1.252946306051822727e-04,0.000000000000000000e+00,0.000000000000000000e+00,0.000000000000000000e+00,1.000000000000000056e-01
9.999682932388015422e-01,-6.617139438633710263e-03,-4.430122202369970487e-03,1.293088262231348429e+00,6.603430741963652387e-03,9.999733859894538446e-01,-3.101937333811688718e-03,2.833645732844552317e-02,4.450530250918690624e-03,3.072584976283607074e-03,9.999853758940923099e-01,8.882324434558216270e-03,0.000000000000000000e+00,0.000000000000000000e+00,0.000000000000000000e+00,1.000000000000000056e-01
9.999376942458433337e-01,-1.002159819092104942e-02,-4.916827839784970212e-03,1.980492476876577701e+00,9.999479807354272332e-03,9.999398664473799769e-01,-4.502653970525258807e-03,5.461372236065099861e-02,4.961655962344701902e-03,4.453207708573751582e-03,9.999777752086371763e-01,9.314435985871163601e-03,0.000000000000000000e+00,0.000000000000000000e+00,0.000000000000000000e+00,1.000000000000000056e-01
9.998014280834740530e-01,-1.947558544587895540e-02,-4.219712524120315320e-03,2.698722240240231773e+00,1.947156090872807083e-02,9.998099183229630649e-01,-9.927430723084362894e-04,4.803582753792361854e-02,4.238244686617664153e-03,9.103815519832188273e-04,9.999906041995625383e-01,1.319247244962581424e-02,0.000000000000000000e+00,0.000000000000000000e+00,0.000000000000000000e+00,1.000000000000000056e-01
9.996637737934789270e-01,-2.561038772787787091e-02,-4.055540088328274222e-03,3.415441740123863923e+00,2.560636879642113825e-02,9.996715623856311517e-01,-1.039824279795047114e-03,7.800609525677563993e-02,4.080838399391099013e-03,9.356270084515989774e-04,9.999912356416225112e-01,1.808460648074039154e-02,0.000000000000000000e+00,0.000000000000000000e+00,0.000000000000000000e+00,1.000000000000000056e-01
9.995334604462535744e-01,-3.000490573072389991e-02,-5.706757435527597296e-03,4.138816410655748790e+00,3.000456493937626520e-02,9.995497511172006799e-01,-1.453421510239132563e-04,8.432329105808793190e-02,5.708548951908017609e-03,-2.595443090592209853e-05,9.999837057648645056e-01,2.506136644145458628e-02,0.000000000000000000e+00,0.000000000000000000e+00,0.000000000000000000e+00,1.000000000000000056e-01
9.994527654581180087e-01,-3.258740964995918143e-02,-5.677178033664683626e-03,4.881638824844745095e+00,3.258469144868642031e-02,9.994688150374942959e-01,-5.706581646309128895e-04,1.105149145960621221e-01,5.692758673444655096e-03,3.853567862453958310e-04,9.999837218669278549e-01,3.970556284336007602e-02,0.000000000000000000e+00,0.000000000000000000e+00,0.000000000000000000e+00,1.000000000000000056e-01
9.992979858357116107e-01,-3.714092155190404365e-02,-4.907896796505725225e-03,5.640315458746757216e+00,3.714981074615526790e-02,9.993082055529463048e-01,1.732592299192292932e-03,1.511775727483996024e-01,4.840151466089455227e-03,-1.913703432009172247e-03,9.999864552447496058e-01,3.880880553981312653e-02,0.000000000000000000e+00,0.000000000000000000e+00,0.000000000000000000e+00,1.000000000000000056e-01
9.991602271298674065e-01,-4.093120034171451871e-02,-1.864768183505268644e-03,6.422885140717999874e+00,4.093410982448923707e-02,9.991606462395189459e-01,1.549728719348057249e-03,2.029488922735673273e-01,1.799770726631074120e-03,-1.624759924834301298e-03,9.999970604859387269e-01,4.890085433652480162e-02,0.000000000000000000e+00,0.000000000000000000e+00,0.000000000000000000e+00,1.000000000000000056e-01
9.990317649848975412e-01,-4.398091548509052567e-02,-1.100738049584330542e-03,7.215415369295640424e+00,4.398013428192618784e-02,9.990321433326858624e-01,-7.241385527479052113e-04,2.266549281758902801e-01,1.131520969411975181e-03,6.750268092154047654e-04,9.999991319991745620e-01,6.019628252878913427e-02,0.000000000000000000e+00,0.000000000000000000e+00,0.000000000000000000e+00,1.000000000000000056e-01
9.989377713538890591e-01,-4.607621392307568314e-02,5.580976976777849222e-04,8.018800292251460959e+00,4.607662821990837071e-02,9.989376237884842746e-01,-7.537318495295550983e-04,2.662951867698701292e-01,-5.227756780205111090e-04,7.786464740937848721e-04,9.999995602075326673e-01,6.175573202573838433e-02,0.000000000000000000e+00,0.000000000000000000e+00,0.000000000000000000e+00,1.000000000000000056e-01
9.988850981043386756e-01,-4.719056209148418668e-02,1.269501703651658778e-03,8.858581891278694442e+00,4.719330704381238806e-02,9.988832927670167061e-01,-2.226926399945025614e-03,3.148804498464800594e-01,-1.162994133367135571e-03,2.284355579173304000e-03,9.999967145767197918e-01,7.649202689315909298e-02,0.000000000000000000e+00,0.000000000000000000e+00,0.000000000000000000e+00,1.000000000000000056e-01
9.986776638145958840e-01,-5.137267996351754795e-02,1.942048193797609509e-03,9.666679556255989070e+00,5.138155732842948631e-02,9.986673810886192992e-01,-4.837097900984010761e-03,3.519911698939885425e-01,-1.690965501228288044e-03,4.930487092001382098e-03,9.999864153740836148e-01,8.253515955544309113e-02,0.000000000000000000e+00,0.000000000000000000e+00,0.000000000000000000e+00,1.000000000000000056e-01
9.986435059320810659e-01,-5.203969006412606513e-02,1.737445743426640566e-03,1.047789527739966964e+01,5.204938302357609015e-02,9.986258880091125612e-01,-6.098977363160444642e-03,4.148534779014752538e-01,-1.417669406710091477e-03,6.181137115529240431e-03,9.999798916765337831e-01,9.278632397538530419e-02,0.000000000000000000e+00,0.000000000000000000e+00,0.000000000000000000e+00,1.000000000000000056e-01
9.985293689339325152e-01,-5.420684249866519755e-02,8.471143532043343182e-04,1.126637526405666279e+01,5.421105092607050868e-02,9.985104156911404072e-01,-6.173468538589397571e-03,4.657598493396467587e-01,-5.112082682142111241e-04,6.210312603312923875e-03,9.999805851532697076e-01,1.078322919210402547e-01,0.000000000000000000e+00,0.000000000000000000e+00,0.000000000000000000e+00,1.000000000000000056e-01
9.984333959230624611e-01,-5.590856997224939728e-02,-2.232870170698014398e-03,1.212547095450898560e+01,5.589567820027896428e-02,9.984216305298374561e-01,-5.469995308197098116e-03,5.138666699144451844e-01,2.535165492025961455e-03,5.336618198722109518e-03,9.999825465687534054e-01,1.015361127986885992e-01,0.000000000000000000e+00,0.000000000000000000e+00,0.000000000000000000e+00,1.000000000000000056e-01
9.982079364796131449e-01,-5.973517736521102156e-02,-3.553045772206054644e-03,1.300892634397663450e+01,5.971915177371375089e-02,9.982052666590168766e-01,-4.457412436504971931e-03,5.886020851063953341e-01,3.812933324981159292e-03,4.237239590552867308e-03,9.999837535380819986e-01,1.327232686545891660e-01,0.000000000000000000e+00,0.000000000000000000e+00,0.000000000000000000e+00,1.000000000000000056e-01
9.984465022098653053e-01,-5.559310961067463058e-02,-3.740105439830602573e-03,1.390609331449145891e+01,5.559252535499107500e-02,9.984535059209813657e-01,-2.600745190333798645e-04,6.502452228963986336e-01,3.748779740156565638e-03,5.174858734866832487e-05,9.999929719615751056e-01,1.361576011093849070e-01,0.000000000000000000e+00,0.000000000000000000e+00,0.000000000000000000e+00,1.000000000000000056e-01
9.977806104704024515e-01,-6.642527985127955059e-02,-4.640642842350902950e-03,1.484788899506661153e+01,6.643824448676483030e-02,9.977868923979803517e-01,2.697596763410597780e-03,7.725080462378534074e-01,4.451183980462783060e-03,-2.999925909134672566e-03,9.999855935990836775e-01,1.556432931098603589e-01,0.000000000000000000e+00,0.000000000000000000e+00,0.000000000000000000e+00,1.000000000000000056e-01
9.974619705584970575e-01,-7.111480192785035737e-02,-3.507454393498004707e-03,1.582848827174680117e+01,7.112269429954395927e-02,9.974651943262208276e-01,2.179096906554079359e-03,8.580630792933316986e-01,3.343597633309659724e-03,-2.423025901047708326e-03,9.999914746138335309e-01,1.660061581169053058e-01,0.000000000000000000e+00,0.000000000000000000e+00,0.000000000000000000e+00,1.000000000000000056e-01
9.973753445280029162e-01,-7.239138559648580773e-02,-1.381817306456902851e-03,1.676986625497209005e+01,7.239415565949314235e-02,9.973739472139276918e-01,2.072593847921562569e-03,9.347182265725122452e-01,1.228150640839644706e-03,-2.167189500314010194e-03,9.999968974630236707e-01,1.821408074161040558e-01,0.000000000000000000e+00,0.000000000000000000e+00,0.000000000000000000e+00,1.000000000000000056e-01
9.974025624992228778e-01,-7.202828598111214731e-02,2.331064281967461140e-04,1.768325478841859066e+01,7.202800152251938315e-02,9.974020487413536307e-01,1.058377636899355623e-03,1.026466300315046487e+00,-3.087339561648142633e-04,-1.038838376970225045e-03,9.999994127489130191e-01,1.879438861931146676e-01,0.000000000000000000e+00,0.000000000000000000e+00,0.000000000000000000e+00,1.000000000000000056e-01
9.971074220549620559e-01,-7.599454132812211160e-02,-1.272230810821957814e-03,1.861685224468104849e+01,7.599700376756421405e-02,9.971060116702226139e-01,2.014177116030546524e-03,1.088121049871438428e+00,1.115482523616314475e-03,-2.105036681450564180e-03,9.999971622556281803e-01,1.873002751150611156e-01,0.000000000000000000e+00,0.000000000000000000e+00,0.000000000000000000e+00,1.000000000000000056e-01
9.970614788495784087e-01,-7.656030289268703215e-02,-2.631998341910312539e-03,1.955348499499105941e+01,7.656116542837237970e-02,9.970648603717958691e-01,2.283856836825476442e-04,1.166833389700697055e+00,2.606787782156515069e-03,-4.292234279827902193e-04,9.999965102062644551e-01,1.965368280815408819e-01,0.000000000000000000e+00,0.000000000000000000e+00,0.000000000000000000e+00,1.000000000000000056e-01
9.968644086437468133e-01,-7.905865923512780946e-02,-3.328540114972006799e-03,2.048080397493761495e+01,7.904888598742501604e-02,9.968663099689847318e-01,-2.972149553302385998e-03,1.237313392251033761e+00,3.553083660726254808e-03,2.699712718800566756e-03,9.999900435243022079e-01,2.116800968614537259e-01,0.000000000000000000e+00,0.000000000000000000e+00,0.000000000000000000e+00,1.000000000000000056e-01
9.969236443833960903e-01,-7.837680630830469453e-02,-5.687725718327275946e-04,2.139953355236964327e+01,7.836841613553850727e-02,9.968829491590619485e-01,-9.098188189864063816e-03,1.312802999500374712e+00,1.280086612322875071e-03,9.025625121929387387e-03,9.999584488714635677e-01,2.278920884680175618e-01,0.000000000000000000e+00,0.000000000000000000e+00,0.000000000000000000e+00,1.000000000000000056e-01
9.970966474138460711e-01,-7.610645567992325999e-02,2.466398164964293815e-03,2.235718793982636754e+01,7.612365436293953846e-02,9.970674536754373651e-01,-7.853793198906678860e-03,1.398650590557415363e+00,-1.861440974078846025e-03,8.018742109542646365e-03,9.999661168322058202e-01,2.535857392930791487e-01,0.000000000000000000e+00,0.000000000000000000e+00,0.000000000000000000e+00,1.000000000000000056e-01
9.973073739745970112e-01,-7.327000583484694074e-02,3.083514367549867151e-03,2.330480114229561650e+01,7.328733246959640013e-02,9.972931691404225418e-01,-5.941522140274756517e-03,1.482164041694286061e+00,-2.639832453818029105e-03,6.151506385758748890e-03,9.999775948759060951e-01,2.629766833161574224e-01,0.000000000000000000e+00,0.000000000000000000e+00,0.000000000000000000e+00,1.000000000000000056e-01
9.973952409111188633e-01,-7.209442831325374446e-02,2.264246902690730465e-03,2.422487314353896437e+01,7.210930401115439592e-02,9.973694854535134491e-01,-7.372771610509372409e-03,1.554316182518596712e+00,-1.726755013932505280e-03,7.516840584909093709e-03,9.999702572700565062e-01,2.753470016452732594e-01,0.000000000000000000e+00,0.000000000000000000e+00,0.000000000000000000e+00,1.000000000000000056e-01
9.974332634138390885e-01,-7.158856037031875730e-02,1.401092332515560491e-03,2.517195156280707380e+01,7.159759294695226817e-02,9.974007977059206054e-01,-8.089092643544237848e-03,1.624423579598974987e+00,-8.183641130572007812e-04,8.168644912011753523e-03,9.999663011924351252e-01,2.793423604829593510e-01,0.000000000000000000e+00,0.000000000000000000e+00,0.000000000000000000e+00,1.000000000000000056e-01
9.972735233828600165e-01,-7.378894452418902072e-02,-8.433418893845283197e-04,2.615309313265780844e+01,7.377675206319236900e-02,9.972238886060227347e-01,-1.007506071886958392e-02,1.746249697748428975e+00,1.584428774818893212e-03,9.985372275925693056e-03,9.999488896568508034e-01,2.882720647434541261e-01,0.000000000000000000e+00,0.000000000000000000e+00,0.000000000000000000e+00,1.000000000000000056e-01
9.976656757350972349e-01,-6.827446633681394372e-02,-1.340412792772324811e-03,2.712440040442141864e+01,6.825795586186564345e-02,9.976186502398335376e-01,-9.893440009034295754e-03,1.827876137594964812e+00,2.012690137941832141e-03,9.778851674712112432e-03,9.999501603271697681e-01,2.973067527472550986e-01,0.000000000000000000e+00,0.000000000000000000e+00,0.000000000000000000e+00,1.000000000000000056e-01
9.977758545036887750e-01,-6.665791942790075253e-02,-2.568014354082380252e-04,2.808143367817183389e+01,6.664959563132150100e-02,9.976991151457703655e-01,-1.242203846106048476e-02,1.878895898017994170e+00,1.084237803742616997e-03,1.237729432833481122e-02,9.999228105276399825e-01,3.124716939073213240e-01,0.000000000000000000e+00,0.000000000000000000e+00,0.000000000000000000e+00,1.000000000000000056e-01
9.978525345772401023e-01,-6.544926299801777370e-02,2.590986451938562946e-03,2.909467545202253547e+01,6.547794617269221684e-02,9.977664136364470249e-01,-1.322204159986448482e-02,1.927847144018684622e+00,-1.719826381891100160e-03,1.336330019414469147e-02,9.999092280827981405e-01,3.185119830795682394e-01,0.000000000000000000e+00,0.000000000000000000e+00,0.000000000000000000e+00,1.000000000000000056e-01
9.981092890040044185e-01,-6.115055013807105949e-02,6.201404819236259330e-03,3.005093548861365704e+01,6.124696463023688447e-02,9.979816423071595777e-01,-1.677649967922964502e-02,1.988568859300263725e+00,-5.162995981336871223e-03,1.712459738843335327e-02,9.998400330236736355e-01,3.305487549165757044e-01,0.000000000000000000e+00,0.000000000000000000e+00,0.000000000000000000e+00,1.000000000000000056e-01
9.982287418282453917e-01,-5.913655308263834204e-02,6.499775188616337129e-03,3.096591857022347583e+01,5.928495496830416683e-02,9.979105744723650862e-01,-2.568617275189917504e-02,2.046186182208623805e+00,-4.967202673980850719e-03,2.602601478787248956e-02,9.996489250991354991e-01,3.557860519066308735e-01,0.000000000000000000e+00,0.000000000000000000e+00,0.000000000000000000e+00,1.000000000000000056e-01
9.984050901377118370e-01,-5.635987052823909077e-02,3.292564524459863987e-03,3.190059504017425951e+01,5.642630252634645710e-02,9.980723147828581832e-01,-2.584041112661655468e-02,2.092187676612817793e+00,-1.829855271006999634e-03,2.598498524200982054e-02,9.996606585095062503e-01,3.553758660846069728e-01,0.000000000000000000e+00,0.000000000000000000e+00,0.000000000000000000e+00,1.000000000000000056e-01
9.983495349566917643e-01,-5.741676385761012441e-02,1.233401749940900467e-03,3.287664817391650018e+01,5.742857603361364166e-02,9.979425755768446260e-01,-2.850569251579715760e-02,2.159821862496851708e+00,4.058404967201597181e-04,2.852947737294101241e-02,9.995928692294268059e-01,3.625308197492251305e-01,0.000000000000000000e+00,0.000000000000000000e+00,0.000000000000000000e+00,1.000000000000000056e-01
9.983223351193817319e-01,-5.789885056946571240e-02,-4.881644390279886838e-04,3.384863794936848791e+01,5.786407203580663794e-02,9.979524376091072346e-01,-2.725218225162725008e-02,2.231254096374140516e+00,2.065034919760875848e-03,2.717821504027825505e-02,9.996284711121450339e-01,3.666369340826922119e-01,0.000000000000000000e+00,0.000000000000000000e+00,0.000000000000000000e+00,1.000000000000000056e-01
9.982126698919652208e-01,-5.968219599069136266e-02,3.082393369314900822e-03,3.484049854957336834e+01,5.974697263102687200e-02,9.977842501633623629e-01,-2.927267304781114993e-02,2.285429422574575042e+00,-1.328506146699494914e-03,2.940451679020465725e-02,9.995667108621378860e-01,3.821056661466020743e-01,0.000000000000000000e+00,0.000000000000000000e+00,0.000000000000000000e+00,1.000000000000000056e-01
9.980586488132325851e-01,-6.226376421772089609e-02,1.468739100214884290e-03,3.581885560052156592e+01,6.227983706873302383e-02,9.976118181565406529e-01,-2.986439634570422705e-02,2.352610280865563563e+00,3.942382484105208746e-04,2.989789189627426250e-02,9.995528803601949619e-01,3.915783754736699707e-01,0.000000000000000000e+00,0.000000000000000000e+00,0.000000000000000000e+00,1.000000000000000056e-01
9.978610437398369726e-01,-6.533706966609630074e-02,2.098741025195883896e-03,3.680865221614114091e+01,6.537037985458309108e-02,9.974514310895356006e-01,-2.858943957311812362e-02,2.405792710429281112e+00,-2.254420339644841800e-04,2.866548351040210107e-02,9.995890351694560749e-01,4.095119652879030125e-01,0.000000000000000000e+00,0.000000000000000000e+00,0.000000000000000000e+00,1.000000000000000056e-01
9.979510680966907632e-01,-6.387159279052238847e-02,3.753041310148038691e-03,3.780234781419851942e+01,6.394983669473804089e-02,9.975884144472645376e-01,-2.697728205933810908e-02,2.477688714433474715e+00,-2.020908555656557304e-03,2.716201382435473599e-02,9.996290016469185913e-01,4.249756764720103441e-01,0.000000000000000000e+00,0.000000000000000000e+00,0.000000000000000000e+00,1.000000000000000056e-01
9.978925165027291433e-01,-6.452506218943865335e-02,6.858706678348126806e-03,3.880918979543432812e+01,6.468291604332507272e-02,9.975661317280341001e-01,-2.603715040665123201e-02,2.534464308990283410e+00,-5.161964740552036149e-03,2.642591869009463731e-02,9.996374467482707082e-01,4.433366605173656994e-01,0.000000000000000000e+00,0.000000000000000000e+00,0.000000000000000000e+00,1.000000000000000056e-01
9.981064055401558388e-01,-6.069391043846731476e-02,9.992620046681381651e-03,3.981587915652814758e+01,6.091635882423818843e-02,9.978612770870172177e-01,-2.370799270000908607e-02,2.606422495974816567e+00,-8.532317815616623918e-03,2.427181340473624424e-02,9.996689845277481057e-01,4.510645518727594006e-01,0.000000000000000000e+00,0.000000000000000000e+00,0.000000000000000000e+00,1.000000000000000056e-01
9.980611306751338008e-01,-6.190244331140199591e-02,6.485903757550852237e-03,4.080757656546970225e+01,6.204322071310238579e-02,9.977754082690897253e-01,-2.439002699868546287e-02,2.662953233478749571e+00,-4.961673006034633508e-03,2.474514428185872056e-02,9.996814790899405390e-01,4.857738900713408081e-01,0.000000000000000000e+00,0.000000000000000000e+00,0.000000000000000000e+00,1.000000000000000056e-01
9.979438935662602317e-01,-6.385390753345793202e-02,5.537489189268683665e-03,4.180321095284753596e+01,6.395869391834171913e-02,9.977221993265789068e-01,-2.144057935770677520e-02,2.719469077417250968e+00,-4.155811120893530136e-03,2.175066582067884668e-02,9.997547888208810907e-01,5.148427486182897139e-01,0.000000000000000000e+00,0.000000000000000000e+00,0.000000000000000000e+00,1.000000000000000056e-01
9.978658536275971658e-01,-6.520062126509063027e-02,3.552062881349311169e-03,4.280561897861787912e+01,6.525989706849680272e-02,9.976585999983921260e-01,-2.045638491663474487e-02,2.775755039253655632e+00,-2.209977075910794266e-03,2.064453525499011441e-02,9.997844363488708197e-01,5.350024325315541063e-01,0.000000000000000000e+00,0.000000000000000000e+00,0.000000000000000000e+00,1.000000000000000056e-01
9.978609255649696363e-01,-6.517124672921525974e-02,5.126580769070219340e-03,4.386148035397488343e+01,6.526742448454850298e-02,9.976338469009671250e-01,-2.160719368015071029e-02,2.861963758515824185e+00,-3.706282743640998151e-03,2.189557300774597898e-02,9.997533932680031654e-01,5.652728604724841510e-01,0.000000000000000000e+00,0.000000000000000000e+00,0.000000000000000000e+00,1.000000000000000056e-01
9.979858440839659561e-01,-6.322572015886253338e-02,5.173327595197003796e-03,4.484474730741139581e+01,6.331401435756782436e-02,9.978090792539349163e-01,-1.919314836977713615e-02,2.926882800639296178e+00,-3.948492616647438468e-03,1.948203451407953465e-02,9.998024103477889390e-01,5.787220440382758735e-01,0.000000000000000000e+00,0.000000000000000000e+00,0.000000000000000000e+00,1.000000000000000056e-01
9.978136302973623639e-01,-6.540242459931636110e-02,9.512205282131614217e-03,4.582051460508240126e+01,6.558016411056238892e-02,9.976516718823804641e-01,-1.975812909975844731e-02,3.020685299167072291e+00,-8.197637954336504593e-03,2.033874250836948186e-02,9.997595382316428747e-01,5.865774423394783943e-01,0.000000000000000000e+00,0.000000000000000000e+00,0.000000000000000000e+00,1.000000000000000056e-01
9.977642260550990683e-01,-6.623396828611663456e-02,8.922480021998321562e-03,4.675642152486977210e+01,6.639257509044488303e-02,9.976157216356527080e-01,-1.883873451789066719e-02,3.094631392981383122e+00,-7.653442201317009821e-03,1.938900179095417661e-02,9.997827221111702523e-01,6.014210357593604561e-01,0.000000000000000000e+00,0.000000000000000000e+00,0.000000000000000000e+00,1.000000000000000056e-01
9.978324052996382365e-01,-6.575181461735860045e-02,2.681381819692748615e-03,4.772651215792547674e+01,6.579021210177105061e-02,9.976630356957476575e-01,-1.844221239301880103e-02,3.129810913830754160e+00,-1.462506595694330370e-03,1.857864582981616844e-02,9.998263324165791444e-01,6.022660140741529222e-01,0.000000000000000000e+00,0.000000000000000000e+00,0.000000000000000000e+00,1.000000000000000056e-01
9.977810939307394378e-01,-6.642750747939435430e-02,4.502759648469750395e-03,4.869081131101847149e+01,6.650525428322845434e-02,9.975824028942485988e-01,-2.015937966456649716e-02,3.196829755026073361e+00,-3.152736446327774819e-03,2.041410507007400399e-02,9.997866395221972624e-01,6.205966867540110288e-01,0.000000000000000000e+00,0.000000000000000000e+00,0.000000000000000000e+00,1.000000000000000056e-01
9.980295639903756788e-01,-6.260787906939935255e-02,4.152454649013908455e-03,4.968342875735191910e+01,6.268128135448339244e-02,9.978153155464576374e-01,-2.087230290800010102e-02,3.264545078335227224e+00,-2.836612229534225468e-03,2.109145654891296517e-02,9.997735264007067135e-01,6.291173199188760945e-01,0.000000000000000000e+00,0.000000000000000000e+00,0.000000000000000000e+00,1.000000000000000056e-01
9.981461912767194411e-01,-6.066021336321263113e-02,4.951702182909055623e-03,5.069575288025500015e+01,6.074465101767798081e-02,9.979687748955323734e-01,-1.919405392955840853e-02,3.358344821597821106e+00,-3.777328754453261085e-03,1.945926124599295717e-02,9.998035151664755871e-01,6.570789536968928424e-01,0.000000000000000000e+00,0.000000000000000000e+00,0.000000000000000000e+00,1.000000000000000056e-01
9.982386837927658130e-01,-5.915802542664683888e-02,4.456254852094504101e-03,5.163353311145809243e+01,5.923110542216009772e-02,9.980710813019361138e-01,-1.859550535083612580e-02,3.431667988496510446e+00,-3.347585720420850723e-03,1.882670168681241027e-02,9.998171577710797120e-01,6.712186753531648176e-01,0.000000000000000000e+00,0.000000000000000000e+00,0.000000000000000000e+00,1.000000000000000056e-01
9.983930871872450652e-01,-5.659687831491282822e-02,2.834928875470198520e-03,5.256503128028391103e+01,5.664100304902228850e-02,9.982101227366524387e-01,-1.919238493981179419e-02,3.518173468128518611e+00,-1.743625625721293088e-03,1.932211766562395502e-02,9.998117900578054051e-01,7.003031312778497108e-01,0.000000000000000000e+00,0.000000000000000000e+00,0.000000000000000000e+00,1.000000000000000056e-01
9.982362679533582916e-01,-5.927847460836753457e-02,3.227350408013943302e-03,5.352229416000446349e+01,5.933589709891305686e-02,9.979888243168426598e-01,-2.230600489001317507e-02,3.589650101574708874e+00,-1.898593694865549500e-03,2.245816080606816492e-02,9.997459809147474230e-01,7.204242649057092107e-01,0.000000000000000000e+00,0.000000000000000000e+00,0.000000000000000000e+00,1.000000000000000056e-01
9.983860521157990053e-01,-5.661624667190762877e-02,4.459994777441390022e-03,5.446928198542561717e+01,5.671298982656079041e-02,9.980558794077701856e-01,-2.584759881526639894e-02,3.641092127023862535e+00,-2.987929979351698975e-03,2.605882177628636789e-02,9.996559458544075349e-01,7.458704891642367052e-01,0.000000000000000000e+00,0.000000000000000000e+00,0.000000000000000000e+00,1.000000000000000056e-01
9.982411323961516425e-01,-5.872458803432601543e-02,8.127998071330709562e-03,5.541219665422193685e+01,5.894483556628312554e-02,9.978041030595948824e-01,-3.020725537848637302e-02,3.686520061975913087e+00,-6.336241197484965282e-03,3.063322832539763438e-02,9.995106089331174948e-01,7.515635175984428651e-01,0.000000000000000000e+00,0.000000000000000000e+00,0.000000000000000000e+00,1.000000000000000056e-01
9.979495670936231466e-01,-6.280778213309394509e-02,1.232250141700021000e-02,5.637101714915257844e+01,6.311879706797642042e-02,9.976481530607822501e-01,-2.672414921193114884e-02,3.738879423429764870e+00,-1.061503623836386641e-02,2.744713460330156646e-02,9.995668941135087415e-01,7.749024937753113962e-01,0.000000000000000000e+00,0.000000000000000000e+00,0.000000000000000000e+00,1.000000000000000056e-01
9.977273250164513385e-01,-6.611833904819451602e-02,1.298268681839646367e-02,5.733679584766725412e+01,6.642171382194474172e-02,9.974902688539903917e-01,-2.452181629793551837e-02,3.833779570777047674e+00,-1.132876200086500341e-02,2.532841848797548479e-02,9.996149910682741169e-01,7.796252097023915750e-01,0.000000000000000000e+00,0.000000000000000000e+00,0.000000000000000000e+00,1.000000000000000056e-01
9.977585745294881292e-01,-6.650536568334394771e-02,7.406975645202646188e-03,5.821187097760346774e+01,6.668625856876811420e-02,9.973900926724753591e-01,-2.767572866051352248e-02,3.897832943829039998e+00,-5.547059670070981358e-03,2.810763907046742033e-02,9.995895111268929822e-01,7.925190014324908772e-01,0.000000000000000000e+00,0.000000000000000000e+00,0.000000000000000000e+00,1.000000000000000056e-01
9.975813406662188410e-01,-6.945699749302468307e-02,2.682210626227836923e-03,5.909958413442201675e+01,6.950325262217048328e-02,9.972453335032835930e-01,-2.590449151910698480e-02,3.958210755325761276e+00,-8.755738279779376639e-04,2.602825974164802228e-02,9.996608240124712497e-01,7.975736128087741461e-01,0.000000000000000000e+00,0.000000000000000000e+00,0.000000000000000000e+00,1.000000000000000056e-01
9.976871067439693208e-01,-6.783645798144248562e-02,-4.318796751353928473e-03,6.006971147573178627e+01,6.770672849872198806e-02,9.973859797440133290e-01,-2.523898425204700036e-02,4.029518266627780676e+00,6.019630623872673780e-03,2.488819757649629594e-02,9.996721170806682766e-01,8.197648534680453958e-01,0.000000000000000000e+00,0.000000000000000000e+00,0.000000000000000000e+00,1.000000000000000056e-01
9.979340042108530984e-01,-6.412210190191276749e-02,-4.009898673751008565e-03,6.096009020715298021e+01,6.401428022736067869e-02,9.976866948205121988e-01,-2.287861239444338030e-02,4.116991948815666547e+00,5.467647269710661749e-03,2.257465450019011804e-02,9.997302085100414626e-01,8.366296692633676813e-01,0.000000000000000000e+00,0.000000000000000000e+00,0.000000000000000000e+00,1.000000000000000056e-01
9.977901915860273308e-01,-6.642621612790526597e-02,-1.513732356672008606e-03,6.184874911032505906e+01,6.638204904537288453e-02,9.975885113369031831e-01,-2.026291225759782252e-02,4.180850377974866916e+00,2.856070597258904709e-03,2.011765044805722755e-02,9.997935401877695583e-01,8.565800803568001109e-01,0.000000000000000000e+00,0.000000000000000000e+00,0.000000000000000000e+00,1.000000000000000056e-01
9.978201415793775952e-01,-6.597696505249306398e-02,-1.416030004226750873e-03,6.272016470583270120e+01,6.594177945667351048e-02,9.976671135296675264e-01,-1.766387000260303750e-02,4.243875043682614034e+00,2.578135100841826271e-03,1.753198972859433200e-02,9.998429789499740927e-01,8.812475635052060552e-01,0.000000000000000000e+00,0.000000000000000000e+00,0.000000000000000000e+00,1.000000000000000056e-01
9.977495793411365055e-01,-6.704546889946624844e-02,-8.258478285351017424e-04,6.352591319252677948e+01,6.702366484185059980e-02,9.976225758359471563e-01,-1.603198470611684814e-02,4.306317646619067574e+00,1.898756369962387256e-03,1.594055464846151279e-02,9.998711384182198403e-01,9.017749019479101014e-01,0.000000000000000000e+00,0.000000000000000000e+00,0.000000000000000000e+00,1.000000000000000056e-01
9.975007499286003831e-01,-7.065565567478371278e-02,-1.794799327706382563e-04,6.434718037808642066e+01,7.064479170192522473e-02,9.973859478390024735e-01,-1.518500769464159461e-02,4.364480393362334176e+00,1.251917437956060917e-03,1.513437724061129919e-02,9.998846850153608745e-01,9.236581434607095131e-01,0.000000000000000000e+00,0.000000000000000000e+00,0.000000000000000000e+00,1.000000000000000056e-01
9.974724313184542002e-01,-7.105231552707390319e-02,5.632209982805342100e-04,6.513842428072281621e+01,7.105204783120315504e-02,9.973395096115710290e-01,-1.629444895489036774e-02,4.423680356787984103e+00,5.960357742546222972e-04,1.629328162133830346e-02,9.998670780235558997e-01,9.360593885178677409e-01,0.000000000000000000e+00,0.000000000000000000e+00,0.000000000000000000e+00,1.000000000000000056e-01
9.971907275506202151e-01,-7.486515160892624754e-02,2.421148825924437920e-03,6.594612538151098136e+01,7.489583681785171032e-02,9.970428044366586029e-01,-1.721219766435146820e-02,4.487829007600645959e+00,-1.125395227693745974e-03,1.734517787903789438e-02,9.998489277335481651e-01,9.565171353448631564e-01,0.000000000000000000e+00,0.000000000000000000e+00,0.000000000000000000e+00,1.000000000000000056e-01
9.970276146541422468e-01,-7.703681133242110124e-02,1.124863015700734367e-03,6.668027071792448623e+01,7.704491307033073388e-02,9.968952198135995202e-01,-1.624814090227818392e-02,4.561393032869358599e+00,1.303344018942267360e-04,1.628651013962351124e-02,9.998673575031917782e-01,9.764901740494592586e-01,0.000000000000000000e+00,0.000000000000000000e+00,0.000000000000000000e+00,1.000000000000000056e-01
9.969597895078879946e-01,-7.769456842029452692e-02,5.893398202385216438e-03,6.745196796246401050e+01,7.779432834950543441e-02,9.967848819591844656e-01,-1.918180320678791392e-02,4.633212126049317092e+00,-4.384128309828610841e-03,1.958195944227174648e-02,9.997986428693350636e-01,9.834350869525290140e-01,0.000000000000000000e+00,0.000000000000000000e+00,0.000000000000000000e+00,1.000000000000000056e-01
9.967016443893361721e-01,-8.070797692421846636e-02,8.488494118107363373e-03,6.817886782603139295e+01,8.083715028687712967e-02,9.965961441650863506e-01,-1.617036081165901945e-02,4.688455279814073506e+00,-7.154523400630150021e-03,1.680321088608414254e-02,9.998332185413862927e-01,1.006089278285314137e+00,0.000000000000000000e+00,0.000000000000000000e+00,0.000000000000000000e+00,1.000000000000000056e-01
9.965497586233806881e-01,-8.231559290140334773e-02,1.061705010688493434e-02,6.886559941484969727e+01,8.247299419987881575e-02,9.964750230995843561e-01,-1.535361737146910023e-02,4.762806216912438551e+00,-9.315783133393845672e-03,1.617626359741822228e-02,9.998257571600355220e-01,1.023026285734166319e+00,0.000000000000000000e+00,0.000000000000000000e+00,0.000000000000000000e+00,1.000000000000000056e-01
9.965441629493405618e-01,-8.284399028775669971e-02,6.050170642248551764e-03,6.951719477750259557e+01,8.290339611307938339e-02,9.965039971652792650e-01,-1.033491879692463936e-02,4.815975102625746018e+00,-5.172833316095528169e-03,1.080078269493672458e-02,9.999282898731591818e-01,1.045981077011715499e+00,0.000000000000000000e+00,0.000000000000000000e+00,0.000000000000000000e+00,1.000000000000000056e-01
9.966992584012124290e-01,-8.117913190229397724e-02,7.326977979529838893e-04,7.019256732416459954e+01,8.118239277738431570e-02,9.966485368427118186e-01,-1.005550158968253338e-02,4.883594002146190327e+00,8.605470161484701742e-05,1.008179313770933908e-02,9.999491737292034443e-01,1.055164372991478805e+00,0.000000000000000000e+00,0.000000000000000000e+00,0.000000000000000000e+00,1.000000000000000056e-01
9.965101087298282589e-01,-8.335757153501993644e-02,-4.372466929527839448e-03,7.092488808805732958e+01,8.331250551907551372e-02,9.964768698590685814e-01,-9.637129240960520121e-03,4.945417301043590008e+00,5.160389849593793356e-03,9.239215532554710675e-03,9.999440020685874675e-01,1.083044823242166332e+00,0.000000000000000000e+00,0.000000000000000000e+00,0.000000000000000000e+00,1.000000000000000056e-01
9.965047551268227943e-01,-8.344423307838427784e-02,-3.915734361672454714e-03,7.162144776212301167e+01,8.340228386916975767e-02,9.964670582905655882e-01,-9.872223009684898132e-03,5.000620832134032412e+00,4.725680378244971266e-03,9.511135984034968516e-03,9.999436015282341383e-01,1.085734569047482001e+00,0.000000000000000000e+00,0.000000000000000000e+00,0.000000000000000000e+00,1.000000000000000056e-01
9.964655560444810600e-01,-8.399938422705227614e-02,-7.064463455693158981e-04,7.229404100658460663e+01,8.398693361968043170e-02,9.964085297170552913e-01,-1.078132126686819590e-02,5.066109189203707786e+00,1.609533512083660646e-03,1.068388302875280908e-02,9.999416303191408506e-01,1.100302189030172073e+00,0.000000000000000000e+00,0.000000000000000000e+00,0.000000000000000000e+00,1.000000000000000056e-01
9.954979295916929205e-01,-9.475644372720880282e-02,2.255781643939908012e-03,7.289336172184148666e+01,9.477405970171230709e-02,9.954511798981900972e-01,-9.737866653301317094e-03,5.154607657786970165e+00,-1.322794885496051016e-03,9.907815676198236665e-03,9.999500414531804493e-01,1.108614286033103413e+00,0.000000000000000000e+00,0.000000000000000000e+00,0.000000000000000000e+00,1.000000000000000056e-01
9.956701285584693695e-01,-9.294223854520752837e-02,-1.653901619429191255e-03,7.345487976307845202e+01,9.291746140319728786e-02,9.956081616959429059e-01,-1.143388520191696185e-02,5.215116443238303923e+00,2.709328836880924365e-03,1.123070160902744398e-02,9.999332632124119380e-01,1.121229854082314015e+00,0.000000000000000000e+00,0.000000000000000000e+00,0.000000000000000000e+00,1.000000000000000056e-01
9.956277655690159989e-01,-9.327363176822280055e-02,-5.038059627923835437e-03,7.407907518547993675e+01,9.317494120336687613e-02,9.955017027599972756e-01,-1.716945350601305209e-02,5.268632644943623156e+00,6.616854222186059620e-03,1.662496372062201994e-02,9.998399010949154952e-01,1.159845514872987593e+00,0.000000000000000000e+00,0.000000000000000000e+00,0.000000000000000000e+00,1.000000000000000056e-01
9.957894858603876242e-01,-9.130570456939036961e-02,-8.158931485925195390e-03,7.470875020079232343e+01,9.112821930513619051e-02,9.956388013657531122e-01,-1.997560665515243916e-02,5.317427099815264846e+00,9.947235604921561211e-03,1.914799018313861206e-02,9.997671763844653281e-01,1.173027840592030024e+00,0.000000000000000000e+00,0.000000000000000000e+00,0.000000000000000000e+00,1.000000000000000056e-01
9.960399758249272040e-01,-8.826870445302915924e-02,-1.063025742219844520e-02,7.529015070263825748e+01,8.803947184903095080e-02,9.959083622695520388e-01,-2.038591077490615328e-02,5.363402427046257692e+00,1.238620019304141791e-02,1.936929982633705388e-02,9.997356711996503442e-01,1.189124687382747458e+00,0.000000000000000000e+00,0.000000000000000000e+00,0.000000000000000000e+00,1.000000000000000056e-01
9.963359195839741611e-01,-8.501935427063934958e-02,-9.297566679522858285e-03,7.584789412723573321e+01,8.481117976030506933e-02,9.961784821946819690e-01,-2.086852654033850146e-02,5.438030853806850473e+00,1.103626451395020927e-02,2.000352498194029466e-02,9.997389958653583042e-01,1.193885223827011677e+00,0.000000000000000000e+00,0.000000000000000000e+00,0.000000000000000000e+00,1.000000000000000056e-01
9.969305805665384934e-01,-7.819930308389855256e-02,-3.779752433297784309e-03,7.639248128948983663e+01,7.810372867625309246e-02,9.967249891715748156e-01,-2.095479725003954186e-02,5.466918047834428585e+00,5.406024244367453949e-03,2.059526542962232531e-02,9.997732792707317850e-01,1.215028455071791136e+00,0.000000000000000000e+00,0.000000000000000000e+00,0.000000000000000000e+00,1.000000000000000056e-01
9.976069351048977296e-01,-6.912756817171794577e-02,1.335046544792851345e-03,7.698271998708817421e+01,6.913803468408191710e-02,9.972242843610783503e-01,-2.763437787535420048e-02,5.480753907545035553e+00,5.789565052417798823e-04,2.766054951008145579e-02,9.996172061395128816e-01,1.229495772155958733e+00,0.000000000000000000e+00,0.000000000000000000e+00,0.000000000000000000e+00,1.000000000000000056e-01
9.983336065199117648e-01,-5.770136693723708354e-02,7.498976732061510015e-04,7.753794534126062388e+01,5.769852720974719129e-02,9.979034382238458623e-01,-2.931907124813129539e-02,5.517853845263812396e+00,9.434250219389412381e-04,2.931348213026317706e-02,9.995698223308998598e-01,1.234887538005488450e+00,0.000000000000000000e+00,0.000000000000000000e+00,0.000000000000000000e+00,1.000000000000000056e-01
9.989518138301989314e-01,-4.577339100802823441e-02,2.651810358154596146e-04,7.805526428751115020e+01,4.576603549316034941e-02,9.986486271689769545e-01,-2.462497611687099186e-02,5.550619420243190660e+00,8.623459829925364745e-04,2.461130084217084957e-02,9.996967241270032778e-01,1.248063973407067317e+00,0.000000000000000000e+00,0.000000000000000000e+00,0.000000000000000000e+00,1.000000000000000056e-01
9.995775375118602923e-01,-2.905725009101909131e-02,6.501683424445992747e-04,7.857499435008269018e+01,2.906450638640057857e-02,9.993508073760491994e-01,-2.128892353674997906e-02,5.574005598001112283e+00,-3.114868257643108040e-05,2.129882658708404097e-02,9.997731537782822420e-01,1.261427555741485795e+00,0.000000000000000000e+00,0.000000000000000000e+00,0.000000000000000000e+00,1.000000000000000056e-01
9.998686524984763402e-01,-1.615132144064682085e-02,-1.346315936914054207e-03,7.905581503030687429e+01,1.612837670012151614e-02,9.997482831263921899e-01,-1.559634094427558501e-02,5.599077294693738160e+00,1.597878562364441748e-03,1.557257851327171691e-02,9.998774632836505694e-01,1.249761754359927979e+00,0.000000000000000000e+00,0.000000000000000000e+00,0.000000000000000000e+00,1.000000000000000056e-01
9.999411136128409927e-01,1.083778596287038841e-02,5.583029055956609558e-04,7.955270608484528339e+01,-1.082715009620562920e-02,9.998063444587692583e-01,-1.643308859548648498e-02,5.606963583714922095e+00,-7.362930840510759469e-04,1.642607608091119914e-02,9.998648118106159277e-01,1.269905367802645957e+00,0.000000000000000000e+00,0.000000000000000000e+00,0.000000000000000000e+00,1.000000000000000056e-01
9.993729627875496124e-01,3.512261921580264040e-02,4.481391375090426968e-03,8.006716283999595873e+01,-3.505179598035478711e-02,9.992727888450565477e-01,-1.500883314500529343e-02,5.599627684395608540e+00,-5.005281988718331479e-03,1.484234123192012568e-02,9.998773185041096578e-01,1.290769248615397435e+00,0.000000000000000000e+00,0.000000000000000000e+00,0.000000000000000000e+00,1.000000000000000056e-01
9.979990292951431696e-01,6.304943446619656888e-02,4.765116939250092429e-03,8.054222354159149688e+01,-6.297081703496426597e-02,9.979002443219684437e-01,-1.515844926451129226e-02,5.565273842583700059e+00,-5.710843011412386830e-03,1.482805434467021968e-02,9.998737495686395027e-01,1.298452912971300721e+00,0.000000000000000000e+00,0.000000000000000000e+00,0.000000000000000000e+00,1.000000000000000056e-01
9.952550447595209793e-01,9.714557353533322115e-02,5.489391880260085024e-03,8.101267969549616055e+01,-9.705672675220068657e-02,9.951713579269960697e-01,-1.462737686283132645e-02,5.493001003824071304e+00,-6.883870486329067562e-03,1.402518820657342076e-02,9.998779457628304002e-01,1.307099872571357180e+00,0.000000000000000000e+00,0.000000000000000000e+00,0.000000000000000000e+00,1.000000000000000056e-01
9.910886158883109864e-01,1.330156017358184728e-01,7.085559360424298868e-03,8.150158538454265056e+01,-1.329421568307919410e-01,9.910734637155412807e-01,-9.988616323437353797e-03,5.428261790846657497e+00,-8.350951668468022809e-03,8.957634382907505091e-03,9.999250083843753689e-01,1.314778974681227730e+00,0.000000000000000000e+00,0.000000000000000000e+00,0.000000000000000000e+00,1.000000000000000056e-01
