1.000000000000000000e+00,-1.410636890592469150e-09,5.580498635115551477e-10,1.696498149645870473e-15,1.410636890547922579e-09,1.000000000000000000e+00,7.982532364601472527e-11,2.751251776814871901e-15,-5.580498636241596581e-10,-7.982532285880901168e-11,1.000000000000000000e+00,-1.462969911516749373e-15,0.000000000000000000e+00,0.000000000000000000e+00,0.000000000000000000e+00,1.000000000000000056e-01
9.999901018708041711e-01,-4.399272938827006665e-03,-6.652503501080380896e-04,6.429397779473233765e-01,4.397744461254134152e-03,9.999877263906187252e-01,-2.281865853752037057e-03,2.011385440205093120e-02,6.752807357855447959e-04,2.278917666506474239e-03,9.999971752611089837e-01,9.648848486176486022e-03,0.000000000000000000e+00,0.000000000000000000e+00,0.000000000000000000e+00,1.000000000000000056e-01
9.999551404283020251e-01,-9.442894940546758820e-03,-7.408550172160164888e-04,1.290499233911133192e+00,9.441539377689236318e-03,9.999537852521446224e-01,-1.812372502405468168e-03,3.868639705219541897e-02,7.579348219215490887e-04,1.805296388333049598e-03,9.999980832180409562e-01,1.392093333453663095e-02,0.000000000000000000e+00,0.000000000000000000e+00,0.000000000000000000e+00,1.000000000000000056e-01
9.998594060185858057e-01,-1.664271372181593336e-02,-2.046527823986230184e-03,1.997491212028294605e+00,1.663864616591289800e-02,9.998595902881177722e-01,-1.988759071106867456e-03,5.099798468152894754e-02,2.079338819486201140e-03,1.954428011218984317e-03,9.999959282723218656e-01,1.617137046516948368e-02,0.000000000000000000e+00,0.000000000000000000e+00,0.000000000000000000e+00,1.000000000000000056e-01
9.997190233902818468e-01,-2.363668570843613717e-02,-1.783636818862976677e-03,2.700734646361895752e+00,2.363668975599275343e-02,9.997206142435191012e-01,-1.881329106672952018e-05,6.153867974914396105e-02,1.783583179989137136e-03,-2.335126515284206611e-05,9.999984091416138643e-01,1.592501872439574390e-02,0.000000000000000000e+00,0.000000000000000000e+00,0.000000000000000000e+00,1.000000000000000056e-01
9.995719058154275416e-01,-2.922447313302085556e-02,-1.391141477856050555e-03,3.410151373546013609e+00,2.922595655847207499e-02,9.995722703376906937e-01,1.058222659417497541e-03,8.418876996493342146e-02,1.359620445702602182e-03,-1.098427080849527721e-03,9.999984724439291428e-01,2.784299300107845668e-02,0.000000000000000000e+00,0.000000000000000000e+00,0.000000000000000000e+00,1.000000000000000056e-01
9.994007362223943369e-01,-3.456422657442700247e-02,-1.866193839863376693e-03,4.146260398895516452e+00,3.456719739275159603e-02,9.994011208365691790e-01,1.583835540638903238e-03,1.063583861757045612e-01,1.810332164774486590e-03,-1.647395496205407992e-03,9.999970043882793203e-01,4.094188200494657676e-02,0.000000000000000000e+00,0.000000000000000000e+00,0.000000000000000000e+00,1.000000000000000056e-01
9.990990011116498426e-01,-4.241781116991896750e-02,-1.383933978436038522e-03,4.913392273254898690e+00,4.242075663201852476e-02,9.990974707793762732e-01,2.173312913588404741e-03,1.482783067691474665e-01,1.290497760799346741e-03,-2.230062287563241118e-03,9.999966807133526814e-01,4.348156704403675910e-02,0.000000000000000000e+00,0.000000000000000000e+00,0.000000000000000000e+00,1.000000000000000056e-01
9.987918547049047246e-01,-4.913723753043366255e-02,6.023811204429688898e-04,5.681390762052223486e+00,4.913493991176009351e-02,9.987864643327614145e-01,3.369917733316780614e-03,1.906277423575268026e-01,-7.672385575880475133e-04,-3.336248422905471918e-03,9.999941403785606031e-01,3.951177606597693764e-02,0.000000000000000000e+00,0.000000000000000000e+00,0.000000000000000000e+00,1.000000000000000056e-01
9.985233194975425830e-01,-5.425224094096922633e-02,2.806202503655462650e-03,6.475235179879267555e+00,5.424156295104078096e-02,9.985207982434100016e-01,3.750776449146355461e-03,2.458182238166420897e-01,-3.005539591617509103e-03,-3.593024940939428154e-03,9.999890283915804368e-01,4.700149691832269938e-02,0.000000000000000000e+00,0.000000000000000000e+00,0.000000000000000000e+00,1.000000000000000056e-01
9.982204707324632276e-01,-5.935565933700660129e-02,5.726911499996591333e-03,7.295562639289248530e+00,5.932963308847626765e-02,9.982277901779817997e-01,4.612326307836331005e-03,2.830842025929901640e-01,-5.990529880265515507e-03,-4.264342980155133231e-03,9.999729640998806790e-01,5.854221500098814174e-02,0.000000000000000000e+00,0.000000000000000000e+00,0.000000000000000000e+00,1.000000000000000056e-01
9.980128889464559006e-01,-6.262968761865229939e-02,6.913445272729216648e-03,8.107129212526375639e+00,6.259596701787446815e-02,9.980264705826170646e-01,4.990884641194804835e-03,3.392002120511770635e-01,-7.212378931126778303e-03,-4.548213406885685470e-03,9.999636470117096998e-01,6.069300717084389479e-02,0.000000000000000000e+00,0.000000000000000000e+00,0.000000000000000000e+00,1.000000000000000056e-01
9.978098840240632317e-01,-6.577188000990767669e-02,7.035278519559275655e-03,8.936480477418754731e+00,6.574044314121675614e-02,9.978261065578335476e-01,4.610336997603815129e-03,3.844958319191509322e-01,-7.323215105533427589e-03,-4.137737497393200251e-03,9.999646241987367734e-01,6.457425736773059199e-02,0.000000000000000000e+00,0.000000000000000000e+00,0.000000000000000000e+00,1.000000000000000056e-01
9.976287241697544550e-01,-6.836769656809707496e-02,7.923810787783877943e-03,9.716580471867315438e+00,6.834746131019486803e-02,9.976576565230513838e-01,2.797304664267364661e-03,4.545499136050186184e-01,-8.096495777767690957e-03,-2.249099132079791612e-03,9.999646935313339924e-01,7.060235786222766874e-02,0.000000000000000000e+00,0.000000000000000000e+00,0.000000000000000000e+00,1.000000000000000056e-01
9.972907154684036435e-01,-7.305224556436096250e-02,8.637028338724981810e-03,1.051792326825920298e+01,7.303217709249212874e-02,9.973261515729499038e-01,2.616963473218301712e-03,5.230278772865748493e-01,-8.805109292365600679e-03,-1.979092391373922424e-03,9.999592757925974684e-01,7.108749975513745101e-02,0.000000000000000000e+00,0.000000000000000000e+00,0.000000000000000000e+00,1.000000000000000056e-01
9.970679727992923791e-01,-7.591143849834929014e-02,9.639041602822612242e-03,1.132815367612161950e+01,7.587835915195155490e-02,9.971100192586416222e-01,3.752879752765015016e-03,5.910379110977945771e-01,-9.896071458769025581e-03,-3.010481546629346569e-03,9.999465009541962379e-01,8.666495388633790875e-02,0.000000000000000000e+00,0.000000000000000000e+00,0.000000000000000000e+00,1.000000000000000056e-01
9.966810785510246129e-01,-8.091364079003478260e-02,8.933666238873070459e-03,1.218523992008169188e+01,8.086681170233718519e-02,9.967098250704533591e-01,5.484831184739716488e-03,6.559690203648673723e-01,-9.348070574461003063e-03,-4.744190355326198712e-03,9.999450516075407691e-01,9.104227130298399306e-02,0.000000000000000000e+00,0.000000000000000000e+00,0.000000000000000000e+00,1.000000000000000056e-01
9.965321354783723828e-01,-8.287196087203786699e-02,7.479375651632748541e-03,1.305891497080624930e+01,8.281303722501116849e-02,9.965340126264999876e-01,7.871629062381545888e-03,7.534261810606395215e-01,-8.105789565719405745e-03,-7.224941504970194481e-03,9.999410464601230508e-01,1.020710721840757396e-01,0.000000000000000000e+00,0.000000000000000000e+00,0.000000000000000000e+00,1.000000000000000056e-01
9.968482752828042859e-01,-7.904085824395376547e-02,6.786662932373411714e-03,1.393768780462436752e+01,7.895764061780352616e-02,9.968085911165628366e-01,1.176110812308386877e-02,8.499800239896877496e-01,-7.694611995950626296e-03,-1.118818145510222517e-02,9.999078045209766064e-01,1.041690769378073589e-01,0.000000000000000000e+00,0.000000000000000000e+00,0.000000000000000000e+00,1.000000000000000056e-01
9.948533848560405790e-01,-1.010798995915758725e-01,7.042481028426117104e-03,1.490463263638582880e+01,1.010113945587924333e-01,9.948400455611096094e-01,9.485879888406071811e-03,9.903770662008885006e-01,-7.964973933840522463e-03,-8.725688885483461402e-03,9.999302083364153271e-01,9.164673938247361318e-02,0.000000000000000000e+00,0.000000000000000000e+00,0.000000000000000000e+00,1.000000000000000056e-01
9.945356938094462862e-01,-1.040306302515087017e-01,8.739662947574399626e-03,1.586827889304106876e+01,1.039549912379336832e-01,9.945439056883007556e-01,8.705139572778080800e-03,1.095183883793485968e+00,-9.597579678463422775e-03,-7.749040439583325043e-03,9.999239165239429683e-01,8.886605906630143381e-02,0.000000000000000000e+00,0.000000000000000000e+00,0.000000000000000000e+00,1.000000000000000056e-01
9.941429919998933107e-01,-1.074945220205251184e-01,1.116419245081823504e-02,1.677794652697895827e+01,1.073903153200382599e-01,9.941710732894194491e-01,9.549723034017170570e-03,1.213559269419032915e+00,-1.212566010420967379e-02,-8.294864082221169860e-03,9.998920759746496856e-01,8.871504937828110504e-02,0.000000000000000000e+00,0.000000000000000000e+00,0.000000000000000000e+00,1.000000000000000056e-01
9.937590440202456188e-01,-1.109667591138726456e-01,1.137280966741818257e-02,1.765767442967301193e+01,1.108714619679850716e-01,9.937967201896891201e-01,8.694703059820070579e-03,1.321811159551673276e+00,-1.226708396682748246e-02,-7.379519766256410068e-03,9.998975254189652606e-01,8.973226138233225679e-02,0.000000000000000000e+00,0.000000000000000000e+00,0.000000000000000000e+00,1.000000000000000056e-01
9.933527267218467127e-01,-1.145949766979792589e-01,1.087895352787599662e-02,1.856989322386355568e+01,1.145109128045108532e-01,9.933892853193130312e-01,8.060934279731819807e-03,1.432058136066000076e+00,-1.173077844602856551e-02,-6.761592147862275672e-03,9.999083306527034587e-01,8.361370740625923004e-02,0.000000000000000000e+00,0.000000000000000000e+00,0.000000000000000000e+00,1.000000000000000056e-01
9.930490978497643617e-01,-1.171958178314521232e-01,1.089171899133910791e-02,1.949402010454361900e+01,1.171245480628671648e-01,9.930927880580762146e-01,6.968109363815319993e-03,1.548918565103199363e+00,-1.163312085548538939e-02,-5.643987052966958559e-03,9.999164044605467483e-01,8.587773386479977122e-02,0.000000000000000000e+00,0.000000000000000000e+00,0.000000000000000000e+00,1.000000000000000056e-01
9.930166312967354525e-01,-1.171993603908165621e-01,1.350110706819569045e-02,2.041528223187535929e+01,1.171135874259711801e-01,9.930939954723942975e-01,6.980243326377244366e-03,1.665073098381312677e+00,-1.422594841487872033e-02,-5.350334630612117205e-03,9.998844914844102760e-01,8.410958019475126002e-02,0.000000000000000000e+00,0.000000000000000000e+00,0.000000000000000000e+00,1.000000000000000056e-01
9.920958109597680652e-01,-1.244627052313163340e-01,1.596674301736789384e-02,2.129352847826883277e+01,1.243768553732119975e-01,9.922152697370782981e-01,6.265488651984379292e-03,1.778871901323302751e+00,-1.662226589702238758e-02,-4.230071758197256893e-03,9.998528925643858090e-01,8.142229424346791866e-02,0.000000000000000000e+00,0.000000000000000000e+00,0.000000000000000000e+00,1.000000000000000056e-01
9.922336151737316534e-01,-1.229537883881277327e-01,1.883663558798262527e-02,2.220868514198602028e+01,1.228600447114261418e-01,9.924055047002863228e-01,6.060004461744310233e-03,1.903791002326262971e+00,-1.943868135376768808e-02,-3.698670244493115680e-03,9.998042095858814537e-01,7.700519576755311679e-02,0.000000000000000000e+00,0.000000000000000000e+00,0.000000000000000000e+00,1.000000000000000056e-01
9.921386982677353750e-01,-1.232906181979629701e-01,2.145289873112006529e-02,2.315328666398896473e+01,1.231837111131615647e-01,9.923642625526160055e-01,6.240490749278779226e-03,2.022972881103434428e+00,-2.205848399126116716e-02,-3.548784688707088894e-03,9.997503835514345294e-01,7.621992167846709798e-02,0.000000000000000000e+00,0.000000000000000000e+00,0.000000000000000000e+00,1.000000000000000056e-01
9.923916473733898069e-01,-1.212053285466536678e-01,2.163530807331593558e-02,2.407072587975619626e+01,1.211455194139188507e-01,9.926264598583103282e-01,4.058856377119620697e-03,2.133750735970708856e+00,-2.196773428147198032e-02,-1.406954532319718227e-03,9.997576902077236483e-01,6.602980012941754573e-02,0.000000000000000000e+00,0.000000000000000000e+00,0.000000000000000000e+00,1.000000000000000056e-01
9.925873075936387790e-01,-1.198768053837577646e-01,1.999970837276876176e-02,2.501877382286126661e+01,1.198271557716827224e-01,9.927879963226901028e-01,3.667028394658578515e-03,2.246702895649987042e+00,-2.029506205164242558e-02,-1.243337670551592508e-03,9.997932609133535209e-01,5.369868161519281147e-02,0.000000000000000000e+00,0.000000000000000000e+00,0.000000000000000000e+00,1.000000000000000056e-01
9.926601255092695197e-01,-1.198129410646357612e-01,1.645400794224175997e-02,2.594181828904795495e+01,1.197812744989124739e-01,9.927960688954461377e-01,2.900321562317364522e-03,2.363712410030708533e+00,-1.668297045904649015e-02,-9.081515241302501058e-04,9.998604171370480964e-01,4.333884024361174536e-02,0.000000000000000000e+00,0.000000000000000000e+00,0.000000000000000000e+00,1.000000000000000056e-01
9.928417101787947452e-01,-1.185026009855437296e-01,1.491549827887768062e-02,2.687828363606189086e+01,1.184717123296490232e-01,9.929530727857895922e-01,2.940854117302443057e-03,2.475422771561074153e+00,-1.515888871016213280e-02,-1.152738009860335578e-03,9.998844329662071040e-01,3.736606353478372222e-02,0.000000000000000000e+00,0.000000000000000000e+00,0.000000000000000000e+00,1.000000000000000056e-01
9.929546601053215182e-01,-1.172767052035127572e-01,1.694748924571761947e-02,2.782906259536647298e+01,1.172895986703686860e-01,9.930977268173587502e-01,2.345931338194073325e-04,2.586318344108294198e+00,-1.685802535498151164e-02,1.754823866645916896e-03,9.998563534700011246e-01,3.163643541287634170e-02,0.000000000000000000e+00,0.000000000000000000e+00,0.000000000000000000e+00,1.000000000000000056e-01
9.928975223716822729e-01,-1.168966469467401376e-01,2.212880477531142115e-02,2.882368993852077566e+01,1.169264493017443257e-01,9.931405754559587962e-01,-5.326062001484725868e-05,2.687353670176941378e+00,-2.197078792081131465e-02,2.640324907321369395e-03,9.997551265997701719e-01,2.475721668662224026e-02,0.000000000000000000e+00,0.000000000000000000e+00,0.000000000000000000e+00,1.000000000000000056e-01
9.926962145522700842e-01,-1.178362389326759740e-01,2.586206503345660213e-02,2.976452678714795397e+01,1.179635379633643399e-01,9.930119419952967430e-01,-3.447718940891423590e-03,2.799263574604145433e+00,-2.527507318998980373e-02,6.473318231848232927e-03,9.996595754687241930e-01,1.212359571282886801e-02,0.000000000000000000e+00,0.000000000000000000e+00,0.000000000000000000e+00,1.000000000000000056e-01
9.926517496722548906e-01,-1.182209194795408036e-01,2.581313754705019323e-02,3.066170541181468323e+01,1.185367233248875440e-01,9.928880474836757619e-01,-1.106211496293426494e-02,2.897631999710490458e+00,-2.432178233621174954e-02,1.404063251659428205e-02,9.996055779868997515e-01,7.397948631787568986e-03,0.000000000000000000e+00,0.000000000000000000e+00,0.000000000000000000e+00,1.000000000000000056e-01
9.925191140872542395e-01,-1.199809757314876102e-01,2.259145046189511494e-02,3.158400067360624774e+01,1.203035668303663319e-01,9.926453252132286798e-01,-1.350222723164452507e-02,2.993803558443006718e+00,-2.080528729298545057e-02,1.611905068059413249e-02,9.996535981157737005e-01,2.213907428899387670e-04,0.000000000000000000e+00,0.000000000000000000e+00,0.000000000000000000e+00,1.000000000000000056e-01
9.925246024517432319e-01,-1.205340312678455650e-01,1.914316677906555478e-02,3.254391484270955459e+01,1.207997375119834182e-01,9.925866465050274812e-01,-1.338553685660570126e-02,3.120230897891899335e+00,-1.738783899870811542e-02,1.559796416926497072e-02,9.997271460597283443e-01,-1.052553644026243268e-02,0.000000000000000000e+00,0.000000000000000000e+00,0.000000000000000000e+00,1.000000000000000056e-01
9.921470701918506663e-01,-1.234709791374595661e-01,1.997769807970598693e-02,3.349708528025246324e+01,1.237540445212433476e-01,9.922195903205174305e-01,-1.360959399903760060e-02,3.244374937842655626e+00,-1.814187350746839650e-02,1.597503975023364248e-02,9.997077925727184677e-01,-2.301004515318467308e-02,0.000000000000000000e+00,0.000000000000000000e+00,0.000000000000000000e+00,1.000000000000000056e-01
9.923919896279760344e-01,-1.212608504446007762e-01,2.130598675676315112e-02,3.446729040629805496e+01,1.215732977988414620e-01,9.924832413490261018e-01,-1.403384849729760048e-02,3.368623271129000063e+00,-1.944407839269872429e-02,1.651731790524888638e-02,9.996745000372249113e-01,-2.583388277666710808e-02,0.000000000000000000e+00,0.000000000000000000e+00,0.000000000000000000e+00,1.000000000000000056e-01
9.920127667039094765e-01,-1.240726143274053089e-01,2.273009173799849653e-02,3.543063386124110536e+01,1.243933882706391852e-01,9.921440672044457010e-01,-1.328287866279018181e-02,3.504337123874179838e+00,-2.090348418338190684e-02,1.600425833905890632e-02,9.996533939641338851e-01,-4.094082663779888970e-02,0.000000000000000000e+00,0.000000000000000000e+00,0.000000000000000000e+00,1.000000000000000056e-01
9.916551686896288853e-01,-1.266934570492526391e-01,2.384940988898552952e-02,3.639937009710600790e+01,1.270026406383858164e-01,9.918307137636468429e-01,-1.192327580708691347e-02,3.631063430478412180e+00,-2.214397620168273920e-02,1.485271611537813778e-02,9.996444573657052857e-01,-4.639798506764437891e-02,0.000000000000000000e+00,0.000000000000000000e+00,0.000000000000000000e+00,1.000000000000000056e-01
9.915522018079732103e-01,-1.273811481665621248e-01,2.445964393708131498e-02,3.739133981471339752e+01,1.277122877979942339e-01,9.917326876742952324e-01,-1.248389937964345178e-02,3.769184191684773921e+00,-2.266721498470311916e-02,1.550223500296364632e-02,9.996228679230733105e-01,-5.389544950472276164e-02,0.000000000000000000e+00,0.000000000000000000e+00,0.000000000000000000e+00,1.000000000000000056e-01
9.914332394354598010e-01,-1.277368559093501610e-01,2.726586482956374832e-02,3.837685223735596196e+01,1.280491386957600952e-01,9.917171557279835792e-01,-1.002502439260661606e-02,3.898735393106822489e+00,-2.575946082091251296e-02,1.343051291620213535e-02,9.995779466860118534e-01,-4.584957875919601356e-02,0.000000000000000000e+00,0.000000000000000000e+00,0.000000000000000000e+00,1.000000000000000056e-01
9.914092279936079777e-01,-1.277190077092012765e-01,2.820634182050507990e-02,3.938581025071398756e+01,1.280354835964047922e-01,9.917220823415560105e-01,-9.707025103644389280e-03,4.035413813283430073e+00,-2.673308043142324716e-02,1.323504687959252066e-02,9.995549889549558698e-01,-6.483940095112041002e-02,0.000000000000000000e+00,0.000000000000000000e+00,0.000000000000000000e+00,1.000000000000000056e-01
9.910442458048673853e-01,-1.308550540318005051e-01,2.661311126862605028e-02,4.039036378987722742e+01,1.312064055638045568e-01,9.912835598858019681e-01,-1.190726833317154627e-02,4.172951403711873120e+00,-2.482301343689227377e-02,1.529244043527018017e-02,9.995748892751585846e-01,-6.964839577969693385e-02,0.000000000000000000e+00,0.000000000000000000e+00,0.000000000000000000e+00,1.000000000000000056e-01
9.911118342580618190e-01,-1.304018222673374028e-01,2.631913264106650746e-02,4.140675918928032218e+01,1.307693003599180448e-01,9.913307924109516778e-01,-1.275343488053982260e-02,4.319155395465405611e+00,-2.442789546804718936e-02,1.608181479909471731e-02,9.995722350864743033e-01,-6.098816979508932257e-02,0.000000000000000000e+00,0.000000000000000000e+00,0.000000000000000000e+00,1.000000000000000056e-01
9.913427702868021774e-01,-1.290344988748553245e-01,2.428188419796981426e-02,4.243297352669382150e+01,1.292524640811794356e-01,9.915823992959573729e-01,-7.625348216046285571e-03,4.465666089905050207e+00,-2.309355600664569561e-02,1.069782719001829974e-02,9.996760696167436011e-01,-6.313482204939885323e-02,0.000000000000000000e+00,0.000000000000000000e+00,0.000000000000000000e+00,1.000000000000000056e-01
9.914445442996477897e-01,-1.282634882350463801e-01,2.421142631572597431e-02,4.347521556014053346e+01,1.284902332899465482e-01,9.916781205484658246e-01,-8.047681315614105269e-03,4.596131385048839668e+00,-2.297771806683212431e-02,1.108976155021779847e-02,9.996744678450082411e-01,-6.732915953645150775e-02,0.000000000000000000e+00,0.000000000000000000e+00,0.000000000000000000e+00,1.000000000000000056e-01
9.916037407799885850e-01,-1.265864463564043418e-01,2.641766208411437319e-02,4.446160382954577273e+01,1.269265831557457591e-01,9.918441019420876081e-01,-1.161550391077987611e-02,4.722029430128229954e+00,-2.473183696252341870e-02,1.487108071227364638e-02,9.995835068661887979e-01,-7.385444979560355783e-02,0.000000000000000000e+00,0.000000000000000000e+00,0.000000000000000000e+00,1.000000000000000056e-01
9.917446519221150281e-01,-1.252790238072952478e-01,2.734431527345415960e-02,4.542868038294921718e+01,1.256244396182734369e-01,9.920135610600463449e-01,-1.129578875335367390e-02,4.861405472492360325e+00,-2.571080618101430695e-02,1.463765236835355525e-02,9.995622509772292830e-01,-7.887003057048276589e-02,0.000000000000000000e+00,0.000000000000000000e+00,0.000000000000000000e+00,1.000000000000000056e-01
9.913084705978727484e-01,-1.292229070225888454e-01,2.467704239850920106e-02,4.633578774768164976e+01,1.295345219506282286e-01,9.915085695517497077e-01,-1.147014073433358025e-02,4.979971748500496176e+00,-2.298529407966493771e-02,1.456697655914085746e-02,9.996296711532710599e-01,-8.340250065001184043e-02,0.000000000000000000e+00,0.000000000000000000e+00,0.000000000000000000e+00,1.000000000000000056e-01
9.917097723890413441e-01,-1.271094881999196846e-01,1.883893196628362923e-02,4.727986980512544335e+01,1.272929464655648268e-01,9.918254397924368693e-01,-8.877091902986404548e-03,5.117256793149855376e+00,-1.755656937418680411e-02,1.120156194883980758e-02,9.997831224229161151e-01,-9.602667954600335731e-02,0.000000000000000000e+00,0.000000000000000000e+00,0.000000000000000000e+00,1.000000000000000056e-01
9.919699352532306280e-01,-1.251411357874227526e-01,1.831239163886890647e-02,4.822148823299743015e+01,1.253128662286245310e-01,9.920804553330705433e-01,-8.547262935839043327e-03,5.244412582007067947e+00,-1.709775164366193756e-02,1.077340614482435489e-02,9.997957794513688823e-01,-9.595756176016161099e-02,0.000000000000000000e+00,0.000000000000000000e+00,0.000000000000000000e+00,1.000000000000000056e-01
9.922201545366127196e-01,-1.231647779114702912e-01,1.815495561433647445e-02,4.918076924200395439e+01,1.233719696140756494e-01,9.923020761962680902e-01,-1.076785448078030824e-02,5.386141733810164034e+00,-1.668897974364884004e-02,1.292389486934440723e-02,9.997772006284810775e-01,-1.029143390860647322e-01,0.000000000000000000e+00,0.000000000000000000e+00,0.000000000000000000e+00,1.000000000000000056e-01
9.926245593536572320e-01,-1.194484365839258433e-01,2.070157398879796107e-02,5.017589993265109172e+01,1.196732135211087400e-01,9.927631955917807227e-01,-9.977947881551565285e-03,5.525170769152911276e+00,-1.935991047213152239e-02,1.238178000336332893e-02,9.997359078228906792e-01,-9.426567533743386573e-02,0.000000000000000000e+00,0.000000000000000000e+00,0.000000000000000000e+00,1.000000000000000056e-01
9.927317478239687798e-01,-1.185567571914635937e-01,2.068748864923745934e-02,5.110786394207734418e+01,1.187809225505493255e-01,9.928705127301833411e-01,-9.961796471685161608e-03,5.652711800960240396e+00,-1.935895917678388811e-02,1.234667060981309988e-02,9.997363604593184627e-01,-9.851274680439220388e-02,0.000000000000000000e+00,0.000000000000000000e+00,0.000000000000000000e+00,1.000000000000000056e-01
9.926508092953060247e-01,-1.192834184977724366e-01,2.039207877729141971e-02,5.204994383679265013e+01,1.195593550287157025e-01,9.927433658793446414e-01,-1.289069926991002514e-02,5.770361712013606592e+00,-1.870645424690342562e-02,1.523402684896632032e-02,9.997089541438916038e-01,-9.878719782005099259e-02,0.000000000000000000e+00,0.000000000000000000e+00,0.000000000000000000e+00,1.000000000000000056e-01
9.928319976041088957e-01,-1.179807536973290494e-01,1.910932469882001272e-02,5.303157658598907176e+01,1.182545316908686084e-01,9.928861662859425063e-01,-1.388979958735962403e-02,5.895530977758534519e+00,-1.733465511650313789e-02,1.605000171382668997e-02,9.997209146441711214e-01,-8.937290223851394877e-02,0.000000000000000000e+00,0.000000000000000000e+00,0.000000000000000000e+00,1.000000000000000056e-01
9.926476287771844875e-01,-1.194676053413295386e-01,1.944675698005339168e-02,5.399554763641141619e+01,1.197383786739336237e-01,9.927149376141026771e-01,-1.340795697956514120e-02,6.026101232959485188e+00,-1.770326962938210610e-02,1.563789985376943387e-02,9.997209862419578208e-01,-9.245755470449097679e-02,0.000000000000000000e+00,0.000000000000000000e+00,0.000000000000000000e+00,1.000000000000000056e-01
9.924991359262783641e-01,-1.200859573328686564e-01,2.290912562799377744e-02,5.493362980602395140e+01,1.204468157690674196e-01,9.926052805389349309e-01,-1.507718864094620762e-02,6.144615818999658252e+00,-2.092916043904018836e-02,1.772342793228199806e-02,9.996238544300781736e-01,-9.086688348324760411e-02,0.000000000000000000e+00,0.000000000000000000e+00,0.000000000000000000e+00,1.000000000000000056e-01
9.922206846109659084e-01,-1.215846503834473735e-01,2.674482793515193385e-02,5.588251377096460715e+01,1.219754843219100215e-01,9.924413446708804099e-01,-1.349661484558962142e-02,6.260239715582931019e+00,-2.490169180159244877e-02,1.665383376251776751e-02,9.995511770621997583e-01,-8.260779259290318421e-02,0.000000000000000000e+00,0.000000000000000000e+00,0.000000000000000000e+00,1.000000000000000056e-01
9.919953542626963605e-01,-1.233628441468084258e-01,2.695970706884414508e-02,5.684377616195556726e+01,1.237010383527155644e-01,9.922557293240937826e-01,-1.125258787882539059e-02,6.386664939195664914e+00,-2.536277255521607321e-02,1.449745865732858345e-02,9.995731856451489650e-01,-9.042488595364993331e-02,0.000000000000000000e+00,0.000000000000000000e+00,0.000000000000000000e+00,1.000000000000000056e-01
9.917299215892700914e-01,-1.259750651149889322e-01,2.453661740775450392e-02,5.773542085864677631e+01,1.262909154726283567e-01,9.919233861941932906e-01,-1.177287518538472702e-02,6.505812021028075876e+00,-2.285535590678175813e-02,1.477426445950880476e-02,9.996296083130264964e-01,-9.579448001231283261e-02,0.000000000000000000e+00,0.000000000000000000e+00,0.000000000000000000e+00,1.000000000000000056e-01
9.914194956319274388e-01,-1.294732188276641605e-01,1.800192454540486958e-02,5.860594742327757700e+01,1.297145205365657361e-01,9.914668286997149194e-01,-1.294877407706825426e-02,6.629271910405994284e+00,-1.617179157989388077e-02,1.517277807568141040e-02,9.997540997478142621e-01,-1.025301530465975164e-01,0.000000000000000000e+00,0.000000000000000000e+00,0.000000000000000000e+00,1.000000000000000056e-01
9.913077484618075808e-01,-1.307155904830940851e-01,1.491248618566339522e-02,5.953569075222264928e+01,1.309274104215903678e-01,9.912896979962374511e-01,-1.423895525748907452e-02,6.739938729378028626e+00,-1.292134048301428993e-02,1.606763987598655921e-02,9.997874123577159544e-01,-1.014964463809850392e-01,0.000000000000000000e+00,0.000000000000000000e+00,0.000000000000000000e+00,1.000000000000000056e-01
9.913441050655892317e-01,-1.303830737845391441e-01,1.539868248264499376e-02,6.043183450224355369e+01,1.305602576561305794e-01,9.913780164008869633e-01,-1.111969953764431474e-02,6.872546646479634980e+00,-1.381609468955309269e-02,1.303390453924332601e-02,9.998196001579441328e-01,-1.052995090573107806e-01,0.000000000000000000e+00,0.000000000000000000e+00,0.000000000000000000e+00,1.000000000000000056e-01
9.911571320544649843e-01,-1.316661561109523648e-01,1.647916601452175181e-02,6.134875161120341147e+01,1.318186828804703004e-01,9.912371005351523490e-01,-8.534949696534663288e-03,7.001166383964451789e+00,-1.521099672032890336e-02,1.063173822244928984e-02,9.998277810308850988e-01,-9.886776759105338208e-02,0.000000000000000000e+00,0.000000000000000000e+00,0.000000000000000000e+00,1.000000000000000056e-01
9.911527283291279300e-01,-1.312721900380177942e-01,1.959288769805388880e-02,6.223342384902471025e+01,1.314276753292382971e-01,9.913019874257499309e-01,-6.865557756702731287e-03,7.124451368601095069e+00,-1.852121171193547855e-02,9.379863985199172680e-03,9.997844682071935773e-01,-9.420814573717392615e-02,0.000000000000000000e+00,0.000000000000000000e+00,0.000000000000000000e+00,1.000000000000000056e-01
9.909892801166532150e-01,-1.324071057293053633e-01,2.021398145506992858e-02,6.304215177981164686e+01,1.325433800260409356e-01,9.911616572443192608e-01,-5.551722252325520107e-03,7.241063092160782588e+00,-1.930023588326964731e-02,8.180926664078349425e-03,9.997802625246045016e-01,-9.483175974892962823e-02,0.000000000000000000e+00,0.000000000000000000e+00,0.000000000000000000e+00,1.000000000000000056e-01
9.906149098168424150e-01,-1.352786173684674964e-01,1.953960417830885934e-02,6.385141309715837110e+01,1.353895154509549281e-01,9.907823996023370494e-01,-4.462705926964547626e-03,7.359754699021928914e+00,-1.875578722754287289e-02,7.066280571183762918e-03,9.997991238865757690e-01,-9.729456266830183164e-02,0.000000000000000000e+00,0.000000000000000000e+00,0.000000000000000000e+00,1.000000000000000056e-01
9.899780001957451114e-01,-1.397834705333517447e-01,2.010324585943747133e-02,6.464266160446480569e+01,1.398968880799361936e-01,9.901565497013600226e-01,-4.343706832642273835e-03,7.476570091068779789e+00,-1.929818214193258774e-02,7.112555739656956783e-03,9.997884734867006351e-01,-9.747082932099696007e-02,0.000000000000000000e+00,0.000000000000000000e+00,0.000000000000000000e+00,1.000000000000000056e-01
9.898930684188687046e-01,-1.406300340283276884e-01,1.830045424213375127e-02,6.543191859407744460e+01,1.407614458712000416e-01,9.900247737060883235e-01,-6.096130285511515423e-03,7.580163458981328262e+00,-1.726060406029449046e-02,8.610515513028670770e-03,9.998139479773592297e-01,-9.607272328410076945e-02,0.000000000000000000e+00,0.000000000000000000e+00,0.000000000000000000e+00,1.000000000000000056e-01
9.898871928991551661e-01,-1.404152428302735123e-01,2.017188427356464767e-02,6.618270897514456408e+01,1.405490105682328239e-01,9.900591744980524744e-01,-5.367179941607362961e-03,7.693530993232697845e+00,-1.921772521714109130e-02,8.148041062128770842e-03,9.997821204964251196e-01,-9.150737352918247858e-02,0.000000000000000000e+00,0.000000000000000000e+00,0.000000000000000000e+00,1.000000000000000056e-01
9.896731041029963594e-01,-1.415236023316092384e-01,2.276438003162730220e-02,6.697257035256821212e+01,1.416434240997637428e-01,9.899107092378898187e-01,-3.732043064116303405e-03,7.819219696761106952e+00,-2.200653140397860683e-02,6.917927379098017665e-03,9.997338920214434710e-01,-9.125293570477219229e-02,0.000000000000000000e+00,0.000000000000000000e+00,0.000000000000000000e+00,1.000000000000000056e-01
9.895839112248325797e-01,-1.418546205883431111e-01,2.451426651360063061e-02,6.771139334755824279e+01,1.419492731086358372e-01,9.898715848375030379e-01,-2.156245630706476839e-03,7.932729687707356092e+00,-2.396010243910764656e-02,5.613568297192953610e-03,9.996971548134365726e-01,-9.574948162893094639e-02,0.000000000000000000e+00,0.000000000000000000e+00,0.000000000000000000e+00,1.000000000000000056e-01
9.893348304972882090e-01,-1.432051471081086658e-01,2.662478181407150826e-02,6.839143738869294964e+01,1.432549144095691673e-01,9.896858228794079837e-01,3.858777013595660922e-05,8.038739726758763027e+00,-2.635569506594295439e-02,3.775954614921543141e-03,9.996454969159502824e-01,-9.561259736727187319e-02,0.000000000000000000e+00,0.000000000000000000e+00,0.000000000000000000e+00,1.000000000000000056e-01
9.894337266220653015e-01,-1.432434779608355857e-01,2.240996752464689823e-02,6.907122608880411008e+01,1.432010921393868652e-01,9.896874481104744881e-01,3.493173723655034792e-03,8.148713561339722133e+00,-2.267923792500414759e-02,-2.471320707966488759e-04,9.997427624608645758e-01,-9.820045725948814419e-02,0.000000000000000000e+00,0.000000000000000000e+00,0.000000000000000000e+00,1.000000000000000056e-01
9.896393513637998796e-01,-1.426697817821698244e-01,1.610240970989982104e-02,6.976232963294417289e+01,1.426473357463325375e-01,9.897703200419343261e-01,2.539915069437076976e-03,8.259422648886255658e+00,-1.630005634071573020e-02,-2.166340576237656221e-04,9.998671217881777151e-01,-1.013935493178410585e-01,0.000000000000000000e+00,0.000000000000000000e+00,0.000000000000000000e+00,1.000000000000000056e-01
9.899317635190739706e-01,-1.412046093894697985e-01,9.816407855396730095e-03,7.049580857773193543e+01,1.411906947571706927e-01,9.899801909434027269e-01,2.099822290424317728e-03,8.364822041617113513e+00,-1.001455390937064198e-02,-6.926953379131938534e-04,9.999496131721663517e-01,-9.944531050704330521e-02,0.000000000000000000e+00,0.000000000000000000e+00,0.000000000000000000e+00,1.000000000000000056e-01
9.898337313808409643e-01,-1.419219507312824702e-01,9.345807686266792771e-03,7.120650046035059688e+01,1.418975945031978048e-01,9.898760959158690032e-01,3.222950288683474294e-03,8.474021104042025243e+00,-9.708599017742203588e-03,-1.864037280931767245e-03,9.999511330410741916e-01,-9.520069853169471630e-02,0.000000000000000000e+00,0.000000000000000000e+00,0.000000000000000000e+00,1.000000000000000056e-01
9.895963683286128632e-01,-1.433807955700491521e-01,1.187329998442987304e-02,7.187208452444626516e+01,1.433301782783313050e-01,9.896622248797394272e-01,5.014044354197023760e-03,8.581688977307557309e+00,-1.246947414778372572e-02,-3.260077880031517390e-03,9.999169386037491947e-01,-8.464723035040948307e-02,0.000000000000000000e+00,0.000000000000000000e+00,0.000000000000000000e+00,1.000000000000000056e-01
9.893317034184220260e-01,-1.450607933392493443e-01,1.342187941351908644e-02,7.248889991963254431e+01,1.450242400735571591e-01,9.894213221377710088e-01,3.662934647591431503e-03,8.673045028424001046e+00,-1.381124188082722033e-02,-1.677359512107461483e-03,9.999032133475601603e-01,-7.579069900993042064e-02,0.000000000000000000e+00,0.000000000000000000e+00,0.000000000000000000e+00,1.000000000000000056e-01
9.895652043784461949e-01,-1.436902427583314767e-01,1.066866530995642069e-02,7.305736642932035352e+01,1.436943470728643812e-01,9.896220422613434264e-01,3.848243639209343765e-04,8.747824084603314176e+00,-1.061324185851294198e-02,1.152218095519881276e-03,9.999430141216614221e-01,-7.328420758691989167e-02,0.000000000000000000e+00,0.000000000000000000e+00,0.000000000000000000e+00,1.000000000000000056e-01
9.897987608868074050e-01,-1.422449492884887978e-01,8.049058880141801015e-03,7.368724719465436124e+01,1.423006701233286986e-01,9.897999013575946581e-01,-6.831877849281809030e-03,8.827038815627998858e+00,-6.995157567369584585e-03,7.907570702255468237e-03,9.999442674950421717e-01,-5.770248836364211265e-02,0.000000000000000000e+00,0.000000000000000000e+00,0.000000000000000000e+00,1.000000000000000056e-01
9.902562883240704217e-01,-1.392002471280299469e-01,3.971729362743323458e-03,7.428992561452000132e+01,1.392355188619623096e-01,9.902012248383259552e-01,-1.072402051095005041e-02,8.910774003067553295e+00,-2.440024974384473119e-03,1.117253454568545648e-02,9.999346082369335864e-01,-4.728212252027675505e-02,0.000000000000000000e+00,0.000000000000000000e+00,0.000000000000000000e+00,1.000000000000000056e-01
9.909716750640410465e-01,-1.340329004066397045e-01,3.212604761326644937e-03,7.486777531153298071e+01,1.340570502157632793e-01,9.909316599326983832e-01,-9.118806417252565966e-03,8.984461374376905951e+00,-1.961251696498062143e-03,9.467151187702069204e-03,9.999532621778740582e-01,-3.762361732778780887e-02,0.000000000000000000e+00,0.000000000000000000e+00,0.000000000000000000e+00,1.000000000000000056e-01
9.917584996803451292e-01,-1.280415844757904764e-01,4.520061583648282179e-03,7.544205868946154681e+01,1.280772944562063864e-01,9.917253830342475096e-01,-8.773328350932590655e-03,9.077060807489232275e+00,-3.359308942202197425e-03,9.279940220933048309e-03,9.999512976905059469e-01,-4.194990416308723435e-02,0.000000000000000000e+00,0.000000000000000000e+00,0.000000000000000000e+00,1.000000000000000056e-01
9.926014177023553264e-01,-1.212772297084848544e-01,5.853129890040076680e-03,7.599504938302150947e+01,1.213302846640810367e-01,9.925641038324355403e-01,-9.770455805501374741e-03,9.128716797678906758e+00,-4.624672810842080789e-03,1.040833019987327801e-02,9.999351374283449445e-01,-3.313149918747036043e-02,0.000000000000000000e+00,0.000000000000000000e+00,0.000000000000000000e+00,1.000000000000000056e-01
9.937644029244124821e-01,-1.111214347349621101e-01,9.183584416202724907e-03,7.656829007863696290e+01,1.112427257204190445e-01,9.936951743742303833e-01,-1.396267881387969374e-02,9.189930946126594336e+00,-7.574130615297261157e-03,1.489722013704245125e-02,9.998603429367578510e-01,-2.074976236179629230e-02,0.000000000000000000e+00,0.000000000000000000e+00,0.000000000000000000e+00,1.000000000000000056e-01
9.947433213191555490e-01,-1.016557615546676424e-01,1.232196549563949368e-02,7.712201411790940142e+01,1.018645947216907238e-01,9.946406970350115673e-01,-1.770559640034831406e-02,9.227944072682007004e+00,-1.045605246356723882e-02,1.886769579060693786e-02,9.997673134396984906e-01,-1.146713895789539667e-02,0.000000000000000000e+00,0.000000000000000000e+00,0.000000000000000000e+00,1.000000000000000056e-01
9.958960709170556758e-01,-8.969745109093631152e-02,1.205749558407576832e-02,7.761186225622317636e+01,8.985934765386797973e-02,9.958611743858284404e-01,-1.363154393675988785e-02,9.273581457840412767e+00,-1.078487696694816617e-02,1.465907973467682826e-02,9.998343851909375912e-01,8.673935073060649349e-04,0.000000000000000000e+00,0.000000000000000000e+00,0.000000000000000000e+00,1.000000000000000056e-01
9.970893925298115468e-01,-7.567485342323396202e-02,9.276845579368898920e-03,7.810447006427573058e+01,7.576114485877030735e-02,9.970823210164894146e-01,-9.332419089321987091e-03,9.313604090335751096e+00,-8.543549275320069802e-03,1.000808052237668784e-02,9.999134192969098001e-01,-2.493460538631839078e-03,0.000000000000000000e+00,0.000000000000000000e+00,0.000000000000000000e+00,1.000000000000000056e-01
9.981570763909219934e-01,-5.988704629281375869e-02,9.797578121636424386e-03,7.860377359350106019e+01,5.992476158122232721e-02,9.981963977582702929e-01,-3.602006641673778826e-03,9.339750271743854526e+00,-9.564193649275777587e-03,4.182485951606244867e-03,9.999455150212454013e-01,2.794486903020974942e-03,0.000000000000000000e+00,0.000000000000000000e+00,0.000000000000000000e+00,1.000000000000000056e-01
9.992887635279272818e-01,-3.597031066795444015e-02,1.131829657134936218e-02,7.909961805658517164e+01,3.602109986049862461e-02,9.993417100395767250e-01,-4.315893883617157208e-03,9.358536315387368631e+00,-1.115560180654371486e-02,4.720521753524847645e-03,9.999266319199165975e-01,1.293557319473760854e-02,0.000000000000000000e+00,0.000000000000000000e+00,0.000000000000000000e+00,1.000000000000000056e-01
9.998760889472847468e-01,-1.079464514340392096e-02,1.145785266572351205e-02,7.960030912665210678e+01,1.089470698608707190e-02,9.999027433972318413e-01,-8.706842503277710532e-03,9.381414589785201485e+00,-1.136275103875583614e-02,8.830593576740118633e-03,9.998964488915408344e-01,1.497063503155980115e-02,0.000000000000000000e+00,0.000000000000000000e+00,0.000000000000000000e+00,1.000000000000000056e-01
9.997773387083093155e-01,1.696160551673327188e-02,1.255296553110794681e-02,8.007963441159938611e+01,-1.687042508892870607e-02,9.998307844133783595e-01,-7.334255016516090173e-03,9.381564477714933403e+00,-1.267524211403102917e-02,7.120848097184063683e-03,9.998943102947068784e-01,2.469455366438948890e-02,0.000000000000000000e+00,0.000000000000000000e+00,0.000000000000000000e+00,1.000000000000000056e-01
9.987231942123998563e-01,4.894549995125407893e-02,1.250277476014202346e-02,8.056964790398939158e+01,-4.883991902859657896e-02,9.987694652973355680e-01,-8.614957861452084489e-03,9.353441269114121326e+00,-1.290905308150783193e-02,7.993323726476533539e-03,9.998847249179990682e-01,2.494035727930269536e-02,0.000000000000000000e+00,0.000000000000000000e+00,0.000000000000000000e+00,1.000000000000000056e-01
