1.000000000000000000e+00,-1.118088847368662036e-13,4.390412253410340388e-14,6.188947232725032308e-21,1.118088847368665823e-13,1.000000000000000000e+00,-8.600758905515519767e-15,2.620232947748820148e-20,-4.390412253410244463e-14,8.600758905520429638e-15,1.000000000000000000e+00,-1.368202643622860522e-20,0.000000000000000000e+00,0.000000000000000000e+00,0.000000000000000000e+00,1.000000000000000056e-01
9.999970979147533301e-01,-2.266495818283026289e-03,-8.167978800459057978e-04,6.462950337417189273e-01,2.265304334749464795e-03,9.999963731898142694e-01,-1.456709816220327913e-03,1.709475484912248780e-02,8.200965443819499762e-04,1.454855292945979664e-03,9.999986054178947592e-01,6.593483854036026603e-03,0.000000000000000000e+00,0.000000000000000000e+00,0.000000000000000000e+00,1.000000000000000056e-01
9.999758303658876635e-01,-6.895642903103715513e-03,-8.881401951606359606e-04,1.299010191265636660e+00,6.894973482055194794e-03,9.999759446683358366e-01,-7.546027771012013639e-04,1.889584241612740287e-02,8.933223019382572705e-04,7.484608355341987405e-04,9.999993208905906261e-01,1.042916895231245193e-02,0.000000000000000000e+00,0.000000000000000000e+00,0.000000000000000000e+00,1.000000000000000056e-01
9.999237794627400255e-01,-1.193640745391826366e-02,-3.155541481868735874e-03,2.001015354286333814e+00,1.193595836206644972e-02,9.999287509320573530e-01,-1.611131110559303216e-04,2.351829496123820917e-02,3.157239764219030558e-03,1.234364191906873315e-04,9.999950082878021895e-01,1.659118049593623356e-02,0.000000000000000000e+00,0.000000000000000000e+00,0.000000000000000000e+00,1.000000000000000056e-01
9.998456286640714508e-01,-1.707141211029163802e-02,-4.157611081909217549e-03,2.705494402425026035e+00,1.706792976970784859e-02,9.998539523519729411e-01,-8.716303774619919755e-04,3.301896786705230818e-02,4.171883833970796429e-03,8.005340087604015734e-04,9.999909772245830775e-01,1.898335194328315198e-02,0.000000000000000000e+00,0.000000000000000000e+00,0.000000000000000000e+00,1.000000000000000056e-01
9.997468964443002593e-01,-2.212939181133224964e-02,-4.053772076736602073e-03,3.417110375929461430e+00,2.212822428816297454e-02,9.997550855286614357e-01,-3.326400931991678792e-04,3.937010888551228244e-02,4.060140372246064111e-03,2.428531230816911748e-04,9.999917281070470620e-01,3.633480733608802915e-02,0.000000000000000000e+00,0.000000000000000000e+00,0.000000000000000000e+00,1.000000000000000056e-01
9.996154030046001671e-01,-2.738624475178446857e-02,-4.363447529885494322e-03,4.159164068161735450e+00,2.739231953939076300e-02,9.996238638027993284e-01,1.338561247947372317e-03,6.777610381920644300e-02,4.325148113373377540e-03,-1.457571390345241977e-03,9.999895842354756814e-01,4.717198435705621806e-02,0.000000000000000000e+00,0.000000000000000000e+00,0.000000000000000000e+00,1.000000000000000056e-01
9.994664647105064859e-01,-3.231971597036381594e-02,-4.714008769284610406e-03,4.927043496505781661e+00,3.233577430156926724e-02,9.994713772602126234e-01,3.371014371339367110e-03,1.001082412910221375e-01,4.602566610039906386e-03,-3.521646939830073379e-03,9.999832070507140847e-01,5.711967848115054314e-02,0.000000000000000000e+00,0.000000000000000000e+00,0.000000000000000000e+00,1.000000000000000056e-01
9.993097671555066785e-01,-3.688038695962310431e-02,-4.452676197022448733e-03,5.697602318085914774e+00,3.689777106485586655e-02,9.993114847803287182e-01,3.887271096839826391e-03,1.416076323216769461e-01,4.306246399424119332e-03,-4.048881801597005621e-03,9.999825312464734051e-01,6.517072805135493141e-02,0.000000000000000000e+00,0.000000000000000000e+00,0.000000000000000000e+00,1.000000000000000056e-01
9.991994729289618293e-01,-3.995790182051900397e-02,-1.944062907061134627e-03,6.491116754876013140e+00,3.996602650806965751e-02,9.991916261194503379e-01,4.337167039074382897e-03,1.838510918983600195e-01,1.769187282658395794e-03,-4.411391489124950362e-03,9.999887047369527826e-01,7.641336948901725212e-02,0.000000000000000000e+00,0.000000000000000000e+00,0.000000000000000000e+00,1.000000000000000056e-01
9.990592604031113266e-01,-4.336505762225889571e-02,-2.568661253811307336e-04,7.288510160654985803e+00,4.336553741111470739e-02,9.990565834179353510e-01,2.318036739818591253e-03,2.203260189954814319e-01,1.561019968263291239e-04,-2.326995208440264720e-03,9.999972803590350123e-01,8.320135430860965686e-02,0.000000000000000000e+00,0.000000000000000000e+00,0.000000000000000000e+00,1.000000000000000056e-01
9.989371428930505781e-01,-4.609060875230203136e-02,4.902382188263156200e-04,8.096948865437074261e+00,4.608912704643494673e-02,9.989336958296504143e-01,2.695126010593062831e-03,2.712315441771576685e-01,-6.139354742615138732e-04,-2.669666825208075710e-03,9.999962479740990284e-01,9.759242271947472791e-02,0.000000000000000000e+00,0.000000000000000000e+00,0.000000000000000000e+00,1.000000000000000056e-01
9.988151592161662595e-01,-4.866463045700465673e-02,-1.773766267630688849e-04,8.927478362039435567e+00,4.866486821158810816e-02,9.988136021596217828e-01,1.765996282441335222e-03,3.059547330205150129e-01,9.122463104269199754e-05,-1.772535868187040484e-03,9.999984248960908095e-01,1.009915547778824918e-01,0.000000000000000000e+00,0.000000000000000000e+00,0.000000000000000000e+00,1.000000000000000056e-01
9.987078664193814737e-01,-5.080958554740871991e-02,-9.917502445246058687e-04,9.700704767522397631e+00,5.081167793756836970e-02,9.987058007585210007e-01,2.212897749579058240e-03,3.768611591051509446e-01,8.780303045955001025e-04,-2.260430884105640598e-03,9.999970597531786520e-01,1.185622125558821877e-01,0.000000000000000000e+00,0.000000000000000000e+00,0.000000000000000000e+00,1.000000000000000056e-01
9.985770882655339298e-01,-5.331362104587661355e-02,-1.206897719222988418e-03,1.050317289123342945e+01,5.331401040865024754e-02,9.985777539033574568e-01,2.927515533975781452e-04,4.394116832485435720e-01,1.189573568274346392e-03,-3.566795513417961565e-04,9.999992288469142787e-01,1.270778760472679736e-01,0.000000000000000000e+00,0.000000000000000000e+00,0.000000000000000000e+00,1.000000000000000056e-01
9.984431137168364723e-01,-5.576923440513886776e-02,-1.068253384305318165e-03,1.131010709524077029e+01,5.576906504196831038e-02,9.984436770054553323e-01,-1.877023460197577273e-04,4.967650792668553139e-01,1.077058853132894069e-03,1.278346223412958843e-04,9.999994118010950839e-01,1.503501074540145865e-01,0.000000000000000000e+00,0.000000000000000000e+00,0.000000000000000000e+00,1.000000000000000056e-01
9.982861282767020450e-01,-5.848519253013659269e-02,-2.070831964426541640e-03,1.216418239958138869e+01,5.848577748695570067e-02,9.982882169505256087e-01,2.230010910486697581e-04,5.461663551637725433e-01,2.054244887627114380e-03,-3.437331132687828999e-04,9.999978309603918536e-01,1.549262078275996657e-01,0.000000000000000000e+00,0.000000000000000000e+00,0.000000000000000000e+00,1.000000000000000056e-01
9.981981106715533958e-01,-5.989049106689074004e-02,-3.696069737958114498e-03,1.304150606750792285e+01,5.990344352401646283e-02,9.981980431190393688e-01,3.499166655831224999e-03,6.073789134508315035e-01,3.479842770318668579e-03,-3.714268849584226491e-03,9.999870473667180626e-01,1.697353907053800182e-01,0.000000000000000000e+00,0.000000000000000000e+00,0.000000000000000000e+00,1.000000000000000056e-01
9.983668984046309980e-01,-5.697619588718504102e-02,-4.153224306776692222e-03,1.392821233718934515e+01,5.700559119465704871e-02,9.983468704343331224e-01,7.340903658308278734e-03,6.695236326282442141e-01,3.728101724057587916e-03,-7.565672223804269236e-03,9.999644302980666977e-01,1.875830208454334347e-01,0.000000000000000000e+00,0.000000000000000000e+00,0.000000000000000000e+00,1.000000000000000056e-01
9.975289403894345153e-01,-7.011971267095251648e-02,-4.386226222519652024e-03,1.488594223378040304e+01,7.014136581124361114e-02,9.975245580779150689e-01,4.994480312660893630e-03,7.611632865363148204e-01,4.025156849784168600e-03,-5.289794552089132663e-03,9.999779078489341444e-01,1.915899295527246082e-01,0.000000000000000000e+00,0.000000000000000000e+00,0.000000000000000000e+00,1.000000000000000056e-01
9.972744620021292139e-01,-7.371060561411525713e-02,-3.223981756165567557e-03,1.582627542026042455e+01,7.371402372486444976e-02,9.972789638980174010e-01,9.543965564498915234e-04,8.417307004637266665e-01,3.144860037242960642e-03,-1.189447980032769074e-03,9.999943475184491781e-01,1.890874097352086836e-01,0.000000000000000000e+00,0.000000000000000000e+00,0.000000000000000000e+00,1.000000000000000056e-01
9.970695686327119001e-01,-7.648656007729787154e-02,-1.442717616051434303e-03,1.673085151335869369e+01,7.648965654950923287e-02,9.970678824977849963e-01,2.229379357867713411e-03,9.258597590554041856e-01,1.267969840288019588e-03,-2.333199289617534592e-03,9.999964742105639237e-01,2.048245168251624504e-01,0.000000000000000000e+00,0.000000000000000000e+00,0.000000000000000000e+00,1.000000000000000056e-01
9.970262561871457985e-01,-7.705450092896264092e-02,-1.117300332272908297e-03,1.760297599187294892e+01,7.705637692160992314e-02,9.970252078288125430e-01,1.746347510654759237e-03,1.001526785650962426e+00,9.794126601095588455e-04,-1.827249436088117631e-03,9.999978509528605342e-01,2.213464579130281773e-01,0.000000000000000000e+00,0.000000000000000000e+00,0.000000000000000000e+00,1.000000000000000056e-01
9.969716724013181208e-01,-7.774271404188759504e-02,-1.885429054659341170e-03,1.850193229025690300e+01,7.774441269713000535e-02,9.969729647285938690e-01,8.449228699775846677e-04,1.074989506647762383e+00,1.814035197341035089e-03,-9.889457412682693942e-04,9.999978656290340329e-01,2.241815671234065332e-01,0.000000000000000000e+00,0.000000000000000000e+00,0.000000000000000000e+00,1.000000000000000056e-01
9.968034154029029592e-01,-7.989230452568039931e-02,-4.131811752376485431e-04,1.941986031228545428e+01,7.989231288956359645e-02,9.968035003585641318e-01,3.751002917021657420e-06,1.150979103431986061e+00,4.115607654918299681e-04,-3.674901225103727165e-05,9.999999146336195910e-01,2.341743213260938372e-01,0.000000000000000000e+00,0.000000000000000000e+00,0.000000000000000000e+00,1.000000000000000056e-01
9.966382644779830935e-01,-8.192097984634949537e-02,1.059641131572935328e-03,2.034523862882195644e+01,8.192334653539998235e-02,9.966356813822274674e-01,-2.425672736348016660e-03,1.214467047125032950e+00,-8.573626738376216279e-04,2.504327613770460439e-03,9.999964966300873837e-01,2.501924708831348432e-01,0.000000000000000000e+00,0.000000000000000000e+00,0.000000000000000000e+00,1.000000000000000056e-01
9.966627771569865901e-01,-8.152744601141971581e-02,4.072367441406351055e-03,2.127860474575811267e+01,8.153433934009364503e-02,9.966693182986091637e-01,-1.556107502752463725e-03,1.304093315494995853e+00,-3.931938211269301806e-03,1.882952214133267995e-03,9.999904971312787438e-01,2.525129992254341871e-01,0.000000000000000000e+00,0.000000000000000000e+00,0.000000000000000000e+00,1.000000000000000056e-01
9.967815644154471855e-01,-7.981873588111342011e-02,7.448640401757528583e-03,2.224176765872839212e+01,7.983320480154133814e-02,9.968068449123285157e-01,-1.665336916132180217e-03,1.394258760017255572e+00,-7.291930650300599247e-03,2.254625971227575045e-03,9.999708717803339475e-01,2.641830198727734835e-01,0.000000000000000000e+00,0.000000000000000000e+00,0.000000000000000000e+00,1.000000000000000056e-01
9.969405338242112169e-01,-7.754435670957965376e-02,9.820629348178563228e-03,2.321438602338037072e+01,7.755614074221081622e-02,9.969876456775937923e-01,-8.242568913840457763e-04,1.471444465633506393e+00,-9.727129662507015551e-03,1.583385217209118401e-03,9.999514367406963089e-01,2.668885304195786623e-01,0.000000000000000000e+00,0.000000000000000000e+00,0.000000000000000000e+00,1.000000000000000056e-01
9.970943414379902503e-01,-7.545669026831280934e-02,1.044806996972971226e-02,2.413416823124067534e+01,7.547970621623101284e-02,9.971456665640950900e-01,-1.825815422738545288e-03,1.557095915220429783e+00,-1.028047770543374755e-02,2.609127478364639714e-03,9.999437505339736632e-01,2.643426639707282533e-01,0.000000000000000000e+00,0.000000000000000000e+00,0.000000000000000000e+00,1.000000000000000056e-01
9.971769286687338640e-01,-7.462876044164305778e-02,8.289815784127633341e-03,2.507453504595861205e+01,7.464969145357065738e-02,9.972072934656706078e-01,-2.244420806921913411e-03,1.633394421357655668e+00,-8.099166418688897445e-03,2.856916837378662213e-03,9.999631200846892387e-01,2.712718732363690877e-01,0.000000000000000000e+00,0.000000000000000000e+00,0.000000000000000000e+00,1.000000000000000056e-01
9.973966895837436120e-01,-7.193052816652829862e-02,5.083574045273194474e-03,2.600546179468262764e+01,7.195092672866669481e-02,9.974003501509909331e-01,-3.950400178058862538e-03,1.708067279639660541e+00,-4.786204161497051475e-03,4.305883923778144190e-03,9.999792755919291176e-01,2.724624174965599166e-01,0.000000000000000000e+00,0.000000000000000000e+00,0.000000000000000000e+00,1.000000000000000056e-01
9.974646135694228422e-01,-7.109978753103850246e-02,3.027356907133491731e-03,2.695864071161683739e+01,7.111196644038360326e-02,9.974598074240444978e-01,-4.125627536492824758e-03,1.778926451243818319e+00,-2.726335596316381560e-03,4.330448779202325689e-03,9.999869070680810212e-01,2.798479478800782183e-01,0.000000000000000000e+00,0.000000000000000000e+00,0.000000000000000000e+00,1.000000000000000056e-01
9.973796040157293374e-01,-7.219658359804852210e-02,4.645299796242919992e-03,2.792729009573806565e+01,7.222213603366779699e-02,9.973729043243767522e-01,-5.590419151722810648e-03,1.849839379891576652e+00,-4.229486985600748768e-03,5.911263513628670779e-03,9.999735838528490683e-01,2.874405939465806692e-01,0.000000000000000000e+00,0.000000000000000000e+00,0.000000000000000000e+00,1.000000000000000056e-01
9.975232704770704562e-01,-6.988283401318740040e-02,7.982127975341615084e-03,2.892192928831863341e+01,6.995799061640978200e-02,9.975041295609610170e-01,-9.559867035884775724e-03,1.919502396683093082e+00,-7.294135016830457369e-03,1.009460346495964951e-02,9.999224442801758483e-01,2.928164273486675850e-01,0.000000000000000000e+00,0.000000000000000000e+00,0.000000000000000000e+00,1.000000000000000056e-01
9.973755917959031825e-01,-7.135355834522758012e-02,1.227186217515537948e-02,2.986652791678584151e+01,7.150017958211957181e-02,9.973689388940806255e-01,-1.195508465132278687e-02,1.973254514202362975e+00,-1.138653632569882994e-02,1.280114997841381476e-02,9.998532279038427895e-01,2.985417697194596154e-01,0.000000000000000000e+00,0.000000000000000000e+00,0.000000000000000000e+00,1.000000000000000056e-01
9.974129473969189918e-01,-7.082583773087935963e-02,1.229280581112807309e-02,3.077262621290012845e+01,7.106000222174133074e-02,9.972756971381475655e-01,-1.979040125586039450e-02,2.019397213911650280e+00,-1.085764473710005944e-02,2.061272925502560111e-02,9.997285766363898096e-01,3.131669822562450078e-01,0.000000000000000000e+00,0.000000000000000000e+00,0.000000000000000000e+00,1.000000000000000056e-01
9.973904271391298426e-01,-7.158098303702219167e-02,9.407375759355643408e-03,3.171193960235359199e+01,7.177458106790045311e-02,9.971744853376215412e-01,-2.216879122047651224e-02,2.083985144055855443e+00,-7.793931212908864620e-03,2.278615059862533487e-02,9.997099809330429743e-01,3.091376269361753581e-01,0.000000000000000000e+00,0.000000000000000000e+00,0.000000000000000000e+00,1.000000000000000056e-01
9.974371601172110635e-01,-7.118684671158354016e-02,7.179447929645471974e-03,3.269091478082260238e+01,7.133540228965790098e-02,9.971836467397060533e-01,-2.315243086748734400e-02,2.166208419894109394e+00,-5.511079520897348150e-03,2.360524370055554558e-02,9.997061670672796607e-01,3.079774349761815744e-01,0.000000000000000000e+00,0.000000000000000000e+00,0.000000000000000000e+00,1.000000000000000056e-01
9.973975211498101734e-01,-7.185658095484523389e-02,5.900557405337519476e-03,3.365758637383947161e+01,7.197423191137175547e-02,9.971410220839508343e-01,-2.301069356064513322e-02,2.244800336778394190e+00,-4.230218077355647061e-03,2.337549680442348177e-02,9.997178058853229965e-01,3.064335108435563559e-01,0.000000000000000000e+00,0.000000000000000000e+00,0.000000000000000000e+00,1.000000000000000056e-01
9.975081685170761325e-01,-7.014226762874464782e-02,7.583932595040331938e-03,3.461264628972700308e+01,7.030568420145408282e-02,9.972365997244128089e-01,-2.400572721366059023e-02,2.301474744755192869e+00,-5.879159010773943490e-03,2.447910255685112682e-02,9.996830542863759383e-01,3.189732875539286749e-01,0.000000000000000000e+00,0.000000000000000000e+00,0.000000000000000000e+00,1.000000000000000056e-01
9.973393196769808622e-01,-7.223865905530960085e-02,9.790687623843989662e-03,3.559075827656566560e+01,7.244185200503377997e-02,9.971235128554134519e-01,-2.229076465626432871e-02,2.388522802705739245e+00,-8.152269888671317272e-03,2.294071160123237543e-02,9.997035881934661639e-01,3.145306362222071161e-01,0.000000000000000000e+00,0.000000000000000000e+00,0.000000000000000000e+00,1.000000000000000056e-01
9.973410892263651073e-01,-7.197378759439186646e-02,1.142478183971334764e-02,3.657196781139517583e+01,7.219964708709024348e-02,9.971739191187958262e-01,-2.076983364788681855e-02,2.466492552072869326e+00,-9.897610886840347080e-03,2.153947373030814724e-02,9.997190047058993612e-01,3.234580709067846893e-01,0.000000000000000000e+00,0.000000000000000000e+00,0.000000000000000000e+00,1.000000000000000056e-01
9.973894780135452720e-01,-7.108758746475488111e-02,1.268006531167782842e-02,3.757158799919380243e+01,7.133170233118354964e-02,9.972527581439594169e-01,-1.996808996376468748e-02,2.544165183200739033e+00,-1.122574676371304418e-02,2.082045347023934317e-02,9.997202065212499322e-01,3.191532004769885855e-01,0.000000000000000000e+00,0.000000000000000000e+00,0.000000000000000000e+00,1.000000000000000056e-01
9.972858724967984534e-01,-7.196048230471503715e-02,1.557489983185076504e-02,3.856317252229652581e+01,7.225620795625208037e-02,9.971985973334130948e-01,-1.933902500273460695e-02,2.612735895360479788e+00,-1.413962269943026817e-02,2.041191962423758582e-02,9.996916647682781987e-01,3.361136687464295614e-01,0.000000000000000000e+00,0.000000000000000000e+00,0.000000000000000000e+00,1.000000000000000056e-01
9.974465107259030683e-01,-6.941097657272936317e-02,1.680995454904302480e-02,3.957614417733087464e+01,6.971307836577388117e-02,9.974027494991729581e-01,-1.810640760221282619e-02,2.692379596468256864e+00,-1.550951145227815950e-02,1.923204676341068453e-02,9.996947451256316119e-01,3.325024443307379451e-01,0.000000000000000000e+00,0.000000000000000000e+00,0.000000000000000000e+00,1.000000000000000056e-01
9.974079640235269384e-01,-7.025365718006985893e-02,1.554917860428413345e-02,4.058575336242932963e+01,7.056411631127652850e-02,9.972984316320934184e-01,-2.040940355266145784e-02,2.774105118960707550e+00,-1.407333619478149181e-02,2.145371569197212364e-02,9.996707854545698879e-01,3.458292257245087487e-01,0.000000000000000000e+00,0.000000000000000000e+00,0.000000000000000000e+00,1.000000000000000056e-01
9.974612304110886951e-01,-6.993452261920338198e-02,1.342595891626527198e-02,4.159355025244734350e+01,7.015904793366178893e-02,9.973900726540683159e-01,-1.705142117697378695e-02,2.846923352290216425e+00,-1.219843513895371885e-02,1.795008404260359930e-02,9.997644685939904852e-01,3.612154205788222772e-01,0.000000000000000000e+00,0.000000000000000000e+00,0.000000000000000000e+00,1.000000000000000056e-01
9.975963533588234622e-01,-6.839406273201942277e-02,1.112510441236084710e-02,4.262631059384782617e+01,6.855582857853123602e-02,9.975363922906544945e-01,-1.487428733272402187e-02,2.920330063598438830e+00,-1.008038357843487470e-02,1.560122555294889829e-02,9.998274789323193801e-01,3.696435187682313162e-01,0.000000000000000000e+00,0.000000000000000000e+00,0.000000000000000000e+00,1.000000000000000056e-01
9.975794395800658965e-01,-6.864053375868313378e-02,1.112379667400776456e-02,4.367522069607338153e+01,6.883671909817705437e-02,9.974594536879529683e-01,-1.833423988959365786e-02,2.989919846001447112e+00,-9.837064141310202653e-03,1.905558642114123930e-02,9.997700319549621684e-01,3.785976538605261288e-01,0.000000000000000000e+00,0.000000000000000000e+00,0.000000000000000000e+00,1.000000000000000056e-01
9.975839075165268133e-01,-6.829661150036249462e-02,1.272479161425819037e-02,4.468835574577254022e+01,6.854626400079498472e-02,9.974405421862688748e-01,-2.034144770401782876e-02,3.075379953211844875e+00,-1.130297109573673124e-02,2.116453781046322841e-02,9.997121111518447734e-01,3.869273413984566368e-01,0.000000000000000000e+00,0.000000000000000000e+00,0.000000000000000000e+00,1.000000000000000056e-01
9.975775953633752025e-01,-6.827829966579691823e-02,1.330469931166113236e-02,4.567510985505384014e+01,6.854660822536827458e-02,9.974294328766047935e-01,-2.087795325822135173e-02,3.140347534946887453e+00,-1.184498754005058017e-02,2.173937041871816522e-02,9.996935010511840414e-01,3.885583981456261493e-01,0.000000000000000000e+00,0.000000000000000000e+00,0.000000000000000000e+00,1.000000000000000056e-01
9.970129825002028712e-01,-7.642824313165173800e-02,1.112817944945901881e-02,4.659094443092755711e+01,7.660567801147617761e-02,9.969248993684279858e-01,-1.650197308359665355e-02,3.196671494658832824e+00,-9.832742366820643523e-03,1.730516313297394970e-02,9.998019046323570747e-01,4.010960922609834167e-01,0.000000000000000000e+00,0.000000000000000000e+00,0.000000000000000000e+00,1.000000000000000056e-01
9.970422475661712136e-01,-7.649042785797022237e-02,7.481377834486876294e-03,4.754824708299869229e+01,7.660257625881145005e-02,9.969321713772049121e-01,-1.607143377686928026e-02,3.272215338965009490e+00,-6.229115403544528001e-03,1.659699127058789081e-02,9.998428566540110696e-01,3.967713659674432791e-01,0.000000000000000000e+00,0.000000000000000000e+00,0.000000000000000000e+00,1.000000000000000056e-01
9.971367177382828295e-01,-7.527673876583444723e-02,7.195744499666465767e-03,4.849494988335391810e+01,7.538266836378422486e-02,9.970294816921194681e-01,-1.580082108940619387e-02,3.363511125162395476e+00,-5.984935127458458105e-03,1.629801329990921213e-02,9.998492662966733668e-01,4.079311256738792357e-01,0.000000000000000000e+00,0.000000000000000000e+00,0.000000000000000000e+00,1.000000000000000056e-01
9.972526129496936953e-01,-7.350362117502586001e-02,9.189322018885321894e-03,4.946607328410812698e+01,7.364512068428898106e-02,9.971537949509524656e-01,-1.614637464913894205e-02,3.450659482529546906e+00,-7.976350318597497449e-03,1.677876303760610782e-02,9.998274105797074762e-01,4.136216413500441447e-01,0.000000000000000000e+00,0.000000000000000000e+00,0.000000000000000000e+00,1.000000000000000056e-01
9.972530482762016479e-01,-7.309197982365180091e-02,1.199667409254079331e-02,5.046502393168421463e+01,7.329075713385806157e-02,9.971646494334510669e-01,-1.706243942138804467e-02,3.540554799176652168e+00,-1.071553183792542732e-02,1.789481505133770980e-02,9.997824528224671381e-01,4.295758612132949961e-01,0.000000000000000000e+00,0.000000000000000000e+00,0.000000000000000000e+00,1.000000000000000056e-01
9.973570407976871666e-01,-7.157161086732861943e-02,1.250750531226478383e-02,5.140107904705178754e+01,7.181213149406780183e-02,9.972181592152873364e-01,-1.997400063964738237e-02,3.612327526018823676e+00,-1.104314002262749873e-02,2.081940078699693469e-02,9.997222622355226296e-01,4.397519422961203572e-01,0.000000000000000000e+00,0.000000000000000000e+00,0.000000000000000000e+00,1.000000000000000056e-01
9.974125437210079603e-01,-7.090931050924598189e-02,1.183584855816047915e-02,5.233900722910349401e+01,7.117141181456740351e-02,9.971889531882675017e-01,-2.342694558854199749e-02,3.682220711022640369e+00,-1.014138887478577972e-02,2.420870344298901161e-02,9.996554861097396438e-01,4.434438717969300114e-01,0.000000000000000000e+00,0.000000000000000000e+00,0.000000000000000000e+00,1.000000000000000056e-01
9.974212257969771178e-01,-7.089306817020689377e-02,1.118352426876155666e-02,5.332325086553513671e+01,7.116594928479873239e-02,9.971189264394214602e-01,-2.625365114967972979e-02,3.759689317386744278e+00,-9.290101832005662544e-03,2.698183503229577285e-02,9.995927543686183858e-01,4.575860793378068170e-01,0.000000000000000000e+00,0.000000000000000000e+00,0.000000000000000000e+00,1.000000000000000056e-01
9.973299378150223271e-01,-7.182243318671988064e-02,1.321110249081251277e-02,5.428774449536402358e+01,7.218640926662178714e-02,9.969542119171557193e-01,-2.951985192772471622e-02,3.838452093840504897e+00,-1.105067667952388914e-02,3.039469413865143743e-02,9.994768857323026445e-01,4.485974907216723762e-01,0.000000000000000000e+00,0.000000000000000000e+00,0.000000000000000000e+00,1.000000000000000056e-01
9.971796492921611854e-01,-7.302591371704476864e-02,1.731943888678705648e-02,5.524345519161018103e+01,7.355028589907096348e-02,9.967822579228092783e-01,-3.186668690766210343e-02,3.922605524032604762e+00,-1.493661547096069783e-02,3.305066135642027725e-02,9.993420592080450859e-01,4.554153483097999056e-01,0.000000000000000000e+00,0.000000000000000000e+00,0.000000000000000000e+00,1.000000000000000056e-01
9.970324630703005786e-01,-7.387064660833560226e-02,2.166552915661206294e-02,5.620126948898733588e+01,7.450600717878851087e-02,9.967646194632179268e-01,-3.015208584195407798e-02,3.990792142955863042e+00,-1.936807884752448847e-02,3.167682048458540095e-02,9.993104905712455466e-01,4.736860025297880972e-01,0.000000000000000000e+00,0.000000000000000000e+00,0.000000000000000000e+00,1.000000000000000056e-01
9.969032581998934495e-01,-7.505789800811404899e-02,2.345646471743047592e-02,5.716782620190532072e+01,7.568159042934632930e-02,9.967680530078926182e-01,-2.693966170796528725e-02,4.064919893497448200e+00,-2.135862028599195064e-02,2.863145908713848886e-02,9.993618208086700871e-01,4.619731701746302432e-01,0.000000000000000000e+00,0.000000000000000000e+00,0.000000000000000000e+00,1.000000000000000056e-01
9.967342949877031621e-01,-7.858033926147070525e-02,1.859772773535682197e-02,5.806609726493268653e+01,7.908347965789799816e-02,9.964726944940561770e-01,-2.807084560454345748e-02,4.144399207093752757e+00,-1.632631129695646596e-02,2.944994752639550420e-02,9.994329152825253137e-01,4.654108142391772951e-01,0.000000000000000000e+00,0.000000000000000000e+00,0.000000000000000000e+00,1.000000000000000056e-01
9.964706152610135481e-01,-8.296915982023707337e-02,1.274485935823056575e-02,5.898435824246210046e+01,8.329413141702961265e-02,9.961446542365418599e-01,-2.753026529917517937e-02,4.227860983585260968e+00,-1.041156053719714987e-02,2.849467239124403931e-02,9.995397205976839228e-01,4.637492099324347361e-01,0.000000000000000000e+00,0.000000000000000000e+00,0.000000000000000000e+00,1.000000000000000056e-01
9.965298019225934389e-01,-8.285948702722219228e-02,7.915762104952411143e-03,5.993797324345155886e+01,8.305962044864435845e-02,9.961030235884169581e-01,-2.966253274655892766e-02,4.308459859241689394e+00,-5.427092319441655967e-03,3.021707807844991808e-02,9.995286263341121025e-01,4.737150937661402939e-01,0.000000000000000000e+00,0.000000000000000000e+00,0.000000000000000000e+00,1.000000000000000056e-01
9.963959806894145954e-01,-8.442574017369006145e-02,8.206342797152942764e-03,6.084983449230994523e+01,8.461757035241787572e-02,9.960522836782553791e-01,-2.682750392761052913e-02,4.396552490588200968e+00,-5.909014607649695078e-03,2.742521787437475836e-02,9.996063930222283123e-01,4.763613293473633048e-01,0.000000000000000000e+00,0.000000000000000000e+00,0.000000000000000000e+00,1.000000000000000056e-01
9.963362746142744308e-01,-8.486082388935035914e-02,1.061453986613304472e-02,6.177899590695795951e+01,8.511251530347364869e-02,9.960301667185078589e-01,-2.607233640120264900e-02,4.491291207572831290e+00,-8.359881964778386951e-03,2.688024470725996345e-02,9.996037038837004562e-01,4.969630374378399829e-01,0.000000000000000000e+00,0.000000000000000000e+00,0.000000000000000000e+00,1.000000000000000056e-01
9.961678488439205115e-01,-8.688970202996536274e-02,9.989825364829424403e-03,6.267429330527972553e+01,8.711947887826014536e-02,9.958717484107540985e-01,-2.548837219769117812e-02,4.576548154482458663e+00,-7.733907786904539727e-03,2.626100528257597350e-02,9.996252028995128436e-01,5.119545975441650576e-01,0.000000000000000000e+00,0.000000000000000000e+00,0.000000000000000000e+00,1.000000000000000056e-01
9.959712661964900127e-01,-8.912254746419077944e-02,9.920103046518287046e-03,6.348854509703308224e+01,8.933444709003608708e-02,9.957246432503533695e-01,-2.349024025151929054e-02,4.656631565574341103e+00,-7.784181015239892074e-03,2.428181124730231441e-02,9.996748472220716719e-01,5.205187562256841094e-01,0.000000000000000000e+00,0.000000000000000000e+00,0.000000000000000000e+00,1.000000000000000056e-01
9.958090224701625637e-01,-9.086284224835550205e-02,1.040839399570051699e-02,6.430877819865177969e+01,9.107792338147377431e-02,9.955897379721677654e-01,-2.249189892002488242e-02,4.738110827158269700e+00,-8.318812387454382895e-03,2.334561078791228331e-02,9.996928427359084157e-01,5.297455885928312735e-01,0.000000000000000000e+00,0.000000000000000000e+00,0.000000000000000000e+00,1.000000000000000056e-01
9.957441554677702866e-01,-9.166553064958748998e-02,9.539776858311640323e-03,6.510406437718953043e+01,9.186847915761292560e-02,9.954910915330659194e-01,-2.361502097335783923e-02,4.815733687896016413e+00,-7.332079448838554024e-03,2.439092390694596463e-02,9.996756091062347638e-01,5.328340364834612819e-01,0.000000000000000000e+00,0.000000000000000000e+00,0.000000000000000000e+00,1.000000000000000056e-01
9.957490019912802470e-01,-9.160829504200827811e-02,9.583596029978795269e-03,6.590685927523112753e+01,9.182680605182173827e-02,9.954458275941149292e-01,-2.560160182076189408e-02,4.893478849560225719e+00,-7.194631588245544232e-03,2.637280047632567168e-02,9.996262865047844670e-01,5.418096138052659327e-01,0.000000000000000000e+00,0.000000000000000000e+00,0.000000000000000000e+00,1.000000000000000056e-01
9.956187128651767804e-01,-9.285625009891435022e-02,1.100433597527011864e-02,6.666326787025880662e+01,9.311434694898559905e-02,9.953190084788179348e-01,-2.588029661743967633e-02,4.967808155054135533e+00,-8.549677476530574000e-03,2.679156916476878661e-02,9.996044792000167156e-01,5.542042500837551788e-01,0.000000000000000000e+00,0.000000000000000000e+00,0.000000000000000000e+00,1.000000000000000056e-01
9.953113973880789445e-01,-9.574329286029507891e-02,1.372749436923446226e-02,6.745989568553191873e+01,9.605961895022037400e-02,9.950713097360883719e-01,-2.460971652100360854e-02,5.059722790114100199e+00,-1.130362050530962434e-02,2.581298921809455429e-02,9.996028800234113554e-01,5.622459163860777931e-01,0.000000000000000000e+00,0.000000000000000000e+00,0.000000000000000000e+00,1.000000000000000056e-01
9.952053639680151775e-01,-9.640064844061434213e-02,1.652871772157786870e-02,6.820124936621213863e+01,9.677131198499579201e-02,9.950333906326412903e-01,-2.332090698948370566e-02,5.138473389067301333e+00,-1.419847548130196910e-02,2.480859742788010108e-02,9.995913849106885518e-01,5.697240922354704917e-01,0.000000000000000000e+00,0.000000000000000000e+00,0.000000000000000000e+00,1.000000000000000056e-01
9.949764451170691748e-01,-9.848656251351839419e-02,1.795189868706406622e-02,6.892880600341965192e+01,9.885313513327359525e-02,9.948841321467432053e-01,-2.082357502794193044e-02,5.212008607466781740e+00,-1.580921682192164973e-02,2.249356812274141970e-02,9.996219825797074687e-01,5.755244718362673151e-01,0.000000000000000000e+00,0.000000000000000000e+00,0.000000000000000000e+00,1.000000000000000056e-01
9.950930003060268758e-01,-9.780416801498449664e-02,1.497549534560293702e-02,6.959654633329225248e+01,9.808775186949654501e-02,9.949858539518801059e-01,-1.954337148078591144e-02,5.292671440438666330e+00,-1.298898283691110253e-02,2.091638483449279398e-02,9.996968496350870925e-01,5.880935235014330686e-01,0.000000000000000000e+00,0.000000000000000000e+00,0.000000000000000000e+00,1.000000000000000056e-01
9.950808619832326452e-01,-9.861803260665066850e-02,9.410725769048720532e-03,7.028733207223594093e+01,9.878215719645111470e-02,9.949286406727809728e-01,-1.894954850722907480e-02,5.367397997239509166e+00,-7.494233404576730942e-03,1.978594485501745243e-02,9.997761513718318449e-01,5.902204590185955446e-01,0.000000000000000000e+00,0.000000000000000000e+00,0.000000000000000000e+00,1.000000000000000056e-01
9.952307372353189630e-01,-9.750038119068478448e-02,3.074951985755054219e-03,7.101751331988404559e+01,9.754420636471998474e-02,9.949965566308034415e-01,-2.160972229162867742e-02,5.429442327903219123e+00,-9.526104767726964115e-04,2.180660359880821214e-02,9.997617539057812586e-01,6.080680622716043704e-01,0.000000000000000000e+00,0.000000000000000000e+00,0.000000000000000000e+00,1.000000000000000056e-01
9.950981939117745645e-01,-9.889152214645072214e-02,2.265415685885296916e-04,7.171543400863882312e+01,9.887638562926837071e-02,9.949002398689436033e-01,-1.992418313534118079e-02,5.505046366639428257e+00,1.744946536849516922e-03,1.984891826464226655e-02,9.998014680951948785e-01,6.082313415899565090e-01,0.000000000000000000e+00,0.000000000000000000e+00,0.000000000000000000e+00,1.000000000000000056e-01
9.950612649289394263e-01,-9.922023071522340087e-02,2.902560048787676365e-03,7.237423252020285247e+01,9.925776585752246750e-02,9.948774226972472157e-01,-1.915227726031938291e-02,5.579143088622226188e+00,-9.873980920710641058e-04,1.934579086263313666e-02,9.998123651070269791e-01,6.202468048447946636e-01,0.000000000000000000e+00,0.000000000000000000e+00,0.000000000000000000e+00,1.000000000000000056e-01
9.949361988280819302e-01,-1.003080292401034718e-01,6.345039912721882683e-03,7.297739454589867591e+01,1.004184208743112011e-01,9.947339194028581577e-01,-2.050781164672958040e-02,5.645431937273724721e+00,-4.254528250838721798e-03,2.104112305449940684e-02,9.997695585133447027e-01,6.356005504495430003e-01,0.000000000000000000e+00,0.000000000000000000e+00,0.000000000000000000e+00,1.000000000000000056e-01
9.949187492534353749e-01,-1.006188828279015873e-01,3.538757189283980864e-03,7.356687453015388201e+01,1.006724906665517755e-01,9.946784920722910872e-01,-2.190312835615486342e-02,5.697576717488348486e+00,-1.316057359214534454e-03,2.214808856895243705e-02,9.997538347842278572e-01,6.551868725817021621e-01,0.000000000000000000e+00,0.000000000000000000e+00,0.000000000000000000e+00,1.000000000000000056e-01
9.949033436158082333e-01,-1.008331391153194506e-01,1.221402290710400969e-04,7.420679872515695763e+01,1.007938111867158065e-01,9.944799826374058904e-01,-2.915770498447240594e-02,5.748468759022994590e+00,2.818596910096852082e-03,2.902140916040220342e-02,9.995748162702994266e-01,6.712765868131267410e-01,0.000000000000000000e+00,0.000000000000000000e+00,0.000000000000000000e+00,1.000000000000000056e-01
9.950394924163794563e-01,-9.943841456605943818e-02,-2.900041438053529118e-03,7.483003609479192164e+01,9.928961555870143008e-02,9.945121366328993906e-01,-3.297244807518002335e-02,5.818157460205685361e+00,6.162854367840181653e-03,3.252094399696391774e-02,9.994520535911600723e-01,6.973376466281006048e-01,0.000000000000000000e+00,0.000000000000000000e+00,0.000000000000000000e+00,1.000000000000000056e-01
9.954638434035056882e-01,-9.511188188186373016e-02,-2.338033620607297969e-03,7.543537893007889750e+01,9.499766681019941594e-02,9.950146058184577980e-01,-3.035420083872020919e-02,5.871130403242115214e+00,5.213422766189597553e-03,2.999440169147284119e-02,9.995364706153705425e-01,7.100705872616013270e-01,0.000000000000000000e+00,0.000000000000000000e+00,0.000000000000000000e+00,1.000000000000000056e-01
9.959291310534571506e-01,-9.013970101770703292e-02,1.481702374859020233e-05,7.600013249410194760e+01,9.011059313431436790e-02,9.956033218755583336e-01,-2.557550537790888659e-02,5.949327767189269700e+00,2.290616530077060030e-03,2.547272601807229128e-02,9.996728931531155826e-01,7.135197949608895751e-01,0.000000000000000000e+00,0.000000000000000000e+00,0.000000000000000000e+00,1.000000000000000056e-01
9.965246972452271867e-01,-8.325341041084916016e-02,2.719822654313694150e-03,7.655858573159990499e+01,8.329650470015909081e-02,9.961614368359312799e-01,-2.690881018754251452e-02,5.988202301977890052e+00,-4.691322250489301550e-04,2.704184564587872736e-02,9.996341923418885500e-01,7.274584977948208575e-01,0.000000000000000000e+00,0.000000000000000000e+00,0.000000000000000000e+00,1.000000000000000056e-01
9.970749242048111416e-01,-7.610732112093029911e-02,7.019344254682093401e-03,7.713550593862812832e+01,7.629254747363156675e-02,9.965833040725990966e-01,-3.164119535866539296e-02,6.016438888986419542e+00,-4.587234673942060942e-03,3.208416611877500796e-02,9.994746437816764972e-01,7.396323252088294886e-01,0.000000000000000000e+00,0.000000000000000000e+00,0.000000000000000000e+00,1.000000000000000056e-01
9.977453477059741171e-01,-6.645921070849740431e-02,9.348499509998761670e-03,7.768345774722018859e+01,6.674888313756870140e-02,9.971507009507850627e-01,-3.514350855058626100e-02,6.036970769985292584e+00,-6.986252999434044292e-03,3.568827405971708444e-02,9.993385509243933873e-01,7.543140171138698058e-01,0.000000000000000000e+00,0.000000000000000000e+00,0.000000000000000000e+00,1.000000000000000056e-01
9.983776325184611222e-01,-5.623943995179724042e-02,8.901026948663882943e-03,7.817985641017567389e+01,5.650556741776098513e-02,9.978508481226699978e-01,-3.317839284330891675e-02,6.075207345511399737e+00,-7.015963057878587400e-03,3.362752287600524054e-02,9.994098088209831809e-01,7.622025615775375185e-01,0.000000000000000000e+00,0.000000000000000000e+00,0.000000000000000000e+00,1.000000000000000056e-01
9.991482412057794971e-01,-4.045207795993638333e-02,8.149937675879247861e-03,7.867171379681641952e+01,4.066697657658412124e-02,9.987747410639623569e-01,-2.819953242049508951e-02,6.116056907900849104e+00,-6.999222208006106519e-03,2.850694654532862776e-02,9.995690896016866667e-01,7.593093727952973104e-01,0.000000000000000000e+00,0.000000000000000000e+00,0.000000000000000000e+00,1.000000000000000056e-01
9.996673243030933520e-01,-2.427741244478657384e-02,8.709073755560231903e-03,7.915173852620979744e+01,2.446753997029922634e-02,9.994489079159226685e-01,-2.243256457633233808e-02,6.131968239586590208e+00,-8.159669631539969228e-03,2.263819141749695563e-02,9.997104241133273339e-01,7.632060439702769150e-01,0.000000000000000000e+00,0.000000000000000000e+00,0.000000000000000000e+00,1.000000000000000056e-01
9.999582077503501587e-01,1.607986017812014501e-03,8.999840758264402926e-03,7.964581538687978934e+01,-1.397743510023391044e-03,9.997271114245951384e-01,-2.331842609859026763e-02,6.145038058038192474e+00,-9.034880507664924329e-03,2.330487210009420454e-02,9.996875781315932574e-01,7.665873550136665937e-01,0.000000000000000000e+00,0.000000000000000000e+00,0.000000000000000000e+00,1.000000000000000056e-01
9.995943620024324572e-01,2.617267991652324696e-02,1.122952710212329723e-02,8.014337680117446894e+01,-2.589237007045199282e-02,9.993664126970196460e-01,-2.442044932479698130e-02,6.136870709400570334e+00,-1.186156081992850546e-02,2.411978439118882614e-02,9.996387044206710426e-01,7.814756719778143124e-01,0.000000000000000000e+00,0.000000000000000000e+00,0.000000000000000000e+00,1.000000000000000056e-01
9.985142616023092721e-01,5.290328394990406746e-02,1.305802144701982866e-02,8.062607444687593272e+01,-5.259755084418991922e-02,9.983568265094127092e-01,-2.274081368920728013e-02,6.116306303268953748e+00,-1.423962857619056298e-02,2.202020684213034513e-02,9.996561126050507173e-01,7.854043628239824049e-01,0.000000000000000000e+00,0.000000000000000000e+00,0.000000000000000000e+00,1.000000000000000056e-01
9.964168834814721709e-01,8.342056416891363568e-02,1.394287584433178372e-02,8.111958987328218029e+01,-8.310587944304179131e-02,9.963021946744786694e-01,-2.180251565337984476e-02,6.074718585814411931e+00,-1.571009595988804783e-02,2.056565974038842420e-02,9.996650671721872827e-01,7.836158383040585651e-01,0.000000000000000000e+00,0.000000000000000000e+00,0.000000000000000000e+00,1.000000000000000056e-01
