1.000000000000000000e+00,-1.577044216987420768e-09,-5.344346939035078743e-11,1.280581787634737806e-16,1.577044216987197429e-09,1.000000000000000000e+00,-4.175274024483925066e-12,3.228630707048031647e-15,5.344346939693537775e-11,4.175273940201211292e-12,1.000000000000000000e+00,1.052836736338505841e-16,0.000000000000000000e+00,0.000000000000000000e+00,0.000000000000000000e+00,1.000000000000000056e-01
9.999819904356020972e-01,-5.926780666030314650e-03,-9.444974261773787403e-04,6.406091909746491897e-01,5.925252593463378910e-03,9.999811453761368041e-01,-1.612536490520815506e-03,7.006761963698131083e-03,9.540367681289556355e-04,1.606911063617068791e-03,9.999982538238147978e-01,8.286843492631318017e-03,0.000000000000000000e+00,0.000000000000000000e+00,0.000000000000000000e+00,1.000000000000000056e-01
9.999349180802153958e-01,-1.132212712610357157e-02,-1.403225303780954733e-03,1.303330056903400092e+00,1.132278050572665430e-02,9.999357901204720678e-01,4.585605372891013941e-04,1.596815359274087603e-02,1.397943322155046795e-03,-4.744191054037905802e-04,9.999989103398965185e-01,1.336532223311566805e-02,0.000000000000000000e+00,0.000000000000000000e+00,0.000000000000000000e+00,1.000000000000000056e-01
9.998128449491948677e-01,-1.923072933104521057e-02,-2.110479564772069563e-03,2.028873860344313051e+00,1.923493597178384598e-02,9.998130083922911471e-01,1.991353237803825203e-03,2.293844852101719137e-02,2.071789747686510023e-03,-2.031575485285581992e-03,9.999957901852831732e-01,1.893165753788029690e-02,0.000000000000000000e+00,0.000000000000000000e+00,0.000000000000000000e+00,1.000000000000000056e-01
9.996287629677658160e-01,-2.719726348823094456e-02,-1.626378272750786955e-03,2.746048962179061359e+00,2.720361998528706207e-02,9.996218174671255285e-01,4.023071390961698371e-03,4.252715934359195538e-02,1.516346672244237069e-03,-4.065821254362290624e-03,9.999905848508260364e-01,2.500205777393883430e-02,0.000000000000000000e+00,0.000000000000000000e+00,0.000000000000000000e+00,1.000000000000000056e-01
9.994343149530142689e-01,-3.357797272146108292e-02,-1.889402634652579066e-03,3.443733739069535282e+00,3.358186594851958473e-02,9.994338305478590589e-01,2.068002864818396357e-03,5.950244554041162620e-02,1.818893568815268787e-03,-2.130282692520327811e-03,9.999960767532216632e-01,3.094558222681268594e-02,0.000000000000000000e+00,0.000000000000000000e+00,0.000000000000000000e+00,1.000000000000000056e-01
9.991178297359839533e-01,-4.195245413331633727e-02,-1.885177935725074064e-03,4.181963001135419411e+00,4.195999906320015821e-02,9.991106359631678480e-01,4.158795966459889401e-03,9.725288593283049066e-02,1.709029629233281078e-03,-4.234229264741158627e-03,9.999895752057917919e-01,4.492095978017203450e-02,0.000000000000000000e+00,0.000000000000000000e+00,0.000000000000000000e+00,1.000000000000000056e-01
9.988736979113592707e-01,-4.736308684915149086e-02,-2.841412501976669190e-03,4.952228960677350855e+00,4.738010551630305461e-02,9.988573453158530180e-01,6.255342503074446357e-03,1.373540111073233982e-01,2.541893418427388154e-03,-6.382923521907067459e-03,9.999763982540602614e-01,5.317446010188349448e-02,0.000000000000000000e+00,0.000000000000000000e+00,0.000000000000000000e+00,1.000000000000000056e-01
9.985168717370409563e-01,-5.441839087493485078e-02,-1.641825525566611901e-03,5.737762890484463973e+00,5.442721113472442224e-02,9.985002126073632134e-01,5.916427228208623150e-03,1.901866584698807816e-01,1.317400686854693602e-03,-5.997012392297120485e-03,9.999811499712366603e-01,5.600880954590067851e-02,0.000000000000000000e+00,0.000000000000000000e+00,0.000000000000000000e+00,1.000000000000000056e-01
9.980528134750197289e-01,-6.234160438325602599e-02,2.026296503243551345e-03,6.546174830265970357e+00,6.233149233641730597e-02,9.980443409255816967e-01,4.720022196594759502e-03,2.398367970029107177e-01,-2.316587514559818525e-03,-4.584529348012708443e-03,9.999868076694534702e-01,5.836374155963828386e-02,0.000000000000000000e+00,0.000000000000000000e+00,0.000000000000000000e+00,1.000000000000000056e-01
9.978526258240555391e-01,-6.538868606321043830e-02,3.802219215717406956e-03,7.370399221309539506e+00,6.536638421523338627e-02,9.978449331646017662e-01,5.720591958691869511e-03,3.077204019467418283e-01,-4.168087170867328974e-03,-5.459770385123531231e-03,9.999764087000642121e-01,6.849509506271431181e-02,0.000000000000000000e+00,0.000000000000000000e+00,0.000000000000000000e+00,1.000000000000000056e-01
9.975177090701645710e-01,-7.033870945669357111e-02,3.299400457242412845e-03,8.187198669658398487e+00,7.031945485032420340e-02,9.975086460071413974e-01,5.628091199748021939e-03,3.685723442996590160e-01,-3.687053154434072767e-03,-5.382108598524403681e-03,9.999787190465955211e-01,7.369421557787361743e-02,0.000000000000000000e+00,0.000000000000000000e+00,0.000000000000000000e+00,1.000000000000000056e-01
9.972306834077800941e-01,-7.428295135641516111e-02,3.606550683451156813e-03,9.020057832136089360e+00,7.426024536626774086e-02,9.972204387915429846e-01,6.067323507461883612e-03,4.429551671060567020e-01,-4.047224752043527586e-03,-5.782697829123340134e-03,9.999750898785546571e-01,7.779556939339009325e-02,0.000000000000000000e+00,0.000000000000000000e+00,0.000000000000000000e+00,1.000000000000000056e-01
9.970291075584368778e-01,-7.689606940240756305e-02,4.466899560875955792e-03,9.801050004021224282e+00,7.687567239435144639e-02,9.970302059042192022e-01,4.571598025488194522e-03,5.265036071423567776e-01,-4.805171707981469899e-03,-4.214620392208033930e-03,9.999795734412810777e-01,8.868277914982293508e-02,0.000000000000000000e+00,0.000000000000000000e+00,0.000000000000000000e+00,1.000000000000000056e-01
9.967777844846059665e-01,-8.006389746651459971e-02,4.880643444448686669e-03,1.057669792474522019e+01,8.003693513547421867e-02,9.967767795852550128e-01,5.490054076954587955e-03,5.628464386394839147e-01,-5.304467181564360978e-03,-5.081732196744756166e-03,9.999730189489115517e-01,9.211303326754219367e-02,0.000000000000000000e+00,0.000000000000000000e+00,0.000000000000000000e+00,1.000000000000000056e-01
9.965468865622062467e-01,-8.283789618830790513e-02,5.673256407773124947e-03,1.137757094887798281e+01,8.281485762445110754e-02,9.965561731315731864e-01,4.182481320432281449e-03,6.445062818100328883e-01,-6.000186648356066986e-03,-3.698208816304639473e-03,9.999751601973601023e-01,1.064977081503345746e-01,0.000000000000000000e+00,0.000000000000000000e+00,0.000000000000000000e+00,1.000000000000000056e-01
9.962578460110091960e-01,-8.630220185041406755e-02,4.715317303711444134e-03,1.223615675010845472e+01,8.626943654568602904e-02,9.962489134175039895e-01,6.759203542766822892e-03,7.257120147831461754e-01,-5.280963888737176364e-03,-6.327121795341547617e-03,9.999660388984181747e-01,1.001328822733658780e-01,0.000000000000000000e+00,0.000000000000000000e+00,0.000000000000000000e+00,1.000000000000000056e-01
9.960007596424054199e-01,-8.931273014749344097e-02,2.392284546674088106e-03,1.311200859214364201e+01,8.929771475630113309e-02,9.959881939068341294e-01,5.782364352482369588e-03,8.280756318398871940e-01,-2.899125911980898144e-03,-5.545613744536796383e-03,9.999804204268916141e-01,1.003359653824959091e-01,0.000000000000000000e+00,0.000000000000000000e+00,0.000000000000000000e+00,1.000000000000000056e-01
9.962854020244872322e-01,-8.611247731111264236e-02,-1.973936398269449512e-04,1.398577948198473919e+01,8.611045054441372748e-02,9.962401367429714050e-01,9.517365674580101700e-03,9.200072438639970152e-01,-6.229124689804525512e-04,-9.499010142573189805e-03,9.999546893666568792e-01,1.090075466203014043e-01,0.000000000000000000e+00,0.000000000000000000e+00,0.000000000000000000e+00,1.000000000000000056e-01
9.947768854975492792e-01,-1.020719090520916250e-01,5.229361884399465850e-04,1.494030835703551219e+01,1.020615539940684935e-01,9.947274088194325570e-01,1.004098300433019925e-02,1.040983777422628487e+00,-1.545081263716368419e-03,-9.935166120349506885e-03,9.999494513214403080e-01,1.107527641965595083e-01,0.000000000000000000e+00,0.000000000000000000e+00,0.000000000000000000e+00,1.000000000000000056e-01
9.940357612386576669e-01,-1.090347485290195789e-01,2.080622958583844100e-03,1.591550867262509250e+01,1.090093710578435154e-01,9.939920703199105478e-01,9.834691795449808024e-03,1.169042596137406909e+00,-3.140445868935174203e-03,-9.549227945313798135e-03,9.999494736462402056e-01,1.184145060129859345e-01,0.000000000000000000e+00,0.000000000000000000e+00,0.000000000000000000e+00,1.000000000000000056e-01
9.937444795625740568e-01,-1.116364775077120230e-01,3.034176754714342644e-03,1.683932451732745150e+01,1.116027107782592565e-01,9.937060835549572646e-01,9.646473594659374720e-03,1.284029591870920584e+00,-4.091978232219608581e-03,-9.247507531132391836e-03,9.999488683520816323e-01,1.255238327169073687e-01,0.000000000000000000e+00,0.000000000000000000e+00,0.000000000000000000e+00,1.000000000000000056e-01
9.933705290170785629e-01,-1.149179440990120288e-01,2.976273573768064510e-03,1.772823943270193325e+01,1.148882985247081517e-01,9.933401343980067244e-01,8.721023807293323826e-03,1.381577266740623644e+00,-3.958654118144692632e-03,-8.321269026187239071e-03,9.999575418683368522e-01,1.353465740981852072e-01,0.000000000000000000e+00,0.000000000000000000e+00,0.000000000000000000e+00,1.000000000000000056e-01
9.930261520323191426e-01,-1.178552227310082079e-01,3.034444744882773375e-03,1.863852927415014449e+01,1.178245510959835540e-01,9.929951429173026201e-01,8.832966753906672588e-03,1.490934505259547738e+00,-4.054200157276788806e-03,-8.413834896769971025e-03,9.999563844705501303e-01,1.412772600846918802e-01,0.000000000000000000e+00,0.000000000000000000e+00,0.000000000000000000e+00,1.000000000000000056e-01
9.925295517752306118e-01,-1.219801229882081645e-01,2.436893235553772540e-03,1.956362238329644399e+01,1.219629142905219038e-01,9.925148379769871410e-01,6.272474254849732568e-03,1.600324941277734947e+00,-3.183769875899807901e-03,-5.928405459864681364e-03,9.999773585527228503e-01,1.520490293930248094e-01,0.000000000000000000e+00,0.000000000000000000e+00,0.000000000000000000e+00,1.000000000000000056e-01
9.922931723030703477e-01,-1.238359829752543051e-01,4.348507935118061697e-03,2.048735544127189812e+01,1.238162827719152537e-01,9.922947689258809767e-01,4.540890097507701249e-03,1.718648793801019981e+00,-4.877327265457801451e-03,-3.967478151805019053e-03,9.999802352026067043e-01,1.656018056325816723e-01,0.000000000000000000e+00,0.000000000000000000e+00,0.000000000000000000e+00,1.000000000000000056e-01
9.924519268891350832e-01,-1.225078391037200398e-01,5.567959426922253555e-03,2.140880796542168341e+01,1.224830323411375821e-01,9.924599551593425995e-01,4.598281595930894979e-03,1.840018532610698809e+00,-6.089302305080198513e-03,-3.881592875698604023e-03,9.999739264771780878e-01,1.672104293930944119e-01,0.000000000000000000e+00,0.000000000000000000e+00,0.000000000000000000e+00,1.000000000000000056e-01
9.923680928672634627e-01,-1.229084424626606248e-01,9.954045930835124165e-03,2.236174760156366403e+01,1.228896313327395712e-01,9.924172394282929632e-01,2.482216032017535087e-03,1.963529534233359852e+00,-1.018365209017294860e-02,-1.240022955068303002e-03,9.999473764019670696e-01,1.719837323046843336e-01,0.000000000000000000e+00,0.000000000000000000e+00,0.000000000000000000e+00,1.000000000000000056e-01
9.926150330733681804e-01,-1.206271907783582203e-01,1.282485717962655002e-02,2.332436378385748910e+01,1.205983030257424399e-01,9.926968406497206354e-01,3.005307201325614630e-03,2.091818912754198401e+00,-1.309371696912104040e-02,-1.436457094628985562e-03,9.999132418199829786e-01,1.715172360691342435e-01,0.000000000000000000e+00,0.000000000000000000e+00,0.000000000000000000e+00,1.000000000000000056e-01
9.928995969711125191e-01,-1.182255870950266186e-01,1.315678116556953832e-02,2.424243107144127052e+01,1.182234501824052653e-01,9.929865693808788141e-01,9.427916851457983924e-04,2.195615784583165198e+00,-1.317596909417852701e-02,6.193425784795390581e-04,9.999130013422166119e-01,1.681901969260188312e-01,0.000000000000000000e+00,0.000000000000000000e+00,0.000000000000000000e+00,1.000000000000000056e-01
9.929256742050105444e-01,-1.181475880711674170e-01,1.182171465951928346e-02,2.519339696789993965e+01,1.181524693161565415e-01,9.929954237394679195e-01,2.871009740287737465e-04,2.306341101771999469e+00,-1.177282884527081422e-02,1.111694850370774975e-03,9.999300798733578022e-01,1.651318480870720973e-01,0.000000000000000000e+00,0.000000000000000000e+00,0.000000000000000000e+00,1.000000000000000056e-01
9.931117767829672482e-01,-1.169240969664548380e-01,7.599629172325017210e-03,2.613292316378417723e+01,1.169274595531105965e-01,9.931404579408776856e-01,1.854574744898835649e-06,2.427262565581407294e+00,-7.547716040861024087e-03,8.867635326455895750e-04,9.999711223995439990e-01,1.612888614942540877e-01,0.000000000000000000e+00,0.000000000000000000e+00,0.000000000000000000e+00,1.000000000000000056e-01
9.930231441675121395e-01,-1.177330451764652813e-01,6.630627507621834373e-03,2.707224217883398509e+01,1.177444582898885123e-01,9.930430010565868271e-01,-1.356685132357460764e-03,2.541452982222298207e+00,-6.424771567079062655e-03,2.127939379785889502e-03,9.999770968298757889e-01,1.629682073050272295e-01,0.000000000000000000e+00,0.000000000000000000e+00,0.000000000000000000e+00,1.000000000000000056e-01
9.931005826047111240e-01,-1.170238838574793605e-01,7.526183434816669307e-03,2.802495832517760377e+01,1.170467837806388745e-01,9.931227959031697639e-01,-2.676315392370725611e-03,2.654667906515133513e+00,-7.161231513622476688e-03,3.538765940585736174e-03,9.999680964404944472e-01,1.652456719752074255e-01,0.000000000000000000e+00,0.000000000000000000e+00,0.000000000000000000e+00,1.000000000000000056e-01
9.930310607330641304e-01,-1.173887206812865014e-01,1.044991273534955252e-02,2.903060410583130135e+01,1.174522294953386503e-01,9.930622635760167904e-01,-5.684579830731503920e-03,2.774111529878593441e+00,-9.710108441197856308e-03,6.872329887931624866e-03,9.999292399344923421e-01,1.700023193190501880e-01,0.000000000000000000e+00,0.000000000000000000e+00,0.000000000000000000e+00,1.000000000000000056e-01
9.930984492761352200e-01,-1.163449428223899823e-01,1.480960245888811311e-02,2.998402505089609349e+01,1.164776680828259608e-01,9.931574789734718411e-01,-8.436515693389795567e-03,2.882326335575396303e+00,-1.372672150670101870e-02,1.010327861204415520e-02,9.998547398887325244e-01,1.688674364205040301e-01,0.000000000000000000e+00,0.000000000000000000e+00,0.000000000000000000e+00,1.000000000000000056e-01
9.929310753079340079e-01,-1.176656266198845002e-01,1.557818988136195834e-02,3.091133672054249359e+01,1.179059946764834665e-01,9.929033095765847916e-01,-1.553042984639137376e-02,2.970455307669492839e+00,-1.364023853086495514e-02,1.725740838059293056e-02,9.997580336005340573e-01,1.727061423914823257e-01,0.000000000000000000e+00,0.000000000000000000e+00,0.000000000000000000e+00,1.000000000000000056e-01
9.930338841837393904e-01,-1.172247888346406447e-01,1.191863019099304206e-02,3.186185900739798882e+01,1.174344612268567595e-01,9.929035965541633812e-01,-1.875087374404552087e-02,3.072891091140788511e+00,-9.635983567525282720e-03,2.001991090092983261e-02,9.997531450254133478e-01,1.742001229416300367e-01,0.000000000000000000e+00,0.000000000000000000e+00,0.000000000000000000e+00,1.000000000000000056e-01
9.927886536599503930e-01,-1.195882488452010284e-01,8.327058436289200977e-03,3.285989198971930847e+01,1.197237829720139979e-01,9.926382056151745736e-01,-1.831962182896961291e-02,3.189940348059895570e+00,-6.074944850218018909e-03,1.918445962816374764e-02,9.997975052748642177e-01,1.692616050617042067e-01,0.000000000000000000e+00,0.000000000000000000e+00,0.000000000000000000e+00,1.000000000000000056e-01
9.926529659632984393e-01,-1.208136712746932379e-01,6.644245434741374856e-03,3.382840881246915643e+01,1.209165080075408488e-01,9.924952382313512178e-01,-1.823184519887495816e-02,3.311581431669342823e+00,-4.391725803033236231e-03,1.890129416796091852e-02,9.998117091849080262e-01,1.707307718610351077e-01,0.000000000000000000e+00,0.000000000000000000e+00,0.000000000000000000e+00,1.000000000000000056e-01
9.924444931281144466e-01,-1.224417835346095912e-01,7.870051114438359266e-03,3.479283500694833720e+01,1.225693432951785039e-01,9.922867728868546289e-01,-1.853959109528808408e-02,3.431960732185512342e+00,-5.539327023091193160e-03,1.936414208416188665e-02,9.997971523551543171e-01,1.814507348707813661e-01,0.000000000000000000e+00,0.000000000000000000e+00,0.000000000000000000e+00,1.000000000000000056e-01
9.923505223472219861e-01,-1.230919284859832985e-01,9.424326967868774940e-03,3.576882468743649923e+01,1.232444522859606761e-01,9.922165000067533214e-01,-1.781072977398711135e-02,3.567188510014059233e+00,-7.158615643355219910e-03,1.883598300992012434e-02,9.997969593703116553e-01,1.779922646370734329e-01,0.000000000000000000e+00,0.000000000000000000e+00,0.000000000000000000e+00,1.000000000000000056e-01
9.923282777060914439e-01,-1.231368265996929529e-01,1.104134049014522147e-02,3.673976054186893236e+01,1.233215767335272689e-01,9.922035980853493031e-01,-1.799468417181277965e-02,3.683737139458657772e+00,-8.739449457426792453e-03,1.921826947057648713e-02,9.997771152320588106e-01,1.900450539329049393e-01,0.000000000000000000e+00,0.000000000000000000e+00,0.000000000000000000e+00,1.000000000000000056e-01
9.920856778963655920e-01,-1.248323401142996669e-01,1.352385205836709875e-02,3.772749981419816123e+01,1.250519415189880190e-01,9.920074060965694551e-01,-1.683205786253035713e-02,3.823773881201412372e+00,-1.131457622893553353e-02,1.839002749165364464e-02,9.997668664511820680e-01,1.923716360322828278e-01,0.000000000000000000e+00,0.000000000000000000e+00,0.000000000000000000e+00,1.000000000000000056e-01
9.921955260043575642e-01,-1.238989279934592930e-01,1.403901061356340775e-02,3.873000417117422955e+01,1.241172295645202733e-01,9.921398478445508928e-01,-1.591966218924325063e-02,3.964661285189510220e+00,-1.195623277476358902e-02,1.753790070285027661e-02,9.997747098905696017e-01,2.032363837667926498e-01,0.000000000000000000e+00,0.000000000000000000e+00,0.000000000000000000e+00,1.000000000000000056e-01
9.923102271209585101e-01,-1.228287513677498027e-01,1.528106634339528383e-02,3.975670693390115673e+01,1.230154421433461570e-01,9.923329170369764585e-01,-1.194080228302601618e-02,4.108326222845292364e+00,-1.369723130522374280e-02,1.372878735813058346e-02,9.998119354419842120e-01,2.033531241459162198e-01,0.000000000000000000e+00,0.000000000000000000e+00,0.000000000000000000e+00,1.000000000000000056e-01
9.918817062343777691e-01,-1.263298396565198378e-01,1.454140467552771793e-02,4.075710681169969263e+01,1.265434749163781847e-01,9.918499260553623742e-01,-1.484833795615224036e-02,4.229426632002057040e+00,-1.254710299899673698e-02,1.656791466449950359e-02,9.997840138799991561e-01,2.172764503249104695e-01,0.000000000000000000e+00,0.000000000000000000e+00,0.000000000000000000e+00,1.000000000000000056e-01
9.920827415497257551e-01,-1.248278718418208560e-01,1.377811056066773759e-02,4.176406337647436118e+01,1.250092577690462281e-01,9.920678189858631590e-01,-1.319575707054515892e-02,4.350171642559470975e+00,-1.202162182120991921e-02,1.481367422601954920e-02,9.998180012705878417e-01,2.394424993145984060e-01,0.000000000000000000e+00,0.000000000000000000e+00,0.000000000000000000e+00,1.000000000000000056e-01
9.923046141482674276e-01,-1.234279950140681897e-01,9.853059771725874993e-03,4.277373180758272042e+01,1.235395757582907900e-01,9.922711874451026759e-01,-1.165606227451386132e-02,4.458235403937312213e+00,-8.338222923355641247e-03,1.278360720191975067e-02,9.998835199288902409e-01,2.469993457582625729e-01,0.000000000000000000e+00,0.000000000000000000e+00,0.000000000000000000e+00,1.000000000000000056e-01
9.925780620648925190e-01,-1.212929326333953145e-01,8.764428144100208651e-03,4.380909808626785917e+01,1.213926791570743152e-01,9.925329849725609277e-01,-1.192020085929038770e-02,4.591239446435644744e+00,-7.253147907638851817e-03,1.289566728203070736e-02,9.998905408147339413e-01,2.555949205151429870e-01,0.000000000000000000e+00,0.000000000000000000e+00,0.000000000000000000e+00,1.000000000000000056e-01
9.925426496812960186e-01,-1.213739564174964314e-01,1.128943165955054520e-02,4.479517088695091331e+01,1.215257169376129098e-01,9.924909807532590333e-01,-1.389795834765298818e-02,4.713801627751721846e+00,-9.517808909153997743e-03,1.516627267978484794e-02,9.998396848928188252e-01,2.668106011361065510e-01,0.000000000000000000e+00,0.000000000000000000e+00,0.000000000000000000e+00,1.000000000000000056e-01
9.923560493742534794e-01,-1.229802666883639956e-01,1.026281031604378037e-02,4.575394161247817237e+01,1.231062647733227738e-01,9.923121004675853341e-01,-1.270995039996141406e-02,4.835150453858283903e+00,-8.620837771630673538e-03,1.387621241073369420e-02,9.998665570391117585e-01,2.697285283569066383e-01,0.000000000000000000e+00,0.000000000000000000e+00,0.000000000000000000e+00,1.000000000000000056e-01
9.918775157608746840e-01,-1.270418443425681554e-01,6.274034911792084057e-03,4.665907976198172236e+01,1.271163596857890488e-01,9.917972054900063839e-01,-1.340650149916560591e-02,4.955825835667786450e+00,-4.519383616026724504e-03,1.409513988056538408e-02,9.998904451006012106e-01,2.840223576362707614e-01,0.000000000000000000e+00,0.000000000000000000e+00,0.000000000000000000e+00,1.000000000000000056e-01
9.921740845806232834e-01,-1.247647697234735981e-01,4.933368266284699627e-03,4.761362560317468962e+01,1.248187145739036302e-01,9.920970204658242642e-01,-1.279806528160274716e-02,5.078049413749032404e+00,-3.297632290076551315e-03,1.331368539069460559e-02,9.999059312768361352e-01,2.861917130125689601e-01,0.000000000000000000e+00,0.000000000000000000e+00,0.000000000000000000e+00,1.000000000000000056e-01
9.922116357569862322e-01,-1.244768832432118916e-01,4.644933422711672484e-03,4.855317937067466971e+01,1.245236810345236173e-01,9.921474580756577399e-01,-1.171641137990713129e-02,5.204959535687642358e+00,-3.150036516907911161e-03,1.220356390841576856e-02,9.999205719945336579e-01,2.982768860256971299e-01,0.000000000000000000e+00,0.000000000000000000e+00,0.000000000000000000e+00,1.000000000000000056e-01
9.926219918757446248e-01,-1.210093366219573974e-01,7.636864208757130658e-03,4.951229338639224409e+01,1.211066805004548941e-01,9.925418592678130203e-01,-1.392226775183187486e-02,5.335926029804931581e+00,-5.895183015813172840e-03,1.474442442100610921e-02,9.998739164343188879e-01,2.999464567768874712e-01,0.000000000000000000e+00,0.000000000000000000e+00,0.000000000000000000e+00,1.000000000000000056e-01
9.929184352906249567e-01,-1.183853073378634269e-01,9.894436140408909702e-03,5.049787725827040674e+01,1.185381962147545321e-01,9.928100696928865432e-01,-1.663915726706294632e-02,5.463130040885915584e+00,-7.853464087226893348e-03,1.769419461081292097e-02,9.998126017303969881e-01,3.219041985188522137e-01,0.000000000000000000e+00,0.000000000000000000e+00,0.000000000000000000e+00,1.000000000000000056e-01
9.930743984500663979e-01,-1.170904779817869834e-01,9.646714934912970635e-03,5.141444541312358041e+01,1.172362715317191995e-01,9.929708387385720592e-01,-1.626560949235594453e-02,5.589588620832441457e+00,-7.674358629867393533e-03,1.728390525354361537e-02,9.998211694292168383e-01,3.256784825492399782e-01,0.000000000000000000e+00,0.000000000000000000e+00,0.000000000000000000e+00,1.000000000000000056e-01
9.930399283903541541e-01,-1.173736453641104210e-01,9.753358212444135367e-03,5.234942788738932506e+01,1.175449971290954548e-01,9.928781903684186227e-01,-1.939259499538754580e-02,5.709744080307680214e+00,-7.407717084308047817e-03,2.040407960860357237e-02,9.997643718711547445e-01,3.384274837806383607e-01,0.000000000000000000e+00,0.000000000000000000e+00,0.000000000000000000e+00,1.000000000000000056e-01
9.931906968046445572e-01,-1.163086149774552186e-01,6.674268703806530111e-03,5.331446734936505294e+01,1.164307105245145219e-01,9.929450753523848539e-01,-2.244920889927772348e-02,5.830334908145181849e+00,-4.016145846608685545e-03,2.307343527680239328e-02,9.997257059599228279e-01,3.621733578788087771e-01,0.000000000000000000e+00,0.000000000000000000e+00,0.000000000000000000e+00,1.000000000000000056e-01
9.929634895544432460e-01,-1.181264428740636113e-01,8.345771730867373658e-03,5.424820010902616474e+01,1.183070350498434259e-01,9.926318781134692015e-01,-2.618014535181100236e-02,5.950782207711093896e+00,-5.191711623181795993e-03,2.698329199425850491e-02,9.996224027519462485e-01,3.625794192159537688e-01,0.000000000000000000e+00,0.000000000000000000e+00,0.000000000000000000e+00,1.000000000000000056e-01
9.929634252104692083e-01,-1.177580189035333791e-01,1.251739502484007158e-02,5.518498094167774326e+01,1.180647958925981067e-01,9.926243175436251232e-01,-2.752577322967775589e-02,6.061011166698430763e+00,-9.183690169641080259e-03,2.880994975642222830e-02,9.995427187618848297e-01,3.751326668314745594e-01,0.000000000000000000e+00,0.000000000000000000e+00,0.000000000000000000e+00,1.000000000000000056e-01
9.927101349764438920e-01,-1.192154980070218862e-01,1.772718110665865571e-02,5.612407771841213133e+01,1.196465064747681550e-01,9.924851857344758610e-01,-2.564896851700400326e-02,6.181946797547218431e+00,-1.453621007806975111e-02,2.758298628757882565e-02,9.995138205467823944e-01,3.965795027188713795e-01,0.000000000000000000e+00,0.000000000000000000e+00,0.000000000000000000e+00,1.000000000000000056e-01
9.927140601123094488e-01,-1.190352591839978769e-01,1.869229590854180889e-02,5.707513420185113517e+01,1.194464335991644588e-01,9.925815545202831824e-01,-2.268054511114294541e-02,6.306711682878980874e+00,-1.585384356471430251e-02,2.474802410489867349e-02,9.995680021624986367e-01,3.927670159338348954e-01,0.000000000000000000e+00,0.000000000000000000e+00,0.000000000000000000e+00,1.000000000000000056e-01
9.927963827383624595e-01,-1.190824719292811473e-01,1.321768893698340754e-02,5.795541670847627103e+01,1.193807916515489120e-01,9.925410687039543101e-01,-2.470735762200853072e-02,6.411977325266237315e+00,-1.017688588284040331e-02,2.610731344325417994e-02,9.996073424992952816e-01,4.038401743929317389e-01,0.000000000000000000e+00,0.000000000000000000e+00,0.000000000000000000e+00,1.000000000000000056e-01
9.928274086101589457e-01,-1.193096710830258145e-01,7.677180374110622284e-03,5.886663465928735661e+01,1.194637630521849236e-01,9.925381157210322325e-01,-2.442331178104704612e-02,6.517424719485216400e+00,-4.705956847215334200e-03,2.516527820237654187e-02,9.996722276542192587e-01,4.110170290540758331e-01,0.000000000000000000e+00,0.000000000000000000e+00,0.000000000000000000e+00,1.000000000000000056e-01
9.930025264823439946e-01,-1.180141867057233479e-01,4.316727448922892153e-03,5.981887559195610038e+01,1.180848077747593677e-01,9.927025494810912676e-01,-2.444639905056917098e-02,6.644263360711116562e+00,-1.400204442124274203e-03,2.478507595163284907e-02,9.996918222320276826e-01,4.217679332456730767e-01,0.000000000000000000e+00,0.000000000000000000e+00,0.000000000000000000e+00,1.000000000000000056e-01
9.927959623644229126e-01,-1.198096754136224046e-01,1.348625293302691376e-03,6.073075713537671305e+01,1.198107408939950297e-01,9.925615502274456325e-01,-2.160915029615594410e-02,6.761700738461669857e+00,1.250391671150163008e-03,2.161505695972857147e-02,9.997655854415555821e-01,4.263064409008586186e-01,0.000000000000000000e+00,0.000000000000000000e+00,0.000000000000000000e+00,1.000000000000000056e-01
9.925533765081872017e-01,-1.217684912472870445e-01,3.198331057943507201e-03,6.165775588606032187e+01,1.218073727332644324e-01,9.923735685004348994e-01,-1.891201971055201173e-02,6.891056982323967794e+00,-8.710510986242971706e-04,1.916076932359709120e-02,9.998160361731109891e-01,4.474545570664967276e-01,0.000000000000000000e+00,0.000000000000000000e+00,0.000000000000000000e+00,1.000000000000000056e-01
9.923008736483330816e-01,-1.237717931941509225e-01,4.418072686047417978e-03,6.252662428922313609e+01,1.238304470852468059e-01,9.921516070609546212e-01,-1.735537326112229078e-02,7.016308871118637214e+00,-2.235292245491128996e-03,1.776884396547293715e-02,9.998396229659574086e-01,4.609663010907451564e-01,0.000000000000000000e+00,0.000000000000000000e+00,0.000000000000000000e+00,1.000000000000000056e-01
9.922493382688977182e-01,-1.241788290820790008e-01,4.568272401945541045e-03,6.333117142039521497e+01,1.242381888992333261e-01,9.921140450285150791e-01,-1.657088036876504938e-02,7.126632891354559796e+00,-2.474494690433867890e-03,1.700999897005625594e-02,9.998522574916084427e-01,4.744615485260857968e-01,0.000000000000000000e+00,0.000000000000000000e+00,0.000000000000000000e+00,1.000000000000000056e-01
9.920707902912275777e-01,-1.255389741010958238e-01,5.959281213668577923e-03,6.413707414746427560e+01,1.256201543887817684e-01,9.919476120334795866e-01,-1.610936970883856262e-02,7.235137012708954707e+00,-3.888941022671659614e-03,1.673024096424825108e-02,9.998524767059390195e-01,4.838144748371880355e-01,0.000000000000000000e+00,0.000000000000000000e+00,0.000000000000000000e+00,1.000000000000000056e-01
9.921809605868592286e-01,-1.245823453062665370e-01,7.495377704124898260e-03,6.492990654045921417e+01,1.246943845932762945e-01,9.920491881635040698e-01,-1.702112555139984051e-02,7.348807563794428788e+00,-5.315251625410122999e-03,1.782266820996744605e-02,9.998270353406313316e-01,5.045180418553392165e-01,0.000000000000000000e+00,0.000000000000000000e+00,0.000000000000000000e+00,1.000000000000000056e-01
9.922014202941408234e-01,-1.243555365706298793e-01,8.487761219574656985e-03,6.572781342653476599e+01,1.244926237749394010e-01,9.920538280318083046e-01,-1.818760327989241490e-02,7.458887946817723602e+00,-6.158586844494199145e-03,1.910242947025565449e-02,9.997985642100176706e-01,5.153286432860425537e-01,0.000000000000000000e+00,0.000000000000000000e+00,0.000000000000000000e+00,1.000000000000000056e-01
9.921714658225829764e-01,-1.245531164830969845e-01,9.072132153755322823e-03,6.646840505601221594e+01,1.247069136053903099e-01,9.920113318646636147e-01,-1.901849497499633751e-02,7.555237757949480937e+00,-6.630845080745144740e-03,2.000096563779659581e-02,9.997779719853158165e-01,5.253279522083961206e-01,0.000000000000000000e+00,0.000000000000000000e+00,0.000000000000000000e+00,1.000000000000000056e-01
9.919391580638754480e-01,-1.262434050195577750e-01,1.092288371254345782e-02,6.724594413794056891e+01,1.264243504071045354e-01,9.918154162899086579e-01,-1.786235241553702988e-02,7.670175185151741459e+00,-8.578480265845836103e-03,1.909928529403867939e-02,9.997807894621627556e-01,5.304174182269233428e-01,0.000000000000000000e+00,0.000000000000000000e+00,0.000000000000000000e+00,1.000000000000000056e-01
9.921734894776995661e-01,-1.241555475565063876e-01,1.331040151871028948e-02,6.798683629306191278e+01,1.243720256192365620e-01,9.920917400006431519e-01,-1.689907292913589432e-02,7.778721090095976898e+00,-1.110702575009029150e-02,1.842225375572625196e-02,9.997686004999088993e-01,5.413204847211066095e-01,0.000000000000000000e+00,0.000000000000000000e+00,0.000000000000000000e+00,1.000000000000000056e-01
9.919741506502973705e-01,-1.255868796598742509e-01,1.467038168955843436e-02,6.869818864955355764e+01,1.257972353284926847e-01,9.919511600074623070e-01,-1.442053201368630015e-02,7.877206893764935991e+00,-1.274127251607553787e-02,1.615028845396208196e-02,9.997883916897239986e-01,5.579995658761733868e-01,0.000000000000000000e+00,0.000000000000000000e+00,0.000000000000000000e+00,1.000000000000000056e-01
9.916526253398006974e-01,-1.283747768094423425e-01,1.204106871530565004e-02,6.936262141773114820e+01,1.285312591054917630e-01,9.916166624704896293e-01,-1.327064970692408939e-02,7.974984283397608564e+00,-1.023650767780654586e-02,1.470752834479011235e-02,9.998394383702562394e-01,5.658756294050411029e-01,0.000000000000000000e+00,0.000000000000000000e+00,0.000000000000000000e+00,1.000000000000000056e-01
9.919452310383486404e-01,-1.265179193874818864e-01,6.154241963057477047e-03,7.005869723218529543e+01,1.265932442116873557e-01,9.918563665440435217e-01,-1.396777240679284750e-02,8.078814377683011472e+00,-4.336950568925759808e-03,1.463435068291434916e-02,9.998835065345623718e-01,5.709165515858215523e-01,0.000000000000000000e+00,0.000000000000000000e+00,0.000000000000000000e+00,1.000000000000000056e-01
9.922046517201240645e-01,-1.246157757879336470e-01,9.151664978750931757e-04,7.081167402574853043e+01,1.246141799724359567e-01,9.920729415927186379e-01,-1.620446572299205981e-02,8.178995366442370241e+00,1.111420147705584642e-03,1.619218899166297368e-02,9.998682802054046359e-01,5.854255184394270284e-01,0.000000000000000000e+00,0.000000000000000000e+00,0.000000000000000000e+00,1.000000000000000056e-01
9.921354018741489478e-01,-1.251605618577318058e-01,1.475839922861398902e-03,7.153119021416756595e+01,1.251687911821645904e-01,9.920303305893942714e-01,-1.444288422348096596e-02,8.285743924905956348e+00,3.436015376838283614e-04,1.451402584240803206e-02,9.998946069420662219e-01,5.977413090972527598e-01,0.000000000000000000e+00,0.000000000000000000e+00,0.000000000000000000e+00,1.000000000000000056e-01
9.923752207478997445e-01,-1.231747043839430678e-01,4.406069164862941312e-03,7.220257076972961841e+01,1.232205524714602429e-01,9.923022618881540691e-01,-1.236594114013999345e-02,8.387513729114449035e+00,-2.848981253963163429e-03,1.281457184542383713e-02,9.999138313145953250e-01,6.086329641029475379e-01,0.000000000000000000e+00,0.000000000000000000e+00,0.000000000000000000e+00,1.000000000000000056e-01
9.923241190338348838e-01,-1.234847045727050785e-01,6.661120049602907260e-03,7.282531418219137720e+01,1.235622519919278572e-01,9.922534610756287288e-01,-1.286230407504924088e-02,8.472770126973008686e+00,-5.021221605026992239e-03,1.358663755413606032e-02,9.998950898037082258e-01,6.222643956958862077e-01,0.000000000000000000e+00,0.000000000000000000e+00,0.000000000000000000e+00,1.000000000000000056e-01
9.923906519142728921e-01,-1.230730457538862510e-01,3.717445631908710899e-03,7.340405537367379907e+01,1.231171091123377803e-01,9.922637179432960419e-01,-1.596532170573734810e-02,8.526309667955894511e+00,-1.723785655204077656e-03,1.630151717506066883e-02,9.998656355234968318e-01,6.326105393896527262e-01,0.000000000000000000e+00,0.000000000000000000e+00,0.000000000000000000e+00,1.000000000000000056e-01
9.924644802932117704e-01,-1.225325637121556788e-01,1.618222836600982824e-04,7.404949280197558892e+01,1.225035515023820132e-01,9.921989727277313875e-01,-2.311013603027422050e-02,8.588487122121271966e+00,2.671184311914155587e-03,2.295581294925212387e-02,9.997329120451174944e-01,6.535855508759084165e-01,0.000000000000000000e+00,0.000000000000000000e+00,0.000000000000000000e+00,1.000000000000000056e-01
9.927680152194553465e-01,-1.199752638085861273e-01,-4.195715824913772742e-03,7.467056423095806394e+01,1.198258150569560393e-01,9.924484945874668673e-01,-2.622517182035149358e-02,8.659877205821734591e+00,7.310403761724654746e-03,2.553275670841188144e-02,9.996472559516730305e-01,6.629053499748260858e-01,0.000000000000000000e+00,0.000000000000000000e+00,0.000000000000000000e+00,1.000000000000000056e-01
9.932704632716963244e-01,-1.157074739792155332e-01,-5.056407556655154872e-03,7.526244636691906464e+01,1.155590796810644499e-01,9.930229210623509051e-01,-2.348568389597098863e-02,8.726022090049845303e+00,7.738597760268589240e-03,2.274332231986427380e-02,9.997113860482732539e-01,6.749758734378482616e-01,0.000000000000000000e+00,0.000000000000000000e+00,0.000000000000000000e+00,1.000000000000000056e-01
9.939372535562511768e-01,-1.099187345491489248e-01,-2.570561839383335261e-03,7.583990172935682494e+01,1.098465429810197985e-01,9.937495664869522294e-01,-1.988808945357469979e-02,8.808263443164950246e+00,4.740568338852296608e-03,1.948514567839189013e-02,9.997989078358290316e-01,6.816247553292290595e-01,0.000000000000000000e+00,0.000000000000000000e+00,0.000000000000000000e+00,1.000000000000000056e-01
9.947637309592481936e-01,-1.021937809050704610e-01,1.245276018798626306e-03,7.639197648035516863e+01,1.021974733967451615e-01,9.945456158010028691e-01,-2.084932906176250114e-02,8.845440046024986458e+00,8.921879611971744945e-04,2.086742042827872609e-02,9.997818535887272873e-01,6.953280627253896062e-01,0.000000000000000000e+00,0.000000000000000000e+00,0.000000000000000000e+00,1.000000000000000056e-01
9.956610206183796885e-01,-9.287071313915427895e-02,5.844883419829362617e-03,7.697040545569993242e+01,9.298516572527250335e-02,9.953785690559822097e-01,-2.398464548641032409e-02,8.898284601630663815e+00,-3.590400564016063122e-03,2.442406405760704988e-02,9.996952406202100905e-01,7.081013224986507648e-01,0.000000000000000000e+00,0.000000000000000000e+00,0.000000000000000000e+00,1.000000000000000056e-01
9.965928224664933888e-01,-8.194931718609477223e-02,9.330360175323314242e-03,7.750369368036390938e+01,8.217167181756920846e-02,9.962615505629252022e-01,-2.665969280884186374e-02,8.940237379636995385e+00,-7.110735473502539233e-03,2.733554979671977761e-02,9.996010229878403708e-01,7.243620326986011104e-01,0.000000000000000000e+00,0.000000000000000000e+00,0.000000000000000000e+00,1.000000000000000056e-01
9.975560196506270128e-01,-6.927129180293593869e-02,9.136508674012541742e-03,7.798752590960678788e+01,6.947322710408997126e-02,9.972942986805328758e-01,-2.403232271437015857e-02,8.979057460257898526e+00,-7.447037970988483295e-03,2.460833093195461188e-02,9.996694311992350146e-01,7.352447225391373076e-01,0.000000000000000000e+00,0.000000000000000000e+00,0.000000000000000000e+00,1.000000000000000056e-01
9.986195379506286329e-01,-5.183502533005271418e-02,8.494031569629398315e-03,7.848074926680395436e+01,5.200160290561421650e-02,9.984318298955292548e-01,-2.072955249665704019e-02,9.019659006115450239e+00,-7.406194604510599189e-03,2.114263939288656829e-02,9.997490370492899681e-01,7.373263124703818283e-01,0.000000000000000000e+00,0.000000000000000000e+00,0.000000000000000000e+00,1.000000000000000056e-01
9.994514113267408684e-01,-3.164334773130120931e-02,9.776243723526173435e-03,7.896652435961424032e+01,3.179465087207424684e-02,9.993706426476590687e-01,-1.572955148527144589e-02,9.032933127421870267e+00,-9.272355305354647304e-03,1.603175468752100416e-02,9.998284884262552685e-01,7.420235155602807886e-01,0.000000000000000000e+00,0.000000000000000000e+00,0.000000000000000000e+00,1.000000000000000056e-01
9.999011830015845925e-01,-9.521027298708567912e-03,1.034283670996230357e-02,7.944330182933101980e+01,9.684765306209956390e-03,9.998267137790292081e-01,-1.589804185397641206e-02,9.039131949016173451e+00,-1.018967874838699710e-02,1.599663880333615507e-02,9.998201228191000434e-01,7.485248951181220356e-01,0.000000000000000000e+00,0.000000000000000000e+00,0.000000000000000000e+00,1.000000000000000056e-01
9.997809579781651301e-01,1.727322505550745943e-02,1.181828077362041124e-02,7.993193593195623237e+01,-1.705638700641452440e-02,9.996887105187669542e-01,-1.820883641566587233e-02,9.043919669719011623e+00,-1.212912719653604088e-02,1.800327074469678865e-02,9.997643554938050459e-01,7.584807972082352467e-01,0.000000000000000000e+00,0.000000000000000000e+00,0.000000000000000000e+00,1.000000000000000056e-01
9.988201155165065126e-01,4.650998379064479049e-02,1.397133663564555268e-02,8.041122530767390231e+01,-4.624002744849824154e-02,9.987484876140280132e-01,-1.906091157982396644e-02,9.024169498547774282e+00,-1.484037402340998395e-02,1.839238691648523161e-02,9.997207026976883126e-01,7.584476734575248402e-01,0.000000000000000000e+00,0.000000000000000000e+00,0.000000000000000000e+00,1.000000000000000056e-01
9.967137745271545946e-01,7.941953806133639215e-02,1.594329457660214472e-02,8.088533162078341832e+01,-7.909053225899170814e-02,9.966606510374020900e-01,-2.030355586322862491e-02,8.973665528434175087e+00,-1.750255338005753114e-02,1.897587014673618802e-02,9.996667329552146875e-01,7.565326356787872575e-01,0.000000000000000000e+00,0.000000000000000000e+00,0.000000000000000000e+00,1.000000000000000056e-01
