1.000000000000000000e+00,2.425417453688566697e-13,3.462117213980647239e-13,-1.768614343662637747e-20,-2.425417453687910364e-13,1.000000000000000000e+00,-1.896607800479480589e-13,-3.461304414820377315e-20,-3.462117213981107681e-13,1.896607800478640989e-13,1.000000000000000000e+00,-1.316427319225375133e-19,0.000000000000000000e+00,0.000000000000000000e+00,0.000000000000000000e+00,1.000000000000000056e-01
9.999921173039217903e-01,-2.573325578108014156e-03,-3.023793228479519039e-03,6.404689945661116157e-01,2.562259603431193793e-03,9.999900275173042585e-01,-3.657826084659597347e-03,1.839811735198549139e-02,3.033175851177797883e-03,3.650049507889802959e-03,9.999887384280113922e-01,1.252877206407819878e-04,0.000000000000000000e+00,0.000000000000000000e+00,0.000000000000000000e+00,1.000000000000000056e-01
9.999682939458287567e-01,-6.617093378787846682e-03,-4.430031409035265801e-03,1.293088259942917428e+00,6.603384369871494013e-03,9.999733858837462908e-01,-3.102070124926149895e-03,2.833644307656178751e-02,4.450440195348522900e-03,3.072718570358263113e-03,9.999853758843950668e-01,8.882281542229839705e-03,0.000000000000000000e+00,0.000000000000000000e+00,0.000000000000000000e+00,1.000000000000000056e-01
9.999376956081988954e-01,-1.002152888912196879e-02,-4.916692027110689846e-03,1.980492474366494449e+00,9.999410122060969214e-03,9.999398662474118238e-01,-4.502853130962171900e-03,5.461367721797915492e-02,4.961521840704189411e-03,4.453408563413530953e-03,9.999777749796200377e-01,9.314327164887815924e-03,0.000000000000000000e+00,0.000000000000000000e+00,0.000000000000000000e+00,1.000000000000000056e-01
9.998014306353487646e-01,-1.947549366295287313e-02,-4.219531501733733009e-03,2.698722236333556790e+00,1.947146816410547446e-02,9.998099198654082365e-01,-9.930086909307213588e-04,4.803573292347595308e-02,4.238068787085448250e-03,9.106510365224216490e-04,9.999906046996869247e-01,1.319225763080533569e-02,0.000000000000000000e+00,0.000000000000000000e+00,0.000000000000000000e+00,1.000000000000000056e-01
9.996637776495945760e-01,-2.561027296324708616e-02,-4.055314302224922139e-03,3.415441738365992741e+00,2.560625288715586215e-02,9.996715650091687611e-01,-1.040156333587442371e-03,7.800593431694252677e-02,4.080621082736878534e-03,9.359652062205032130e-04,9.999912362119539599e-01,1.808426290442108689e-02,0.000000000000000000e+00,0.000000000000000000e+00,0.000000000000000000e+00,1.000000000000000056e-01
9.995334661179424707e-01,-3.000476823484060640e-02,-5.706486960079711242e-03,4.138816409700090126e+00,3.000442516089716488e-02,9.995497552550852705e-01,-1.457403965621524437e-04,8.432304557046563231e-02,5.708290551135311412e-03,-2.554745719617551532e-05,9.999837072504287327e-01,2.506085462329087771e-02,0.000000000000000000e+00,0.000000000000000000e+00,0.000000000000000000e+00,1.000000000000000056e-01
9.994527724823994985e-01,-3.258724905498472380e-02,-5.676863242448795289e-03,4.881638829938474977e+00,3.258452832745438454e-02,9.994688200901605812e-01,-5.711228059847117764e-04,1.105145617565488625e-01,5.692459127863106795e-03,3.858323607346903438e-04,9.999837233887695076e-01,3.970485360889459275e-02,0.000000000000000000e+00,0.000000000000000000e+00,0.000000000000000000e+00,1.000000000000000056e-01
9.992979943933181231e-01,-3.714073879169212111e-02,-4.907537417008873623e-03,5.640315468552100420e+00,3.714962472543999195e-02,9.993082133891737495e-01,1.732061112220378406e-03,1.511770992081548082e-01,4.839812418991434190e-03,-1.913158368976418736e-03,9.999864579287082167e-01,3.880786939527886698e-02,0.000000000000000000e+00,0.000000000000000000e+00,0.000000000000000000e+00,1.000000000000000056e-01
9.991602363126185216e-01,-4.093099455757169547e-02,-1.864364835606153580e-03,6.422885162093000311e+00,4.093390230842200439e-02,9.991606556688552576e-01,1.549130461881228918e-03,2.029482704163977358e-01,1.799392541045972699e-03,-1.624145286420283990e-03,9.999970621649705294e-01,4.889965779140647423e-02,0.000000000000000000e+00,0.000000000000000000e+00,0.000000000000000000e+00,1.000000000000000056e-01
9.990317755912934139e-01,-4.398068573416705901e-02,-1.100291443233714257e-03,7.215415398535934166e+00,4.397990408027627890e-02,9.990321529845652693e-01,-7.248035001989104956e-04,2.266541365448970224e-01,1.131103884405544515e-03,6.757110156247344256e-04,9.999991320089363089e-01,6.019477379738454731e-02,0.000000000000000000e+00,0.000000000000000000e+00,0.000000000000000000e+00,1.000000000000000056e-01
9.989377827434403612e-01,-4.607596105656770746e-02,5.585878021738058252e-04,8.018800329677917560e+00,4.607637611803201694e-02,9.989376348642925452e-01,-7.544637585558393745e-04,2.662942103458929011e-01,-5.232317352097343253e-04,7.794000557999577247e-04,9.999995593819550610e-01,6.175388375421755893e-02,0.000000000000000000e+00,0.000000000000000000e+00,0.000000000000000000e+00,1.000000000000000056e-01
9.988851105022850119e-01,-4.719028532193327019e-02,1.270034673682857509e-03,8.858581946561567833e+00,4.719303242155703515e-02,9.988833039608526754e-01,-2.227725097200690917e-03,3.148792511681009487e-01,-1.163489448037444141e-03,2.285178217417642606e-03,9.999967121210043830e-01,7.648979543999862019e-02,0.000000000000000000e+00,0.000000000000000000e+00,0.000000000000000000e+00,1.000000000000000056e-01
9.986776782016740794e-01,-5.137237853228065337e-02,1.942623393684882746e-03,9.666679623316197123e+00,5.138126020037691449e-02,9.986673921833285617e-01,-4.837963411494049584e-03,3.519897442863819670e-01,-1.691496950865013478e-03,4.931380505077789453e-03,9.999864100698465652e-01,8.253251953020153409e-02,0.000000000000000000e+00,0.000000000000000000e+00,0.000000000000000000e+00,1.000000000000000056e-01
9.986435218206862752e-01,-5.203936453940756490e-02,1.738063264400788784e-03,1.047789536744402739e+01,5.204906264358070966e-02,9.986258990145207015e-01,-6.099909455460783385e-03,4.148518017316598638e-01,-1.418239578146247848e-03,6.182099625115964996e-03,9.999798849180537852e-01,9.278326350385981969e-02,0.000000000000000000e+00,0.000000000000000000e+00,0.000000000000000000e+00,1.000000000000000056e-01
9.985293873149215793e-01,-5.420649358855592070e-02,8.477743338284660958e-04,1.126637537805885891e+01,5.421070663234171805e-02,9.985104282098629103e-01,-6.174466987386861491e-03,4.657579060338384314e-01,-5.118153079318567625e-04,6.211345183613216706e-03,9.999805784294515387e-01,1.078287833627179781e-01,0.000000000000000000e+00,0.000000000000000000e+00,0.000000000000000000e+00,1.000000000000000056e-01
9.984334183069791813e-01,-5.590819828317021567e-02,-2.232167684228408486e-03,1.212547107914615374e+01,5.589530756784238941e-02,9.984216454495817850e-01,-5.471059280062123137e-03,5.138644371553556800e-01,2.534521599255401894e-03,5.337720719499601182e-03,9.999825423165064064e-01,1.015320763634183360e-01,0.000000000000000000e+00,0.000000000000000000e+00,0.000000000000000000e+00,1.000000000000000056e-01
9.982079627203618299e-01,-5.973478316860496296e-02,-3.552300869076659151e-03,1.300892651626847929e+01,5.971875642643742488e-02,9.982052852643419349e-01,-4.458542498801207170e-03,5.885994945348007601e-01,3.812255571775336783e-03,4.238413634076692964e-03,9.999837511466483919e-01,1.327186822982880654e-01,0.000000000000000000e+00,0.000000000000000000e+00,0.000000000000000000e+00,1.000000000000000056e-01
9.984465282357654070e-01,-5.559269522494887650e-02,-3.739316992843536025e-03,1.390609351158392748e+01,5.559210652230235639e-02,9.984535289285232373e-01,-2.612711076111051797e-04,6.502422779905659977e-01,3.748059012343530477e-03,5.298872173580786561e-05,9.999929745982395479e-01,1.361524075023694547e-01,0.000000000000000000e+00,0.000000000000000000e+00,0.000000000000000000e+00,1.000000000000000056e-01
9.977806432830952366e-01,-6.642484504370095577e-02,-4.639811471711591424e-03,1.484788925629423595e+01,6.643780156229230072e-02,9.977869253035793751e-01,2.696333955342179907e-03,7.725046882034020124e-01,4.450439657177711165e-03,-2.998608702311394633e-03,9.999856008626865078e-01,1.556374961797293843e-01,0.000000000000000000e+00,0.000000000000000000e+00,0.000000000000000000e+00,1.000000000000000056e-01
9.974620063009145277e-01,-7.111434363091909128e-02,-3.506581825356824486e-03,1.582848857704201428e+01,7.112222944106738609e-02,9.974652303767186368e-01,2.177766941578528938e-03,8.580592794906413134e-01,3.342822981632888324e-03,-2.421635699939630668e-03,9.999914805712347698e-01,1.659996481267697610e-01,0.000000000000000000e+00,0.000000000000000000e+00,0.000000000000000000e+00,1.000000000000000056e-01
9.973753807535591376e-01,-7.239090393048785987e-02,-1.380903624365205319e-03,1.676986660761595971e+01,7.239367029871238146e-02,9.973739853470745542e-01,2.071196170069476705e-03,9.347139719239344613e-01,1.227341588244650538e-03,-2.165728750434949869e-03,9.999969016210026318e-01,1.821335718089503453e-01,0.000000000000000000e+00,0.000000000000000000e+00,0.000000000000000000e+00,1.000000000000000056e-01
9.974025988149269883e-01,-7.202778000820581061e-02,2.340605034790838555e-04,1.768325518868893198e+01,7.202749501246594188e-02,9.974020868729125411e-01,1.056912384333868245e-03,1.026461595847379282e+00,-3.095794873313109782e-04,-1.037308367107326115e-03,9.999994140757746397e-01,1.879359380038511385e-01,0.000000000000000000e+00,0.000000000000000000e+00,0.000000000000000000e+00,1.000000000000000056e-01
9.971074635691540289e-01,-7.599401328213144236e-02,-1.271235604966859060e-03,1.861685267344576289e+01,7.599647192074752977e-02,9.971060552981481084e-01,2.012645861912072068e-03,1.088115873088403074e+00,1.114607683060686669e-03,-2.103433631391618281e-03,9.999971666043215857e-01,1.872915197575127089e-01,0.000000000000000000e+00,0.000000000000000000e+00,0.000000000000000000e+00,1.000000000000000056e-01
9.970615240445472871e-01,-7.655974986744978894e-02,-2.630963739426370445e-03,1.955348547248564373e+01,7.656060779496126623e-02,9.970649035549745687e-01,2.267883932396314614e-04,1.166827702117768206e+00,2.605878744448522199e-03,-4.275501639761080937e-04,9.999965132923347433e-01,1.965272548470818337e-01,0.000000000000000000e+00,0.000000000000000000e+00,0.000000000000000000e+00,1.000000000000000056e-01
9.968644581945040883e-01,-7.905807960025093561e-02,-3.327467279793974199e-03,2.048080450484412296e+01,7.904830333837256640e-02,9.968663512097872825e-01,-2.973813210298159593e-03,1.237307167104908956e+00,3.552144127474204938e-03,2.701458051773870245e-03,9.999900421486667135e-01,2.116696696594913829e-01,0.000000000000000000e+00,0.000000000000000000e+00,0.000000000000000000e+00,1.000000000000000056e-01
9.969236929886517995e-01,-7.837619610440138551e-02,-5.676636969686212064e-04,2.139953414091819894e+01,7.836781374943166401e-02,9.968829807052516090e-01,-9.099920238519684096e-03,1.312796217289920131e+00,1.279111411420871640e-03,9.027439527210866926e-03,9.999584337409128665e-01,2.278807923707575900e-01,0.000000000000000000e+00,0.000000000000000000e+00,0.000000000000000000e+00,1.000000000000000056e-01
9.970966928822977415e-01,-7.610582273448068813e-02,2.467547181451597727e-03,2.235718860615501313e+01,7.612303400399444975e-02,9.970674868515310152e-01,-7.855594032195222648e-03,1.398643188841295348e+00,-1.862454620009229437e-03,8.020624008127870408e-03,9.999660998520443211e-01,2.535735172742662469e-01,0.000000000000000000e+00,0.000000000000000000e+00,0.000000000000000000e+00,1.000000000000000056e-01
9.973074183914181212e-01,-7.326935119236685501e-02,3.084703761237162986e-03,2.330480186908284423e+01,7.328669008711494182e-02,9.972932052145270232e-01,-5.943390363296227955e-03,1.482156031933338891e+00,-2.640885745379836780e-03,6.153455028271739499e-03,9.999775801055216240e-01,2.629635105671778716e-01,0.000000000000000000e+00,0.000000000000000000e+00,0.000000000000000000e+00,1.000000000000000056e-01
9.973952872842368755e-01,-7.209374820099576087e-02,2.265474238676001666e-03,2.422487392921626181e+01,7.210863648526574798e-02,9.973695194117565554e-01,-7.374706271947043847e-03,1.554307554174253481e+00,-1.727844735641944360e-03,7.518857539088906645e-03,9.999702402241160692e-01,2.753328581217399651e-01,0.000000000000000000e+00,0.000000000000000000e+00,0.000000000000000000e+00,1.000000000000000056e-01
9.974333122191646472e-01,-7.158785559125750708e-02,1.402357783038345228e-03,2.517195239777238669e+01,7.159690016795729195e-02,9.974008312053285197e-01,-8.091093699818313265e-03,1.624414308271809215e+00,-8.194887710917806486e-04,8.170730858677350758e-03,9.999662832292842696e-01,2.793271778013614592e-01,0.000000000000000000e+00,0.000000000000000000e+00,0.000000000000000000e+00,1.000000000000000056e-01
9.972735785630242322e-01,-7.378821362167092834e-02,-8.420395609018461753e-04,2.615309406090809574e+01,7.377603092964346576e-02,9.972239210773352625e-01,-1.007712714085144505e-02,1.746239727328607660e+00,1.583275202786661251e-03,9.987530308702420936e-03,9.999488699318405116e-01,2.882558709518929785e-01,0.000000000000000000e+00,0.000000000000000000e+00,0.000000000000000000e+00,1.000000000000000056e-01
9.976657291945940642e-01,-6.827371145586987045e-02,-1.339072313042467561e-03,2.712440140028324009e+01,6.825720983430240418e-02,9.976186801276533123e-01,-9.895573050353274891e-03,1.827865451259273799e+00,2.011491052663211699e-03,9.781072763224429867e-03,9.999501410167136450e-01,2.972894479401896328e-01,0.000000000000000000e+00,0.000000000000000000e+00,0.000000000000000000e+00,1.000000000000000056e-01
9.977759071349088238e-01,-6.665713689536899300e-02,-2.554251784368589723e-04,2.808143472932928475e+01,6.664882780988677646e-02,9.976991390345643085e-01,-1.242423926271164422e-02,1.878884469811447966e+00,1.083001697969592598e-03,1.237958281207731520e-02,9.999227835371694573e-01,3.124532002663338859e-01,0.000000000000000000e+00,0.000000000000000000e+00,0.000000000000000000e+00,1.000000000000000056e-01
9.978525839104938067e-01,-6.544845489493453239e-02,2.592399470895483202e-03,2.909467654591891872e+01,6.547716092960068068e-02,9.977664350828728823e-01,-1.322431164992764370e-02,1.927834927331933512e+00,-1.721098413849265086e-03,1.336565650766757991e-02,9.999091944003559718e-01,3.184921851584541774e-01,0.000000000000000000e+00,0.000000000000000000e+00,0.000000000000000000e+00,1.000000000000000056e-01
9.981093313493775154e-01,-6.114971218827030403e-02,6.202851972301147258e-03,3.005093664437913858e+01,6.124616365664963674e-02,9.979816521251065886e-01,-1.677883961975950786e-02,1.988555861269245328e+00,-5.164311245603133739e-03,1.712701728073013144e-02,9.998399847817770469e-01,3.305277255484699861e-01,0.000000000000000000e+00,0.000000000000000000e+00,0.000000000000000000e+00,1.000000000000000056e-01
9.982287840849241034e-01,-5.913567751243547360e-02,6.501251377934736883e-03,3.096591980640591757e+01,5.928413006119161860e-02,9.979105615215545511e-01,-2.568857969260841465e-02,2.046172382223526043e+00,-4.968555848693042426e-03,2.602850070367115562e-02,9.996488536500691691e-01,3.557638123549992648e-01,0.000000000000000000e+00,0.000000000000000000e+00,0.000000000000000000e+00,1.000000000000000056e-01
9.984051359725845121e-01,-5.635897018981605305e-02,3.294076912940877792e-03,3.190059631081083324e+01,5.642544631520023807e-02,9.980722991996828775e-01,-2.584288254798737181e-02,2.092173096449221781e+00,-1.831248671098557965e-03,2.598753642425615309e-02,9.996605896397549040e-01,3.553523287151741927e-01,0.000000000000000000e+00,0.000000000000000000e+00,0.000000000000000000e+00,1.000000000000000056e-01
9.983495864699105660e-01,-5.741583491954482810e-02,1.234947711537048593e-03,3.287664951023815973e+01,5.742769055366579722e-02,9.979425540737165701e-01,-2.850822910143130037e-02,2.159806425706407129e+00,4.044169025375700150e-04,2.853209892943151318e-02,9.995927949808611768e-01,3.625059429615645201e-01,0.000000000000000000e+00,0.000000000000000000e+00,0.000000000000000000e+00,1.000000000000000056e-01
9.983223910807704771e-01,-5.789789897004121028e-02,-4.865815739544750206e-04,3.384863935170777438e+01,5.786315843680537446e-02,9.979524195161174616e-01,-2.725478449087793617e-02,2.231237790677383703e+00,2.063580017922925485e-03,2.718090647461820011e-02,9.996284009374322155e-01,3.666107025841287004e-01,0.000000000000000000e+00,0.000000000000000000e+00,0.000000000000000000e+00,1.000000000000000056e-01
9.982127234863533705e-01,-5.968121609072881556e-02,3.084009709569984770e-03,3.484050002223715836e+01,5.974604423576315021e-02,9.977842273460396649e-01,-2.927534555978733230e-02,2.285412176977271503e+00,-1.329988020706544816e-03,2.940727980277092410e-02,9.995666276074178791e-01,3.820779723972792530e-01,0.000000000000000000e+00,0.000000000000000000e+00,0.000000000000000000e+00,1.000000000000000056e-01
9.980587091072138373e-01,-6.226275876084465949e-02,1.470389992750344718e-03,3.581885714752563388e+01,6.227888034466361883e-02,9.976117959111229228e-01,-2.986713447920707684e-02,2.352592099392352587e+00,3.927317875991617833e-04,2.990072792546746502e-02,9.995527961199799361e-01,3.915492441520441180e-01,0.000000000000000000e+00,0.000000000000000000e+00,0.000000000000000000e+00,1.000000000000000056e-01
9.978611075073150483e-01,-6.533604155543241976e-02,2.100428085274157631e-03,3.680865384011884345e+01,6.536940116386476263e-02,9.974514147980505507e-01,-2.859224560689471034e-02,2.405773535067192714e+00,-2.269708182030663384e-04,2.866839359353925282e-02,9.995889513660169978e-01,4.094813082070848376e-01,0.000000000000000000e+00,0.000000000000000000e+00,0.000000000000000000e+00,1.000000000000000056e-01
9.979511288493038146e-01,-6.387054227618320368e-02,3.754764672590819256e-03,3.780234953106386087e+01,6.394883918968848058e-02,9.975884006391104730e-01,-2.698015708984792538e-02,2.477668523522301047e+00,-2.022472420480912660e-03,2.716499106658791518e-02,9.996289175817497652e-01,4.249435077150620077e-01,0.000000000000000000e+00,0.000000000000000000e+00,0.000000000000000000e+00,1.000000000000000056e-01
9.978925738618313890e-01,-6.452398814349390166e-02,6.860465397301749278e-03,3.880919159719680067e+01,6.468190404138617067e-02,9.975661204617964906e-01,-2.604009593648641888e-02,2.534443056279165774e+00,-5.163557009487410900e-03,2.642896632217697425e-02,9.996373579544488575e-01,4.433028833011291581e-01,0.000000000000000000e+00,0.000000000000000000e+00,0.000000000000000000e+00,1.000000000000000056e-01
9.981064541677631130e-01,-6.069281513964723540e-02,9.994415394589494309e-03,3.981588104169836839e+01,6.091533312432635683e-02,9.978612680340853691e-01,-2.371100899918849106e-02,2.606400187628598264e+00,-8.533952132942198079e-03,2.427492426006426160e-02,9.996688950413336050e-01,4.510291795677680571e-01,0.000000000000000000e+00,0.000000000000000000e+00,0.000000000000000000e+00,1.000000000000000056e-01
9.980611883114349769e-01,-6.190132240928090945e-02,6.487732296305508302e-03,4.080757856879098000e+01,6.204216067325020456e-02,9.977753988892524850e-01,-2.439310702612124820e-02,2.662929779603605329e+00,-4.963334097244888159e-03,2.474832631463100979e-02,9.996813920741266513e-01,4.857368733593011023e-01,0.000000000000000000e+00,0.000000000000000000e+00,0.000000000000000000e+00,1.000000000000000056e-01
9.979439561580324414e-01,-6.385276749567200816e-02,5.539354727642628248e-03,4.180321306625855726e+01,6.395760779711995303e-02,9.977222013272516454e-01,-2.144372597224905933e-02,2.719444465073191264e+00,-4.157495944049198824e-03,2.175392060863466301e-02,9.997547109994673331e-01,5.148040496719252790e-01,0.000000000000000000e+00,0.000000000000000000e+00,0.000000000000000000e+00,1.000000000000000056e-01
9.978659228263171421e-01,-6.519945865587992162e-02,3.553962993995170381e-03,4.280562118724711240e+01,6.525878103365234661e-02,9.976586071382923526e-01,-2.045959679183254748e-02,2.775729263189735008e+00,-2.211687135265197422e-03,2.064786172616317472e-02,9.997843638736069183e-01,5.349620074886665133e-01,0.000000000000000000e+00,0.000000000000000000e+00,0.000000000000000000e+00,1.000000000000000056e-01
9.978609933432923684e-01,-6.517005694353555922e-02,5.128512641508097512e-03,4.386148271284562838e+01,6.526628943923232229e-02,9.976338500915686858e-01,-2.161047464327841422e-02,2.861936700765078001e+00,-3.708021948711718706e-03,2.189896868461525814e-02,9.997533124445140418e-01,5.652306722014103224e-01,0.000000000000000000e+00,0.000000000000000000e+00,0.000000000000000000e+00,1.000000000000000056e-01
9.979859105394132124e-01,-6.322451015212006420e-02,5.175295242081963745e-03,4.484474976208647234e+01,6.331285613070571083e-02,9.978090883290465785e-01,-1.919649698589386347e-02,2.926854572396296206e+00,-3.950267508765668845e-03,1.948549624673024880e-02,9.998023358757609502e-01,5.786781350751566411e-01,0.000000000000000000e+00,0.000000000000000000e+00,0.000000000000000000e+00,1.000000000000000056e-01
9.978136922685491017e-01,-6.540118828010765828e-02,9.514204798884713654e-03,4.582051718021359932e+01,6.557899672145717229e-02,9.976516808593075547e-01,-1.976155023285288553e-02,3.020655903421498589e+00,-8.199433542161408545e-03,2.034227740810667928e-02,9.997594515879504318e-01,5.865318956481090362e-01,0.000000000000000000e+00,0.000000000000000000e+00,0.000000000000000000e+00,1.000000000000000056e-01
9.977642914561897225e-01,-6.623270915029233485e-02,8.924513070212218221e-03,4.675642421320725362e+01,6.639138227201207831e-02,9.976157351443054599e-01,-1.884222259974815614e-02,3.094600829664267749e+00,-7.655263218150539992e-03,1.939260764053355249e-02,9.997826382339118911e-01,6.013738382159953266e-01,0.000000000000000000e+00,0.000000000000000000e+00,0.000000000000000000e+00,1.000000000000000056e-01
9.978324842425503327e-01,-6.575053231336468185e-02,2.683447567896826182e-03,4.772651488543530718e+01,6.578897359144746104e-02,9.976630517743342308e-01,-1.844576043718316322e-02,3.129779166344824226e+00,-1.464357922194767063e-03,1.858232022195582811e-02,9.998262614229755929e-01,6.022169347118503380e-01,0.000000000000000000e+00,0.000000000000000000e+00,0.000000000000000000e+00,1.000000000000000056e-01
9.977811717449822648e-01,-6.642619658483181477e-02,4.504854990295495756e-03,4.869081415465369389e+01,6.650399784021154836e-02,9.975824135426798467e-01,-2.016299733746905118e-02,3.196796745178401178e+00,-3.154612889000606851e-03,2.041784997581590558e-02,9.997865571310136090e-01,6.205458212299006515e-01,0.000000000000000000e+00,0.000000000000000000e+00,0.000000000000000000e+00,1.000000000000000056e-01
9.980296390474329149e-01,-6.260654153552354384e-02,4.154580581897125702e-03,4.968343169925829983e+01,6.267999940932304781e-02,9.978153189923781863e-01,-2.087598759785775845e-02,3.264510781108105775e+00,-2.838530763964864593e-03,2.109526347546796313e-02,9.997734406364287008e-01,6.290645839420995200e-01,0.000000000000000000e+00,0.000000000000000000e+00,0.000000000000000000e+00,1.000000000000000056e-01
9.981462631570278132e-01,-6.065885426299462424e-02,4.953861641413767093e-03,5.069575599784442943e+01,6.074334836976945373e-02,9.979687819881046806e-01,-1.919780732291031383e-02,3.358309115397171141e+00,-3.779282271849823162e-03,1.946313378363158375e-02,9.998034324050053545e-01,6.570243734865921503e-01,0.000000000000000000e+00,0.000000000000000000e+00,0.000000000000000000e+00,1.000000000000000056e-01
9.982387559515758513e-01,-5.915664268671289028e-02,4.458446174041816139e-03,5.163353635054192381e+01,5.922977696984241258e-02,9.980710889527052432e-01,-1.859932570992334222e-02,3.431630997107805836e+00,-3.349572562727210195e-03,1.883064053073257860e-02,9.998170769400017699e-01,6.711623111496197724e-01,0.000000000000000000e+00,0.000000000000000000e+00,0.000000000000000000e+00,1.000000000000000056e-01
9.983931607471898673e-01,-5.659546936128862643e-02,2.837150156629935239e-03,5.256503469379250504e+01,5.663964405860579671e-02,9.982101251309306589e-01,-1.919627065359900964e-02,3.518135119338463568e+00,-1.745650065238040730e-03,1.932612050741757542e-02,9.998117091592708672e-01,7.002450226056368132e-01,0.000000000000000000e+00,0.000000000000000000e+00,0.000000000000000000e+00,1.000000000000000056e-01
9.982363462400949405e-01,-5.927703386503715283e-02,3.229597713124447364e-03,5.352229771009957915e+01,5.933451470018152180e-02,9.979888181330496266e-01,-2.230995846461250598e-02,3.589610370428353292e+00,-1.900634241331859231e-03,2.246223803546812392e-02,9.997458854388542315e-01,7.203642721314266195e-01,0.000000000000000000e+00,0.000000000000000000e+00,0.000000000000000000e+00,1.000000000000000056e-01
9.983861255611023999e-01,-5.661477245443113232e-02,4.462267027390301628e-03,5.446928565856455862e+01,5.671158734177022404e-02,9.980558549168216942e-01,-2.585162136944089972e-02,3.641050982236345934e+00,-2.990008071480166566e-03,2.606296234477484264e-02,9.996558316968632285e-01,7.458085316344311710e-01,0.000000000000000000e+00,0.000000000000000000e+00,0.000000000000000000e+00,1.000000000000000056e-01
9.982412025179513426e-01,-5.872307828121221124e-02,8.130293518265822861e-03,5.541220039814903942e+01,5.894342276277838438e-02,9.978040625436550570e-01,-3.021135025757868547e-02,3.686477563992209827e+00,-6.338336416041071356e-03,3.063744193884898603e-02,9.995104664999365784e-01,7.514995548449467933e-01,0.000000000000000000e+00,0.000000000000000000e+00,0.000000000000000000e+00,1.000000000000000056e-01
9.979496344422293941e-01,-6.280625481545003275e-02,1.232483154762867641e-02,5.637102101628095596e+01,6.311737845802940783e-02,9.976481311277817232e-01,-2.672831820055975374e-02,3.738835453964652000e+00,-1.061713959626368886e-02,2.745142643472733499e-02,9.995667539156612991e-01,7.748364911347428441e-01,0.000000000000000000e+00,0.000000000000000000e+00,0.000000000000000000e+00,1.000000000000000056e-01
9.977273968027060569e-01,-6.611679178462268047e-02,1.298504961116290005e-02,5.733679985806029578e+01,6.642027482054194132e-02,9.974902604795310435e-01,-2.452605433495200216e-02,3.833734172056908029e+00,-1.133087649121615123e-02,2.533278690918519538e-02,9.996148564048829011e-01,7.795573018210968375e-01,0.000000000000000000e+00,0.000000000000000000e+00,0.000000000000000000e+00,1.000000000000000056e-01
9.977586620584035781e-01,-6.650378660001761422e-02,7.409362677297897520e-03,5.821187510723279246e+01,6.668477102281793190e-02,9.973900728761674328e-01,-2.768002604239615597e-02,3.897786192702525021e+00,-5.549198235669660847e-03,2.811207740336358132e-02,9.995893744448309803e-01,7.924492532508282672e-01,0.000000000000000000e+00,0.000000000000000000e+00,0.000000000000000000e+00,1.000000000000000056e-01
9.975814454942159015e-01,-6.945539843029978344e-02,2.684629315010746229e-03,5.909958836048197384e+01,6.950172087990959258e-02,9.972453270389566304e-01,-2.590884971772273657e-02,3.958162644084052495e+00,-8.777245592110696770e-04,2.603277410981615428e-02,9.996607045751800813e-01,7.975019561093458220e-01,0.000000000000000000e+00,0.000000000000000000e+00,0.000000000000000000e+00,1.000000000000000056e-01
9.976872276044340682e-01,-6.783483626385682086e-02,-4.316348460668590313e-03,6.006971585866450170e+01,6.770514163095296689e-02,9.973859757343261911e-01,-2.524339924056914763e-02,4.029468571805584709e+00,6.017447275280475051e-03,2.489277801977719806e-02,9.996720161786801784e-01,8.196911109974095444e-01,0.000000000000000000e+00,0.000000000000000000e+00,0.000000000000000000e+00,1.000000000000000056e-01
9.979341196564406324e-01,-6.412046026837481261e-02,-4.007418183389932151e-03,6.096009476124298487e+01,6.401267048931530423e-02,9.976866952851858317e-01,-2.288309567674622416e-02,4.116940793495757589e+00,5.465422431170289738e-03,2.257929639950161452e-02,9.997301158471482152e-01,8.365540873998046356e-01,0.000000000000000000e+00,0.000000000000000000e+00,0.000000000000000000e+00,1.000000000000000056e-01
9.977903059350385906e-01,-6.642455568603722327e-02,-1.511219366782988807e-03,6.184875380832083636e+01,6.638042649332895340e-02,9.975885267697497394e-01,-2.026746742748029503e-02,4.180797728142083614e+00,2.853832620486566364e-03,2.012236713890195802e-02,9.997934516589421783e-01,8.565025374290091698e-01,0.000000000000000000e+00,0.000000000000000000e+00,0.000000000000000000e+00,1.000000000000000056e-01
9.978202562096529782e-01,-6.597528596942477119e-02,-1.413484685128443569e-03,6.272016956039891511e+01,6.594013334603711363e-02,9.976671404640521379e-01,-1.766849321781872179e-02,4.243820882567896469e+00,2.575871116596257799e-03,1.753677506082244181e-02,9.998429008641591675e-01,8.811680783382406235e-01,0.000000000000000000e+00,0.000000000000000000e+00,0.000000000000000000e+00,1.000000000000000056e-01
9.977496957017394363e-01,-6.704376891560136220e-02,-8.232719342681668303e-04,6.352591819417132513e+01,6.702199723717282287e-02,9.976226124573719378e-01,-1.603667671522313390e-02,4.306262077913989295e+00,1.896473945697067180e-03,1.594541198337709118e-02,9.998710652995483894e-01,9.016936202952564594e-01,0.000000000000000000e+00,0.000000000000000000e+00,0.000000000000000000e+00,1.000000000000000056e-01
9.975008724055628440e-01,-7.065393312042925200e-02,-1.768749698798138727e-04,6.434718552520378410e+01,7.064310282134478314e-02,9.973859949660786040e-01,-1.518976857289973739e-02,4.364423363781402720e+00,1.249629510682629145e-03,1.513931240642234569e-02,9.998846131659125946e-01,9.235749862203311844e-01,0.000000000000000000e+00,0.000000000000000000e+00,0.000000000000000000e+00,1.000000000000000056e-01
9.974725545302111085e-01,-7.105056488968346240e-02,5.658514222078668944e-04,6.513842955203206486e+01,7.105033741842954609e-02,9.973395525418518037e-01,-1.629927876766763123e-02,4.423621940515313433e+00,5.937269595072443154e-04,1.629828716386202969e-02,9.998669978171206285e-01,9.359744204611341045e-01,0.000000000000000000e+00,0.000000000000000000e+00,0.000000000000000000e+00,1.000000000000000056e-01
9.971908545881735808e-01,-7.486337352920656441e-02,2.423804764110207288e-03,6.594613080857281773e+01,7.489411059832544459e-02,9.970428494906381500e-01,-1.721709839881586240e-02,4.487769117304521771e+00,-1.127707140097769034e-03,1.735026176791588243e-02,9.998488369214573179e-01,9.564303185392428741e-01,0.000000000000000000e+00,0.000000000000000000e+00,0.000000000000000000e+00,1.000000000000000056e-01
9.970277507089108093e-01,-7.703501121350042613e-02,1.127547633534990972e-03,6.668027631781529863e+01,7.704315627888558282e-02,9.968952746270982601e-01,-1.625310729520713926e-02,4.561331777423247580e+00,1.280113949525071458e-04,1.629166883711328367e-02,9.998672737616651762e-01,9.764017341803939987e-01,0.000000000000000000e+00,0.000000000000000000e+00,0.000000000000000000e+00,1.000000000000000056e-01
9.969599164418730952e-01,-7.769273430796334867e-02,5.896104134563077796e-03,6.745197369899464945e+01,7.779256967184063065e-02,9.967849221669365933e-01,-1.918684561114571141e-02,4.633149484605968205e+00,-4.386469202583954431e-03,1.958718908895137195e-02,9.997985301607161812e-01,9.833448982567123409e-01,0.000000000000000000e+00,0.000000000000000000e+00,0.000000000000000000e+00,1.000000000000000056e-01
9.967017709783777546e-01,-8.070612558247088064e-02,8.491232067952658724e-03,6.817887371449023703e+01,8.083538176685943488e-02,9.965962046028343790e-01,-1.617547606197718493e-02,4.688391233865943697e+00,-7.156869648909314034e-03,1.680851762327497181e-02,9.998331125503578942e-01,1.005997363937756406e+00,0.000000000000000000e+00,0.000000000000000000e+00,0.000000000000000000e+00,1.000000000000000056e-01
9.965498839920050589e-01,-8.231371833407322147e-02,1.061981589012693863e-02,6.886560547588132408e+01,8.247121286227129811e-02,9.964750905927596270e-01,-1.535880454910139650e-02,4.762740848924243764e+00,-9.318141689589855975e-03,1.618164398849566629e-02,9.998256481173516397e-01,1.022932838435335778e+00,0.000000000000000000e+00,0.000000000000000000e+00,0.000000000000000000e+00,1.000000000000000056e-01
9.965443026082186906e-01,-8.284210563507142522e-02,6.052972248965966980e-03,6.951720099122009344e+01,8.290156895634724632e-02,9.965040947375789493e-01,-1.034016614055685394e-02,4.815908427924492585e+00,-5.175210495727318970e-03,1.080623455168285528e-02,9.999282186692897145e-01,1.045886072043263004e+00,0.000000000000000000e+00,0.000000000000000000e+00,0.000000000000000000e+00,1.000000000000000056e-01
9.966994117148163523e-01,-8.117722395261987856e-02,7.355261281836340814e-04,7.019257368041890288e+01,8.118051299710073165e-02,9.966486364165083600e-01,-1.006080705719823373e-02,4.883526030987296096e+00,8.364727492334679071e-05,1.008731086369447222e-02,9.999491182868619488e-01,1.055067805139247028e+00,0.000000000000000000e+00,0.000000000000000000e+00,0.000000000000000000e+00,1.000000000000000056e-01
9.965102827178310418e-01,-8.335564125915156941e-02,-4.369611871109797818e-03,7.092489463095060387e+01,8.331057402132799328e-02,9.964769794570208505e-01,-9.642492854484218529e-03,4.945347809599087263e+00,5.157973813945351815e-03,9.244808407294167335e-03,9.999439628417420289e-01,1.082946486263850927e+00,0.000000000000000000e+00,0.000000000000000000e+00,0.000000000000000000e+00,1.000000000000000056e-01
9.965049302378443663e-01,-8.344227696593783938e-02,-3.912853997881649698e-03,7.162145440876457769e+01,8.340032956878623560e-02,9.964671680257178865e-01,-9.877655320143273812e-03,5.000550004077214616e+00,4.723244593164701091e-03,9.516798912734972596e-03,9.999435591566994130e-01,1.085634515065941885e+00,0.000000000000000000e+00,0.000000000000000000e+00,0.000000000000000000e+00,1.000000000000000056e-01
9.964657253869366738e-01,-8.399739970653927190e-02,-7.035421991853168210e-04,7.229404781264584301e+01,8.398497139216554164e-02,9.964086355147487861e-01,-1.078682770297602865e-02,5.066036988902178351e+00,1.607081000849735000e-03,1.068961712019815026e-02,9.999415729813818654e-01,1.100200529030281871e+00,0.000000000000000000e+00,0.000000000000000000e+00,0.000000000000000000e+00,1.000000000000000056e-01
9.954981138327557710e-01,-9.475443825907832462e-02,2.258713269129734857e-03,7.289336871603676116e+01,9.477209077115093805e-02,9.954513127481712242e-01,-9.743446967438586931e-03,5.154534245690943983e+00,-1.325204244770144439e-03,9.913646057282562291e-03,9.999499804768039457e-01,1.108511348108959016e+00,0.000000000000000000e+00,0.000000000000000000e+00,0.000000000000000000e+00,1.000000000000000056e-01
9.956703234021082594e-01,-9.294020371391520374e-02,-1.650948199381203994e-03,7.345488690486187977e+01,9.291544460060771615e-02,9.956082851245353638e-01,-1.143952560437835886e-02,5.215041854996200321e+00,2.706889545676833663e-03,1.123659757212002244e-02,9.999332035811140384e-01,1.121125584277121945e+00,0.000000000000000000e+00,0.000000000000000000e+00,0.000000000000000000e+00,1.000000000000000056e-01
9.956279750572053500e-01,-9.327155579681786768e-02,-5.035093120281408999e-03,7.407908253990005676e+01,9.317287710217986296e-02,9.955017976087287002e-01,-1.717515444739348834e-02,5.268556593066257676e+00,6.614397628726511116e-03,1.663093013125912373e-02,9.998398181243725036e-01,1.159739676846643919e+00,0.000000000000000000e+00,0.000000000000000000e+00,0.000000000000000000e+00,1.000000000000000056e-01
9.957897037095422288e-01,-9.130359536568141698e-02,-8.155946257913358061e-03,7.470875768408720319e+01,9.112611027362410576e-02,9.956388787778884808e-01,-1.998136862951042578e-02,5.317349700343428687e+00,9.944747983802910973e-03,1.915402148920696337e-02,9.997670855996059203e-01,1.172920378659718876e+00,0.000000000000000000e+00,0.000000000000000000e+00,0.000000000000000000e+00,1.000000000000000056e-01
9.960401972060269893e-01,-8.826656861904300100e-02,-1.062724865610437976e-02,7.529015831926407998e+01,8.803732243746459352e-02,9.959084330361643866e-01,-2.039173522517561191e-02,5.363323746075235654e+00,1.238367505310091453e-02,1.937539345849642949e-02,9.997355844024496951e-01,1.189015718770902508e+00,0.000000000000000000e+00,0.000000000000000000e+00,0.000000000000000000e+00,1.000000000000000056e-01
9.963361325109387767e-01,-8.501719049562526942e-02,-9.294534597040422438e-03,7.584790190379595742e+01,8.480901192649396847e-02,9.961785432437335608e-01,-2.087442159305915798e-02,5.437950991438506243e+00,1.103370061207131249e-02,2.000968018293977982e-02,9.997389009885429001e-01,1.193774976816374345e+00,0.000000000000000000e+00,0.000000000000000000e+00,0.000000000000000000e+00,1.000000000000000056e-01
9.969307641052990165e-01,-7.819711085290792507e-02,-3.776696265617144558e-03,7.639248918174411074e+01,7.810156755118291549e-02,9.967250328846417595e-01,-2.096077210309563871e-02,5.466836920744524875e+00,5.403399529250861588e-03,2.060147265046677334e-02,9.997731655721509014e-01,1.214916690664987975e+00,0.000000000000000000e+00,0.000000000000000000e+00,0.000000000000000000e+00,1.000000000000000056e-01
9.976070862744784717e-01,-6.912532728149906047e-02,1.338111793150112330e-03,7.698272794331542457e+01,6.913587595201572955e-02,9.972242662721355622e-01,-2.764043079165852401e-02,5.480671443261939224e+00,5.762562735608068535e-04,2.766680115637899090e-02,9.996170346900259407e-01,1.229382247116852511e+00,0.000000000000000000e+00,0.000000000000000000e+00,0.000000000000000000e+00,1.000000000000000056e-01
9.983337355850582240e-01,-5.769909366479565593e-02,7.529827649365949905e-04,7.753795338394324688e+01,5.769633959428886738e-02,9.979033848969973697e-01,-2.932519068200034260e-02,5.517770158706466255e+00,9.406328739994018794e-04,2.931977150961996917e-02,9.995696404995602080e-01,1.234772488971852544e+00,0.000000000000000000e+00,0.000000000000000000e+00,0.000000000000000000e+00,1.000000000000000056e-01
9.989519177309164055e-01,-4.577110525890677045e-02,2.683003958260001399e-04,7.805527243266162429e+01,4.576382189109683835e-02,9.986485760257659550e-01,-2.463116334300889665e-02,5.550534532436835811e+00,8.594577617834018701e-04,2.461762630897008225e-02,9.996965708690150887e-01,1.247947482183966894e+00,0.000000000000000000e+00,0.000000000000000000e+00,0.000000000000000000e+00,1.000000000000000056e-01
9.995776023845565073e-01,-2.905494769558643678e-02,6.533188718105765926e-04,7.857500257859666704e+01,2.906227183030690372e-02,9.993507390586133798e-01,-2.129518018389610703e-02,5.573919488702158809e+00,-3.416435097364900865e-05,2.130517208121041409e-02,9.997730184773877538e-01,1.261309546240088064e+00,0.000000000000000000e+00,0.000000000000000000e+00,0.000000000000000000e+00,1.000000000000000056e-01
9.998686941040884069e-01,-1.614901098076919686e-02,-1.343128783068306669e-03,7.905582326670243276e+01,1.612610606957671014e-02,9.997482211269453911e-01,-1.560266184152574002e-02,5.598990193648484492e+00,1.594758169024966272e-03,1.557895368281317187e-02,9.998773689550789490e-01,1.249642350594649232e+00,0.000000000000000000e+00,0.000000000000000000e+00,0.000000000000000000e+00,1.000000000000000056e-01
9.999410864638347274e-01,1.084012482972154974e-02,5.615115330771066520e-04,7.955271439302802605e+01,-1.082943121380132954e-02,9.998062146519981486e-01,-1.643948182967316235e-02,5.606875242244566238e+00,-7.396087555388584705e-04,1.643243247114263561e-02,9.998647049186054625e-01,1.269784399392966723e+00,0.000000000000000000e+00,0.000000000000000000e+00,0.000000000000000000e+00,1.000000000000000056e-01
9.993728654014076840e-01,3.512497720479176161e-02,4.484626600155693608e-03,8.006717118806997746e+01,-3.505407330132314508e-02,9.992726117540128294e-01,-1.501530363660545306e-02,5.599538044013244509e+00,-5.008776733437892391e-03,1.484868259061564513e-02,9.998772068514001354e-01,1.290646549834274959e+00,0.000000000000000000e+00,0.000000000000000000e+00,0.000000000000000000e+00,1.000000000000000056e-01
9.979988633581219348e-01,6.305181469245058068e-02,4.768374973256060516e-03,8.054223182421048932e+01,-6.297311134171545977e-02,9.979000001847986301e-01,-1.516498859619946904e-02,5.565183065269311058e+00,-5.714541437474106485e-03,1.483436197373604742e-02,9.998736348764235560e-01,1.298328425342626824e+00,0.000000000000000000e+00,0.000000000000000000e+00,0.000000000000000000e+00,1.000000000000000056e-01
9.952547927201372824e-01,9.714797011528124304e-02,5.492674219084571138e-03,8.101268782644100952e+01,-9.705903156727198333e-02,9.951710359739397438e-01,-1.463398612063137108e-02,5.492909081714559605e+00,-6.887812339188279995e-03,1.403143118273946985e-02,9.998778310274432091e-01,1.306973350093998176e+00,0.000000000000000000e+00,0.000000000000000000e+00,0.000000000000000000e+00,1.000000000000000056e-01
