1.000000000000000000e+00,-1.539898930433839499e-09,-6.026867004454204456e-11,3.153218640858406427e-16,1.539898930433911463e-09,1.000000000000000000e+00,1.196733896217147680e-12,3.139342801005376538e-15,6.026867004269918955e-11,-1.196733989024808273e-12,1.000000000000000000e+00,1.147668414066513734e-16,0.000000000000000000e+00,0.000000000000000000e+00,0.000000000000000000e+00,1.000000000000000056e-01
9.999821999107888493e-01,-5.890230318381402611e-03,-9.513403047963860017e-04,6.406559753135495638e-01,5.888696477106028851e-03,9.999813700229870372e-01,-1.607128106381427958e-03,6.984404912070535897e-03,9.607889360461069079e-04,1.601497345056377255e-03,9.999982560439163448e-01,8.289214948151411161e-03,0.000000000000000000e+00,0.000000000000000000e+00,0.000000000000000000e+00,1.000000000000000056e-01
9.999357175535772413e-01,-1.124960804063211868e-02,-1.416714348343678679e-03,1.303423889443766415e+00,1.125028305951006509e-02,9.999366033863041903e-01,4.694031763636390435e-04,1.589923797445360124e-02,1.411343931704300532e-03,-4.853114394124394748e-04,9.999988862899363840e-01,1.337451711081428900e-02,0.000000000000000000e+00,0.000000000000000000e+00,0.000000000000000000e+00,1.000000000000000056e-01
9.998148708560758990e-01,-1.912289446948340493e-02,-2.130474631928704499e-03,2.029014848215763056e+00,1.912717587165400912e-02,9.998150430728846016e-01,2.007682330652005125e-03,2.279462429497066886e-02,2.091687888550180976e-03,-2.048060613115857548e-03,9.999957151355709506e-01,1.895296888979694852e-02,0.000000000000000000e+00,0.000000000000000000e+00,0.000000000000000000e+00,1.000000000000000056e-01
9.996325865191221238e-01,-2.705477235235418526e-02,-1.652653034410175035e-03,2.746238634255304234e+00,2.706127013668536974e-02,9.996255936942053388e-01,4.044760820733696825e-03,4.228375901833522632e-02,1.542604187468129716e-03,-4.087997611287619813e-03,9.999904542783650818e-01,2.503993289437071376e-02,0.000000000000000000e+00,0.000000000000000000e+00,0.000000000000000000e+00,1.000000000000000056e-01
9.994401620251516238e-01,-3.340159602921802251e-02,-1.922475965951533049e-03,3.443972334067133989e+00,3.340561007092313073e-02,9.994396808107260943e-01,2.095145995743497719e-03,5.913744669297984341e-02,1.851417545604834482e-03,-2.158194535941526833e-03,9.999959572165363353e-01,3.100421480332589061e-02,0.000000000000000000e+00,0.000000000000000000e+00,0.000000000000000000e+00,1.000000000000000056e-01
9.991265354080808292e-01,-4.174282362601901275e-02,-1.924297059197489085e-03,4.182254421441868431e+00,4.175059265186771562e-02,9.991192724265216540e-01,4.191357669742660358e-03,9.673568483980136967e-02,1.747643173756260795e-03,-4.268037209885812422e-03,9.999893647443017786e-01,4.500566129869886661e-02,0.000000000000000000e+00,0.000000000000000000e+00,0.000000000000000000e+00,1.000000000000000056e-01
9.988850214357317681e-01,-4.712093698690497656e-02,-2.886390274012452448e-03,4.952575059420473380e+00,4.713834560198855439e-02,9.988685436814165319e-01,6.293553660173816997e-03,1.366532434102601945e-01,2.586566304054268087e-03,-6.422596145028268075e-03,9.999760296794681924e-01,5.329107764374113598e-02,0.000000000000000000e+00,0.000000000000000000e+00,0.000000000000000000e+00,1.000000000000000056e-01
9.985316660242746778e-01,-5.414466948048426292e-02,-1.693137216988750910e-03,5.738168219273600990e+00,5.415386139760294121e-02,9.985148174279150357e-01,5.959754409938769829e-03,1.892734496677975498e-01,1.367933666390937436e-03,-6.042693418227610552e-03,9.999808071226855555e-01,5.616237512427593032e-02,0.000000000000000000e+00,0.000000000000000000e+00,0.000000000000000000e+00,1.000000000000000056e-01
9.980718942407398320e-01,-6.203724052190275062e-02,1.968429609869849339e-03,6.546640166294286800e+00,6.202728894606791832e-02,9.980630666920397021e-01,4.767633719367580548e-03,2.386799897816724858e-01,-2.260387732762857756e-03,-4.636344865153831964e-03,9.999866973883146937e-01,5.856038461721008864e-02,0.000000000000000000e+00,0.000000000000000000e+00,0.000000000000000000e+00,1.000000000000000056e-01
9.978747192709783720e-01,-6.505434791116503079e-02,3.738510093507969173e-03,7.370931144135795421e+00,6.503218199031228497e-02,9.978664684622390313e-01,5.772904319161679433e-03,3.062906089231731133e-01,-4.106086390355843246e-03,-5.517511808088049717e-03,9.999763482792993763e-01,6.873976756800202759e-02,0.000000000000000000e+00,0.000000000000000000e+00,0.000000000000000000e+00,1.000000000000000056e-01
9.975434926227194632e-01,-6.997535437969155947e-02,3.229567386361701774e-03,8.187797091431875174e+00,6.995627031039942934e-02,9.975338548362958635e-01,5.685833245728637471e-03,3.668471048006310964e-01,-3.619471000684661936e-03,-5.445937465348548411e-03,9.999786203688550978e-01,7.399165892681953960e-02,0.000000000000000000e+00,0.000000000000000000e+00,0.000000000000000000e+00,1.000000000000000056e-01
9.972600417906948289e-01,-7.389142092554490393e-02,3.530858426163243583e-03,9.020729465247042000e+00,7.386890722236943985e-02,9.972491188586247723e-01,6.130210556707241590e-03,4.409047725905627102e-01,-3.974115422913719088e-03,-5.852593382470048372e-03,9.999749764655637696e-01,7.815093328961321417e-02,0.000000000000000000e+00,0.000000000000000000e+00,0.000000000000000000e+00,1.000000000000000056e-01
9.970616784269620281e-01,-7.647734739090837619e-02,4.384603569266416062e-03,9.801799964852538238e+00,7.645697693439625076e-02,9.970620876891114204e-01,4.639393396121223832e-03,5.241252917375198717e-01,-4.726530488900150886e-03,-4.290527832457717052e-03,9.999796254326667189e-01,8.909618905192423499e-02,0.000000000000000000e+00,0.000000000000000000e+00,0.000000000000000000e+00,1.000000000000000056e-01
9.968138799590631205e-01,-7.961857690752836836e-02,4.792800035315855980e-03,1.057750922929556836e+01,7.959168180908447743e-02,9.968120275210028414e-01,5.562910773054911655e-03,5.601205555838877359e-01,-5.220431759920122691e-03,-5.163719656169509127e-03,9.999730411823872789e-01,9.259168256716367174e-02,0.000000000000000000e+00,0.000000000000000000e+00,0.000000000000000000e+00,1.000000000000000056e-01
9.965864468984384494e-01,-8.236704262545155308e-02,5.578901996171798522e-03,1.137846374868339083e+01,8.234389002660283396e-02,9.965948697106957743e-01,4.260216145691688577e-03,6.414017115254961876e-01,-5.910806512869399079e-03,-3.786285179212274272e-03,9.999753629019612067e-01,1.070450053047984490e-01,0.000000000000000000e+00,0.000000000000000000e+00,0.000000000000000000e+00,1.000000000000000056e-01
9.963011355623366816e-01,-8.580638730891079757e-02,4.616402732822956316e-03,1.223713481451918561e+01,8.577382051858387091e-02,9.962911371352797252e-01,6.842644177295772838e-03,7.221792401205755496e-01,-5.186423704652700674e-03,-6.421367664642132871e-03,9.999659329429534393e-01,1.007588281991888407e-01,0.000000000000000000e+00,0.000000000000000000e+00,0.000000000000000000e+00,1.000000000000000056e-01
9.960474526004368112e-01,-8.879324913808969710e-02,2.287154494508690083e-03,1.311308379322737316e+01,8.877857260694133057e-02,9.960340764230759536e-01,5.872278084702969338e-03,8.240852135001063283e-01,-2.799502465558025444e-03,-5.646017315875732391e-03,9.999801424400457384e-01,1.010451904156245556e-01,0.000000000000000000e+00,0.000000000000000000e+00,0.000000000000000000e+00,1.000000000000000056e-01
9.963321588166264009e-01,-8.556947805135206586e-02,-3.061597947458638124e-04,1.398694788886688656e+01,8.556846003683232782e-02,9.962859074531938974e-01,9.614013578678824723e-03,9.155400745362052284e-01,-5.176434349720919047e-04,-9.604948525899031225e-03,9.999537374344320551e-01,1.098053737922598805e-01,0.000000000000000000e+00,0.000000000000000000e+00,0.000000000000000000e+00,1.000000000000000056e-01
9.948346570886306139e-01,-1.015078214252848193e-01,4.089557912433152429e-04,1.494158857952846375e+01,1.014984821304282941e-01,9.947839893436177805e-01,1.014261656655193744e-02,1.035975215534950422e+00,-1.436377584700890102e-03,-1.004871808189751470e-02,9.999484787149509613e-01,1.116501834077726074e-01,0.000000000000000000e+00,0.000000000000000000e+00,0.000000000000000000e+00,1.000000000000000056e-01
9.940999291465286714e-01,-1.084503804140381639e-01,1.961086157502844440e-03,1.591690661906364390e+01,1.084258504599997369e-01,9.940548352051267189e-01,9.940802650395954426e-03,1.163460636133927251e+00,-3.027511006175865032e-03,-9.669518775965665197e-03,9.999486659742832240e-01,1.194180883326505516e-01,0.000000000000000000e+00,0.000000000000000000e+00,0.000000000000000000e+00,1.000000000000000056e-01
9.938125056822545433e-01,-1.110326096589576428e-01,2.909147964662093643e-03,1.684083519060219913e+01,1.109995835434931521e-01,9.937725524625631301e-01,9.757377988646604924e-03,1.277884068179452770e+00,-3.974418539841822681e-03,-9.374090055241866490e-03,9.999481638729611488e-01,1.266333607184086663e-01,0.000000000000000000e+00,0.000000000000000000e+00,0.000000000000000000e+00,1.000000000000000056e-01
9.934427003541747014e-01,-1.142956918074330142e-01,2.845337812233759284e-03,1.772985411579617221e+01,1.142667106587912929e-01,9.934108014162427169e-01,8.837333577415416863e-03,1.374871422556604328e+00,-3.836658471314828914e-03,-8.454257140561156209e-03,9.999569018652633146e-01,1.365639777693662682e-01,0.000000000000000000e+00,0.000000000000000000e+00,0.000000000000000000e+00,1.000000000000000056e-01
9.931022788772697618e-01,-1.172154577702461953e-01,2.898300965242594542e-03,1.864025763237448174e+01,1.171854760732512213e-01,9.930696747755833886e-01,8.954621075312243703e-03,1.483637851147362019e+00,-3.927834805457042049e-03,-8.553215817959499909e-03,9.999557063254914668e-01,1.426084392956294411e-01,0.000000000000000000e+00,0.000000000000000000e+00,0.000000000000000000e+00,1.000000000000000056e-01
9.926102669018388447e-01,-1.213243436329797115e-01,2.293835889262867914e-03,1.956546563705985520e+01,1.213076061399133015e-01,9.925943308589639802e-01,6.399924940901525507e-03,1.592412392460457182e+00,-3.053315192358366671e-03,-6.074371463135701081e-03,9.999768893717814189e-01,1.535004442665220681e-01,0.000000000000000000e+00,0.000000000000000000e+00,0.000000000000000000e+00,1.000000000000000056e-01
9.923773215143086857e-01,-1.231650094503303622e-01,4.199070276435850832e-03,2.048932082860684289e+01,1.231452799249678348e-01,9.923776539012953979e-01,4.672480022655319150e-03,1.710106152162001569e+00,-4.742549555642894960e-03,-4.119767525095497339e-03,9.999802676749434127e-01,1.671764850148373116e-01,0.000000000000000000e+00,0.000000000000000000e+00,0.000000000000000000e+00,1.000000000000000056e-01
9.925371795805271180e-01,-1.218221745464458106e-01,5.413403652770556150e-03,2.141090113249330429e+01,1.217971552754289477e-01,9.925437209669973893e-01,4.734441445442173421e-03,1.830831278289660302e+00,-5.949799756763807408e-03,-4.039771993883259707e-03,9.999741397281690647e-01,1.689118829165430768e-01,0.000000000000000000e+00,0.000000000000000000e+00,0.000000000000000000e+00,1.000000000000000056e-01
9.924559861818480488e-01,-1.222097138741001371e-01,9.792922272026802905e-03,2.236397127168483934e+01,1.221896814800068759e-01,9.925033066360653411e-01,2.620697672542139124e-03,1.953662857334761860e+00,-1.003978244932846736e-02,-1.404333039909862538e-03,9.999486139882804991e-01,1.738207903421780665e-01,0.000000000000000000e+00,0.000000000000000000e+00,0.000000000000000000e+00,1.000000000000000056e-01
9.927033530075040080e-01,-1.199158051391548963e-01,1.265909181130861136e-02,2.332672380692968161e+01,1.198852656773103931e-01,9.927827651849288060e-01,3.147097908733457149e-03,2.081252300206351880e+00,-1.294511495273837492e-02,-1.606496061210409580e-03,9.999149179651565245e-01,1.734950161300707894e-01,0.000000000000000000e+00,0.000000000000000000e+00,0.000000000000000000e+00,1.000000000000000056e-01
9.929876456249669969e-01,-1.175029193901074992e-01,1.298458975042663527e-02,2.424491198356829358e+01,1.174987039809994999e-01,9.930724380096400683e-01,1.089691871565545700e-03,2.184368675652216929e+00,-1.302268017615578616e-02,4.436219013975639582e-04,9.999151028965600485e-01,1.703090777248038035e-01,0.000000000000000000e+00,0.000000000000000000e+00,0.000000000000000000e+00,1.000000000000000056e-01
9.930147123576035240e-01,-1.174146244915247744e-01,1.164418296233033466e-02,2.519600494978362093e+01,1.174174814223799407e-01,9.930825449802255234e-01,4.403544292175889940e-04,2.294379013770865949e+00,-1.161533890039615456e-02,9.299522097933143969e-04,9.999321072408448030e-01,1.674004305999806652e-01,0.000000000000000000e+00,0.000000000000000000e+00,0.000000000000000000e+00,1.000000000000000056e-01
9.932002858904137588e-01,-1.161816617638490173e-01,7.417113791163288880e-03,2.613566704238287031e+01,1.161836503704990892e-01,9.932277345098096122e-01,1.636676415287627198e-04,2.414583857933014777e+00,-7.385898305968360139e-03,6.991926071133456634e-04,9.999724794392653715e-01,1.637074868635866320e-01,0.000000000000000000e+00,0.000000000000000000e+00,0.000000000000000000e+00,1.000000000000000056e-01
9.931130648512191961e-01,-1.169826305672807820e-01,6.442403850838910803e-03,2.707511705340397512e+01,1.169925812123313313e-01,9.931320773035229310e-01,-1.188685015202129141e-03,2.528049891314437581e+00,-6.259102419217609306e-03,1.934212074312012097e-03,9.999785410000343600e-01,1.655417871687707987e-01,0.000000000000000000e+00,0.000000000000000000e+00,0.000000000000000000e+00,1.000000000000000056e-01
9.931909933120252054e-01,-1.162664501692742686e-01,7.332350844600497679e-03,2.802796427462298823e+01,1.162874440368688728e-01,9.932124459234560332e-01,-2.503521942807691164e-03,2.640522578249527186e+00,-6.991506507523444040e-03,3.339135783655790453e-03,9.999699840540082763e-01,1.679806612434193991e-01,0.000000000000000000e+00,0.000000000000000000e+00,0.000000000000000000e+00,1.000000000000000056e-01
9.931230330097921000e-01,-1.166258726396049994e-01,1.024925053269501625e-02,2.903374619632672093e+01,1.166863051121408978e-01,9.931535440622460964e-01,-5.508549344113451013e-03,2.759177073404090130e+00,-9.536640116292365368e-03,6.666614406938874485e-03,9.999323020823167596e-01,1.729115259304082330e-01,0.000000000000000000e+00,0.000000000000000000e+00,0.000000000000000000e+00,1.000000000000000056e-01
9.931911126959042102e-01,-1.155776106825587846e-01,1.460238236667703998e-02,2.998729652087266828e+01,1.157057888704109139e-01,9.932491981040447726e-01,-8.258382865181311885e-03,2.866635674270712641e+00,-1.354932041645117227e-02,9.891732638061962943e-03,9.998592748690534604e-01,1.719465458879188835e-01,0.000000000000000000e+00,0.000000000000000000e+00,0.000000000000000000e+00,1.000000000000000056e-01
9.930253705154643562e-01,-1.168958940506311384e-01,1.536110239300584636e-02,3.091472157269968690e+01,1.171300795915818371e-01,9.929979865092457558e-01,-1.534741813640108643e-02,2.954024723674414599e+00,-1.345949358239368655e-02,1.703962272726265714e-02,9.997642188485332815e-01,1.759573309691089826e-01,0.000000000000000000e+00,0.000000000000000000e+00,0.000000000000000000e+00,1.000000000000000056e-01
9.931273928665429462e-01,-1.164526279890586158e-01,1.169474123464228285e-02,3.186536919808695600e+01,1.166561162590350198e-01,9.929989406054448020e-01,-1.855948533291650743e-02,3.055698234239957678e+00,-9.451564815512084050e-03,1.979619637471197180e-02,9.997593603120863426e-01,1.776288963716402547e-01,0.000000000000000000e+00,0.000000000000000000e+00,0.000000000000000000e+00,1.000000000000000056e-01
9.928834688123590047e-01,-1.188142171598136204e-01,8.099330826554554039e-03,3.286354058176144122e+01,1.189443297028619090e-01,9.927355725225248673e-01,-1.811986423546266614e-02,3.171943839185981773e+00,-5.887596340970370143e-03,1.895428313272142992e-02,9.998030162788320574e-01,1.728784507459904529e-01,0.000000000000000000e+00,0.000000000000000000e+00,0.000000000000000000e+00,1.000000000000000056e-01
9.927484830175032915e-01,-1.200388643118997511e-01,6.412528452597932027e-03,3.383219829834592218e+01,1.201365824547236671e-01,9.925937205326891277e-01,-1.802519112723364320e-02,3.292803707761040588e+00,-4.201312002867850504e-03,1.866486040085055254e-02,9.998169692317045998e-01,1.745319203473901237e-01,0.000000000000000000e+00,0.000000000000000000e+00,0.000000000000000000e+00,1.000000000000000056e-01
9.925415571019303718e-01,-1.216674871023653709e-01,7.634134389129621640e-03,3.479676248950049455e+01,1.217894786838522453e-01,9.923867171077093152e-01,-1.832830025122100803e-02,3.412406092558640580e+00,-5.346055329963701058e-03,1.912135691783316271e-02,9.998028772723299706e-01,1.854388053934515612e-01,0.000000000000000000e+00,0.000000000000000000e+00,0.000000000000000000e+00,1.000000000000000056e-01
9.924483433532449439e-01,-1.223189229994111199e-01,9.185142985486328265e-03,3.577290488929370582e+01,1.224655512433310972e-01,9.923167858203422176e-01,-1.759503730749284456e-02,3.546845020657452885e+00,-6.962365551071072328e-03,1.858702922602620961e-02,9.998030045016288447e-01,1.821697514052878497e-01,0.000000000000000000e+00,0.000000000000000000e+00,0.000000000000000000e+00,1.000000000000000056e-01
9.924262570732000910e-01,-1.223663418269917424e-01,1.079827113747101712e-02,3.674397517986326989e+01,1.225446452236143291e-01,9.923038210619307131e-01,-1.777460640662059665e-02,3.662613467237815890e+00,-8.540152147182478518e-03,1.896325641264158535e-02,9.997837069624266881e-01,1.944180005003325606e-01,0.000000000000000000e+00,0.000000000000000000e+00,0.000000000000000000e+00,1.000000000000000056e-01
9.921852034662623776e-01,-1.240653667361512197e-01,1.327805705801566975e-02,3.773186913525698571e+01,1.242780288199495237e-01,9.921084307066411201e-01,-1.660822908782392734e-02,3.801857042825148802e+00,-1.111276631804227789e-02,1.812860991444588746e-02,9.997739044040560019e-01,1.969415566857114497e-01,0.000000000000000000e+00,0.000000000000000000e+00,0.000000000000000000e+00,1.000000000000000056e-01
9.922939416287227532e-01,-1.231363421310219253e-01,1.379038264606214856e-02,3.873452635015016909e+01,1.233476410792072875e-01,9.922394709309458882e-01,-1.569049925501582801e-02,3.941945284110367709e+00,-1.175129129619182852e-02,1.727059852085359795e-02,9.997817929826505745e-01,2.080093850642894260e-01,0.000000000000000000e+00,0.000000000000000000e+00,0.000000000000000000e+00,1.000000000000000056e-01
9.924075359945119246e-01,-1.220709614674315435e-01,1.503206132632264186e-02,3.976138596130846281e+01,1.222510685575276534e-01,9.924301620696317494e-01,-1.170682070363443170e-02,4.084794516561531807e+00,-1.348920819930353454e-02,1.345562264858861379e-02,9.998184772653957442e-01,2.083370979471789730e-01,0.000000000000000000e+00,0.000000000000000000e+00,0.000000000000000000e+00,1.000000000000000056e-01
9.919806124168676353e-01,-1.255800570473411260e-01,1.428684223482851352e-02,4.076192124854532040e+01,1.257865421668291905e-01,9.919497731609496771e-01,-1.460798876139629901e-02,4.205108791810020286e+00,-1.233735785202135470e-02,1.628793412091071244e-02,9.997912246080699061e-01,2.224734195678858828e-01,0.000000000000000000e+00,0.000000000000000000e+00,0.000000000000000000e+00,1.000000000000000056e-01
9.921793901043433062e-01,-1.240855600721778862e-01,1.352152483069772940e-02,4.176901006570717101e+01,1.242602509461835369e-01,9.921651647594905699e-01,-1.294897187286915725e-02,4.325071799510451953e+00,-1.180880548424491014e-02,1.452789108393916749e-02,9.998247308872132422e-01,2.448569049002421449e-01,0.000000000000000000e+00,0.000000000000000000e+00,0.000000000000000000e+00,1.000000000000000056e-01
9.923981488000371831e-01,-1.226941771404161247e-01,9.594433495287359170e-03,4.277880378035398934e+01,1.228004095447927241e-01,9.923659046992779897e-01,-1.140046516658888356e-02,4.432356028051102292e+00,-8.122417982995296104e-03,1.249200088935368061e-02,9.998889819574420246e-01,2.526378324586430191e-01,0.000000000000000000e+00,0.000000000000000000e+00,0.000000000000000000e+00,1.000000000000000056e-01
9.926685051963033413e-01,-1.205692574508405862e-01,8.502526041694274603e-03,4.381431259671101230e+01,1.206638237906730721e-01,9.926249716529546019e-01,-1.165792773972100516e-02,4.564571028814096820e+00,-7.034231980121570006e-03,1.259840500714597480e-02,9.998958944668818738e-01,2.614600706538450781e-01,0.000000000000000000e+00,0.000000000000000000e+00,0.000000000000000000e+00,1.000000000000000056e-01
9.926324095445013818e-01,-1.206622978544312913e-01,1.102313015280690679e-02,4.480051825229400464e+01,1.208075901437739713e-01,9.925823417048297292e-01,-1.363162130527613945e-02,4.686391735565097250e+00,-9.296541589814156029e-03,1.486286689185619021e-02,9.998463229427929644e-01,2.728952799735973600e-01,0.000000000000000000e+00,0.000000000000000000e+00,0.000000000000000000e+00,1.000000000000000056e-01
9.924452108892105606e-01,-1.222808799446907374e-01,9.994487631813948197e-03,4.575942167233094438e+01,1.224009028582705855e-01,9.924028122949223318e-01,-1.243692601125557379e-02,4.807027847644724794e+00,-8.397759376795637526e-03,1.356630196779389300e-02,9.998727084426137779e-01,2.760284391032518658e-01,0.000000000000000000e+00,0.000000000000000000e+00,0.000000000000000000e+00,1.000000000000000056e-01
9.919667532085596484e-01,-1.263563664914549300e-01,6.002430836394461941e-03,4.666468759412455114e+01,1.264259089807369119e-01,9.918892232423046629e-01,-1.312472301315344321e-02,4.927043724562892635e+00,-4.295354148728110916e-03,1.377815164870466007e-02,9.998958508114144106e-01,2.905259723102285307e-01,0.000000000000000000e+00,0.000000000000000000e+00,0.000000000000000000e+00,1.000000000000000056e-01
9.922595971360125278e-01,-1.240934363992539369e-01,4.659499340321948679e-03,4.761936379172312428e+01,1.241429111436496979e-01,9.921854926541560094e-01,-1.250942762118225152e-02,5.048582358259536385e+00,-3.070749787598797600e-03,1.299104342437588933e-02,9.999108976736317267e-01,2.929135427784355650e-01,0.000000000000000000e+00,0.000000000000000000e+00,0.000000000000000000e+00,1.000000000000000056e-01
9.922949713189805898e-01,-1.238208388528052456e-01,4.369183087376332306e-03,4.855904670487678487e+01,1.238634634100868742e-01,9.922335354667770613e-01,-1.142162541663957476e-02,5.174834610923880973e+00,-2.921014741738233757e-03,1.187480361469571422e-02,9.999252255603870987e-01,3.052136124209096080e-01,0.000000000000000000e+00,0.000000000000000000e+00,0.000000000000000000e+00,1.000000000000000056e-01
9.927017836251620375e-01,-1.203704303951768362e-01,7.357191984849019081e-03,4.951829334393025306e+01,1.204620208487266197e-01,9.926244520167311070e-01,-1.362346474011960802e-02,5.305141966290265465e+00,-5.663066348100929612e-03,1.441029996093820716e-02,9.998801292827920184e-01,3.071040038900640923e-01,0.000000000000000000e+00,0.000000000000000000e+00,0.000000000000000000e+00,1.000000000000000056e-01
9.929950010370695024e-01,-1.177648622913387844e-01,9.610677650008772263e-03,5.050399972342469113e+01,1.179104970945333009e-01,9.928898521247687681e-01,-1.633573452816726793e-02,5.431691989579062074e+00,-7.618568783598544600e-03,1.735450250386660551e-02,9.998203731933715810e-01,3.292926991814651427e-01,0.000000000000000000e+00,0.000000000000000000e+00,0.000000000000000000e+00,1.000000000000000056e-01
9.931479021621262282e-01,-1.164886996300283500e-01,9.360944902769495826e-03,5.142069259186683894e+01,1.166273242951275796e-01,9.930475700022017849e-01,-1.595590613162434571e-02,5.557552201390594249e+00,-7.437180831928029770e-03,1.693831665860264304e-02,9.998288762433530374e-01,3.332811423650980376e-01,0.000000000000000000e+00,0.000000000000000000e+00,0.000000000000000000e+00,1.000000000000000056e-01
9.931112230813073927e-01,-1.167927173175360572e-01,9.463602460789857437e-03,5.235579106795545101e+01,1.169559987468756640e-01,9.929538606870520479e-01,-1.907681587160844905e-02,5.677118292096839269e+00,-7.168887436037324826e-03,2.005222502029502946e-02,9.997732319504583076e-01,3.462529641015294479e-01,0.000000000000000000e+00,0.000000000000000000e+00,0.000000000000000000e+00,1.000000000000000056e-01
9.932579527473243131e-01,-1.157494064409896328e-01,6.380768978154376277e-03,5.332094131186697439e+01,1.158636573162173111e-01,9.930186684110876572e-01,-2.212548531401014110e-02,5.797124334523475753e+00,-3.775210921810128427e-03,2.271561347683353008e-02,9.997348391883054131e-01,3.702314925482604324e-01,0.000000000000000000e+00,0.000000000000000000e+00,0.000000000000000000e+00,1.000000000000000056e-01
9.930295462172341603e-01,-1.175905741717580832e-01,8.048428762825479699e-03,5.425478875803838719e+01,1.177617052903626171e-01,9.927053417605784524e-01,-2.585121287520179487e-02,5.917017549990877257e+00,-4.949859260605012426e-03,2.661881488664509174e-02,9.996334015964706277e-01,3.708630762280949456e-01,0.000000000000000000e+00,0.000000000000000000e+00,0.000000000000000000e+00,1.000000000000000056e-01
9.930277724187536181e-01,-1.172457693515049221e-01,1.221772377416508945e-02,5.519167260251636975e+01,1.175411220268309936e-01,9.926956405162566943e-01,-2.719282869972375685e-02,6.026715511442810147e+00,-8.940237005902716000e-03,2.843931907048068489e-02,9.995555398741411413e-01,3.836475639378663649e-01,0.000000000000000000e+00,0.000000000000000000e+00,0.000000000000000000e+00,1.000000000000000056e-01
9.927739794604956147e-01,-1.187271148880624516e-01,1.742693020954487471e-02,5.613087291162056403e+01,1.191451499815879000e-01,9.925541406619240448e-01,-2.531227154434013277e-02,6.147143764494196638e+00,-1.429191876678743284e-02,2.720569876379410473e-02,9.995276839651502376e-01,4.053241087875503190e-01,0.000000000000000000e+00,0.000000000000000000e+00,0.000000000000000000e+00,1.000000000000000056e-01
9.927752009749470918e-01,-1.185712216269145663e-01,1.839200182292830346e-02,5.708203915442742726e+01,1.189696862314204157e-01,9.926465826369810230e-01,-2.233776481925847657e-02,6.271409479651762986e+00,-1.560814169434871293e-02,2.436446964381192709e-02,9.995812916075534904e-01,4.017447758181519890e-01,0.000000000000000000e+00,0.000000000000000000e+00,0.000000000000000000e+00,1.000000000000000056e-01
9.928527374843846287e-01,-1.186450291816903840e-01,1.291505788757940469e-02,5.796241474216558487e+01,1.189320785816169040e-01,9.926036314951807160e-01,-2.435552148560041555e-02,6.376238865904363173e+00,-9.929871802787445731e-03,2.571746085940984292e-02,9.996199327008865598e-01,4.130386559407234759e-01,0.000000000000000000e+00,0.000000000000000000e+00,0.000000000000000000e+00,1.000000000000000056e-01
9.928789599394350907e-01,-1.188991335966388951e-01,7.373394032205667081e-03,5.887372422703332120e+01,1.190441055842489104e-01,9.925973453663271551e-01,-2.406264526951498728e-02,6.481257985358302776e+00,-4.457783668118671383e-03,2.476905330627177104e-02,9.996832609197171537e-01,4.204463239443435030e-01,0.000000000000000000e+00,0.000000000000000000e+00,0.000000000000000000e+00,1.000000000000000056e-01
9.930491844425967107e-01,-1.176317260992370828e-01,4.011769286426177146e-03,5.982606178365859506e+01,1.176944940087163438e-01,9.927579027814557033e-01,-2.407805110464904946e-02,6.607677334416273141e+00,-1.150372950689999146e-03,2.438285216868454203e-02,9.997020321886889160e-01,4.314334190906300437e-01,0.000000000000000000e+00,0.000000000000000000e+00,0.000000000000000000e+00,1.000000000000000056e-01
9.928389948569311674e-01,-1.194556031434610838e-01,1.043632651159559933e-03,6.073803451062156711e+01,1.194507375853175041e-01,9.926130481303842013e-01,-2.123341639094305719e-02,6.724736094049498014e+00,1.500527174780470676e-03,2.120602647691172474e-02,9.997740008918306609e-01,4.362006460751804982e-01,0.000000000000000000e+00,0.000000000000000000e+00,0.000000000000000000e+00,1.000000000000000056e-01
9.925940590193971236e-01,-1.214440757490653500e-01,2.893175565500414291e-03,6.166512040382748694e+01,1.214769467565420813e-01,9.924212645249621545e-01,-1.853065366854025203e-02,6.853741365531408114e+00,-6.208108454047454091e-04,1.874487087526667539e-02,9.998241067356616885e-01,4.575783699484111122e-01,0.000000000000000000e+00,0.000000000000000000e+00,0.000000000000000000e+00,1.000000000000000056e-01
9.923387463011561493e-01,-1.234783433016951870e-01,4.112338132774399219e-03,6.253407292450630450e+01,1.235308550024442065e-01,9.921956526266620946e-01,-1.696805148262841081e-02,6.978687116480329244e+00,-1.985057131336774930e-03,1.734605558104572801e-02,9.998475753353430751e-01,4.713046806066004124e-01,0.000000000000000000e+00,0.000000000000000000e+00,0.000000000000000000e+00,1.000000000000000056e-01
9.922833868945443170e-01,-1.239173826888348290e-01,4.261732117450239485e-03,6.333869575305467237e+01,1.239707039758804891e-01,9.921540013138399061e-01,-1.617721337751571245e-02,7.088751834834281063e+00,-2.223656631915406790e-03,1.658071001151394455e-02,9.998600579114546028e-01,4.850015927437272278e-01,0.000000000000000000e+00,0.000000000000000000e+00,0.000000000000000000e+00,1.000000000000000056e-01
9.921014594907768824e-01,-1.253106146864784998e-01,5.651895537553582906e-03,6.414467137362386495e+01,1.253852422971729330e-01,9.919837442500794022e-01,-1.570961990859071067e-02,7.197020847378318820e+00,-3.638006370216276091e-03,1.629420113077267168e-02,9.998606222465009630e-01,4.945578848467473976e-01,0.000000000000000000e+00,0.000000000000000000e+00,0.000000000000000000e+00,1.000000000000000056e-01
9.922075841488487979e-01,-1.243883366752032427e-01,7.186908701344515114e-03,6.493757083049737844e+01,1.244928646390837390e-01,9.920813785755114855e-01,-1.661520200501337419e-02,7.310490870692508913e+00,-5.063260951200090031e-03,1.738044829366936633e-02,9.998361282758545521e-01,5.154593010636510098e-01,0.000000000000000000e+00,0.000000000000000000e+00,0.000000000000000000e+00,1.000000000000000056e-01
9.922238922895421087e-01,-1.241968710293480382e-01,8.178312558879498317e-03,6.573554318374398520e+01,1.243256515327519907e-01,9.920822403972099357e-01,-1.777528225962330885e-02,7.420392993035272333e+00,-5.905924207773116316e-03,1.865383378750986795e-02,9.998085589473016954e-01,5.264711983566419118e-01,0.000000000000000000e+00,0.000000000000000000e+00,0.000000000000000000e+00,1.000000000000000056e-01
9.921896365670850315e-01,-1.244305192017926276e-01,8.761905046737376510e-03,6.647619439988277179e+01,1.245754760513310133e-01,9.920357880510268789e-01,-1.859962345216468679e-02,7.516601867780778434e+00,-6.377762574757692322e-03,1.954587212560178131e-02,9.997886191727677341e-01,5.366603219765778698e-01,0.000000000000000000e+00,0.000000000000000000e+00,0.000000000000000000e+00,1.000000000000000056e-01
9.919534937135960906e-01,-1.261572326456101845e-01,1.061220809219754098e-02,6.725379353821107031e+01,1.263287299411871012e-01,9.918351698003026184e-01,-1.743697045508468477e-02,7.631418264305157351e+00,-8.325761276744144193e-03,1.863729053286091245e-02,9.997916448444428283e-01,5.419435379465672442e-01,0.000000000000000000e+00,0.000000000000000000e+00,0.000000000000000000e+00,1.000000000000000056e-01
9.921837281960997901e-01,-1.241066828400825273e-01,1.299926064509275211e-02,6.799473914195164070e+01,1.243127601608829402e-01,9.921064328071245164e-01,-1.646704721270320082e-02,7.739877783567092884e+00,-1.085297950199339001e-02,1.795431026672327651e-02,9.997799035681681490e-01,5.530319886972041576e-01,0.000000000000000000e+00,0.000000000000000000e+00,0.000000000000000000e+00,1.000000000000000056e-01
9.919801299559337648e-01,-1.255756636069678689e-01,1.435877718603990015e-02,6.870613851881951462e+01,1.257755222260437122e-01,9.919601970345767183e-01,-1.398161320769661202e-02,7.838309414277598641e+00,-1.248758508978727554e-02,1.567546518586605472e-02,9.997991498345215611e-01,5.698918265624794977e-01,0.000000000000000000e+00,0.000000000000000000e+00,0.000000000000000000e+00,1.000000000000000056e-01
9.916528141174540956e-01,-1.284022165543118321e-01,1.172889751313678681e-02,6.937061724876251390e+01,1.285496728070054107e-01,9.916201422994117554e-01,-1.282478098472486505e-02,7.936057118955127443e+00,-9.983880715729654895e-03,1.422547609164305851e-02,9.998489675725129588e-01,5.779345248434533122e-01,0.000000000000000000e+00,0.000000000000000000e+00,0.000000000000000000e+00,1.000000000000000056e-01
9.919385302505733248e-01,-1.265852590301076996e-01,5.841609419751716235e-03,7.006673594091493840e+01,1.266541740511251679e-01,9.918548561144351350e-01,-1.351534674510424493e-02,8.039883236854269200e+00,-4.083185001893824100e-03,1.414625740235350183e-02,9.998915996255527405e-01,5.831493622842931490e-01,0.000000000000000000e+00,0.000000000000000000e+00,0.000000000000000000e+00,1.000000000000000056e-01
9.921912425769647825e-01,-1.247243973599226063e-01,6.023759479578361890e-04,7.081974872211527838e+01,1.247183682520978942e-01,9.920672333630675688e-01,-1.574589177794817607e-02,8.140096174256205686e+00,1.366299422764159907e-03,1.569806327394842466e-02,9.998758443103495930e-01,5.978517674416194971e-01,0.000000000000000000e+00,0.000000000000000000e+00,0.000000000000000000e+00,1.000000000000000056e-01
9.921169218477474683e-01,-1.253102624057064740e-01,1.162548563990286991e-03,7.153929680614758979e+01,1.253142268227873113e-01,9.920186330364093585e-01,-1.397770597704907879e-02,8.246903211861864591e+00,5.982801665257461796e-04,1.401320250288317672e-02,9.999016312700242937e-01,6.103475334163451782e-01,0.000000000000000000e+00,0.000000000000000000e+00,0.000000000000000000e+00,1.000000000000000056e-01
9.923527634521469576e-01,-1.233663134528491939e-01,4.092135620994059343e-03,7.221070598209209379e+01,1.234069192546477373e-01,9.922848751756141450e-01,-1.189364442854358439e-02,8.348754035349260860e+00,-2.593289217211333479e-03,1.230768876634153949e-02,9.999208946953087596e-01,6.214062520158756264e-01,0.000000000000000000e+00,0.000000000000000000e+00,0.000000000000000000e+00,1.000000000000000056e-01
9.922969114834832016e-01,-1.237196617093802020e-01,6.347028190961844646e-03,7.283347594710832595e+01,1.237906593012957635e-01,9.922310916611877252e-01,-1.238278686719090915e-02,8.434112299596261408e+00,-4.765724508494188424e-03,1.307310396823485252e-02,9.999031862248188851e-01,6.351970578857657479e-01,0.000000000000000000e+00,0.000000000000000000e+00,0.000000000000000000e+00,1.000000000000000056e-01
9.923570679511242165e-01,-1.233525936349831459e-01,3.404016887517663254e-03,7.341224842571347153e+01,1.233908194188915314e-01,9.922374116748843287e-01,-1.547981123465619509e-02,8.487769045334250251e+00,-1.468118040993329852e-03,1.578152452232684314e-02,9.998743861671669508e-01,6.457037315696388946e-01,0.000000000000000000e+00,0.000000000000000000e+00,0.000000000000000000e+00,1.000000000000000056e-01
9.924241712920739422e-01,-1.228586258549917987e-01,-1.492925432148683573e-04,7.405770903211137579e+01,1.228238431918658169e-01,9.921706905902349938e-01,-2.261911309658569402e-02,8.550112870341518345e+00,2.927076838806635072e-03,2.242941788632321631e-02,9.997441439860802470e-01,6.668563629547332727e-01,0.000000000000000000e+00,0.000000000000000000e+00,0.000000000000000000e+00,1.000000000000000056e-01
9.927216226579748115e-01,-1.203473398493926511e-01,-4.505296715222808709e-03,7.467880162702523705e+01,1.201936425420181281e-01,9.924169969395073565e-01,-2.572921448570718306e-02,8.621684787855460996e+00,7.567575556212163129e-03,2.500043953103108646e-02,9.996587967018828458e-01,6.763415542257302793e-01,0.000000000000000000e+00,0.000000000000000000e+00,0.000000000000000000e+00,1.000000000000000056e-01
9.932201490352502438e-01,-1.161246547580197241e-01,-5.366573182760844135e-03,7.527070275602586946e+01,1.159731395102973073e-01,9.929863958431981441e-01,-2.298365903115652531e-02,8.688030448463301525e+00,7.997903632847545852e-03,2.220545490788411458e-02,9.997214368561943010e-01,6.885707086257246701e-01,0.000000000000000000e+00,0.000000000000000000e+00,0.000000000000000000e+00,1.000000000000000056e-01
9.938850964181821235e-01,-1.103816550315626643e-01,-2.881900469118253531e-03,7.584816917548602078e+01,1.103058796570700884e-01,9.937087531367659876e-01,-1.937851522830764950e-02,8.770491242565629619e+00,5.002802304786699121e-03,1.894212690979754643e-02,9.998080654791859923e-01,6.953654216479063788e-01,0.000000000000000000e+00,0.000000000000000000e+00,0.000000000000000000e+00,1.000000000000000056e-01
9.947114622830066644e-01,-1.027045905410668286e-01,9.348179472145757684e-04,7.640026961445830977e+01,1.027023116459454127e-01,9.945043348336963795e-01,-2.033133491844892407e-02,8.807906278504342268e+00,1.158440927167357594e-03,2.031981985104293689e-02,9.997928600144329048e-01,7.092292410811428249e-01,0.000000000000000000e+00,0.000000000000000000e+00,0.000000000000000000e+00,1.000000000000000056e-01
9.956103789383813352e-01,-9.343082212339677561e-02,5.536680189332617713e-03,7.697871489027305358e+01,9.353585450336755758e-02,9.953395359792652775e-01,-2.345745167118135771e-02,8.861028362578650786e+00,-3.319227695957596355e-03,2.387236045989472866e-02,9.997095043729329333e-01,7.221634042694324851e-01,0.000000000000000000e+00,0.000000000000000000e+00,0.000000000000000000e+00,1.000000000000000056e-01
9.965453023652507403e-01,-8.255918511797966097e-02,9.024482611550130318e-03,7.751202183214684283e+01,8.276932404170742053e-02,9.962262800876081625e-01,-2.612351164153341870e-02,8.903263261829161834e+00,-6.833690908274834587e-03,2.678021313323821623e-02,9.996179874597638237e-01,7.385761538131951909e-01,0.000000000000000000e+00,0.000000000000000000e+00,0.000000000000000000e+00,1.000000000000000056e-01
9.975128369195179756e-01,-6.992979046115825603e-02,8.829755762968799146e-03,7.799587439611370598e+01,7.012012366499721649e-02,9.972619665030533209e-01,-2.348911287529515182e-02,8.942358734004136167e+00,-7.162990854432048707e-03,2.404983518698953701e-02,9.996850989134018484e-01,7.495965979597749573e-01,0.000000000000000000e+00,0.000000000000000000e+00,0.000000000000000000e+00,1.000000000000000056e-01
9.985851332206072684e-01,-5.254260648941238426e-02,8.185732348474408435e-03,7.848911788157140279e+01,5.269862901873242217e-02,9.984065489448701314e-01,-2.017963140249877732e-02,8.983260849926061553e+00,-7.112398352743838290e-03,2.058245678468588122e-02,9.997628600135025634e-01,7.518179564634815959e-01,0.000000000000000000e+00,0.000000000000000000e+00,0.000000000000000000e+00,1.000000000000000056e-01
9.994301691758603612e-01,-3.239990060842753289e-02,9.464849796761392112e-03,7.897492945448441048e+01,3.254114966599675612e-02,9.993552413158044434e-01,-1.517152705055001619e-02,8.996856184069285334e+00,-8.967191284144431299e-03,1.547087894058993621e-02,9.998401079098993005e-01,7.566673097862897102e-01,0.000000000000000000e+00,0.000000000000000000e+00,0.000000000000000000e+00,1.000000000000000056e-01
9.998963361250430282e-01,-1.032833732072030962e-02,1.003207116723634461e-02,7.945174750341543302e+01,1.048145805462284176e-02,9.998275134643176409e-01,-1.533239566437140898e-02,9.003394759322867813e+00,-9.871982615678611891e-03,1.543595698196484518e-02,9.998321235043844402e-01,7.633218992550513393e-01,0.000000000000000000e+00,0.000000000000000000e+00,0.000000000000000000e+00,1.000000000000000056e-01
9.997990211600534805e-01,1.641450805040461577e-02,1.151004834317000472e-02,7.994042190482163335e+01,-1.621007953204289462e-02,9.997130833266304473e-01,-1.763474828645153133e-02,9.008557756469558697e+00,-1.179621163610387879e-02,1.744462527613772559e-02,9.997782426318405635e-01,7.734357188087132018e-01,0.000000000000000000e+00,0.000000000000000000e+00,0.000000000000000000e+00,1.000000000000000056e-01
9.988662832824061200e-01,4.560072890647669935e-02,1.366461286645462118e-02,8.041977552895562553e+01,-4.534494918020771231e-02,9.988004873227467328e-01,-1.847761098432295843e-02,8.989194186409559251e+00,-1.449081451942699737e-02,1.783704143185223592e-02,9.997358932475726156e-01,7.735714260405140985e-01,0.000000000000000000e+00,0.000000000000000000e+00,0.000000000000000000e+00,1.000000000000000056e-01
9.967945509789419845e-01,7.846054449023501243e-02,1.563860917681629895e-02,8.089397555101172088e+01,-7.814755190693795095e-02,9.967469269738437054e-01,-1.971100451909004944e-02,8.939095639726206244e+00,-1.713427178615388805e-02,1.842570287655269715e-02,9.996834049857300508e-01,7.718413254125147116e-01,0.000000000000000000e+00,0.000000000000000000e+00,0.000000000000000000e+00,1.000000000000000056e-01
