1.000000000000000000e+00,6.816238252147224498e-14,2.629622959382998821e-13,1.598879507307789328e-19,-6.816238252147971707e-14,1.000000000000000000e+00,2.839225714922509416e-14,-6.514194084600534511e-20,-2.629622959382979636e-13,-2.839225714924301708e-14,1.000000000000000000e+00,-2.976369246801635873e-19,0.000000000000000000e+00,0.000000000000000000e+00,0.000000000000000000e+00,1.000000000000000056e-01
9.999936109419965691e-01,-3.463106961497517972e-03,-8.859827086989134669e-04,6.450102617239735769e-01,3.461827338801893878e-03,9.999929684903151594e-01,-1.441777168570780804e-03,1.917976161577656172e-02,8.909695074523223774e-04,1.438700837810142881e-03,9.999985681555929595e-01,1.101178215352784269e-02,0.000000000000000000e+00,0.000000000000000000e+00,0.000000000000000000e+00,1.000000000000000056e-01
9.999554327283142197e-01,-9.301814253705784075e-03,-1.615180708001093431e-03,1.325312400891291764e+00,9.302911099940424505e-03,9.999565005753379143e-01,6.729057814680244149e-04,2.626531781982182484e-02,1.608851203980109831e-03,-6.879016744301156899e-04,9.999984691933732073e-01,1.642457354962009036e-02,0.000000000000000000e+00,0.000000000000000000e+00,0.000000000000000000e+00,1.000000000000000056e-01
9.998889284413063905e-01,-1.476387271788931824e-02,-2.039324119910954775e-03,2.044722832346089980e+00,1.476583936246956066e-02,9.998905251886112122e-01,9.526940563413072941e-04,3.324211928195305171e-02,2.025035411500654414e-03,-9.827005714901260354e-04,9.999974667623758862e-01,1.700554019631019334e-02,0.000000000000000000e+00,0.000000000000000000e+00,0.000000000000000000e+00,1.000000000000000056e-01
9.997994685840306817e-01,-1.985136998680762932e-02,-2.635475049545303594e-03,2.750071402230097828e+00,1.985778472295764846e-02,9.997998603612071600e-01,2.430557056996730542e-03,3.726972070079761362e-02,2.586697699108351720e-03,-2.482404350125093102e-03,9.999935733111767755e-01,1.871601224103906433e-02,0.000000000000000000e+00,0.000000000000000000e+00,0.000000000000000000e+00,1.000000000000000056e-01
9.996874901421781701e-01,-2.485051343505900040e-02,-2.715517491465495661e-03,3.458492128037868873e+00,2.486083087651529133e-02,9.996835691925564094e-01,3.834132830337416958e-03,5.777688325590962792e-02,2.619378048660942794e-03,-3.900444647129280590e-03,9.999889626341846860e-01,2.888897097663660832e-02,0.000000000000000000e+00,0.000000000000000000e+00,0.000000000000000000e+00,1.000000000000000056e-01
9.995804617339004716e-01,-2.884109053304063225e-02,-2.663084059359409339e-03,4.190599091941808574e+00,2.885286110077613098e-02,9.995735733419734981e-01,4.492647622244085037e-03,8.318893497546048232e-02,2.532375592517741372e-03,-4.567600379114840001e-03,9.999863619573194917e-01,3.658954627444382240e-02,0.000000000000000000e+00,0.000000000000000000e+00,0.000000000000000000e+00,1.000000000000000056e-01
9.994265795475265612e-01,-3.369004648163662075e-02,-3.390112387045033857e-03,4.957286958221187589e+00,3.371424549715984487e-02,9.994044578427327963e-01,7.353862565385998508e-03,1.189258133011552587e-01,3.140341460553253139e-03,-7.463940791466126649e-03,9.999672133842052446e-01,5.132338204891401939e-02,0.000000000000000000e+00,0.000000000000000000e+00,0.000000000000000000e+00,1.000000000000000056e-01
9.993171214517958534e-01,-3.682672705660887391e-02,-3.013792891799333979e-03,5.717255408235070391e+00,3.684918695019008539e-02,9.992906222342066158e-01,7.771083314582335685e-03,1.560779033166971030e-01,2.725471409970894616e-03,-7.876832426189568290e-03,9.999652630549339394e-01,5.192286653874937652e-02,0.000000000000000000e+00,0.000000000000000000e+00,0.000000000000000000e+00,1.000000000000000056e-01
9.991784773483644022e-01,-4.051257327484859144e-02,-1.049671593414569721e-03,6.511103088635710634e+00,4.051880786811303675e-02,9.991554864517824264e-01,6.822030654362173582e-03,2.005421725338390748e-01,7.724071147646411695e-04,-6.858957643267644608e-03,9.999761787599227292e-01,5.758022717037687699e-02,0.000000000000000000e+00,0.000000000000000000e+00,0.000000000000000000e+00,1.000000000000000056e-01
9.990845166975940161e-01,-4.277038532003444443e-02,9.069921228081600367e-04,7.325445227767588108e+00,4.276664821946305622e-02,9.990778529321803214e-01,3.802312519673654769e-03,2.341846116620413532e-01,-1.068782114255210219e-03,-3.760042552997403410e-03,9.999923598632101118e-01,6.708193333116294066e-02,0.000000000000000000e+00,0.000000000000000000e+00,0.000000000000000000e+00,1.000000000000000056e-01
9.989749791660926803e-01,-4.519246217351236689e-02,2.575337414841406478e-03,8.139434879794567479e+00,4.517852077706833308e-02,9.989652054670691284e-01,5.236365775255136766e-03,2.829865689214343671e-01,-2.809316731988968641e-03,-5.114648456337167991e-03,9.999829739103898163e-01,6.672084470014272295e-02,0.000000000000000000e+00,0.000000000000000000e+00,0.000000000000000000e+00,1.000000000000000056e-01
9.989389740277075935e-01,-4.604386243322200478e-02,9.428153060767602419e-04,8.951658611920384701e+00,4.603968913851730349e-02,9.989313948928081333e-01,4.051582596642492110e-03,3.190785457484803245e-01,-1.128358320542191193e-03,-4.003876838671757005e-03,9.999913478514507181e-01,6.562675053895791755e-02,0.000000000000000000e+00,0.000000000000000000e+00,0.000000000000000000e+00,1.000000000000000056e-01
9.988269803353186926e-01,-4.841393930747382723e-02,8.682366965017039541e-04,9.727883969909866479e+00,4.840933977986096315e-02,9.988164920185560458e-01,4.706494855383816164e-03,3.737489893228525539e-01,-1.095069087721101597e-03,-4.658943279116435285e-03,9.999885474700273003e-01,8.001285882802243454e-02,0.000000000000000000e+00,0.000000000000000000e+00,0.000000000000000000e+00,1.000000000000000056e-01
9.986748243239146339e-01,-5.142534398002224921e-02,2.007301206744277911e-03,1.055489898312641728e+01,5.141735532674473336e-02,9.986698437117135230e-01,3.846925009007867973e-03,4.223062025759939386e-01,-2.202460624275222063e-03,-3.738617038163232192e-03,9.999905859106077433e-01,8.228269485393023552e-02,0.000000000000000000e+00,0.000000000000000000e+00,0.000000000000000000e+00,1.000000000000000056e-01
9.986166310886366304e-01,-5.250845243931965417e-02,2.772460208831885407e-03,1.137113362520272553e+01,5.249711308406545401e-02,9.986130021181577332e-01,4.015609343430421099e-03,4.817091656568691094e-01,-2.979468244619147294e-03,-3.864508117200419948e-03,9.999880941021205283e-01,9.588578098850529530e-02,0.000000000000000000e+00,0.000000000000000000e+00,0.000000000000000000e+00,1.000000000000000056e-01
9.985033571653045836e-01,-5.468033753348183756e-02,1.051863508606796106e-03,1.223501938182292292e+01,5.467391962810744244e-02,9.984897436376978241e-01,5.384641383025110667e-03,5.381301165304797074e-01,-1.344708933371216702e-03,-5.319072997152495333e-03,9.999849494969089703e-01,1.001597317691034911e-01,0.000000000000000000e+00,0.000000000000000000e+00,0.000000000000000000e+00,1.000000000000000056e-01
9.983463369031827517e-01,-5.748264877761175007e-02,-5.802426271412873798e-04,1.312263600312445000e+01,5.748523619332641943e-02,9.983243251871786184e-01,6.632447463933429516e-03,6.091363199703206943e-01,1.980196810804143862e-04,-6.654835014791396844e-03,9.999778367339606788e-01,1.009336084031403624e-01,0.000000000000000000e+00,0.000000000000000000e+00,0.000000000000000000e+00,1.000000000000000056e-01
9.985761841346030288e-01,-5.333993223743236506e-02,-6.753577433363667625e-04,1.399319271491875405e+01,5.334394447500260400e-02,9.985309892510103591e-01,9.501952075567582714e-03,6.568577110925047924e-01,1.675321557178876077e-04,-9.524449291411446125e-03,9.999546273699982946e-01,1.065890061778636821e-01,0.000000000000000000e+00,0.000000000000000000e+00,0.000000000000000000e+00,1.000000000000000056e-01
9.974819154067711136e-01,-7.091409709635636271e-02,-1.009588751792692401e-03,1.498580892526600472e+01,7.092046362398181369e-02,9.974377586174775212e-01,9.391779570569957006e-03,7.695471739257077060e-01,3.409923733385459817e-04,-9.439730777476998055e-03,9.999553866083477072e-01,1.091859700488476692e-01,0.000000000000000000e+00,0.000000000000000000e+00,0.000000000000000000e+00,1.000000000000000056e-01
9.972781182179282222e-01,-7.372846044756301009e-02,6.848676808126360040e-04,1.595714978985221144e+01,7.372047209091459052e-02,9.972457018986787824e-01,8.142606419578082497e-03,8.383369733404983926e-01,-1.283323186405652908e-03,-8.069954438756734780e-03,9.999666139011620380e-01,1.243510350253442115e-01,0.000000000000000000e+00,0.000000000000000000e+00,0.000000000000000000e+00,1.000000000000000056e-01
9.971578658785857918e-01,-7.531374634514409472e-02,2.007517851378721324e-03,1.687541676249666267e+01,7.529611452590784237e-02,9.971310779951929604e-01,7.752962881753758945e-03,9.249824072015158105e-01,-2.585663119139577741e-03,-7.579769627355252906e-03,9.999679302050793472e-01,1.326342832486684664e-01,0.000000000000000000e+00,0.000000000000000000e+00,0.000000000000000000e+00,1.000000000000000056e-01
9.969665773434808198e-01,-7.776587253794786658e-02,3.180051640591341402e-03,1.775171768551883389e+01,7.774033050020462410e-02,9.969454909173274260e-01,7.491939223451085303e-03,1.000016857256137204e+00,-3.752955334684736615e-03,-7.221994739722115836e-03,9.999668785106010649e-01,1.434094482009725946e-01,0.000000000000000000e+00,0.000000000000000000e+00,0.000000000000000000e+00,1.000000000000000056e-01
9.970479012275601516e-01,-7.673832624825421833e-02,2.590741657107821418e-03,1.865363369057694243e+01,7.672012514240031389e-02,9.970313800153952632e-01,6.515340569066946017e-03,1.087618723936607079e+00,-3.083027059857128705e-03,-6.297344616026033862e-03,9.999754188953522416e-01,1.448774546698975707e-01,0.000000000000000000e+00,0.000000000000000000e+00,0.000000000000000000e+00,1.000000000000000056e-01
9.967731537654079821e-01,-8.022094777634065921e-02,2.807039441834312515e-03,1.958188641490372817e+01,8.020736803818330485e-02,9.967673266475969296e-01,4.655603096288734276e-03,1.174821367996418120e+00,-3.171442093086298663e-03,-4.415434935358818376e-03,9.999852228355086137e-01,1.581679982207371271e-01,0.000000000000000000e+00,0.000000000000000000e+00,0.000000000000000000e+00,1.000000000000000056e-01
9.967334802591840681e-01,-8.061044505605685639e-02,4.932086605003282304e-03,2.051136314909994951e+01,8.059038713145588728e-02,9.967387109632750430e-01,4.139029991551769309e-03,1.254168813030949625e+00,-5.249650694749561503e-03,-3.728030999513454007e-03,9.999792712613846390e-01,1.614204311414242365e-01,0.000000000000000000e+00,0.000000000000000000e+00,0.000000000000000000e+00,1.000000000000000056e-01
9.967613907327589340e-01,-8.001325735596512279e-02,8.037946988149330396e-03,2.142800945739575980e+01,7.998094345347336875e-02,9.967872694472379447e-01,4.264756993281138518e-03,1.341035294016523105e+00,-8.353360329143078022e-03,-3.608062528218978528e-03,9.999586007710539182e-01,1.603550023746115882e-01,0.000000000000000000e+00,0.000000000000000000e+00,0.000000000000000000e+00,1.000000000000000056e-01
9.968488794340905068e-01,-7.855934585594123720e-02,1.098820957593585855e-02,2.237478011661444555e+01,7.850396937544498743e-02,9.968992626114644429e-01,5.383957375176087225e-03,1.435738856580134337e+00,-1.137709819318079470e-02,-4.504373808324950261e-03,9.999251333241392370e-01,1.655760426937813445e-01,0.000000000000000000e+00,0.000000000000000000e+00,0.000000000000000000e+00,1.000000000000000056e-01
9.969129543513601810e-01,-7.726520303081092778e-02,1.395169692369086986e-02,2.333462140560148157e+01,7.718319840335870208e-02,9.969968689603608825e-01,6.324331384791168423e-03,1.511858347617077047e+00,-1.439844889808371622e-02,-5.227971293384430992e-03,9.998826696095320932e-01,1.670397363738925223e-01,0.000000000000000000e+00,0.000000000000000000e+00,0.000000000000000000e+00,1.000000000000000056e-01
9.970883160308795512e-01,-7.497373172891380610e-02,1.392226940357232066e-02,2.425706603992360755e+01,7.490269760104703578e-02,9.971753683838736615e-01,5.556129999560230522e-03,1.586657456708375546e+00,-1.429950792128476152e-02,-4.497136769854074255e-03,9.998876436050614380e-01,1.638279224027017200e-01,0.000000000000000000e+00,0.000000000000000000e+00,0.000000000000000000e+00,1.000000000000000056e-01
9.973020652611241932e-01,-7.238447743077391916e-02,1.220975237137165124e-02,2.521536688698214945e+01,7.234041474784272396e-02,9.973719257771285207e-01,4.013236316499767253e-03,1.658288420750573700e+00,-1.246816024947284586e-02,-3.119150316312682865e-03,9.999174045296429503e-01,1.563240245324784561e-01,0.000000000000000000e+00,0.000000000000000000e+00,0.000000000000000000e+00,1.000000000000000056e-01
9.975497148490010124e-01,-6.943700359742972783e-02,8.548036972736908559e-03,2.615923322483204672e+01,6.941306817435548282e-02,9.975832925576294530e-01,3.066003343329976732e-03,1.736928877443675079e+00,-8.740272953347770837e-03,-2.465145287719404041e-03,9.999587644935221675e-01,1.623492265605835649e-01,0.000000000000000000e+00,0.000000000000000000e+00,0.000000000000000000e+00,1.000000000000000056e-01
9.976656028375213703e-01,-6.798852771796051742e-02,6.395702743967762900e-03,2.711515561811761188e+01,6.797880704294312348e-02,9.976852733582824984e-01,1.725432417513141515e-03,1.803630083364083925e+00,-6.498208050177354568e-03,-1.286632330237443955e-03,9.999780586939812643e-01,1.604769827509153479e-01,0.000000000000000000e+00,0.000000000000000000e+00,0.000000000000000000e+00,1.000000000000000056e-01
9.977961573786805483e-01,-6.597142474999539985e-02,7.113328109622293373e-03,2.807456478166070113e+01,6.596972949072421599e-02,9.978215126511703614e-01,4.729497340462061037e-04,1.867187806291051189e+00,-7.129032982117567384e-03,-2.643096094025946911e-06,9.999745881179951112e-01,1.723297007353777610e-01,0.000000000000000000e+00,0.000000000000000000e+00,0.000000000000000000e+00,1.000000000000000056e-01
9.977050230797405161e-01,-6.681923889828177143e-02,1.094880059681802020e-02,2.906758253737150000e+01,6.682649415768086854e-02,9.977645669332145806e-01,-2.977434603155240320e-04,1.918608792795369222e+00,-1.090443029451702850e-02,1.028730105062813753e-03,9.999400157581068704e-01,1.709634234917397633e-01,0.000000000000000000e+00,0.000000000000000000e+00,0.000000000000000000e+00,1.000000000000000056e-01
9.976390963556104330e-01,-6.709495146062738336e-02,1.464584962564465659e-02,3.001660617283248200e+01,6.716739109368433103e-02,9.977315232942081114e-01,-4.510986442788237315e-03,1.972149422511042971e+00,-1.430996144051392693e-02,5.484059948160631935e-03,9.998825681499082796e-01,1.754186260521120311e-01,0.000000000000000000e+00,0.000000000000000000e+00,0.000000000000000000e+00,1.000000000000000056e-01
9.976313191818207970e-01,-6.721111907742205460e-02,1.464296622616482677e-02,3.096331386264199992e+01,6.735584667118080238e-02,9.976825892457296119e-01,-9.625021306217920042e-03,2.023062494530458721e+00,-1.396212400562295633e-02,1.058851209081615105e-02,9.998464594651291781e-01,1.811377248433398701e-01,0.000000000000000000e+00,0.000000000000000000e+00,0.000000000000000000e+00,1.000000000000000056e-01
9.976620784690080068e-01,-6.699420327010228993e-02,1.349644075684647629e-02,3.192773237608294679e+01,6.715479428326660838e-02,9.976725651878531886e-01,-1.181889488323730093e-02,2.064921076420856316e+00,-1.267323122455334128e-02,1.269761393699956990e-02,9.998390669555955457e-01,1.781436630423153533e-01,0.000000000000000000e+00,0.000000000000000000e+00,0.000000000000000000e+00,1.000000000000000056e-01
9.976392899575488027e-01,-6.761595544156065452e-02,1.199707058922252698e-02,3.291914202384166543e+01,6.775343355674379175e-02,9.976364088432121413e-01,-1.144849298778051125e-02,2.143411460262111490e+00,-1.119461362753569264e-02,1.223430914045577772e-02,9.998624916985264788e-01,1.818521013438136602e-01,0.000000000000000000e+00,0.000000000000000000e+00,0.000000000000000000e+00,1.000000000000000056e-01
9.976244405350425115e-01,-6.809759738939458185e-02,1.040158050179606185e-02,3.387824621940915648e+01,6.823894334068519862e-02,9.975721893660910444e-01,-1.389869112868006087e-02,2.213081421397607329e+00,-9.429859961323937625e-03,1.457546682393444024e-02,9.998493053995558544e-01,1.736218372100761798e-01,0.000000000000000000e+00,0.000000000000000000e+00,0.000000000000000000e+00,1.000000000000000056e-01
9.976351951647074445e-01,-6.773970476372534466e-02,1.163399188582675201e-02,3.485724830076122771e+01,6.791180054519604936e-02,9.975771189029222219e-01,-1.509566785718836207e-02,2.284546667681413457e+00,-1.058322802294582934e-02,1.585005488534240933e-02,9.998183690274679014e-01,1.786773284523967553e-01,0.000000000000000000e+00,0.000000000000000000e+00,0.000000000000000000e+00,1.000000000000000056e-01
9.976054194800083597e-01,-6.783909534048543355e-02,1.346418090716928681e-02,3.585267083854149917e+01,6.801441656647314038e-02,9.975993699628487033e-01,-1.302060631651509766e-02,2.358990682270944994e+00,-1.254855223676090356e-02,1.390518583521765765e-02,9.998245744347602493e-01,1.708128491846878094e-01,0.000000000000000000e+00,0.000000000000000000e+00,0.000000000000000000e+00,1.000000000000000056e-01
9.974161734062497731e-01,-7.037967551903002994e-02,1.441104789631314671e-02,3.683857205065116602e+01,7.056195220797394085e-02,9.974283703398939549e-01,-1.255615154826398953e-02,2.434077902130129090e+00,-1.349029014637519348e-02,1.354058030290490079e-02,9.998173156916353443e-01,1.742150654919571162e-01,0.000000000000000000e+00,0.000000000000000000e+00,0.000000000000000000e+00,1.000000000000000056e-01
9.973608766607569009e-01,-7.080002494678745706e-02,1.608223162439377171e-02,3.783633625136880596e+01,7.100940960971742488e-02,9.973929483804487850e-01,-1.284407520356614131e-02,2.501552317918699142e+00,-1.513094357156049945e-02,1.395216787778034463e-02,9.997881733438060969e-01,1.729751278620412780e-01,0.000000000000000000e+00,0.000000000000000000e+00,0.000000000000000000e+00,1.000000000000000056e-01
9.973873933946484360e-01,-6.986475413222920094e-02,1.836582770996371058e-02,3.882519822211300209e+01,7.011326989631494477e-02,9.974509792262203911e-01,-1.325418519187304689e-02,2.569887577267718548e+00,-1.739301244395011561e-02,1.450724545519011324e-02,9.997434785720922257e-01,1.800960191947555689e-01,0.000000000000000000e+00,0.000000000000000000e+00,0.000000000000000000e+00,1.000000000000000056e-01
9.975168914881349380e-01,-6.785581710465839189e-02,1.885840080461683929e-02,3.982818658789340560e+01,6.808983517387566520e-02,9.976063421917178431e-01,-1.205654862950037917e-02,2.641921082571145885e+00,-1.799515328756235918e-02,1.331067631340399765e-02,9.997494687941759217e-01,1.664867047604859374e-01,0.000000000000000000e+00,0.000000000000000000e+00,0.000000000000000000e+00,1.000000000000000056e-01
9.975374956613985988e-01,-6.779795522907336447e-02,1.795499975888882258e-02,4.082538286844718556e+01,6.804539135687789897e-02,9.975902372101285165e-01,-1.354781672923006768e-02,2.719266926279062524e+00,-1.699321819651767110e-02,1.473621015716200001e-02,9.997470053196105821e-01,1.706044401688415479e-01,0.000000000000000000e+00,0.000000000000000000e+00,0.000000000000000000e+00,1.000000000000000056e-01
9.975327432164110553e-01,-6.848213794317863090e-02,1.544742677189994695e-02,4.182439574139265659e+01,6.867763902508740304e-02,9.975605744004548692e-01,-1.250129192421363736e-02,2.791624672540616192e+00,-1.455362872556353188e-02,1.353134082661701029e-02,9.998025278555522366e-01,1.832491249473943429e-01,0.000000000000000000e+00,0.000000000000000000e+00,0.000000000000000000e+00,1.000000000000000056e-01
9.976428475848829747e-01,-6.746234159831605848e-02,1.255313223056806794e-02,4.283721509140056583e+01,6.757051498509057674e-02,9.976791228668241418e-01,-8.401981928933101654e-03,2.854936779914513778e+00,-1.195718057803184763e-02,9.230398786432969863e-03,9.998859062767450068e-01,1.926373662017245303e-01,0.000000000000000000e+00,0.000000000000000000e+00,0.000000000000000000e+00,1.000000000000000056e-01
9.977143090687866644e-01,-6.628285117196826282e-02,1.314310160915001247e-02,4.385813631755936370e+01,6.640785505781450493e-02,9.977490913238599157e-01,-9.313836429319892821e-03,2.931872880747498300e+00,-1.249617005382192003e-02,1.016535306452915309e-02,9.998702472476413972e-01,1.993178737044508098e-01,0.000000000000000000e+00,0.000000000000000000e+00,0.000000000000000000e+00,1.000000000000000056e-01
9.977169281836101300e-01,-6.600139782306885250e-02,1.430897275355137895e-02,4.483856712113463772e+01,6.617298467206694790e-02,9.977375727303794406e-01,-1.186895368940719606e-02,3.004326189992018392e+00,-1.349323220919534071e-02,1.278872345044265377e-02,9.998271756844063773e-01,2.048471383056177653e-01,0.000000000000000000e+00,0.000000000000000000e+00,0.000000000000000000e+00,1.000000000000000056e-01
9.976979505517560298e-01,-6.587081532373408044e-02,1.611940301041913867e-02,4.581195031090234693e+01,6.606812846002806106e-02,9.977425913346839037e-01,-1.203012213317943870e-02,3.073125524544578102e+00,-1.529058097702706669e-02,1.306740698595178045e-02,9.997977000413875714e-01,2.051090379564469990e-01,0.000000000000000000e+00,0.000000000000000000e+00,0.000000000000000000e+00,1.000000000000000056e-01
9.974574382297517472e-01,-7.002522857681869883e-02,1.323352873972906754e-02,4.671468178663874937e+01,7.016240778778418119e-02,9.974834086429157365e-01,-1.020225541390479621e-02,3.139810325424280624e+00,-1.248581008832116979e-02,1.110481178922732501e-02,9.998603841044829688e-01,2.131917237643041751e-01,0.000000000000000000e+00,0.000000000000000000e+00,0.000000000000000000e+00,1.000000000000000056e-01
9.976609531739231151e-01,-6.795292707731542814e-02,7.417695984892675419e-03,4.765574762248366625e+01,6.801689856742323959e-02,9.976458666980162482e-01,-8.742206222273597727e-03,3.208141271438552433e+00,-6.806175237833638446e-03,9.226286467964906618e-03,9.999342736483448624e-01,2.068329368985011851e-01,0.000000000000000000e+00,0.000000000000000000e+00,0.000000000000000000e+00,1.000000000000000056e-01
9.978437894381770867e-01,-6.523433686539611975e-02,7.228635652110178972e-03,4.859825694247686556e+01,6.530099153361343389e-02,9.978212992932333769e-01,-9.403998165167510095e-03,3.283956631117407987e+00,-6.599423034317864617e-03,9.855758240518435950e-03,9.999296533482335825e-01,2.110649835270164698e-01,0.000000000000000000e+00,0.000000000000000000e+00,0.000000000000000000e+00,1.000000000000000056e-01
9.979632965326147298e-01,-6.295292428113877237e-02,1.030476094868787440e-02,4.956141487185757200e+01,6.304622507005616661e-02,9.979700779710952707e-01,-8.994274777981221131e-03,3.363474185485932910e+00,-9.717627188373528097e-03,9.625632385418393666e-03,9.999064530859916866e-01,2.149757503358958599e-01,0.000000000000000000e+00,0.000000000000000000e+00,0.000000000000000000e+00,1.000000000000000056e-01
9.980560252792833875e-01,-6.091475961031138364e-02,1.317431081068008714e-02,5.055949164202904456e+01,6.107118094402660957e-02,9.980634752155220779e-01,-1.181568020965615556e-02,3.446027587857066976e+00,-1.242904911167327237e-02,1.259728154535240049e-02,9.998434013563557432e-01,2.291390227185244044e-01,0.000000000000000000e+00,0.000000000000000000e+00,0.000000000000000000e+00,1.000000000000000056e-01
9.982328445746510015e-01,-5.771620079982000412e-02,1.414313181850299431e-02,5.149296271508256240e+01,5.791617484027206803e-02,9.982209846288747634e-01,-1.416271649192912992e-02,3.499855662851270477e+00,-1.330055278068292476e-02,1.495680486583217221e-02,9.997996745768292781e-01,2.243892467132233837e-01,0.000000000000000000e+00,0.000000000000000000e+00,0.000000000000000000e+00,1.000000000000000056e-01
9.983219794923083867e-01,-5.643995323174554740e-02,1.295210182778940185e-02,5.243478218239176414e+01,5.665039152675938744e-02,9.982577209422576203e-01,-1.650017330316790043e-02,3.544024396430983881e+00,-1.199826664247460352e-02,1.720622731362344421e-02,9.997799694628853873e-01,2.328533293183474573e-01,0.000000000000000000e+00,0.000000000000000000e+00,0.000000000000000000e+00,1.000000000000000056e-01
9.983020030855251914e-01,-5.698928535792350397e-02,1.205537182426056481e-02,5.341027156330150660e+01,5.720536758411447903e-02,9.981926649498173987e-01,-1.841058282477331387e-02,3.612631044927195223e+00,-1.098437777001290416e-02,1.906895368851316969e-02,9.997578299019372894e-01,2.524674351327387822e-01,0.000000000000000000e+00,0.000000000000000000e+00,0.000000000000000000e+00,1.000000000000000056e-01
9.983578741701274462e-01,-5.576690447662772249e-02,1.309990257973644642e-02,5.437479299567699087e+01,5.597638980628603239e-02,9.983005066989986132e-01,-1.620932166308418007e-02,3.655310667097407595e+00,-1.217369569024226439e-02,1.691598917052421561e-02,9.997828016342470425e-01,2.564423285224265436e-01,0.000000000000000000e+00,0.000000000000000000e+00,0.000000000000000000e+00,1.000000000000000056e-01
9.982945284723065971e-01,-5.586847070932847437e-02,1.693364706305122355e-02,5.532456458338999283e+01,5.616983488668686464e-02,9.982611794793189164e-01,-1.787644241345201154e-02,3.713181774306306249e+00,-1.590547299068507600e-02,1.879711480946043636e-02,9.996967962356299031e-01,2.645117719373821230e-01,0.000000000000000000e+00,0.000000000000000000e+00,0.000000000000000000e+00,1.000000000000000056e-01
9.981289669555903910e-01,-5.718342068076350676e-02,2.164767247102443101e-02,5.628716114847450314e+01,5.761577392922190982e-02,9.981403826698912463e-01,-1.990475014009918456e-02,3.765080589828422308e+00,-2.046919438333401689e-02,2.111475509803072484e-02,9.995674960693987643e-01,2.793214737280662607e-01,0.000000000000000000e+00,0.000000000000000000e+00,0.000000000000000000e+00,1.000000000000000056e-01
9.981512089452431180e-01,-5.594713704922106567e-02,2.375040919953356686e-02,5.725075405868617651e+01,5.635003179214531643e-02,9.982722809166540978e-01,-1.664713400213473082e-02,3.828535898777488455e+00,-2.277801567682808184e-02,1.795469324317441884e-02,9.995793070048867301e-01,2.752280816986110712e-01,0.000000000000000000e+00,0.000000000000000000e+00,0.000000000000000000e+00,1.000000000000000056e-01
9.980349690644525484e-01,-5.871893477861556132e-02,2.186977875932697921e-02,5.814411317542596436e+01,5.907310854970256042e-02,9.981267638340550752e-01,-1.591638038096261989e-02,3.885663630368832777e+00,-2.089421859731241046e-02,1.717702001573978912e-02,9.996341238736233814e-01,2.717205115848820296e-01,0.000000000000000000e+00,0.000000000000000000e+00,0.000000000000000000e+00,1.000000000000000056e-01
9.978740112829621589e-01,-6.273122283071000393e-02,1.767063349782618115e-02,5.905661172701259432e+01,6.300935884329558756e-02,9.978902401828344537e-01,-1.564893753587536310e-02,3.938341505178290625e+00,-1.665167571770174992e-02,1.672908335829334861e-02,9.997213909213825689e-01,2.716297774868828285e-01,0.000000000000000000e+00,0.000000000000000000e+00,0.000000000000000000e+00,1.000000000000000056e-01
9.978205469843317577e-01,-6.478087082984408662e-02,1.255367637053526712e-02,6.000260342393963242e+01,6.498622119788143026e-02,9.977463250774336601e-01,-1.670514438417107506e-02,4.009039607483362744e+00,-1.144321066436809579e-02,1.748455229632803892e-02,9.997816478415113561e-01,2.723551534403484964e-01,0.000000000000000000e+00,0.000000000000000000e+00,0.000000000000000000e+00,1.000000000000000056e-01
9.978847443640173065e-01,-6.359465825531536443e-02,1.348170638122000477e-02,6.091235849536263913e+01,6.377788570837304716e-02,9.978710835915962640e-01,-1.362651189054788804e-02,4.078080400018915697e+00,-1.258643158840036004e-02,1.445752306320791623e-02,9.998162640039155447e-01,2.596371164548614829e-01,0.000000000000000000e+00,0.000000000000000000e+00,0.000000000000000000e+00,1.000000000000000056e-01
9.977051885056500424e-01,-6.598305079088598313e-02,1.518531650090430493e-02,6.183842197575530264e+01,6.618673798081034509e-02,9.977182658873411381e-01,-1.332582568610229078e-02,4.136553345773529955e+00,-1.427138901315608971e-02,1.430031199254714995e-02,9.997958934365308581e-01,2.685799036714504040e-01,0.000000000000000000e+00,0.000000000000000000e+00,0.000000000000000000e+00,1.000000000000000056e-01
9.976508886282150490e-01,-6.675339546954091319e-02,1.538468760228416804e-02,6.272563721327583863e+01,6.692784546264830825e-02,9.976958795766007748e-01,-1.111734579837952638e-02,4.209813033564647533e+00,-1.460711884872126221e-02,1.212089390927728258e-02,9.998198417763969337e-01,2.791545275643017021e-01,0.000000000000000000e+00,0.000000000000000000e+00,0.000000000000000000e+00,1.000000000000000056e-01
9.975388431473458661e-01,-6.849418608580373768e-02,1.499342805025683997e-02,6.355754280349361096e+01,6.865199330343330075e-02,9.975877465544875644e-01,-1.027578414549878451e-02,4.273438348273931098e+00,-1.425342863034322061e-02,1.127982255103443694e-02,9.998347890404178928e-01,2.829829912639484357e-01,0.000000000000000000e+00,0.000000000000000000e+00,0.000000000000000000e+00,1.000000000000000056e-01
9.973405739703111728e-01,-7.109005960652664546e-02,1.606184726956592229e-02,6.437180404861778982e+01,7.124517347407763324e-02,9.974154769878375015e-01,-9.300081815398354712e-03,4.331434646726066262e+00,-1.535919168507764859e-02,1.041967803077461369e-02,9.998277479348710584e-01,2.869062288756750734e-01,0.000000000000000000e+00,0.000000000000000000e+00,0.000000000000000000e+00,1.000000000000000056e-01
9.972473774164761773e-01,-7.224119023732136768e-02,1.669966074671775866e-02,6.517308424688256707e+01,7.240894882839390978e-02,9.973281626915141418e-01,-9.668507223747494286e-03,4.380210528831102401e+00,-1.595657750043396120e-02,1.085109835287506770e-02,9.998138033149016612e-01,2.876319403533888486e-01,0.000000000000000000e+00,0.000000000000000000e+00,0.000000000000000000e+00,1.000000000000000056e-01
9.971813636089028599e-01,-7.300132472503639836e-02,1.732439492388832339e-02,6.596728988480592193e+01,7.317680549001068235e-02,9.972716137127974889e-01,-9.720268563672442713e-03,4.440153779392875144e+00,-1.656753480051268920e-02,1.096061453854514298e-02,9.998026713904955010e-01,2.891867490585089961e-01,0.000000000000000000e+00,0.000000000000000000e+00,0.000000000000000000e+00,1.000000000000000056e-01
9.969335704143161836e-01,-7.617921733640332926e-02,1.789365884822626679e-02,6.671389434763298709e+01,7.636579548254053551e-02,9.970298707159201967e-01,-9.985097922111508748e-03,4.500637427744748287e+00,-1.707985542334801432e-02,1.132094281446519544e-02,9.997900353536781637e-01,2.882790248767705954e-01,0.000000000000000000e+00,0.000000000000000000e+00,0.000000000000000000e+00,1.000000000000000056e-01
9.969751696964456178e-01,-7.524122861145580987e-02,1.947481773424373022e-02,6.749886264403568248e+01,7.542742026714548131e-02,9.971106015167807701e-01,-9.008474603780201873e-03,4.575128720394827653e+00,-1.874073852831791356e-02,1.045016075867674643e-02,9.997697629252102480e-01,2.843542855326937069e-01,0.000000000000000000e+00,0.000000000000000000e+00,0.000000000000000000e+00,1.000000000000000056e-01
9.967611293308299425e-01,-7.698237395133457339e-02,2.325865765570872892e-02,6.823233692710148546e+01,7.721817040345900496e-02,9.969697684836054119e-01,-9.414610416184599276e-03,4.644679320356072338e+00,-2.246341947858651947e-02,1.118010870086018869e-02,9.996851504122515886e-01,2.864126304571946169e-01,0.000000000000000000e+00,0.000000000000000000e+00,0.000000000000000000e+00,1.000000000000000056e-01
9.964882914202461972e-01,-8.049700393616479599e-02,2.305032363459596362e-02,6.894634454971382809e+01,8.063620085524175751e-02,9.967301762169848978e-01,-5.172903448862343524e-03,4.711848269242373100e+00,-2.255854990888489509e-02,7.013428245816342478e-03,9.997209228831059891e-01,2.900622660126107033e-01,0.000000000000000000e+00,0.000000000000000000e+00,0.000000000000000000e+00,1.000000000000000056e-01
9.965086653497112756e-01,-8.103187213276796808e-02,2.010760009538127210e-02,6.960463345458182971e+01,8.110452261746037284e-02,9.967016039868086263e-01,-2.822945468272309699e-03,4.769708240576617797e+00,-1.981252871116899808e-02,4.443906927661753908e-03,9.997938364469384220e-01,2.936396125776978838e-01,0.000000000000000000e+00,0.000000000000000000e+00,0.000000000000000000e+00,1.000000000000000056e-01
9.965881072386539863e-01,-8.134684785850103406e-02,1.395832561459619224e-02,7.027918091536123768e+01,8.140448591113640109e-02,9.966746056619022465e-01,-3.611108172752983819e-03,4.832775743118060241e+00,-1.361815641049856328e-02,4.735057779754379970e-03,9.998960571198396430e-01,2.938943067766632833e-01,0.000000000000000000e+00,0.000000000000000000e+00,0.000000000000000000e+00,1.000000000000000056e-01
9.965559167324874457e-01,-8.243265858551968028e-02,9.008974636148513529e-03,7.101474005504209686e+01,8.247916106976782569e-02,9.965806564069769058e-01,-4.917648286164350187e-03,4.896209965419799026e+00,-8.572795034229639330e-03,5.643764166074804849e-03,9.999473261684030945e-01,2.992784776486938081e-01,0.000000000000000000e+00,0.000000000000000000e+00,0.000000000000000000e+00,1.000000000000000056e-01
9.962876672738271155e-01,-8.580292035518743976e-02,6.981611318123357932e-03,7.172666986326548511e+01,8.583091850743343465e-02,9.963024169270002783e-01,-3.814112424668166228e-03,4.962225124785296870e+00,-6.628534245691668561e-03,4.399191282389188634e-03,9.999683543241829620e-01,2.980005890713468553e-01,0.000000000000000000e+00,0.000000000000000000e+00,0.000000000000000000e+00,1.000000000000000056e-01
9.963080975937441686e-01,-8.530281600115569018e-02,9.674929013042773973e-03,7.241497845818803114e+01,8.531252653830473376e-02,9.963540631450499285e-01,-5.947016066367266348e-04,5.038497364660943667e+00,-9.588925111058570205e-03,1.417898664525606318e-03,9.999530199357326010e-01,3.086941700745775008e-01,0.000000000000000000e+00,0.000000000000000000e+00,0.000000000000000000e+00,1.000000000000000056e-01
9.961553638427628199e-01,-8.705530546351256116e-02,9.791061124683097389e-03,7.302339718789001211e+01,8.708002021907024215e-02,9.961990513414045179e-01,-2.126072701474824092e-03,5.091412280920255107e+00,-9.568759895570481955e-03,2.970504526197376149e-03,9.999498062087520678e-01,3.133894931623504854e-01,0.000000000000000000e+00,0.000000000000000000e+00,0.000000000000000000e+00,1.000000000000000056e-01
9.963357780825609078e-01,-8.514062606131334032e-02,8.129643688726938960e-03,7.362364848516342875e+01,8.518614553565764802e-02,9.963502746551328171e-01,-5.426859443473294568e-03,5.140431743255144958e+00,-7.637926511547386658e-03,6.099507236578591458e-03,9.999522279039509964e-01,3.233601807594815303e-01,0.000000000000000000e+00,0.000000000000000000e+00,0.000000000000000000e+00,1.000000000000000056e-01
9.963876388657190164e-01,-8.479799350712452499e-02,4.579673870831693465e-03,7.426386456681379400e+01,8.485028529884150461e-02,9.963117120304129104e-01,-1.278286179745209694e-02,5.177584853423732980e+00,-3.478821683086459789e-03,1.312527211882581410e-02,9.999078082660941558e-01,3.416501465799722803e-01,0.000000000000000000e+00,0.000000000000000000e+00,0.000000000000000000e+00,1.000000000000000056e-01
9.965353384920681012e-01,-8.316475930028538466e-02,-9.705395534726512542e-04,7.486838217051960953e+01,8.313881900347813714e-02,9.964105082535466007e-01,-1.593850107807860683e-02,5.223861525159025021e+00,2.292577415521600704e-03,1.580259005462737731e-02,9.998725029904358408e-01,3.509126048796479269e-01,0.000000000000000000e+00,0.000000000000000000e+00,0.000000000000000000e+00,1.000000000000000056e-01
9.967065757158672934e-01,-8.107032018043136556e-02,-1.898712877811459471e-03,7.544792107894285493e+01,8.103519679747325788e-02,9.966090393290565341e-01,-1.427303778492574303e-02,5.266760575364677344e+00,3.049394160288711533e-03,1.407216804396117620e-02,9.998963322673994902e-01,3.667133586444082383e-01,0.000000000000000000e+00,0.000000000000000000e+00,0.000000000000000000e+00,1.000000000000000056e-01
9.971692214213542238e-01,-7.518975706150750338e-02,2.104351721366825396e-04,7.602761196538010324e+01,7.518754295796807596e-02,9.971091861208615237e-01,-1.095921244145246776e-02,5.329005578310631819e+00,6.141936778378503763e-04,1.094401144117927022e-02,9.999399238852809679e-01,3.677574587047388599e-01,0.000000000000000000e+00,0.000000000000000000e+00,0.000000000000000000e+00,1.000000000000000056e-01
9.975872529367140196e-01,-6.929960514847062492e-02,4.151807371089577016e-03,7.657584092333921433e+01,6.934478578762727496e-02,9.975210448009631525e-01,-1.196101430744573799e-02,5.356943363643536848e+00,-3.312621657940417394e-03,1.222006159808122425e-02,9.999198451037415447e-01,3.815952895896478347e-01,0.000000000000000000e+00,0.000000000000000000e+00,0.000000000000000000e+00,1.000000000000000056e-01
9.980495889580488500e-01,-6.190779523908778587e-02,8.027631612426547325e-03,7.716171647408501144e+01,6.202783135652264329e-02,9.979512062079858303e-01,-1.568241579709049247e-02,5.372525858518057973e+00,-7.040320864593917378e-03,1.614976522000326556e-02,9.998447974388137149e-01,3.919697333527084049e-01,0.000000000000000000e+00,0.000000000000000000e+00,0.000000000000000000e+00,1.000000000000000056e-01
9.986032743753554541e-01,-5.159225964051701585e-02,1.139030956577086022e-02,7.770939893980688851e+01,5.179302851430818422e-02,9.984938506892853116e-01,-1.809730181544166872e-02,5.387121318040176909e+00,-1.043947336481448017e-02,1.866196347838588315e-02,9.997713481166564664e-01,4.062162924132539654e-01,0.000000000000000000e+00,0.000000000000000000e+00,0.000000000000000000e+00,1.000000000000000056e-01
9.991111788255497839e-01,-4.102906151242360216e-02,9.667908627523362497e-03,7.820815684736015783e+01,4.116562551660004482e-02,9.990488901859622128e-01,-1.437728395853028231e-02,5.397903642822141634e+00,-9.068826916830384499e-03,1.476249063020619069e-02,9.998499013595718576e-01,4.191252168698033631e-01,0.000000000000000000e+00,0.000000000000000000e+00,0.000000000000000000e+00,1.000000000000000056e-01
9.996335700567802185e-01,-2.544971404799221959e-02,9.221587195910780493e-03,7.869903179536127880e+01,2.554601759699395153e-02,9.996187077498772666e-01,-1.048046284281371754e-02,5.415865125236670963e+00,-8.951346293738931398e-03,1.071219731618825929e-02,9.999025563664634131e-01,4.240401484099343699e-01,0.000000000000000000e+00,0.000000000000000000e+00,0.000000000000000000e+00,1.000000000000000056e-01
9.999319131044540621e-01,-6.780167864676851959e-03,9.497287980957627718e-03,7.917583246319345847e+01,6.838113881836103101e-03,9.999581226685907431e-01,-6.082195955955710734e-03,5.419101684557323217e+00,-9.455651950314121479e-03,6.146725374897349728e-03,9.999364021843389905e-01,4.323163579530059364e-01,0.000000000000000000e+00,0.000000000000000000e+00,0.000000000000000000e+00,1.000000000000000056e-01
9.998092511246819969e-01,1.618730568977243267e-02,1.092851774068226249e-02,7.966428446475528347e+01,-1.611345261304589910e-02,9.998469622177321714e-01,-6.812399640361234757e-03,5.420867274737187103e+00,-1.103711966002317822e-02,6.635004030046303888e-03,9.999170759173640066e-01,4.311777057787152811e-01,0.000000000000000000e+00,0.000000000000000000e+00,0.000000000000000000e+00,1.000000000000000056e-01
9.990676761446303233e-01,4.164405481574957185e-02,1.138205523932237472e-02,8.015712804721560758e+01,-4.153272626184412869e-02,9.990886044178592940e-01,-9.848511137877069901e-03,5.396489186784107162e+00,-1.178181362214084961e-02,9.366601351451389265e-03,9.998867214074282916e-01,4.422631156378455941e-01,0.000000000000000000e+00,0.000000000000000000e+00,0.000000000000000000e+00,1.000000000000000056e-01
9.975456424880709827e-01,6.890108098693298322e-02,1.246323360503657877e-02,8.062805411002285894e+01,-6.877792056797715770e-02,9.975813233009496184e-01,-1.005490146502320895e-02,5.366870684225376387e+00,-1.312588265247844992e-02,9.173027851173475716e-03,9.998717751615129323e-01,4.436937080518393861e-01,0.000000000000000000e+00,0.000000000000000000e+00,0.000000000000000000e+00,1.000000000000000056e-01
9.948075292027099836e-01,1.007462768247025103e-01,1.442801259909933832e-02,8.109335497068373400e+01,-1.006019869383332627e-01,9.948723775877768016e-01,-1.040156415658215379e-02,5.313511168394706274e+00,-1.540195006026128487e-02,8.896067603412263422e-03,9.998418074453261362e-01,4.399912787427958660e-01,0.000000000000000000e+00,0.000000000000000000e+00,0.000000000000000000e+00,1.000000000000000056e-01
