1.000000000000000000e+00,-1.582788760432707685e-12,7.827336691474472944e-13,1.338061821958151910e-19,1.582788760432880553e-12,1.000000000000000000e+00,-2.207222317930553996e-13,3.510833452602957716e-19,-7.827336691470979236e-13,2.207222317942943025e-13,1.000000000000000000e+00,-2.426456129750119195e-19,0.000000000000000000e+00,0.000000000000000000e+00,0.000000000000000000e+00,1.000000000000000056e-01
9.999990314927517110e-01,-6.297038101625409071e-04,-1.241163434068190234e-03,6.468619694183336266e-01,6.263854994249550869e-04,9.999962336834308241e-01,-2.672126523835464517e-03,-4.491000519343724476e-03,1.242841407707078773e-03,2.671346489084040852e-03,9.999956596171658552e-01,-3.714991563103335614e-04,0.000000000000000000e+00,0.000000000000000000e+00,0.000000000000000000e+00,1.000000000000000056e-01
9.999803639540950639e-01,-5.427622348906663979e-03,-3.132510474569869321e-03,1.307175511570123350e+00,5.418869561001307678e-03,9.999814091333377730e-01,-2.795932829125216072e-03,5.313852081483874321e-03,3.147627505994720146e-03,2.778903262399671972e-03,9.999911850300190475e-01,4.362883270964179605e-03,0.000000000000000000e+00,0.000000000000000000e+00,0.000000000000000000e+00,1.000000000000000056e-01
9.999363054241390270e-01,-9.950663208726997708e-03,-5.326292934999210700e-03,2.004906940249747027e+00,9.935362490316420811e-03,9.999464625547825891e-01,-2.891469585311248064e-03,1.418549660060365591e-02,5.354779818904700610e-03,2.838366763343568196e-03,9.999816348349642725e-01,8.817871479015396488e-03,0.000000000000000000e+00,0.000000000000000000e+00,0.000000000000000000e+00,1.000000000000000056e-01
9.998571228684317580e-01,-1.609847315468960691e-02,-5.154901681853830270e-03,2.702843746108508416e+00,1.609105176700338993e-02,9.998694383636086425e-01,-1.477930808058738324e-03,2.265723848568186594e-02,5.178021078892832904e-03,1.394771855727703702e-03,9.999856212512142628e-01,1.665133329159166828e-02,0.000000000000000000e+00,0.000000000000000000e+00,0.000000000000000000e+00,1.000000000000000056e-01
9.997518682397000811e-01,-2.135127117944549124e-02,-6.350210252509793686e-03,3.410883658610869507e+00,2.134173977649255621e-02,9.997710143031347529e-01,-1.564960892062639041e-03,3.076360113406629085e-02,6.382170049581537170e-03,1.429048040826611876e-03,9.999786126348678694e-01,3.034598043016758021e-02,0.000000000000000000e+00,0.000000000000000000e+00,0.000000000000000000e+00,1.000000000000000056e-01
9.996523556385393805e-01,-2.533103765945220881e-02,-7.314806724346736323e-03,4.129948565951579553e+00,2.532848280145261893e-02,9.996790849307400917e-01,-4.417137248760467645e-04,5.367959381187462770e-02,7.323648359639701143e-03,2.562872092766476143e-04,9.999731488852942052e-01,4.089925285164822122e-02,0.000000000000000000e+00,0.000000000000000000e+00,0.000000000000000000e+00,1.000000000000000056e-01
9.994981571225384220e-01,-3.007957612433332859e-02,-9.932422102884702272e-03,4.893414303256252929e+00,3.009413613076515268e-02,9.995461977341154602e-01,1.319683983175038225e-03,8.575927207805336683e-02,9.888219212396713240e-03,-1.617929372040014836e-03,9.999498014527302692e-01,5.569338347077147644e-02,0.000000000000000000e+00,0.000000000000000000e+00,0.000000000000000000e+00,1.000000000000000056e-01
9.993435233920873184e-01,-3.476707062768918943e-02,-1.018690601988586457e-02,5.655656506066071287e+00,3.478761941617319886e-02,9.993930209970964818e-01,1.846921127873488774e-03,1.260864285869459367e-01,1.011651074453069447e-02,-2.200086877004493301e-03,9.999464064779118866e-01,6.016988984575100813e-02,0.000000000000000000e+00,0.000000000000000000e+00,0.000000000000000000e+00,1.000000000000000056e-01
9.992105364674243040e-01,-3.889134062032296307e-02,-8.109712524877779952e-03,6.438747545668967120e+00,3.890808641238693161e-02,9.992409541129919637e-01,1.917403213674640297e-03,1.623255997206614065e-01,8.028986499451431710e-03,-2.231422889457762050e-03,9.999652774610127137e-01,7.107835042967221295e-02,0.000000000000000000e+00,0.000000000000000000e+00,0.000000000000000000e+00,1.000000000000000056e-01
9.991040410986317122e-01,-4.180703032722530438e-02,-6.579306620160564438e-03,7.236618423829626501e+00,4.181677135670305162e-02,9.991243842663782848e-01,1.349962085294906678e-03,2.025336524882576927e-01,6.517107769927101522e-03,-1.623877935368974249e-03,9.999774449090170769e-01,8.612752777275181626e-02,0.000000000000000000e+00,0.000000000000000000e+00,0.000000000000000000e+00,1.000000000000000056e-01
9.991214754183864732e-01,-4.145084435273611867e-02,-6.172913431423025267e-03,8.032327427476701587e+00,4.146317138285030013e-02,9.991382595153033286e-01,1.882496110694850417e-03,2.422115002000334583e-01,6.089562928731597456e-03,-2.136790859125404455e-03,9.999791754572499025e-01,1.003822880513838695e-01,0.000000000000000000e+00,0.000000000000000000e+00,0.000000000000000000e+00,1.000000000000000056e-01
9.990405678739585627e-01,-4.332990812463086150e-02,-6.361037964789702931e-03,8.867529880149303878e+00,4.333015395808045844e-02,9.990608029104309784e-01,-9.922668056040566658e-05,2.887143691258665101e-01,6.359363179398728333e-03,-1.764932750522169567e-04,9.999797634702796145e-01,1.153806436084209436e-01,0.000000000000000000e+00,0.000000000000000000e+00,0.000000000000000000e+00,1.000000000000000056e-01
9.989016177305398703e-01,-4.644520609187764715e-02,-6.196848101531228330e-03,9.642560112707320386e+00,4.644365181990836589e-02,9.989208334628533192e-01,-3.945624278586146345e-04,3.524413684952595327e-01,6.208486203702280777e-03,1.063247918752830183e-04,9.999807215112184178e-01,1.317982219440104741e-01,0.000000000000000000e+00,0.000000000000000000e+00,0.000000000000000000e+00,1.000000000000000056e-01
9.988334882153224736e-01,-4.803194391437159982e-02,-4.959353124936765472e-03,1.042539462574583631e+01,4.803281057688198186e-02,9.988457568627432392e-01,5.572592767119104369e-05,3.588470391212799648e-01,4.950952200994595750e-03,-2.938725919538058865e-04,9.999877007799661266e-01,1.384927530633796033e-01,0.000000000000000000e+00,0.000000000000000000e+00,0.000000000000000000e+00,1.000000000000000056e-01
9.987795544892400512e-01,-4.900571733337245883e-02,-6.151520374415749004e-03,1.122785141773462847e+01,4.899753024456336703e-02,9.987978109863294707e-01,-1.474719922395104727e-03,4.107957136798365272e-01,6.216394791867044245e-03,1.171510801490705791e-03,9.999799917989528053e-01,1.643639030789087463e-01,0.000000000000000000e+00,0.000000000000000000e+00,0.000000000000000000e+00,1.000000000000000056e-01
9.986541709759688690e-01,-5.137286988217448780e-02,-7.118639783654860144e-03,1.209555381774081262e+01,5.136785297948735785e-02,9.986794074214189187e-01,-8.859304043936963146e-04,4.616572638049872279e-01,7.154751748176551955e-03,5.190688517214790687e-04,9.999742697164508698e-01,1.757106855296396430e-01,0.000000000000000000e+00,0.000000000000000000e+00,0.000000000000000000e+00,1.000000000000000056e-01
9.985038422384798773e-01,-5.417961002874196325e-02,-7.392353625633591753e-03,1.299373261440072191e+01,5.418160887213050586e-02,9.985310953222104047e-01,7.024709330470145572e-05,5.326970221395782579e-01,7.377689002692123209e-03,-4.706716053593844535e-04,9.999726737132467180e-01,1.965371493409221182e-01,0.000000000000000000e+00,0.000000000000000000e+00,0.000000000000000000e+00,1.000000000000000056e-01
9.986595967441301847e-01,-5.093573392291007168e-02,-9.195696851561041898e-03,1.388363681476729283e+01,5.096838793036875120e-02,9.986946413311358350e-01,3.352134879954258434e-03,5.833708401464686721e-01,9.012949718640554317e-03,-3.816331511867486828e-03,9.999521000283767558e-01,2.088504349028589002e-01,0.000000000000000000e+00,0.000000000000000000e+00,0.000000000000000000e+00,1.000000000000000056e-01
9.978921893453938097e-01,-6.416998149654412620e-02,-9.663949409532327992e-03,1.481592878559375848e+01,6.423198340595964728e-02,9.979154352286033758e-01,6.247914871661484557e-03,7.114874306966473272e-01,9.242875699334159381e-03,-6.855480088235037933e-03,9.999337836284792891e-01,2.281378203112207070e-01,0.000000000000000000e+00,0.000000000000000000e+00,0.000000000000000000e+00,1.000000000000000056e-01
9.976596150150437436e-01,-6.768384280749220605e-02,-9.705152798662564778e-03,1.577732337796361506e+01,6.772225100333131853e-02,9.976974090088169822e-01,3.684667710289277025e-03,7.740952947356052327e-01,9.433413331159247461e-03,-4.333298963162272345e-03,9.999461151647219825e-01,2.344271483342348639e-01,0.000000000000000000e+00,0.000000000000000000e+00,0.000000000000000000e+00,1.000000000000000056e-01
9.975620613460381980e-01,-6.942127968920068504e-02,-7.114751531629581391e-03,1.670257452636394291e+01,6.944460193655581370e-02,9.975810398240407828e-01,3.084841237214903595e-03,8.583429995981519678e-01,6.883387604687249417e-03,-3.571401671512879246e-03,9.999699315805372635e-01,2.526189539158699149e-01,0.000000000000000000e+00,0.000000000000000000e+00,0.000000000000000000e+00,1.000000000000000056e-01
9.973693375338277267e-01,-7.217553629653665481e-02,-6.715393334785643709e-03,1.758206658097628150e+01,7.220425154838967796e-02,9.973812896054878863e-01,4.136327263508152337e-03,9.376449118554380791e-01,6.399266025914916722e-03,-4.610325932219478014e-03,9.999688966608553109e-01,2.722261922821267444e-01,0.000000000000000000e+00,0.000000000000000000e+00,0.000000000000000000e+00,1.000000000000000056e-01
9.972929270559838244e-01,-7.321756700386178318e-02,-6.782737363560655160e-03,1.849137087593109996e+01,7.325435297197163687e-02,9.972989756502290692e-01,5.343494892070243911e-03,1.007293246479282312e+00,6.373179329488631341e-03,-5.825894698567884826e-03,9.999627200732011945e-01,2.859680923152351784e-01,0.000000000000000000e+00,0.000000000000000000e+00,0.000000000000000000e+00,1.000000000000000056e-01
9.973345488452912688e-01,-7.259001440351604828e-02,-7.381564092841402282e-03,1.940822368816055388e+01,7.262294062721887100e-02,9.973502218538229380e-01,4.294585286812451462e-03,1.078418711796491625e+00,7.050260577796741042e-03,-4.819209170351153836e-03,9.999635338594891065e-01,3.067940619499988641e-01,0.000000000000000000e+00,0.000000000000000000e+00,0.000000000000000000e+00,1.000000000000000056e-01
9.972780738841755532e-01,-7.349538057695788329e-02,-5.905284389166081532e-03,2.033540585860092875e+01,7.349403695969310146e-02,9.972955574690617331e-01,-4.445040390815605501e-04,1.131040732885491895e+00,5.921982880427029139e-03,9.290942774124353546e-06,9.999824648624806578e-01,3.255457327202068152e-01,0.000000000000000000e+00,0.000000000000000000e+00,0.000000000000000000e+00,1.000000000000000056e-01
9.974154497243751250e-01,-7.181696059728594206e-02,-2.178261162100638380e-03,2.125116746788296496e+01,7.181631269722503486e-02,9.974178046937385300e-01,-3.743133682873643424e-04,1.211820609761721235e+00,2.199518514773381173e-03,2.169112518145468863e-04,9.999975575309231202e-01,3.307872364518315567e-01,0.000000000000000000e+00,0.000000000000000000e+00,0.000000000000000000e+00,1.000000000000000056e-01
9.973983971371044310e-01,-7.208603522358748850e-02,-2.022722884938844118e-04,2.221317192037812305e+01,7.208568180718087637e-02,9.973974522637313322e-01,-1.405950287780695319e-03,1.293209486963753818e+00,3.030952471749269266e-04,1.387711627660135694e-03,9.999989911943459875e-01,3.488459605467656988e-01,0.000000000000000000e+00,0.000000000000000000e+00,0.000000000000000000e+00,1.000000000000000056e-01
9.975445340932574956e-01,-7.002613926524312027e-02,1.114594217898383149e-03,2.318525772010777075e+01,7.002853459158686622e-02,9.975423859021866901e-01,-2.278743409815692407e-03,1.359480166125544454e+00,-9.522833720696261429e-04,2.351201432806355671e-03,9.999967824989246523e-01,3.630203364459537729e-01,0.000000000000000000e+00,0.000000000000000000e+00,0.000000000000000000e+00,1.000000000000000056e-01
9.978438685777017980e-01,-6.559202346814541063e-02,2.302259594495648098e-03,2.411531053280353376e+01,6.560063551860906284e-02,9.978383798274008676e-01,-3.889005397558906434e-03,1.423222272206494443e+00,-2.042195250409198706e-03,4.031649883347472423e-03,9.999897875667417280e-01,3.692284721588892649e-01,0.000000000000000000e+00,0.000000000000000000e+00,0.000000000000000000e+00,1.000000000000000056e-01
9.979647674218310449e-01,-6.376653694193584743e-02,-3.895524654497377120e-04,2.507207744480640343e+01,6.376374602256237867e-02,9.979521060336552507e-01,-5.077278420801255993e-03,1.492275247862398402e+00,7.125151652906854807e-04,5.042105653881407204e-03,9.999870346623072059e-01,3.805710964229195858e-01,0.000000000000000000e+00,0.000000000000000000e+00,0.000000000000000000e+00,1.000000000000000056e-01
9.980427782480262300e-01,-6.229895851983660582e-02,-5.427020757721571532e-03,2.602741037683223269e+01,6.227944116175801459e-02,9.980519146343095338e-01,-3.694171540135688346e-03,1.564905363345856504e+00,5.646591497548230330e-03,3.348949407277652945e-03,9.999784500389632402e-01,3.892730507208863044e-01,0.000000000000000000e+00,0.000000000000000000e+00,0.000000000000000000e+00,1.000000000000000056e-01
9.981059280619172247e-01,-6.088763645093810128e-02,-8.789317099602176817e-03,2.698242307410828644e+01,6.084683931305680249e-02,9.981353943714427190e-01,-4.837008225718112016e-03,1.630822551643179574e+00,9.067442487824805067e-03,4.293044418942507622e-03,9.999496743618385697e-01,4.089266365939370762e-01,0.000000000000000000e+00,0.000000000000000000e+00,0.000000000000000000e+00,1.000000000000000056e-01
9.981588456618499805e-01,-6.020177282734254925e-02,-7.393603684815154564e-03,2.795313860372219139e+01,6.014336905880173639e-02,9.981586224416060249e-01,-7.882867735294415631e-03,1.684965123398043607e+00,7.854551881542460104e-03,7.423677924076161998e-03,9.999415958048848418e-01,4.328216618857796960e-01,0.000000000000000000e+00,0.000000000000000000e+00,0.000000000000000000e+00,1.000000000000000056e-01
9.982174660094798035e-01,-5.952866134335498688e-02,-4.269547081509558924e-03,2.896361114716513185e+01,5.947857450173043431e-02,9.981686465976138400e-01,-1.102960220180509814e-02,1.732454363599459368e+00,4.918305486158365721e-03,1.075599498680225065e-02,9.999300569754809853e-01,4.495211565686105804e-01,0.000000000000000000e+00,0.000000000000000000e+00,0.000000000000000000e+00,1.000000000000000056e-01
9.982301247608958983e-01,-5.945697614950039289e-02,-1.219018869434140449e-03,2.992152319671160043e+01,5.942950725865733808e-02,9.981010630931551608e-01,-1.619881228073815141e-02,1.780065935932327648e+00,2.179836424938914018e-03,1.609769671323009813e-02,9.998680475311176874e-01,4.575251724210032678e-01,0.000000000000000000e+00,0.000000000000000000e+00,0.000000000000000000e+00,1.000000000000000056e-01
9.982665033777884389e-01,-5.881927501142496240e-02,-2.069087000148369868e-03,3.085096596318323492e+01,5.875772170345223977e-02,9.980165816455717209e-01,-2.259276213099113695e-02,1.825456923840309553e+00,3.393873024065841709e-03,2.243202281601568843e-02,9.997426098642981929e-01,4.783487155456080941e-01,0.000000000000000000e+00,0.000000000000000000e+00,0.000000000000000000e+00,1.000000000000000056e-01
9.982823114445166235e-01,-5.836879422700920472e-02,-5.050793747339639428e-03,3.180006089526805368e+01,5.822294557857952968e-02,9.979816420037896929e-01,-2.535213662738453055e-02,1.863913073428812517e+00,6.520373083411317230e-03,2.501451746296263351e-02,9.996658234885037464e-01,4.923061214341307723e-01,0.000000000000000000e+00,0.000000000000000000e+00,0.000000000000000000e+00,1.000000000000000056e-01
9.982868849452511961e-01,-5.793703754982551524e-02,-8.160577568836693482e-03,3.278827348358755955e+01,5.770566283361738824e-02,9.979899008780788172e-01,-2.619569091082258813e-02,1.936469127159468506e+00,9.661874726975156272e-03,2.567990314063884130e-02,9.996235245088260779e-01,5.071276256703173280e-01,0.000000000000000000e+00,0.000000000000000000e+00,0.000000000000000000e+00,1.000000000000000056e-01
9.982134970934275486e-01,-5.896896270412395336e-02,-9.616426472934657549e-03,3.376157405691424174e+01,5.869443050760567160e-02,9.979190879234187683e-01,-2.669190486795475215e-02,2.000576873376259890e+00,1.117040947761402045e-02,2.607978902697902918e-02,9.995974522558621622e-01,5.234636708940859640e-01,0.000000000000000000e+00,0.000000000000000000e+00,0.000000000000000000e+00,1.000000000000000056e-01
9.982075336678737365e-01,-5.921878272897822260e-02,-8.651907350333404995e-03,3.472999867779834204e+01,5.895610877847611009e-02,9.978682724337558652e-01,-2.798371147242910764e-02,2.071359009872749013e+00,1.029062517057030210e-02,2.742346882087929108e-02,9.995709361478198884e-01,5.504337063594813007e-01,0.000000000000000000e+00,0.000000000000000000e+00,0.000000000000000000e+00,1.000000000000000056e-01
9.981752920702182674e-01,-5.973462679642115025e-02,-8.823868880865847614e-03,3.571423536167367985e+01,5.949043811840322438e-02,9.978969821385081929e-01,-2.573909111329135413e-02,2.136420231847372619e+00,1.034282712873346374e-02,2.516718896400950423e-02,9.996297507210532007e-01,5.614509442461496080e-01,0.000000000000000000e+00,0.000000000000000000e+00,0.000000000000000000e+00,1.000000000000000056e-01
9.982718769181067042e-01,-5.817172817051769612e-02,-8.325250510091149192e-03,3.670131953144387182e+01,5.795337619598123907e-02,9.980204417911524573e-01,-2.442547756912574058e-02,2.205099060171991976e+00,9.729642433689445619e-03,2.390079096281517296e-02,9.996669876761282714e-01,5.866801406740748126e-01,0.000000000000000000e+00,0.000000000000000000e+00,0.000000000000000000e+00,1.000000000000000056e-01
9.982197996195945056e-01,-5.927364384768248756e-02,-6.623201071582023730e-03,3.771244445936164880e+01,5.909495174811300183e-02,9.979510242061292447e-01,-2.452631166371943908e-02,2.269663882402952471e+00,8.063394155360980795e-03,2.409125216662255306e-02,9.996772445363251158e-01,6.048427624423576843e-01,0.000000000000000000e+00,0.000000000000000000e+00,0.000000000000000000e+00,1.000000000000000056e-01
9.983530066420742699e-01,-5.719297457827612896e-02,-4.498642864132813661e-03,3.870642177822270469e+01,5.706740567435167333e-02,9.980740620651987749e-01,-2.432031747886571546e-02,2.331181177850540909e+00,5.880930056490028292e-03,2.402353620020388283e-02,9.996940953962407672e-01,6.365383594131308609e-01,0.000000000000000000e+00,0.000000000000000000e+00,0.000000000000000000e+00,1.000000000000000056e-01
9.983813852516169041e-01,-5.679178872424971852e-02,-3.049969928175393780e-03,3.972087008567596200e+01,5.671971150874158957e-02,9.981894129389433656e-01,-2.001924631380106248e-02,2.394782666574916341e+00,4.181376499158932607e-03,1.981384945202958534e-02,9.997949427059853456e-01,6.550523740627304248e-01,0.000000000000000000e+00,0.000000000000000000e+00,0.000000000000000000e+00,1.000000000000000056e-01
9.982816544917054724e-01,-5.853844329187350010e-02,-2.643664552698269526e-03,4.073004019252586971e+01,5.846335640299948205e-02,9.980297212795113948e-01,-2.277523657037699989e-02,2.464342656257064501e+00,3.971682691119995251e-03,2.258154334196157270e-02,9.997371152642559045e-01,6.742774508825323254e-01,0.000000000000000000e+00,0.000000000000000000e+00,0.000000000000000000e+00,1.000000000000000056e-01
9.983378458156105806e-01,-5.740957036475394237e-02,-5.068218896269703622e-03,4.174548154866725724e+01,5.728654350798702277e-02,9.981203814179168132e-01,-2.177053355018532255e-02,2.527717589444142821e+00,6.308529555581809944e-03,2.144400682443933781e-02,9.997501472998939764e-01,7.099728345441214117e-01,0.000000000000000000e+00,0.000000000000000000e+00,0.000000000000000000e+00,1.000000000000000056e-01
9.983907988904369146e-01,-5.628108619417901415e-02,-6.946367951570545617e-03,4.277729529618463999e+01,5.614983278378930798e-02,9.982631276724843739e-01,-1.783042926857452554e-02,2.603628248530422074e+00,7.937818923842576355e-03,1.741169912307619083e-02,9.998168951184910336e-01,7.362306332911081608e-01,0.000000000000000000e+00,0.000000000000000000e+00,0.000000000000000000e+00,1.000000000000000056e-01
9.984111768160696121e-01,-5.586861683721387056e-02,-7.336188482278075546e-03,4.383680022000308441e+01,5.571689046829631647e-02,9.982567024577186920e-01,-1.947265043042672658e-02,2.670419384911989713e+00,8.411309368629726196e-03,1.903296222184842554e-02,9.997834746702742859e-01,7.619307402446671151e-01,0.000000000000000000e+00,0.000000000000000000e+00,0.000000000000000000e+00,1.000000000000000056e-01
9.983886616382418033e-01,-5.631432116824316297e-02,-6.984092178681129692e-03,4.484252366260099620e+01,5.614701739503543537e-02,9.981756910760526402e-01,-2.219914823785613250e-02,2.729981622874542158e+00,8.221481000521960181e-03,2.177124195365717774e-02,9.997291734634702332e-01,7.950070140643010763e-01,0.000000000000000000e+00,0.000000000000000000e+00,0.000000000000000000e+00,1.000000000000000056e-01
9.985036534453837209e-01,-5.439492554736927166e-02,-5.625489393567441668e-03,4.582439106084057556e+01,5.425430989404557425e-02,9.982692652622775498e-01,-2.269237516509242658e-02,2.790509269193864217e+00,6.850103221255478964e-03,2.235321246283380331e-02,9.997266676339335856e-01,8.157452684784511909e-01,0.000000000000000000e+00,0.000000000000000000e+00,0.000000000000000000e+00,1.000000000000000056e-01
9.983265718026120839e-01,-5.726453462816287476e-02,-8.051652418221449947e-03,4.673784907082962548e+01,5.709248586096236922e-02,9.981648761555598215e-01,-2.018237021689392105e-02,2.846870999094555987e+00,9.192610677045350703e-03,1.968890761763815792e-02,9.997638935397519244e-01,8.402381245272835253e-01,0.000000000000000000e+00,0.000000000000000000e+00,0.000000000000000000e+00,1.000000000000000056e-01
9.984165774928260850e-01,-5.480552541954449020e-02,-1.267644157480031508e-02,4.769211979208941443e+01,5.456332217007103802e-02,9.983347673455795768e-01,-1.872261153825928795e-02,2.904493636852339744e+00,1.368143491292843003e-02,1.800129696814061972e-02,9.997443531454369703e-01,8.561614535573063289e-01,0.000000000000000000e+00,0.000000000000000000e+00,0.000000000000000000e+00,1.000000000000000056e-01
9.985155356738981691e-01,-5.314527083053284529e-02,-1.192917458240294777e-02,4.865430693254903360e+01,5.289481797632007709e-02,9.983914690382589274e-01,-2.041109460267401254e-02,2.964127364413174259e+00,1.299473928634587404e-02,1.974980354273570687e-02,9.997205019458704767e-01,8.824289851874457247e-01,0.000000000000000000e+00,0.000000000000000000e+00,0.000000000000000000e+00,1.000000000000000056e-01
9.987185436044496711e-01,-4.846931504027555265e-02,-1.456008791640520800e-02,4.961873641022479120e+01,4.817315846452888822e-02,9.986378334402461476e-01,-2.004555874309026792e-02,3.030283905253689625e+00,1.551184915341559736e-02,1.931846581118209366e-02,9.996930425958479027e-01,9.031231457412717267e-01,0.000000000000000000e+00,0.000000000000000000e+00,0.000000000000000000e+00,1.000000000000000056e-01
9.988052545307750663e-01,-4.750433675014108237e-02,-1.146304984037344217e-02,5.062750117856077026e+01,4.722724276817560907e-02,9.986114354334789667e-01,-2.334070611619149666e-02,3.092042404937241695e+00,1.255591741887047454e-02,2.277145167563564970e-02,9.996618477897186716e-01,9.413949699285744099e-01,0.000000000000000000e+00,0.000000000000000000e+00,0.000000000000000000e+00,1.000000000000000056e-01
9.989161024682919887e-01,-4.542161996719763783e-02,-1.017333126917373612e-02,5.157914643915799502e+01,4.518017662544308866e-02,9.987181043514280487e-01,-2.282322678290377160e-02,3.143253964557901625e+00,1.119695805344652489e-02,2.233885584011775782e-02,9.996877530759811226e-01,9.661897542475037515e-01,0.000000000000000000e+00,0.000000000000000000e+00,0.000000000000000000e+00,1.000000000000000056e-01
9.989558935866136302e-01,-4.452739536761015499e-02,-1.021928228138916511e-02,5.253756360950887228e+01,4.423905531675300512e-02,9.986589626704784894e-01,-2.689204831553397221e-02,3.181885088902688175e+00,1.140301070995956151e-02,2.641187876127474091e-02,9.995861063495471432e-01,9.921046030942380911e-01,0.000000000000000000e+00,0.000000000000000000e+00,0.000000000000000000e+00,1.000000000000000056e-01
9.989141822311004004e-01,-4.511332460773650327e-02,-1.162946604143511899e-02,5.352174861510764714e+01,4.474905381566755130e-02,9.985512671931612294e-01,-2.988124779078635967e-02,3.236998676819045961e+00,1.296066048372482814e-02,2.932839459924257292e-02,9.994858010747610377e-01,1.033650318876570218e+00,0.000000000000000000e+00,0.000000000000000000e+00,0.000000000000000000e+00,1.000000000000000056e-01
9.989256035931886046e-01,-4.477691003068979408e-02,-1.194432141594650894e-02,5.448301301928648854e+01,4.441541497348532735e-02,9.985926046027401304e-01,-2.898414990039634154e-02,3.276625538190582887e+00,1.322533170536838686e-02,2.842249744162291675e-02,9.995085053367299688e-01,1.052504222232712561e+00,0.000000000000000000e+00,0.000000000000000000e+00,0.000000000000000000e+00,1.000000000000000056e-01
9.988972830560818306e-01,-4.636602528606873636e-02,-7.376286487770064050e-03,5.542511313535054995e+01,4.611136460806868759e-02,9.984366604271958101e-01,-3.159077664398639296e-02,3.319931106725489300e+00,8.829493595885013965e-03,3.121581032361839605e-02,9.994736681017064583e-01,1.085376132248154768e+00,0.000000000000000000e+00,0.000000000000000000e+00,0.000000000000000000e+00,1.000000000000000056e-01
9.987722674469753370e-01,-4.950378170508088621e-02,-1.825753467253849816e-03,5.636662216138142156e+01,4.942131447250940751e-02,9.982760973377352576e-01,-3.166018256343352405e-02,3.366092961784844739e+00,3.389904812354233368e-03,3.153108119041126561e-02,9.994970232393525222e-01,1.122300205043087473e+00,0.000000000000000000e+00,0.000000000000000000e+00,0.000000000000000000e+00,1.000000000000000056e-01
9.987779297243161158e-01,-4.939462262164275724e-02,-1.678794708898791177e-03,5.732364438597981859e+01,4.932624915634720858e-02,9.983705364656413339e-01,-2.869134122820968594e-02,3.427752698473086834e+00,3.093257146615163884e-03,2.857346974683168742e-02,9.995869089713269595e-01,1.134357060252788374e+00,0.000000000000000000e+00,0.000000000000000000e+00,0.000000000000000000e+00,1.000000000000000056e-01
9.987077447429684174e-01,-5.059737141081315642e-02,-4.769339234115533427e-03,5.822728040721944609e+01,5.044225667405375507e-02,9.983230886590490627e-01,-2.840051745805557276e-02,3.481327156188533056e+00,6.198333005149523484e-03,2.812324050625509414e-02,9.995852459952501157e-01,1.152301742051119016e+00,0.000000000000000000e+00,0.000000000000000000e+00,0.000000000000000000e+00,1.000000000000000056e-01
9.985017049083250162e-01,-5.368650792946267486e-02,-1.058792526928037901e-02,5.914439081273771137e+01,5.336766647552267789e-02,9.981712002929205019e-01,-2.839272936418512847e-02,3.539187077918925173e+00,1.209286856479875084e-02,2.778513581270080149e-02,9.995407689322853839e-01,1.173353513457362718e+00,0.000000000000000000e+00,0.000000000000000000e+00,0.000000000000000000e+00,1.000000000000000056e-01
9.984247176608961327e-01,-5.376537909532996817e-02,-1.604266731236990082e-02,6.008773425050001293e+01,5.332647748820409928e-02,9.982218408646500452e-01,-2.663537533975158730e-02,3.598385524716649631e+00,1.744620194942117855e-02,2.573791816609962910e-02,9.995164779062000182e-01,1.206936497215292947e+00,0.000000000000000000e+00,0.000000000000000000e+00,0.000000000000000000e+00,1.000000000000000056e-01
9.983999691710762070e-01,-5.426072261123953550e-02,-1.591463291754187034e-02,6.100057792583900351e+01,5.387784906502612187e-02,9.982692309414034071e-01,-2.357371281290442100e-02,3.666824421217581342e+00,1.716621505516729637e-02,2.267854795539496482e-02,9.995954204193387982e-01,1.223814973508134951e+00,0.000000000000000000e+00,0.000000000000000000e+00,0.000000000000000000e+00,1.000000000000000056e-01
9.983809838453079344e-01,-5.531101464961401398e-02,-1.327037130246028380e-02,6.191985195465564118e+01,5.502032957681186193e-02,9.982569044619390430e-01,-2.135219022316266896e-02,3.726341861415040757e+00,1.442825108368924782e-02,2.058748047958527949e-02,9.996839406623319046e-01,1.259112200855594166e+00,0.000000000000000000e+00,0.000000000000000000e+00,0.000000000000000000e+00,1.000000000000000056e-01
9.982364063115531927e-01,-5.806869630231766694e-02,-1.233302979583187318e-02,6.280439577344648683e+01,5.780191281601495396e-02,9.981074647411941614e-01,-2.098636945056621059e-02,3.789256812484749659e+00,1.352834021620852485e-02,2.023648530884379279e-02,9.997036904369911436e-01,1.295444730744729656e+00,0.000000000000000000e+00,0.000000000000000000e+00,0.000000000000000000e+00,1.000000000000000056e-01
9.983039483108632206e-01,-5.638809456301607792e-02,-1.447789965753389259e-02,6.363177177628858772e+01,5.608413459396273393e-02,9.982133771774983622e-01,-2.060639392857640737e-02,3.851621677421195322e+00,1.561398840103118101e-02,1.975946394631581185e-02,9.996828331779868959e-01,1.325060538439565061e+00,0.000000000000000000e+00,0.000000000000000000e+00,0.000000000000000000e+00,1.000000000000000056e-01
9.982752223871723674e-01,-5.730355081608132922e-02,-1.276257935177758061e-02,6.445249865504150932e+01,5.706540763447218861e-02,9.982026803132940662e-01,-1.830159192166251614e-02,3.899168599492969012e+00,1.378838711935365634e-02,1.754172395246043903e-02,9.997510531634475894e-01,1.351289276856544319e+00,0.000000000000000000e+00,0.000000000000000000e+00,0.000000000000000000e+00,1.000000000000000056e-01
9.981516620764859793e-01,-5.911057863669497148e-02,-1.411378713115722834e-02,6.526263287065069107e+01,5.884559729324466415e-02,9.980955667494997297e-01,-1.850500781400111691e-02,3.950107491974297780e+00,1.518075008521633899e-02,1.764027007248092013e-02,9.997291461684110203e-01,1.381345537819329339e+00,0.000000000000000000e+00,0.000000000000000000e+00,0.000000000000000000e+00,1.000000000000000056e-01
9.981173465893181662e-01,-6.001810361446813930e-02,-1.263288074913821411e-02,6.606874842946987769e+01,5.977896353000346913e-02,9.980397188028816702e-01,-1.852552863330742330e-02,3.992728111326367735e+00,1.371998384756688109e-02,1.773547096605962783e-02,9.997485759493907054e-01,1.414059265862829484e+00,0.000000000000000000e+00,0.000000000000000000e+00,0.000000000000000000e+00,1.000000000000000056e-01
9.980141856673482303e-01,-6.162160245754032956e-02,-1.305616012863379007e-02,6.681956024805469951e+01,6.138331014124929347e-02,9.979532524073407851e-01,-1.792749970613753685e-02,4.046448714893768006e+00,1.413415872427041357e-02,1.709046869384273776e-02,9.997540404704459149e-01,1.437455834037142166e+00,0.000000000000000000e+00,0.000000000000000000e+00,0.000000000000000000e+00,1.000000000000000056e-01
9.979314571783504118e-01,-6.326414961613659182e-02,-1.142165256175025310e-02,6.760795366070132673e+01,6.306015076342773307e-02,9.978577629426286233e-01,-1.741557695933310113e-02,4.101344684344511826e+00,1.249896634078264367e-02,1.665930096011752209e-02,9.997830982427799995e-01,1.457237650056650402e+00,0.000000000000000000e+00,0.000000000000000000e+00,0.000000000000000000e+00,1.000000000000000056e-01
9.978150471556193057e-01,-6.559373738980217583e-02,-7.911591816247452377e-03,6.835961740982283175e+01,6.546646840516351373e-02,9.977359923276287734e-01,-1.539581529369704778e-02,4.160903449077559380e+00,8.903548976951463148e-03,1.484423218760661141e-02,9.998501765696575783e-01,1.481550557966703874e+00,0.000000000000000000e+00,0.000000000000000000e+00,0.000000000000000000e+00,1.000000000000000056e-01
9.979235908182207959e-01,-6.401027218887954395e-02,-7.154854490049000933e-03,6.905446581442683396e+01,6.391790830089065512e-02,9.978772712197564454e-01,-1.246806245780244897e-02,4.209875677615282363e+00,7.937750746096403770e-03,1.198485032523490500e-02,9.998966723995907913e-01,1.507036465317928897e+00,0.000000000000000000e+00,0.000000000000000000e+00,0.000000000000000000e+00,1.000000000000000056e-01
9.979921215918948763e-01,-6.270985562855652118e-02,-8.899395909508941299e-03,6.971780090341717084e+01,6.261754238509745218e-02,9.979844641178591269e-01,-1.029819231905032551e-02,4.258532469501348672e+00,9.527257011286704991e-03,9.720256500484952128e-03,9.999073697035169017e-01,1.539201108971073984e+00,0.000000000000000000e+00,0.000000000000000000e+00,0.000000000000000000e+00,1.000000000000000056e-01
9.977288249893722094e-01,-6.591765811463169700e-02,-1.385835971568139674e-02,7.040517896981374690e+01,6.578809554098184742e-02,9.977873747378800395e-01,-9.606315567379633547e-03,4.318840564136773530e+00,1.446092218419472997e-02,8.672782850502255836e-03,9.998578221763385621e-01,1.562312267174985392e+00,0.000000000000000000e+00,0.000000000000000000e+00,0.000000000000000000e+00,1.000000000000000056e-01
9.977128458318772486e-01,-6.524621564390931105e-02,-1.766376534619147273e-02,7.114580522065348589e+01,6.507102194664549089e-02,9.978272871496696172e-01,-1.031829066996951816e-02,4.373676525087330624e+00,1.829861647436794789e-02,9.145291885953373001e-03,9.997907402408989785e-01,1.589852386409718932e+00,0.000000000000000000e+00,0.000000000000000000e+00,0.000000000000000000e+00,1.000000000000000056e-01
9.975807880638770664e-01,-6.724990657897027269e-02,-1.760742317813209987e-02,7.185586406587025010e+01,6.707284748959453646e-02,9.976932386700014810e-01,-1.046110136653599990e-02,4.424691634749589042e+00,1.827031514483655125e-02,9.254813735733478236e-03,9.997902500060826814e-01,1.611819921588360183e+00,0.000000000000000000e+00,0.000000000000000000e+00,0.000000000000000000e+00,1.000000000000000056e-01
9.975720784853242540e-01,-6.789957258799511619e-02,-1.547889753301493615e-02,7.253583343202107869e+01,6.776536031193114429e-02,9.976603586071250973e-01,-9.036858176192501604e-03,4.475898655388896863e+00,1.605628127133242739e-02,7.965984325245230660e-03,9.998393565595754540e-01,1.630158643242858085e+00,0.000000000000000000e+00,0.000000000000000000e+00,0.000000000000000000e+00,1.000000000000000056e-01
9.975116445469091042e-01,-6.887146859074659566e-02,-1.507447536316505743e-02,7.317175647666718419e+01,6.873388806282747232e-02,9.975901513964119394e-01,-9.462688235936758327e-03,4.523499695727995373e+00,1.568985739538665894e-02,8.403014401846329098e-03,9.998415963160738329e-01,1.649943807290940700e+00,0.000000000000000000e+00,0.000000000000000000e+00,0.000000000000000000e+00,1.000000000000000056e-01
9.974180976031991053e-01,-6.980836686475244690e-02,-1.685023706928827705e-02,7.375512374922196557e+01,6.964044911389430381e-02,9.975184101366795231e-01,-1.035515743995583417e-02,4.560252689179375096e+00,1.753129832129329477e-02,9.154963356961537055e-03,9.998044009830635570e-01,1.676326191199124294e+00,0.000000000000000000e+00,0.000000000000000000e+00,0.000000000000000000e+00,1.000000000000000056e-01
9.973895804879281402e-01,-6.929990916043361759e-02,-2.028662920424112101e-02,7.439726818115717322e+01,6.895382908900611618e-02,9.974700164908852917e-01,-1.728975580039391474e-02,4.590703588710154825e+00,2.143348287327224641e-02,1.584578152155232539e-02,9.996446953892629272e-01,1.709226288142228434e+00,0.000000000000000000e+00,0.000000000000000000e+00,0.000000000000000000e+00,1.000000000000000056e-01
9.973544655103077083e-01,-6.836313077248880321e-02,-2.470936012186539937e-02,7.502376200375583437e+01,6.787169669503261005e-02,9.974893593938102265e-01,-2.020917326026964306e-02,4.613498313092297742e+00,2.602888615338617290e-02,1.847864299968184770e-02,9.994903885673460664e-01,1.730919265875556334e+00,0.000000000000000000e+00,0.000000000000000000e+00,0.000000000000000000e+00,1.000000000000000056e-01
9.976941157350580625e-01,-6.322003437871584475e-02,-2.469167229643727535e-02,7.561204017136419964e+01,6.272497272477686736e-02,9.978236606264694331e-01,-2.033519340130124711e-02,4.653870688253688215e+00,2.592352646374832675e-02,1.873951832748948013e-02,9.994882696803084610e-01,1.760792401393736828e+00,0.000000000000000000e+00,0.000000000000000000e+00,0.000000000000000000e+00,1.000000000000000056e-01
9.980049391797370939e-01,-5.843992398634140217e-02,-2.389386233575428037e-02,7.618355247975708266e+01,5.806711714950779646e-02,9.981842939571500262e-01,-1.601015937494877639e-02,4.706480240453677411e+00,2.478611060240544506e-02,1.459077042984919387e-02,9.995862934931974975e-01,1.772374778915910332e+00,0.000000000000000000e+00,0.000000000000000000e+00,0.000000000000000000e+00,1.000000000000000056e-01
9.984772405804254181e-01,-5.134163166793670463e-02,-2.018011151042440124e-02,7.672239475611020509e+01,5.097467004783794164e-02,9.985323283424534235e-01,-1.829678300993788434e-02,4.725799064645368475e+00,2.108988042671881488e-02,1.724024688548913067e-02,9.996289265677109626e-01,1.799931819858205495e+00,0.000000000000000000e+00,0.000000000000000000e+00,0.000000000000000000e+00,1.000000000000000056e-01
9.988848526297388064e-01,-4.397081592173120168e-02,-1.719356083079516540e-02,7.728885597624656612e+01,4.357573603504541482e-02,9.987918638095630852e-01,-2.271492938186930183e-02,4.732738826110225894e+00,1.817158264623830455e-02,2.194037681983821569e-02,9.995941243570484191e-01,1.820128519597758565e+00,0.000000000000000000e+00,0.000000000000000000e+00,0.000000000000000000e+00,1.000000000000000056e-01
9.992558650868023085e-01,-3.572733596361254982e-02,-1.453525213298565572e-02,7.784351385299140702e+01,3.535384139560283911e-02,9.990573718178251683e-01,-2.518876168123986015e-02,4.737904400151224493e+00,1.542147814578311363e-02,2.465614084569796305e-02,9.995770369163130553e-01,1.852924694873507638e+00,0.000000000000000000e+00,0.000000000000000000e+00,0.000000000000000000e+00,1.000000000000000056e-01
9.996055426245553654e-01,-2.389018822897954336e-02,-1.476543465841943098e-02,7.833022752527540433e+01,2.357338028091689186e-02,9.994958132664458761e-01,-2.127004948224622133e-02,4.752310437152684308e+00,1.526613560792006857e-02,2.091358814813592398e-02,9.996647272632813719e-01,1.877661185255380838e+00,0.000000000000000000e+00,0.000000000000000000e+00,0.000000000000000000e+00,1.000000000000000056e-01
9.998487379087520610e-01,-9.569011051740398954e-03,-1.452361283452630741e-02,7.883434662405258564e+01,9.284640712153797992e-03,9.997663046807440113e-01,-1.952258875907683655e-02,4.762378800005948598e+00,1.470703060178238028e-02,1.938478920446356363e-02,9.997039227683248708e-01,1.885395189834814023e+00,0.000000000000000000e+00,0.000000000000000000e+00,0.000000000000000000e+00,1.000000000000000056e-01
9.998650482908180148e-01,9.309206984678554397e-03,-1.353602126610575773e-02,7.932733227461631031e+01,-9.478126917739755630e-03,9.998773351100147533e-01,-1.246915568218470369e-02,4.753874527698220831e+00,1.341828292037667431e-02,1.259576907583471322e-02,9.998306337999736115e-01,1.900172908931347493e+00,0.000000000000000000e+00,0.000000000000000000e+00,0.000000000000000000e+00,1.000000000000000056e-01
9.994179597464146747e-01,3.147728285352952016e-02,-1.314999621569361461e-02,7.981793812611209660e+01,-3.166613429522316392e-02,9.993946380211673475e-01,-1.440879708153487704e-02,4.724627573634912814e+00,1.268848592664825574e-02,1.481682012777551030e-02,9.998097139787102128e-01,1.919635385357482793e+00,0.000000000000000000e+00,0.000000000000000000e+00,0.000000000000000000e+00,1.000000000000000056e-01
9.983435820241723935e-01,5.608463184731286855e-02,-1.282989874067069075e-02,8.030469865002555707e+01,-5.630349251159365298e-02,9.982623186785157809e-01,-1.738562157618701517e-02,4.705256924066105739e+00,1.183253827973534608e-02,1.807919182775713854e-02,9.997665396784960468e-01,1.938457383029244419e+00,0.000000000000000000e+00,0.000000000000000000e+00,0.000000000000000000e+00,1.000000000000000056e-01
9.963617639473121290e-01,8.450299228731908419e-02,-1.106705192406340355e-02,8.077380177517980542e+01,-8.469573207087141564e-02,9.962389863792266986e-01,-1.828975087501762478e-02,4.656030519005158297e+00,9.479889913906594523e-03,1.916054050856435056e-02,9.997714765758421995e-01,1.955095718774199298e+00,0.000000000000000000e+00,0.000000000000000000e+00,0.000000000000000000e+00,1.000000000000000056e-01
9.930473786834272953e-01,1.173407268247952523e-01,-9.383896749350671002e-03,8.123919943577080005e+01,-1.175019879609789236e-01,9.928903065081831070e-01,-1.902950517759766091e-02,4.592592764091448565e+00,7.084244151048416788e-03,1.999982675712533992e-02,9.997748848688354784e-01,1.970444166187930390e+00,0.000000000000000000e+00,0.000000000000000000e+00,0.000000000000000000e+00,1.000000000000000056e-01
