1.000000000000000000e+00,-1.408065524744108057e-09,5.586658603021802021e-10,1.698773702988681695e-15,1.408065524698996935e-09,1.000000000000000000e+00,8.074829154748894777e-11,2.745806939928862989e-15,-5.586658604158790725e-10,-8.074829076085080934e-11,1.000000000000000000e+00,-1.466373381433613080e-15,0.000000000000000000e+00,0.000000000000000000e+00,0.000000000000000000e+00,1.000000000000000056e-01
9.999901134193908137e-01,-4.396735902927498101e-03,-6.646629775474468529e-04,6.429403453594404461e-01,4.395209394476994220e-03,9.999877396479081026e-01,-2.280940211001235111e-03,2.011249353340529775e-02,6.746835202634599493e-04,2.277996327338896454e-03,9.999971777634575343e-01,9.647998162015591558e-03,0.000000000000000000e+00,0.000000000000000000e+00,0.000000000000000000e+00,1.000000000000000056e-01
9.999551888378852560e-01,-9.437857702761667453e-03,-7.397014070338107884e-04,1.290500416850623333e+00,9.436505631980405054e-03,9.999538361255662089e-01,-1.810519047663408394e-03,3.868203864155315974e-02,7.567546806909248485e-04,1.803457719707393572e-03,9.999980874294742694e-01,1.391883229865548133e-02,0.000000000000000000e+00,0.000000000000000000e+00,0.000000000000000000e+00,1.000000000000000056e-01
9.998595342602186742e-01,-1.663521550647114808e-02,-2.044835932746683332e-03,1.997493023974848958e+00,1.663115705798416319e-02,9.998597204369605862e-01,-1.985966423616466591e-03,5.098871238143110052e-02,2.077586063501026242e-03,1.951679475818272804e-03,9.999959372834333893e-01,1.616757603313399849e-02,0.000000000000000000e+00,0.000000000000000000e+00,0.000000000000000000e+00,1.000000000000000056e-01
9.997192617295349581e-01,-2.362677083983619197e-02,-1.781411416696556706e-03,2.700737099807917652e+00,2.362678145380518735e-02,9.997208485224536867e-01,-1.508904858175678563e-05,6.152277856144828388e-02,1.781270638560500212e-03,-2.700420571324804557e-05,9.999984131715835556e-01,1.591914699628029992e-02,0.000000000000000000e+00,0.000000000000000000e+00,0.000000000000000000e+00,1.000000000000000056e-01
9.995722689143402562e-01,-2.921218128881671039e-02,-1.388409805229466609e-03,3.410154639582962055e+00,2.921366802507573829e-02,9.995726246212524035e-01,1.062877369025902116e-03,8.416452174790799157e-02,1.356767466671334431e-03,-1.102983286467659144e-03,9.999984713037871620e-01,2.783461156533373337e-02,0.000000000000000000e+00,0.000000000000000000e+00,0.000000000000000000e+00,1.000000000000000056e-01
9.994012480003413579e-01,-3.454959884380025270e-02,-1.862985532049098300e-03,4.146264533195325619e+00,3.455257448685439270e-02,9.994016176183316835e-01,1.589433292784987132e-03,1.063237903417383057e-01,1.806956471674715315e-03,-1.652852562786666455e-03,9.999970014888620584e-01,4.093055046734516561e-02,0.000000000000000000e+00,0.000000000000000000e+00,0.000000000000000000e+00,1.000000000000000056e-01
9.990997242709312998e-01,-4.240089395691139240e-02,-1.380272945373535193e-03,4.913397587932786692e+00,4.240383967972768953e-02,9.990981746943851105e-01,2.179840077600500407e-03,1.482311400010135338e-01,1.286601012329377600e-03,-2.236406493175270398e-03,9.999966715663769490e-01,4.346671332820263578e-02,0.000000000000000000e+00,0.000000000000000000e+00,0.000000000000000000e+00,1.000000000000000056e-01
9.987927946394229428e-01,-4.911807769098317650e-02,6.064819156854801005e-04,5.681397336836456091e+00,4.911576076638760752e-02,9.987873825782482839e-01,3.377343161539891371e-03,1.905661876748558359e-01,-7.716350889461696646e-04,-3.343478194090823696e-03,9.999941128490983377e-01,3.949301904593921497e-02,0.000000000000000000e+00,0.000000000000000000e+00,0.000000000000000000e+00,1.000000000000000056e-01
9.985244671866855271e-01,-5.423088032661196878e-02,2.810702500544402793e-03,6.475243400003241057e+00,5.422016120649321425e-02,9.985219293465182888e-01,3.759086704068984562e-03,2.457401350908603455e-01,-3.010406664848403954e-03,-3.601143305606025087e-03,9.999889845486322759e-01,4.697828167112466646e-02,0.000000000000000000e+00,0.000000000000000000e+00,0.000000000000000000e+00,1.000000000000000056e-01
9.982218404967025949e-01,-5.933214718819530137e-02,5.731794257823222098e-03,7.295572262441833544e+00,5.930604496765925354e-02,9.982291494481434491e-01,4.621495681054339430e-03,2.829872992069096815e-01,-5.995847368776552160e-03,-4.273347876589788860e-03,9.999728937887546465e-01,5.851421919897246277e-02,0.000000000000000000e+00,0.000000000000000000e+00,0.000000000000000000e+00,1.000000000000000056e-01
9.980144602283634869e-01,-6.260406644798981179e-02,6.918673230038807631e-03,8.107140721673799177e+00,6.257024910269966267e-02,9.980280329107621418e-01,5.000945060774174451e-03,3.390828480174691295e-01,-7.218109331015432409e-03,-4.558112377996530358e-03,9.999635605907022384e-01,6.065977239848281688e-02,0.000000000000000000e+00,0.000000000000000000e+00,0.000000000000000000e+00,1.000000000000000056e-01
9.978116697069098207e-01,-6.574419284808441510e-02,7.040802756977080495e-03,8.936493721680466962e+00,6.571265222129929473e-02,9.978278863612889404e-01,4.621313428595174265e-03,3.843558497663493445e-01,-7.329333854542178714e-03,-4.148530645497514914e-03,9.999645346504705268e-01,6.453548761481897600e-02,0.000000000000000000e+00,0.000000000000000000e+00,0.000000000000000000e+00,1.000000000000000056e-01
9.976307146475869025e-01,-6.833797832638172087e-02,7.929559256856066884e-03,9.716596244148137274e+00,6.831763310748475981e-02,9.976596661950531963e-01,2.809173217519412950e-03,4.543869887819335651e-01,-8.102974659722813472e-03,-2.260788764548800692e-03,9.999646146918529377e-01,7.055775472122546854e-02,0.000000000000000000e+00,0.000000000000000000e+00,0.000000000000000000e+00,1.000000000000000056e-01
9.972929843994087218e-01,-7.302055545286886828e-02,8.643017359415351014e-03,1.051794163272300686e+01,7.300036154590996973e-02,9.973284472826218217e-01,2.629725271017130037e-03,5.228397317422992518e-01,-8.811951082880575825e-03,-1.991663171598320910e-03,9.999591905652569501e-01,7.103668743612021053e-02,0.000000000000000000e+00,0.000000000000000000e+00,0.000000000000000000e+00,1.000000000000000056e-01
9.970704708480770950e-01,-7.587782694119320215e-02,9.645285971720485296e-03,1.132817484180365852e+01,7.584459227278163296e-02,9.971125368453226390e-01,3.766522117355668598e-03,5.908228687917126409e-01,-9.903231077251706954e-03,-3.023945199131991817e-03,9.999463894477859105e-01,8.660762982356486062e-02,0.000000000000000000e+00,0.000000000000000000e+00,0.000000000000000000e+00,1.000000000000000056e-01
9.966838995033333592e-01,-8.087816753961017679e-02,8.940161422700517238e-03,1.218526384855167777e+01,8.083117021297243909e-02,9.967126358203204362e-01,5.499410705766969755e-03,6.557237873090471236e-01,-9.355554116709125304e-03,-4.758530397504447292e-03,9.999449134805503681e-01,9.097795724150785357e-02,0.000000000000000000e+00,0.000000000000000000e+00,0.000000000000000000e+00,1.000000000000000056e-01
9.965351849571828513e-01,-8.283467344170523938e-02,7.486121703491791825e-03,1.305894298493984174e+01,8.277557485145377314e-02,9.965370021620503227e-01,7.887175025646491616e-03,7.531486477052057316e-01,-8.113528847844971373e-03,-7.240179395557822840e-03,9.999408734780048658e-01,1.019989630847541046e-01,0.000000000000000000e+00,0.000000000000000000e+00,0.000000000000000000e+00,1.000000000000000056e-01
9.968513236272026345e-01,-7.900179917343297387e-02,6.793696346964333242e-03,1.393771999300165199e+01,7.891837742775492659e-02,9.968115057503954546e-01,1.177759346385314973e-02,8.496682580590781964e-01,-7.702485758806140552e-03,-1.120436214114580928e-02,9.999075627187472559e-01,1.040889319252614048e-01,0.000000000000000000e+00,0.000000000000000000e+00,0.000000000000000000e+00,1.000000000000000056e-01
9.948574720772774826e-01,-1.010391725427279841e-01,7.049529338187561847e-03,1.490467079623165958e+01,1.009704679403710670e-01,9.948440342897251210e-01,9.503264809876704744e-03,9.900257870786512981e-01,-7.973384219490658315e-03,-8.742599729198715502e-03,9.999299935965834107e-01,9.155704934240818660e-02,0.000000000000000000e+00,0.000000000000000000e+00,0.000000000000000000e+00,1.000000000000000056e-01
9.945400653619959064e-01,-1.039882338811088658e-01,8.746748198319182627e-03,1.586832187192197452e+01,1.039123645976671173e-01,9.945482006918049400e-01,8.723358551316425305e-03,1.094791706358936745e+00,-9.606189331805691650e-03,-7.766834295974632194e-03,9.999236957946042725e-01,8.876726132784938661e-02,0.000000000000000000e+00,0.000000000000000000e+00,0.000000000000000000e+00,1.000000000000000056e-01
9.941476682189082092e-01,-1.074505219593857863e-01,1.117135200247444324e-02,1.677799509688349389e+01,1.073460239172082942e-01,9.941756738446773101e-01,9.568734746449078510e-03,1.213126920737331416e+00,-1.213445194781297837e-02,-8.313535116742421655e-03,9.998918142528164799e-01,8.860710573297841952e-02,0.000000000000000000e+00,0.000000000000000000e+00,0.000000000000000000e+00,1.000000000000000056e-01
9.937640491067379900e-01,-1.109211960080206255e-01,1.137993757149924345e-02,1.765772834196508256e+01,1.108256002718126104e-01,9.938016613379034858e-01,8.714599613024256314e-03,1.321338503669784004e+00,-1.227603467628525860e-02,-7.399067385365838689e-03,9.998972711106143274e-01,8.961544214668248909e-02,0.000000000000000000e+00,0.000000000000000000e+00,0.000000000000000000e+00,1.000000000000000056e-01
9.933580782418058863e-01,-1.145479062773744616e-01,1.088602586879644854e-02,1.856995269223211764e+01,1.144635485058009272e-01,9.933945749063881614e-01,8.081745480803662063e-03,1.431542144122072369e+00,-1.173986606424568674e-02,-6.782014009582140041e-03,9.999080856912636595e-01,8.348766137213384231e-02,0.000000000000000000e+00,0.000000000000000000e+00,0.000000000000000000e+00,1.000000000000000056e-01
9.930547480160251128e-01,-1.171472843772864703e-01,1.089867908767296750e-02,1.949408566664341436e+01,1.170757205568887238e-01,9.930983930233376888e-01,6.989809049577543065e-03,1.548357448159412009e+00,-1.164229783651887090e-02,-5.665292357100752338e-03,9.999161771686636557e-01,8.574217582190200859e-02,0.000000000000000000e+00,0.000000000000000000e+00,0.000000000000000000e+00,1.000000000000000056e-01
9.930224323098948425e-01,-1.171494069079298123e-01,1.350797506884420136e-02,2.041535399804419271e+01,1.170632736610324881e-01,9.930997695084886612e-01,7.002696762601645121e-03,1.664465541540578464e+00,-1.423512869989044909e-02,-5.372547189836800012e-03,9.998842417238059666e-01,8.396450458545412499e-02,0.000000000000000000e+00,0.000000000000000000e+00,0.000000000000000000e+00,1.000000000000000056e-01
9.921021354354686572e-01,-1.244114212288068705e-01,1.597345085481956597e-02,2.129360648880517104e+01,1.243251508635457997e-01,9.922216028712005365e-01,6.288692905700900802e-03,1.778218731698217203e+00,-1.663158823262318384e-02,-4.253123973506869014e-03,9.998526397471411142e-01,8.126802564600535406e-02,0.000000000000000000e+00,0.000000000000000000e+00,0.000000000000000000e+00,1.000000000000000056e-01
9.922400092160216234e-01,-1.229011749643609819e-01,1.884317657320292924e-02,2.220877011684568814e+01,1.228069326563515085e-01,9.924119321716319275e-01,6.083927588873414699e-03,1.903089056832899972e+00,-1.944791512033417977e-02,-3.722643650396293552e-03,9.998039410413045447e-01,7.684124566295892633e-02,0.000000000000000000e+00,0.000000000000000000e+00,0.000000000000000000e+00,1.000000000000000056e-01
9.921452541633305477e-01,-1.232367428032681012e-01,2.145926057489896607e-02,2.315337848661867071e+01,1.231292569160114259e-01,9.923708652323790513e-01,6.265136012113976631e-03,2.022219470873788616e+00,-2.206763993931195114e-02,-3.573662152552285927e-03,9.997500928763789485e-01,7.604628839127966500e-02,0.000000000000000000e+00,0.000000000000000000e+00,0.000000000000000000e+00,1.000000000000000056e-01
9.923982459065593398e-01,-1.211502142239817975e-01,2.164132886556484683e-02,2.407082418776784749e+01,1.210898231867696268e-01,9.926331511680926978e-01,4.084350952014842440e-03,2.132945890314433601e+00,-2.197672046009315969e-02,-1.432758034588334272e-03,9.997574560673370136e-01,6.584694363554512153e-02,0.000000000000000000e+00,0.000000000000000000e+00,0.000000000000000000e+00,1.000000000000000056e-01
9.925939876569909170e-01,-1.198205222517013807e-01,2.000545211993374345e-02,2.501887886095566671e+01,1.197703171236954439e-01,9.927947569345557666e-01,3.693472532147043172e-03,2.245843728122621119e+00,-2.030386178249968948e-02,-1.270059284378026801e-03,9.997930486586368293e-01,5.350647709463433876e-02,0.000000000000000000e+00,0.000000000000000000e+00,0.000000000000000000e+00,1.000000000000000056e-01
9.926669612932329523e-01,-1.197555486349619752e-01,1.645942064589166892e-02,2.594193043215202721e+01,1.197234101605244433e-01,9.928029678080414477e-01,2.927827023568278005e-03,2.362799274540270833e+00,-1.669158519715788214e-02,-9.357791856850414258e-04,9.998602478851340569e-01,4.313746083476172749e-02,0.000000000000000000e+00,0.000000000000000000e+00,0.000000000000000000e+00,1.000000000000000056e-01
9.928486088881046667e-01,-1.184441459907207561e-01,1.492059346956871313e-02,2.687840273317902628e+01,1.184128133596252519e-01,9.929600137232734713e-01,2.969306136994250261e-03,2.474453977995492160e+00,-1.516724962588362341e-02,-1.181282017750770550e-03,9.998842728594048435e-01,3.715575570109930226e-02,0.000000000000000000e+00,0.000000000000000000e+00,0.000000000000000000e+00,1.000000000000000056e-01
9.929616050437277686e-01,-1.172172267263301981e-01,1.695206971352456599e-02,2.782918871918427328e+01,1.172296274326097010e-01,9.931048005492956188e-01,2.637763356880618373e-04,2.585292056102724167e+00,-1.686610094229295392e-02,1.725365043070740088e-03,9.998562685478711298e-01,3.141735749919288834e-02,0.000000000000000000e+00,0.000000000000000000e+00,0.000000000000000000e+00,1.000000000000000056e-01
9.929045420724221804e-01,-1.168362170186365984e-01,2.213297821639885130e-02,2.882382260603481328e+01,1.168653624292388254e-01,9.931477667043422386e-01,-2.354697515741591141e-05,2.686266262365015312e+00,-2.197856674663275015e-02,2.609958419483764027e-03,9.997550353565679560e-01,2.452970773207607466e-02,0.000000000000000000e+00,0.000000000000000000e+00,0.000000000000000000e+00,1.000000000000000056e-01
9.927034002081321917e-01,-1.177749106188004519e-01,2.586560735699989372e-02,2.976466673384213024e+01,1.179014462953763415e-01,9.930194209329505917e-01,-3.417398344656756570e-03,2.798117185946841445e+00,-2.528256665513631263e-02,6.442055473305018792e-03,9.996595879321157341e-01,1.188784204474160194e-02,0.000000000000000000e+00,0.000000000000000000e+00,0.000000000000000000e+00,1.000000000000000056e-01
9.926590858250335936e-01,-1.181587341485990372e-01,2.581574855411298414e-02,3.066185193641231876e+01,1.184738016209759548e-01,9.928959040541353032e-01,-1.103095834436100195e-02,2.896428719563521881e+00,-2.432894692505462725e-02,1.400847089878439616e-02,9.996058548671049593e-01,7.154846172222666112e-03,0.000000000000000000e+00,0.000000000000000000e+00,0.000000000000000000e+00,1.000000000000000056e-01
9.925266782831275725e-01,-1.199180156964765875e-01,2.259341513982678074e-02,3.158415371506141156e+01,1.202399602583075766e-01,9.926534693349658989e-01,-1.347003245491841007e-02,2.992540967488330317e+00,-2.081213235931324290e-02,1.608599790735830773e-02,9.996539880468555683e-01,-2.875077184992540206e-05,0.000000000000000000e+00,0.000000000000000000e+00,0.000000000000000000e+00,1.000000000000000056e-01
9.925323062920397010e-01,-1.204703479670045096e-01,1.914461353262240928e-02,3.254407638756986643e+01,1.207354943566008865e-01,9.925949107413412076e-01,-1.335228717695933695e-02,3.118905748963171298e+00,-1.739429127822714888e-02,1.556401076514831588e-02,9.997275629889528226e-01,-1.078347769152016716e-02,0.000000000000000000e+00,0.000000000000000000e+00,0.000000000000000000e+00,1.000000000000000056e-01
9.921550567343292437e-01,-1.234066449169733126e-01,1.997857319319734301e-02,3.349725527646508283e+01,1.236891019904218514e-01,9.922281541920158210e-01,-1.357556914122604388e-02,3.242986880145628525e+00,-1.814798736231918244e-02,1.594020134883043088e-02,9.997082377052095570e-01,-2.327530454005713109e-02,0.000000000000000000e+00,0.000000000000000000e+00,0.000000000000000000e+00,1.000000000000000056e-01
9.923999206853869604e-01,-1.211958801576757117e-01,2.130624454107424987e-02,3.446746896879386668e+01,1.215076495273681723e-01,9.924917716052098493e-01,-1.399908576608640230e-02,3.367170873874806958e+00,-1.944964087000098513e-02,1.648156329837332373e-02,9.996749819522692260e-01,-2.610607676982063322e-02,0.000000000000000000e+00,0.000000000000000000e+00,0.000000000000000000e+00,1.000000000000000056e-01
9.920209651817502028e-01,-1.240071040442142364e-01,2.272977752720310371e-02,3.543082180515413171e+01,1.243271220856685816e-01,9.921528477878264196e-01,-1.324738994675238660e-02,3.502819773695006411e+00,-2.090864303975710145e-02,1.596761638672098207e-02,9.996538720342968976e-01,-4.121990291409547563e-02,0.000000000000000000e+00,0.000000000000000000e+00,0.000000000000000000e+00,1.000000000000000056e-01
9.916636192766775659e-01,-1.266274602339474975e-01,2.384853282239307939e-02,3.639956692114169101e+01,1.269358164492734864e-01,9.918397031041579215e-01,-1.188704541137822375e-02,3.629480557505097682e+00,-2.214869534390369668e-02,1.481518346008131419e-02,9.996449097722686084e-01,-4.668313666916416860e-02,0.000000000000000000e+00,0.000000000000000000e+00,0.000000000000000000e+00,1.000000000000000056e-01
9.915607744004526491e-01,-1.273147075906526648e-01,2.445804369693845709e-02,3.739154634589669968e+01,1.276449712220251165e-01,9.917418192432674307e-01,-1.244689864113292244e-02,3.767533660279749785e+00,-2.267139149022674716e-02,1.546380273932844440e-02,9.996233684807173114e-01,-5.418658478353172853e-02,0.000000000000000000e+00,0.000000000000000000e+00,0.000000000000000000e+00,1.000000000000000056e-01
9.914419075943763371e-01,-1.276700195970822405e-01,2.726371144405751942e-02,3.837706795797710413e+01,1.279812848106950951e-01,9.917262941300336587e-01,-9.987405534653321162e-03,3.897017766984866682e+00,-2.576304725431255785e-02,1.339117721451385350e-02,9.995783820036233669e-01,-4.614581103165028841e-02,0.000000000000000000e+00,0.000000000000000000e+00,0.000000000000000000e+00,1.000000000000000056e-01
9.914179614702443022e-01,-1.276518334972802371e-01,2.820345863485174825e-02,3.938603572738268355e+01,1.279672241038704861e-01,9.917312672440473653e-01,-9.668667212480257928e-03,4.033626046219134231e+00,-2.673602867545845502e-02,1.319480864956168106e-02,9.995554420818119068e-01,-6.514037994857273250e-02,0.000000000000000000e+00,0.000000000000000000e+00,0.000000000000000000e+00,1.000000000000000056e-01
9.910532476327960083e-01,-1.307876365048381284e-01,2.660929337593074401e-02,4.039059911042085815e+01,1.311379382049757403e-01,9.912930907202420761e-01,-1.186800124948877294e-02,4.171093993874199768e+00,-2.482542083905094760e-02,1.525130905162680461e-02,9.995754579081940205e-01,-6.995352306180249724e-02,0.000000000000000000e+00,0.000000000000000000e+00,0.000000000000000000e+00,1.000000000000000056e-01
9.911208555933442854e-01,-1.303341858539576181e-01,2.631443721045826842e-02,4.140700494602094039e+01,1.307005938926536492e-01,9.913403681264316702e-01,-1.271335042617123025e-02,4.317227790020205624e+00,-2.442957969398447740e-02,1.603977932320267696e-02,9.995728693373175933e-01,-6.129709195353967577e-02,0.000000000000000000e+00,0.000000000000000000e+00,0.000000000000000000e+00,1.000000000000000056e-01
9.913517250453236507e-01,-1.289666616142561562e-01,2.427668514717087889e-02,4.243322980807293021e+01,1.291836071998355429e-01,9.915916869507224174e-01,-7.584326012181488198e-03,4.463666932203453008e+00,-2.309443397226951245e-02,1.065488443364844343e-02,9.996765079550514743e-01,-6.344680205710163945e-02,0.000000000000000000e+00,0.000000000000000000e+00,0.000000000000000000e+00,1.000000000000000056e-01
9.914534812926664165e-01,-1.281955436443354135e-01,2.420530979734760585e-02,4.347548130362782359e+01,1.284212437499465398e-01,9.916873954558687032e-01,-8.005863330850399376e-03,4.594059307096131306e+00,-2.297778462709345465e-02,1.104591705965307473e-02,9.996749517367843341e-01,-6.764268053164143590e-02,0.000000000000000000e+00,0.000000000000000000e+00,0.000000000000000000e+00,1.000000000000000056e-01
9.916126102255307107e-01,-1.265184693772013202e-01,2.641037955349725963e-02,4.446187875275941792e+01,1.268574311828394030e-01,9.918534451131877372e-01,-1.157305365026673610e-02,4.719888035741454324e+00,-2.473102091303117089e-02,1.482633884514155190e-02,9.995841916922497683e-01,-7.416880337262637957e-02,0.000000000000000000e+00,0.000000000000000000e+00,0.000000000000000000e+00,1.000000000000000056e-01
9.917534628494770743e-01,-1.252110479478254768e-01,2.733610063411175128e-02,4.542896541348624595e+01,1.255552147962653853e-01,9.920228155647190516e-01,-1.125261909562115699e-02,4.859196089583549316e+00,-2.570908328849160623e-02,1.459201394101665959e-02,9.995629625819528741e-01,-7.918513031756202469e-02,0.000000000000000000e+00,0.000000000000000000e+00,0.000000000000000000e+00,1.000000000000000056e-01
9.913175453652924851e-01,-1.291550323542985101e-01,2.466783064015571833e-02,4.633608145785011345e+01,1.294654846981178886e-01,9.915180960047608183e-01,-1.142600398106790455e-02,4.977698507230178038e+00,-2.298287455503992757e-02,1.452043087012513597e-02,9.996304039816582554e-01,-8.371704251632659799e-02,0.000000000000000000e+00,0.000000000000000000e+00,0.000000000000000000e+00,1.000000000000000056e-01
9.917186517158771419e-01,-1.270416825714830167e-01,1.882888016450549873e-02,4.728017354418696527e+01,1.272242247527602399e-01,9.918346618525922809e-01,-8.831771272694233926e-03,5.114916827483899198e+00,-1.755313290845572638e-02,1.115412198071117841e-02,9.997837131539688560e-01,-9.634040950934082137e-02,0.000000000000000000e+00,0.000000000000000000e+00,0.000000000000000000e+00,1.000000000000000056e-01
9.919786720882126652e-01,-1.250734825440972531e-01,1.830131378884308768e-02,4.822180118472433463e+01,1.252442975366422628e-01,9.920895104175845303e-01,-8.501132509869276793e-03,5.242006741058824026e+00,-1.709327518819373642e-02,1.072507732786737514e-02,9.997963755983775291e-01,-9.626917756324214481e-02,0.000000000000000000e+00,0.000000000000000000e+00,0.000000000000000000e+00,1.000000000000000056e-01
9.922287453691901460e-01,-1.230973649676956189e-01,1.814264592314865712e-02,4.918109245396584583e+01,1.233036093433905883e-01,9.923110808900653668e-01,-1.072094518606633677e-02,5.383668628166613956e+00,-1.668342848383751534e-02,1.287468371650584038e-02,9.997779282086720620e-01,-1.032234562842545417e-01,0.000000000000000000e+00,0.000000000000000000e+00,0.000000000000000000e+00,1.000000000000000056e-01
9.926329174804749966e-01,-1.193812771731139893e-01,2.068820424098446326e-02,5.017623301584272610e+01,1.196049597579969953e-01,9.927718971727962360e-01,-9.930447382405697618e-03,5.522628911287222664e+00,-1.935315828200843968e-02,1.233170079279188348e-02,9.997366575354074136e-01,-9.457081956221459473e-02,0.000000000000000000e+00,0.000000000000000000e+00,0.000000000000000000e+00,1.000000000000000056e-01
9.927400279549359885e-01,-1.184899364226924406e-01,2.067297420738562624e-02,5.110820623228008941e+01,1.187129791113066685e-01,9.928791217863445207e-01,-9.913531726674595229e-03,5.650105123217856296e+00,-1.935111073172277735e-02,1.229571011872103437e-02,9.997371404654950000e-01,-9.881315347774401181e-02,0.000000000000000000e+00,0.000000000000000000e+00,0.000000000000000000e+00,1.000000000000000056e-01
9.926591083731847176e-01,-1.192170517250216027e-01,2.037619056024566819e-02,5.205029457321560216e+01,1.194918228463675708e-01,9.927521322850855201e-01,-1.284165551119963687e-02,5.767690033075109746e+00,-1.869756231721752052e-02,1.518217446249172688e-02,9.997099092946835075e-01,-9.908126218554325071e-02,0.000000000000000000e+00,0.000000000000000000e+00,0.000000000000000000e+00,1.000000000000000056e-01
9.928401565815426766e-01,-1.179148544977296209e-01,1.909215985469230742e-02,5.303193608119779867e+01,1.181874889636395087e-01,9.928948455392285766e-01,-1.383991163631420086e-02,5.892792495480587256e+00,-1.732457594307755533e-02,1.599727446819139420e-02,9.997219344787738882e-01,-8.965938547207534526e-02,0.000000000000000000e+00,0.000000000000000000e+00,0.000000000000000000e+00,1.000000000000000056e-01
9.926558541416509174e-01,-1.194022328387493587e-01,1.942838211047201100e-02,5.399591638524124448e+01,1.196718186665603062e-01,9.927236460179460487e-01,-1.335733708018348176e-02,6.023296926882277802e+00,-1.769211845278388304e-02,1.558426866929652974e-02,9.997220211212194396e-01,-9.273592170745353913e-02,0.000000000000000000e+00,0.000000000000000000e+00,0.000000000000000000e+00,1.000000000000000056e-01
9.925074236982819320e-01,-1.200212092884095083e-01,2.288936925183591292e-02,5.493400686681052747e+01,1.203806406046412369e-01,9.926140837301543618e-01,-1.502604898708439357e-02,6.141748124280981713e+00,-2.091686571681552337e-02,1.766890210210749629e-02,9.996250770299286437e-01,-9.113585580640325146e-02,0.000000000000000000e+00,0.000000000000000000e+00,0.000000000000000000e+00,1.000000000000000056e-01
9.922291044550497485e-01,-1.215205291690526768e-01,2.672387065534126069e-02,5.588289875983244315e+01,1.219097140458893780e-01,9.924501268248600017e-01,-1.344497625765036369e-02,6.257308798401550298e+00,-2.488826819164956586e-02,1.659839618133981259e-02,9.995524335174357233e-01,-8.286590215857139730e-02,0.000000000000000000e+00,0.000000000000000000e+00,0.000000000000000000e+00,1.000000000000000056e-01
9.920038459163645905e-01,-1.232993828255218860e-01,2.693755523404233951e-02,5.684417002050368950e+01,1.236359110049171650e-01,9.922644389451067415e-01,-1.120021048626979911e-02,6.383669725069493595e+00,-2.534819909038684219e-02,1.444110105905853543e-02,9.995743711215669958e-01,-9.067130008156921994e-02,0.000000000000000000e+00,0.000000000000000000e+00,0.000000000000000000e+00,1.000000000000000056e-01
9.917384651816524288e-01,-1.259123763339353719e-01,2.451306111202561019e-02,5.773582299138848128e+01,1.262266490585902678e-01,9.919321974004745579e-01,-1.171959161854428492e-02,6.502757755978754162e+00,-2.283965294350950512e-02,1.471697136667029886e-02,9.996308123538473200e-01,-9.602909596868804132e-02,0.000000000000000000e+00,0.000000000000000000e+00,0.000000000000000000e+00,1.000000000000000056e-01
9.914280254004214088e-01,-1.294113665833708793e-01,1.797689210196499326e-02,5.860635805545373245e+01,1.296514058979229556e-01,9.914757935674374245e-01,-1.289432892834446731e-02,6.626160503179374217e+00,-1.615498063487939145e-02,1.511452840298711450e-02,9.997552538655858356e-01,-1.027525484476331380e-01,0.000000000000000000e+00,0.000000000000000000e+00,0.000000000000000000e+00,1.000000000000000056e-01
9.913161842478218633e-01,-1.306546270064629922e-01,1.488594270244725064e-02,5.953610880508408343e+01,1.308653070697393950e-01,9.912986923611730727e-01,-1.418357954013226181e-02,6.736767567319820849e+00,-1.290326524106682506e-02,1.600846541147769517e-02,9.997885950446164793e-01,-1.017033399644619862e-01,0.000000000000000000e+00,0.000000000000000000e+00,0.000000000000000000e+00,1.000000000000000056e-01
9.913524445732966317e-01,-1.303229336387037862e-01,1.537086875718896711e-02,6.043226136377791136e+01,1.304989792870662191e-01,9.913867119919276272e-01,-1.106362015203690707e-02,6.869318313222630756e+00,-1.379663160277128445e-02,1.297382956712079052e-02,9.998206502682271957e-01,-1.054917402586214442e-01,0.000000000000000000e+00,0.000000000000000000e+00,0.000000000000000000e+00,1.000000000000000056e-01
9.911654836774750343e-01,-1.316069186335461494e-01,1.645001319695857736e-02,6.134918664692531109e+01,1.317582687868003311e-01,9.912456197340341335e-01,-8.478205257940777187e-03,6.997880988946487690e+00,-1.519021305651193157e-02,1.057072967555506247e-02,9.998287438863838750e-01,-9.904332235629512149e-02,0.000000000000000000e+00,0.000000000000000000e+00,0.000000000000000000e+00,1.000000000000000056e-01
9.911610475054769553e-01,-1.312139246818402327e-01,1.956230756925241704e-02,6.223386665709661258e+01,1.313680546025006723e-01,9.913102852632540429e-01,-6.808271531034868276e-03,7.121111617153065509e+00,-1.849897666899640025e-02,9.317955831310701861e-03,9.997854587666924475e-01,-9.436635363045586811e-02,0.000000000000000000e+00,0.000000000000000000e+00,0.000000000000000000e+00,1.000000000000000056e-01
9.909975788905116545e-01,-1.323498723261246623e-01,2.018192083035059980e-02,6.304260199441242918e+01,1.324847567210189481e-01,9.911698179535030073e-01,-5.493743222256656372e-03,7.237674047763166918e+00,-1.927661458131243316e-02,8.118083103674367598e-03,9.997812304984552423e-01,-9.497325371113418679e-02,0.000000000000000000e+00,0.000000000000000000e+00,0.000000000000000000e+00,1.000000000000000056e-01
9.906232364314588867e-01,-1.352224784645592592e-01,1.950601855745573779e-02,6.385187077506024167e+01,1.353320294054875528e-01,9.907905161805680150e-01,-4.403959994808637202e-03,7.356317069186983915e+00,-1.873086380961251976e-02,7.002454180173589560e-03,9.998000401962385819e-01,-9.741826811842597966e-02,0.000000000000000000e+00,0.000000000000000000e+00,0.000000000000000000e+00,1.000000000000000056e-01
9.899864708709088523e-01,-1.397285252905341724e-01,2.006805204038520155e-02,6.464312643528400315e+01,1.398405371415103737e-01,9.901647687209279569e-01,-4.284268409558134733e-03,7.473085924799619306e+00,-1.927204360043117612e-02,7.047694939753429769e-03,9.997894369973605588e-01,-9.757603111259290085e-02,0.000000000000000000e+00,0.000000000000000000e+00,0.000000000000000000e+00,1.000000000000000056e-01
9.899013747970802912e-01,-1.405763563958672413e-01,1.826352094510939536e-02,6.543238965102514726e+01,1.407064046797585344e-01,9.900329671159988632e-01,-6.035868254651606014e-03,7.576633870664198689e+00,-1.723298746434744413e-02,8.544708652353487019e-03,9.998149889340027796e-01,-9.615749177688640015e-02,0.000000000000000000e+00,0.000000000000000000e+00,0.000000000000000000e+00,1.000000000000000056e-01
9.898954154050941812e-01,-1.403628007453003035e-01,2.013332379194388011e-02,6.618318654832214065e+01,1.404950770050861497e-01,9.900671575810743308e-01,-5.306299715154110842e-03,7.689959220241190607e+00,-1.918853556973627167e-02,8.081314637313898736e-03,9.997832227320189169e-01,-9.157248918136970395e-02,0.000000000000000000e+00,0.000000000000000000e+00,0.000000000000000000e+00,1.000000000000000056e-01
9.896813445473023885e-01,-1.414724231254713416e-01,2.272421065848988231e-02,6.697305511391074617e+01,1.415906039575949571e-01,9.899184954879051146e-01,-3.670580592469796857e-03,7.815604327068019330e+00,-2.197583049550849016e-02,6.850239847619940536e-03,9.997350334403924954e-01,-9.129648941459653222e-02,0.000000000000000000e+00,0.000000000000000000e+00,0.000000000000000000e+00,1.000000000000000056e-01
9.895920954066285136e-01,-1.418047378336687869e-01,2.447245465094912906e-02,6.771188469009302935e+01,1.418976552504082334e-01,9.898791188620948978e-01,-2.094152630270241112e-03,7.929074098920659175e+00,-2.392781108155494010e-02,5.544940822682057832e-03,9.996983112360040558e-01,-9.577149518737056166e-02,0.000000000000000000e+00,0.000000000000000000e+00,0.000000000000000000e+00,1.000000000000000056e-01
9.893430272138724613e-01,-1.431565834378881186e-01,2.658133032189614192e-02,6.839193459433788291e+01,1.432045186149309979e-01,9.896931118217304757e-01,1.012960290889296840e-04,8.035048175530228320e+00,-2.632186071607890698e-02,3.706350092828019326e-03,9.996466488802094874e-01,-9.561385061497863769e-02,0.000000000000000000e+00,0.000000000000000000e+00,0.000000000000000000e+00,1.000000000000000056e-01
9.894415952732685815e-01,-1.431961619743661041e-01,2.236489970691940901e-02,6.907172932351740258e+01,1.431523342328110682e-01,9.896942751579724806e-01,3.556813634829812231e-03,8.144986826330598007e+00,-2.264373526578608228e-02,-3.176717590074968831e-04,9.997435472849357518e-01,-9.818009770399876990e-02,0.000000000000000000e+00,0.000000000000000000e+00,0.000000000000000000e+00,1.000000000000000056e-01
9.896467227791282406e-01,-1.426239303039295581e-01,1.605548495658239844e-02,6.976283880615370947e+01,1.426004372235034623e-01,9.897769099705386875e-01,2.604571526735858893e-03,8.255661118168122314e+00,-1.626282251630536968e-02,-2.880865010339410132e-04,9.998677100546706775e-01,-1.013499816068730297e-01,0.000000000000000000e+00,0.000000000000000000e+00,0.000000000000000000e+00,1.000000000000000056e-01
9.899385739982797805e-01,-1.411602393342737682e-01,9.767627211508944987e-03,7.049632304368002167e+01,1.411457019033958427e-01,9.899864653457071118e-01,2.165471429221330329e-03,8.361025103720335139e+00,-9.975497203156701367e-03,-7.650250999782420630e-04,9.999499508436140438e-01,-9.937502567744821436e-02,0.000000000000000000e+00,0.000000000000000000e+00,0.000000000000000000e+00,1.000000000000000056e-01
9.898403528406765073e-01,-1.418790851642323658e-01,9.295218190313427400e-03,7.120702011278339683e+01,1.418541802954152442e-01,9.898821000214377275e-01,3.289314497623782672e-03,8.470191046893727815e+00,-9.667855034125231659e-03,-1.937330665877933216e-03,9.999513884829253074e-01,-9.510379420249168159e-02,0.000000000000000000e+00,0.000000000000000000e+00,0.000000000000000000e+00,1.000000000000000056e-01
9.896029829195753802e-01,-1.433394657403631589e-01,1.182090343188568760e-02,7.187260879791165280e+01,1.432881850287585634e-01,9.896679642845974678e-01,5.080993991834948167e-03,8.577829286264311293e+00,-1.242707639965873537e-02,-3.334371012361181993e-03,9.999172214449099094e-01,-8.452465133085190763e-02,0.000000000000000000e+00,0.000000000000000000e+00,0.000000000000000000e+00,1.000000000000000056e-01
9.893382444289148259e-01,-1.450211967093628096e-01,1.336752091066430864e-02,7.248942803164021598e+01,1.449838011055688547e-01,9.894269961206497710e-01,3.730518013436855303e-03,8.669158694434349499e+00,-1.376719024687300674e-02,-1.752670149237773841e-03,9.999036916723802459e-01,-7.564273583144549840e-02,0.000000000000000000e+00,0.000000000000000000e+00,0.000000000000000000e+00,1.000000000000000056e-01
9.895712943324155297e-01,-1.436524748784457906e-01,1.061225209676197080e-02,7.305789789654480160e+01,1.436557898635967834e-01,9.896276110917591184e-01,4.532146114146201740e-04,8.743913627383159692e+00,-1.056728309140284559e-02,1.076023287564023545e-03,9.999435857596921107e-01,-7.311125810031211814e-02,0.000000000000000000e+00,0.000000000000000000e+00,0.000000000000000000e+00,1.000000000000000056e-01
9.898043594227252662e-01,-1.422092928618677588e-01,7.990437503411502995e-03,7.368778131781405705e+01,1.422640700335390529e-01,9.898056376404626988e-01,-6.762697143111217127e-03,8.823103745650124452e+00,-6.947261709529669975e-03,7.830499274291044184e-03,9.999452079168411611e-01,-5.750035241220112503e-02,0.000000000000000000e+00,0.000000000000000000e+00,0.000000000000000000e+00,1.000000000000000056e-01
9.902612660888047147e-01,-1.391665506168851818e-01,3.911019508440045228e-03,7.429046269284495452e+01,1.392009791963450260e-01,9.902068367204880373e-01,-1.065400876588436414e-02,8.906816051818584157e+00,-2.390036605614351099e-03,1.109466995465673532e-02,9.999355959378689596e-01,-4.705153307582947420e-02,0.000000000000000000e+00,0.000000000000000000e+00,0.000000000000000000e+00,1.000000000000000056e-01
9.909762043329887193e-01,-1.340008958161748032e-01,3.149978769009824896e-03,7.486831487388404582e+01,1.340243196148071525e-01,9.909367355714098213e-01,-9.048085259649545770e-03,8.980482420935915755e+00,-1.908978148267678060e-03,9.388610948406400647e-03,9.999541038402156579e-01,-3.736424128966841368e-02,0.000000000000000000e+00,0.000000000000000000e+00,0.000000000000000000e+00,1.000000000000000056e-01
9.917626882862833337e-01,-1.280114019981694051e-01,4.455455266005207103e-03,7.544260207759181469e+01,1.280462782000517663e-01,9.917300168899200186e-01,-8.701967515107759954e-03,9.073061026702626819e+00,-3.304657664456156670e-03,9.200791160661969670e-03,9.999522111979844974e-01,-4.166220654177858057e-02,0.000000000000000000e+00,0.000000000000000000e+00,0.000000000000000000e+00,1.000000000000000056e-01
9.926052579025268496e-01,-1.212489941806559751e-01,5.786483771461954466e-03,7.599559431859569258e+01,1.213010281902324877e-01,9.925683858591415332e-01,-9.698451060387469624e-03,9.124698844684209220e+00,-4.567553420657813508e-03,1.032863994713536723e-02,9.999362262927530276e-01,-3.281283346496547543e-02,0.000000000000000000e+00,0.000000000000000000e+00,0.000000000000000000e+00,1.000000000000000056e-01
9.937679454286894032e-01,-1.110954143263200022e-01,9.114798632153550337e-03,7.656883648931815856e+01,1.112151373247494968e-01,9.936992798809538563e-01,-1.389008257394110622e-02,9.185895531948464310e+00,-7.514244358452101986e-03,1.481722240290269006e-02,9.998619835017152901e-01,-2.039838941930762276e-02,0.000000000000000000e+00,0.000000000000000000e+00,0.000000000000000000e+00,1.000000000000000056e-01
9.947466268151596847e-01,-1.016319842783631744e-01,1.225104940419591629e-02,7.712256144224726029e+01,1.018387212118745666e-01,9.946446469334480067e-01,-1.763239032481806606e-02,9.223892609148098387e+00,-1.039342589291880267e-02,1.878739200312783825e-02,9.997694787299366004e-01,-1.108157191549788423e-02,0.000000000000000000e+00,0.000000000000000000e+00,0.000000000000000000e+00,1.000000000000000056e-01
9.958989391009516190e-01,-8.967537039594340731e-02,1.198461688788913376e-02,7.761241037918415486e+01,8.983540724986759096e-02,9.958643434069144318e-01,-1.355762276232915127e-02,9.269516868481680660e+00,-1.071926778514079026e-02,1.457866506459167509e-02,9.998362665072141331e-01,1.283210428327285872e-03,0.000000000000000000e+00,0.000000000000000000e+00,0.000000000000000000e+00,1.000000000000000056e-01
9.970916341174512754e-01,-7.565445690470000428e-02,9.201973888547137354e-03,7.810501987891734643e+01,7.573936650034747420e-02,9.970846718449601909e-01,-9.257728336585979365e-03,9.309526125708476485e+00,-8.474758705512251689e-03,9.927755148213248879e-03,9.999148054422438703e-01,-2.045786308945265163e-03,0.000000000000000000e+00,0.000000000000000000e+00,0.000000000000000000e+00,1.000000000000000056e-01
9.981589546259126422e-01,-5.986826480169123860e-02,9.720708294147875975e-03,7.860432408696182449e+01,5.990494258103497976e-02,9.981978565351520283e-01,-3.526622036868538260e-03,9.335660428271600253e+00,-9.492057441263157883e-03,4.102447837889326016e-03,9.999465339543255338e-01,3.276566553446639933e-03,0.000000000000000000e+00,0.000000000000000000e+00,0.000000000000000000e+00,1.000000000000000056e-01
9.992902546098777483e-01,-3.595365929119537923e-02,1.123928046177471302e-02,7.910016865171451173e+01,3.600323199389635770e-02,9.993426795238771199e-01,-4.239831132386986251e-03,9.354436052816851088e+00,-1.107945520860425734e-02,4.641472353695618586e-03,9.999278486004229416e-01,1.345339046872190240e-02,0.000000000000000000e+00,0.000000000000000000e+00,0.000000000000000000e+00,1.000000000000000056e-01
9.998771695046450025e-01,-1.078046356110340040e-02,1.137662114984380919e-02,7.960086047371629547e+01,1.087894145278023653e-02,9.999035805874395555e-01,-8.630073075281402897e-03,9.377304246788956021e+00,-1.128248803439788929e-02,8.752778634550229322e-03,9.998980419672438558e-01,1.552530908850546613e-02,0.000000000000000000e+00,0.000000000000000000e+00,0.000000000000000000e+00,1.000000000000000056e-01
9.997781760998278866e-01,1.697374129642949606e-02,1.246959104795805802e-02,8.008018549704138422e+01,-1.688413091124086815e-02,9.998311183403527647e-01,-7.256784525634338637e-03,9.377446025147650133e+00,-1.259065994590880845e-02,7.044636589724793257e-03,9.998959187722715747e-01,2.528716578300228834e-02,0.000000000000000000e+00,0.000000000000000000e+00,0.000000000000000000e+00,1.000000000000000056e-01
9.987237797717383181e-01,4.895533382941961997e-02,1.241720613111180899e-02,8.057019913772943198e+01,-4.885144029294691270e-02,9.987695732312266150e-01,-8.536765711791906644e-03,9.349314871161777063e+00,-1.281984788353902893e-02,7.919272514787365283e-03,9.998864618660857628e-01,2.557503637761275248e-02,0.000000000000000000e+00,0.000000000000000000e+00,0.000000000000000000e+00,1.000000000000000056e-01
