1.000000000000000000e+00,-8.578789119747940082e-14,5.403980273135456739e-14,5.838427517970039119e-21,8.578789119747998142e-14,1.000000000000000000e+00,-1.086177883171278956e-14,1.973967055693730499e-20,-5.403980273135363338e-14,1.086177883171742491e-14,1.000000000000000000e+00,-1.674436624344469449e-20,0.000000000000000000e+00,0.000000000000000000e+00,0.000000000000000000e+00,1.000000000000000056e-01
9.999920469350518371e-01,-3.984050849522596631e-03,-1.827716428132147148e-04,6.556251542431592583e-01,3.983498788038855772e-03,9.999877807250087125e-01,-2.927479816772307966e-03,7.032174021336996816e-03,1.944326379272225461e-04,2.926728463717556510e-03,9.999956982189718291e-01,2.039079806008347370e-03,0.000000000000000000e+00,0.000000000000000000e+00,0.000000000000000000e+00,1.000000000000000056e-01
9.999536040354951583e-01,-9.339858726635693817e-03,-2.357289840177243575e-03,1.325919181392509971e+00,9.336579293521113029e-03,9.999554354179177595e-01,-1.398379511520939046e-03,9.434541017018092945e-03,2.370245455624496889e-03,1.376305608844131554e-03,9.999962438526212027e-01,6.224959894695130877e-03,0.000000000000000000e+00,0.000000000000000000e+00,0.000000000000000000e+00,1.000000000000000056e-01
9.998859921081374447e-01,-1.492178833325536434e-02,-2.311497104297492548e-03,2.043405580778928865e+00,1.492008021583474293e-02,9.998884047741377623e-01,-7.544564818571325654e-04,3.324424565994611616e-04,2.322496992184982893e-03,7.198827456493457925e-04,9.999970438839076436e-01,4.947364068508238247e-03,0.000000000000000000e+00,0.000000000000000000e+00,0.000000000000000000e+00,1.000000000000000056e-01
9.997913382963734552e-01,-1.995607935016211962e-02,-4.362884884643742842e-03,2.738281530788888585e+00,1.995732639441776327e-02,9.998008033243901416e-01,2.424769901290779435e-04,8.607796059772361563e-03,4.357176922423048465e-03,-3.294979121313342148e-04,9.999904531746253156e-01,1.026839314547327124e-02,0.000000000000000000e+00,0.000000000000000000e+00,0.000000000000000000e+00,1.000000000000000056e-01
9.996855540266017526e-01,-2.429596723631913258e-02,-6.204759993584065512e-03,3.444250055639165975e+00,2.429564420360953714e-02,9.997048091466934627e-01,-1.274429471826375433e-04,1.027424363779985174e-02,6.206024754856247043e-03,-2.334576791185107871e-05,9.999807421704266508e-01,2.509469815965266123e-02,0.000000000000000000e+00,0.000000000000000000e+00,0.000000000000000000e+00,1.000000000000000056e-01
9.995198504551116025e-01,-2.999699295673817837e-02,-7.762020339115729972e-03,4.165172467917011900e+00,2.999836108454226671e-02,9.995499460998107377e-01,5.986741025868986871e-05,4.501933766841297729e-02,7.756731169304894105e-03,-2.926865538272553874e-04,9.999698732742643426e-01,4.344637049852023702e-02,0.000000000000000000e+00,0.000000000000000000e+00,0.000000000000000000e+00,1.000000000000000056e-01
9.993680748538145142e-01,-3.449626867395649832e-02,-8.570788210819316189e-03,4.933997950467444937e+00,3.452570934072049513e-02,9.993983250742864977e-01,3.311077351985158845e-03,7.328499500266273670e-02,8.451411568524934415e-03,-3.604897541533096279e-03,9.999577882871928391e-01,5.546058450847259069e-02,0.000000000000000000e+00,0.000000000000000000e+00,0.000000000000000000e+00,1.000000000000000056e-01
9.992710808110463194e-01,-3.752120815694681005e-02,-7.033206464075227211e-03,5.704675738919865680e+00,3.754948805012962160e-02,9.992870299875848961e-01,3.932892798534741267e-03,1.090041385506842486e-01,6.880625109422438580e-03,-4.194119339582678442e-03,9.999675326534701592e-01,6.071619833901228253e-02,0.000000000000000000e+00,0.000000000000000000e+00,0.000000000000000000e+00,1.000000000000000056e-01
9.990776605017914758e-01,-4.262097481979477270e-02,-5.223101729579685687e-03,6.498389064411780325e+00,4.264206511772997837e-02,9.990824250204304313e-01,3.995284444350335161e-03,1.633016043672730067e-01,5.048026224416303845e-03,-4.214323279769996954e-03,9.999783782215149186e-01,7.186446379551490737e-02,0.000000000000000000e+00,0.000000000000000000e+00,0.000000000000000000e+00,1.000000000000000056e-01
9.988438647874613441e-01,-4.795007906561569305e-02,-3.423988032827529095e-03,7.323919345747396115e+00,4.795933011141816776e-02,9.988457131411736523e-01,2.672825240122259950e-03,1.979421600336069842e-01,3.291873586844022009e-03,-2.833947265109113337e-03,9.999905661110942701e-01,9.220017024252023796e-02,0.000000000000000000e+00,0.000000000000000000e+00,0.000000000000000000e+00,1.000000000000000056e-01
9.987649714014934510e-01,-4.959900285131997599e-02,-2.910466891895944694e-03,8.140522401356859561e+00,4.960816009282718875e-02,9.987637479020652354e-01,3.163278176889152901e-03,2.446038077409637690e-01,2.749973377779824958e-03,-3.303754345393710053e-03,9.999907613841473308e-01,1.071812609564232327e-01,0.000000000000000000e+00,0.000000000000000000e+00,0.000000000000000000e+00,1.000000000000000056e-01
9.986091361923800092e-01,-5.259461518845561651e-02,-3.687758978949635079e-03,8.987906145419874093e+00,5.260673332987728795e-02,9.986099538514858764e-01,3.269813005716905134e-03,2.950866379586924437e-01,3.510658267010410144e-03,-3.459266094340032217e-03,9.999878543045515045e-01,1.161067497374948798e-01,0.000000000000000000e+00,0.000000000000000000e+00,0.000000000000000000e+00,1.000000000000000056e-01
9.986198926423305311e-01,-5.240680622926945087e-02,-3.440447626107813722e-03,9.668658351875365042e+00,5.242444731788184487e-02,9.986110670211393314e-01,5.254916394779994386e-03,3.770879816428411302e-01,3.160275689685623866e-03,-5.428027611324441788e-03,9.999802743923581483e-01,1.339384365350178296e-01,0.000000000000000000e+00,0.000000000000000000e+00,0.000000000000000000e+00,1.000000000000000056e-01
9.983577427294704210e-01,-5.715433698631991466e-02,-3.898627421389694835e-03,1.042330126745578767e+01,5.717555109877175967e-02,9.983486234507555901e-01,5.566184557958137220e-03,4.406899554998965907e-01,3.574057731538181001e-03,-5.779949622245460390e-03,9.999769088802480388e-01,1.407629376993861370e-01,0.000000000000000000e+00,0.000000000000000000e+00,0.000000000000000000e+00,1.000000000000000056e-01
9.982177147403848982e-01,-5.951107955273246541e-02,-4.452571049628603096e-03,1.125050519903783375e+01,5.952907694080242229e-02,9.982184576929914455e-01,4.024887526570568828e-03,4.915491864355510665e-01,4.205113204144186705e-03,-4.282771473458083823e-03,9.999819872834943002e-01,1.620848580126888760e-01,0.000000000000000000e+00,0.000000000000000000e+00,0.000000000000000000e+00,1.000000000000000056e-01
9.980157082500391574e-01,-6.271528023347845704e-02,-5.607112573230591500e-03,1.214234386981379998e+01,6.274213869734009130e-02,9.980184690230131661e-01,4.749686373303661779e-03,5.559725474700266679e-01,5.298123994052409032e-03,-5.092063844579447149e-03,9.999730000194737567e-01,1.752827890777702291e-01,0.000000000000000000e+00,0.000000000000000000e+00,0.000000000000000000e+00,1.000000000000000056e-01
9.978773712846795707e-01,-6.472040797850056593e-02,-7.212535550981905887e-03,1.304139417613999008e+01,6.477112176534915999e-02,9.978753514556393256e-01,7.034539255893032701e-03,6.335989638430619131e-01,6.741933197240187157e-03,-7.486771559278984807e-03,9.999492460062076038e-01,1.885826677339671742e-01,0.000000000000000000e+00,0.000000000000000000e+00,0.000000000000000000e+00,1.000000000000000056e-01
9.980235917787781963e-01,-6.194451702879266719e-02,-1.057294013301242862e-02,1.391674181189910442e+01,6.205122749617672517e-02,9.980220439621548811e-01,1.008191111944261795e-02,6.961000589456433074e-01,9.927508207217475636e-03,-1.071804906091753523e-02,9.998932783078019471e-01,1.946260919261960376e-01,0.000000000000000000e+00,0.000000000000000000e+00,0.000000000000000000e+00,1.000000000000000056e-01
9.970384191349471736e-01,-7.652074808093205227e-02,-7.678924535378242773e-03,1.488515944075532538e+01,7.659307212665521225e-02,9.970160929563639529e-01,9.613099824089832782e-03,7.833720889786078834e-01,6.920409748453548900e-03,-1.017278227239033252e-02,9.999243083502631357e-01,2.068431628464299510e-01,0.000000000000000000e+00,0.000000000000000000e+00,0.000000000000000000e+00,1.000000000000000056e-01
9.966736757999778984e-01,-8.118935139450070282e-02,-7.062095121197621388e-03,1.584680338606090366e+01,8.124304259837819564e-02,9.966647284609547741e-01,7.680304109172034037e-03,8.792400932690783710e-01,6.414982207197665771e-03,-8.228503022515423412e-03,9.999455683892447544e-01,2.182153148742816406e-01,0.000000000000000000e+00,0.000000000000000000e+00,0.000000000000000000e+00,1.000000000000000056e-01
9.965362795755604575e-01,-8.291526787685674083e-02,-6.364105798113507684e-03,1.675520030563059137e+01,8.296307409232320240e-02,9.965232123666485364e-01,7.656079388766092765e-03,9.719023272706611705e-01,5.707173280371263813e-03,-8.157546651076368061e-03,9.999504400747986077e-01,2.370766424481945411e-01,0.000000000000000000e+00,0.000000000000000000e+00,0.000000000000000000e+00,1.000000000000000056e-01
9.963191739764463151e-01,-8.555255659709809501e-02,-5.372487933174500789e-03,1.764715876356709146e+01,8.559530104746582158e-02,9.962953650114599879e-01,8.306027647157224192e-03,1.060402585066332115e+00,4.641982926021273777e-03,-8.735314326455159012e-03,9.999510719420888760e-01,2.599442834218688714e-01,0.000000000000000000e+00,0.000000000000000000e+00,0.000000000000000000e+00,1.000000000000000056e-01
9.962655048105378830e-01,-8.616274716604574446e-02,-5.570002280447854288e-03,1.855634097166981533e+01,8.620370198494886615e-02,9.962486508467792712e-01,7.586003563294515216e-03,1.144538197531641321e+00,4.895476350084791185e-03,-8.037828486119362112e-03,9.999557128315901267e-01,2.636517456284876992e-01,0.000000000000000000e+00,0.000000000000000000e+00,0.000000000000000000e+00,1.000000000000000056e-01
9.960703085899861309e-01,-8.837529022925035005e-02,-5.809339234858488729e-03,1.949419443793043172e+01,8.840192525239974619e-02,9.960747222420602842e-01,4.499702442549764585e-03,1.229513554200461600e+00,5.388873455465971116e-03,-4.995576773319450846e-03,9.999730017633390311e-01,2.814621496702844339e-01,0.000000000000000000e+00,0.000000000000000000e+00,0.000000000000000000e+00,1.000000000000000056e-01
9.959288096439929960e-01,-9.005094257679084613e-02,-4.078463206966900269e-03,2.042573809253217121e+01,9.006128763177297103e-02,9.959332659977813140e-01,2.427786872774386102e-03,1.312729071176141904e+00,3.843252685697437325e-03,-2.785214538249755796e-03,9.999887359309452828e-01,2.997184202045802826e-01,0.000000000000000000e+00,0.000000000000000000e+00,0.000000000000000000e+00,1.000000000000000056e-01
9.960366688682728009e-01,-8.894301154108093244e-02,3.081684569259655372e-04,2.134858538427038610e+01,8.894181067381463912e-02,9.960329034232875411e-01,2.794568345791268761e-03,1.408366144742433379e+00,-5.555032475274960559e-04,-2.756083485515104133e-03,9.999960477021710981e-01,3.075375320428204162e-01,0.000000000000000000e+00,0.000000000000000000e+00,0.000000000000000000e+00,1.000000000000000056e-01
9.959209472229136884e-01,-9.018290162674157118e-02,2.917385266963744284e-03,2.229744623584342023e+01,9.018097239932458542e-02,9.959250843664878561e-01,7.864774099202667288e-04,1.501602011723916830e+00,-2.976423983020909207e-03,-5.201766868189622870e-04,9.999954351478249626e-01,3.172644731585139155e-01,0.000000000000000000e+00,0.000000000000000000e+00,0.000000000000000000e+00,1.000000000000000056e-01
9.959828175743082879e-01,-8.929872665140088650e-02,6.630574272300291880e-03,2.327500049910143431e+01,8.929635198976050570e-02,9.960048864906585475e-01,6.539174650597100961e-04,1.594940651731320269e+00,-6.662478372415276892e-03,-5.920446519764238158e-05,9.999778036920461410e-01,3.285642742080766010e-01,0.000000000000000000e+00,0.000000000000000000e+00,0.000000000000000000e+00,1.000000000000000056e-01
9.961618810987094008e-01,-8.716657791708309899e-02,7.968333583997176325e-03,2.420780277657465618e+01,8.717939008968303427e-02,9.961918139418939333e-01,-1.274275774645079263e-03,1.690137684511499039e+00,-7.826914428537808457e-03,1.964059414592969101e-03,9.999674404105086678e-01,3.394239748711350146e-01,0.000000000000000000e+00,0.000000000000000000e+00,0.000000000000000000e+00,1.000000000000000056e-01
9.962126650565971131e-01,-8.676154075636904883e-02,5.723724872254203240e-03,2.516505382558471382e+01,8.677897204995041469e-02,9.962234543591852454e-01,-2.870364890788455834e-03,1.768467858746057830e+00,-5.453071683580875371e-03,3.356192818248209236e-03,9.999794997793607365e-01,3.448662633409069755e-01,0.000000000000000000e+00,0.000000000000000000e+00,0.000000000000000000e+00,1.000000000000000056e-01
9.965052387966594205e-01,-8.352687583582880937e-02,7.550257736734296721e-04,2.610855601967129402e+01,8.352928492900181523e-02,9.964968628220304270e-01,-4.106208117120414142e-03,1.868524326330618601e+00,-4.094020792605598206e-04,4.154924663277766855e-03,9.999912844575096216e-01,3.474339280893691262e-01,0.000000000000000000e+00,0.000000000000000000e+00,0.000000000000000000e+00,1.000000000000000056e-01
9.965365717812608715e-01,-8.314819182419452837e-02,-1.113237988375116987e-03,2.706234791335488055e+01,8.314142854380637826e-02,9.965244544281822714e-01,-5.149231623138300282e-03,1.953280692667803020e+00,1.537518177762152525e-03,5.038841432367158202e-03,9.999861229611501923e-01,3.563928508464953016e-01,0.000000000000000000e+00,0.000000000000000000e+00,0.000000000000000000e+00,1.000000000000000056e-01
9.966246048047026074e-01,-8.206823996627544970e-02,2.049655265716010880e-03,2.804123286571157081e+01,8.208139249747097022e-02,9.965975782799786353e-01,-7.477430852773033799e-03,2.033905424569176557e+00,-1.429021884564773580e-03,7.620430126949159604e-03,9.999699430188557780e-01,3.640657784785770734e-01,0.000000000000000000e+00,0.000000000000000000e+00,0.000000000000000000e+00,1.000000000000000056e-01
9.966254540952014240e-01,-8.169927956779303446e-02,7.932967139550261074e-03,2.904257933055577467e+01,8.176917864697062777e-02,9.966113123487310155e-01,-8.927122825406683115e-03,2.109714052720702782e+00,-7.176745288317618043e-03,9.545670046869004360e-03,9.999286847122763611e-01,3.820322564812559940e-01,0.000000000000000000e+00,0.000000000000000000e+00,0.000000000000000000e+00,1.000000000000000056e-01
9.967616639899579134e-01,-7.976049807698766536e-02,1.021998759691493744e-02,2.998445759260846089e+01,7.987322667209760529e-02,9.967427563612041297e-01,-1.114205108842487510e-02,2.179232761209439317e+00,-9.298003062914301370e-03,1.192227276907391331e-02,9.998856967429136100e-01,3.871358791668546573e-01,0.000000000000000000e+00,0.000000000000000000e+00,0.000000000000000000e+00,1.000000000000000056e-01
9.966525915508829270e-01,-8.122635183147682014e-02,9.267767965267332750e-03,3.088842135691437818e+01,8.139032281001791491e-02,9.965020930668335719e-01,-1.895241056701899712e-02,2.242784080722961981e+00,-7.695915006675361873e-03,1.964327573417727624e-02,9.997774325371827642e-01,3.991642308714440923e-01,0.000000000000000000e+00,0.000000000000000000e+00,0.000000000000000000e+00,1.000000000000000056e-01
9.966591571471140609e-01,-8.134875235010263772e-02,7.273579991020856159e-03,3.182336487041725093e+01,8.149604985580030658e-02,9.964085701627544145e-01,-2.298597755407002369e-02,2.319204052201785160e+00,-5.377576843246452062e-03,2.350195305282030273e-02,9.997093276898030290e-01,4.076452173698951742e-01,0.000000000000000000e+00,0.000000000000000000e+00,0.000000000000000000e+00,1.000000000000000056e-01
9.968370758558480205e-01,-7.939008681987846927e-02,3.613628909357211733e-03,3.279194429748061168e+01,7.945554215646508101e-02,9.965295694258051729e-01,-2.481197454136837080e-02,2.386528953171086265e+00,-1.631263248094535134e-03,2.502061899217264754e-02,9.996856043804291936e-01,4.074209019876461890e-01,0.000000000000000000e+00,0.000000000000000000e+00,0.000000000000000000e+00,1.000000000000000056e-01
9.966973303864470335e-01,-8.109630780329059319e-02,4.221428810673144225e-03,3.373780710852972220e+01,8.117764790027072463e-02,9.963770100456034173e-01,-2.535829911415809698e-02,2.463900026937090093e+00,-2.149670186169199641e-03,2.561723469185126292e-02,9.996695134917505943e-01,4.099076526455084357e-01,0.000000000000000000e+00,0.000000000000000000e+00,0.000000000000000000e+00,1.000000000000000056e-01
9.966814131322103698e-01,-8.122709699383513782e-02,5.321600392211231489e-03,3.469968511546893097e+01,8.133832946906331685e-02,9.963503285723793734e-01,-2.588626880981025405e-02,2.552867237898154507e+00,-3.199511831887616453e-03,2.623321306408632134e-02,9.996507298333612290e-01,4.263428142732247905e-01,0.000000000000000000e+00,0.000000000000000000e+00,0.000000000000000000e+00,1.000000000000000056e-01
9.966204542372352204e-01,-8.194178685772189608e-02,5.763138253644791917e-03,3.567161478578356792e+01,8.205967463586873178e-02,9.963235878992171557e-01,-2.460727523083948778e-02,2.633527494549414261e+00,-3.725586480315859483e-03,2.499703506807553557e-02,9.996805831080161076e-01,4.291434175696411391e-01,0.000000000000000000e+00,0.000000000000000000e+00,0.000000000000000000e+00,1.000000000000000056e-01
9.966953882097984163e-01,-8.109809738205832341e-02,4.626199555724247112e-03,3.663467266881108486e+01,8.118455009250259702e-02,9.964252779553810502e-01,-2.336095626937498629e-02,2.709561086171781152e+00,-2.715133071717815063e-03,2.365933330742643267e-02,9.997163917831151103e-01,4.465128570465312086e-01,0.000000000000000000e+00,0.000000000000000000e+00,0.000000000000000000e+00,1.000000000000000056e-01
9.965128620286809458e-01,-8.316485318144578587e-02,6.761878933829758992e-03,3.762587462391155668e+01,8.329925981489502695e-02,9.962614147126632735e-01,-2.290036831610664167e-02,2.804742642166116795e+00,-4.832093303922950153e-03,2.338377108234030236e-02,9.997148844166875437e-01,4.586383870470793767e-01,0.000000000000000000e+00,0.000000000000000000e+00,0.000000000000000000e+00,1.000000000000000056e-01
9.966681934205801063e-01,-8.096659323679016029e-02,9.844948114914152046e-03,3.861161083403344918e+01,8.117199523512234893e-02,9.964427556247211770e-01,-2.264822184105186667e-02,2.890243520936341959e+00,-7.976177863266429788e-03,2.337189642798352326e-02,9.996950210159362138e-01,4.817692438955877843e-01,0.000000000000000000e+00,0.000000000000000000e+00,0.000000000000000000e+00,1.000000000000000056e-01
9.967103815253159915e-01,-8.023993009256290276e-02,1.140039378266118758e-02,3.960412111785022660e+01,8.043281422268787340e-02,9.966044819117947373e-01,-1.760877705980094798e-02,2.976903834054353659e+00,-9.948756499065545406e-03,1.846781665665470779e-02,9.997799567865213177e-01,4.874424570794492761e-01,0.000000000000000000e+00,0.000000000000000000e+00,0.000000000000000000e+00,1.000000000000000056e-01
9.965822893623317302e-01,-8.202769684305838416e-02,9.756919593653339343e-03,4.060000281845679382e+01,8.220307204236934617e-02,9.964309137725601007e-01,-1.918564633203442144e-02,3.057481785940956875e+00,-8.148341925247137504e-03,1.992212410874357603e-02,9.997683299119176636e-01,5.022526868697342328e-01,0.000000000000000000e+00,0.000000000000000000e+00,0.000000000000000000e+00,1.000000000000000056e-01
9.965694661635802198e-01,-8.233036763773972366e-02,8.426723863479725768e-03,4.160632392450219186e+01,8.245059269156727877e-02,9.964810203581492276e-01,-1.508230190624457179e-02,3.134878085320972563e+00,-7.155338932992144282e-03,1.572534993621617708e-02,9.998507461087067227e-01,5.281310989360388231e-01,0.000000000000000000e+00,0.000000000000000000e+00,0.000000000000000000e+00,1.000000000000000056e-01
9.964925644059693388e-01,-8.342480069012660204e-02,6.547649458213971978e-03,4.263105338223356000e+01,8.350866210501155240e-02,9.964115621104538967e-01,-1.379500801145311720e-02,3.193264090615861139e+00,-5.373307830936475786e-03,1.429340835552186245e-02,9.998834062232136999e-01,5.336323356454130140e-01,0.000000000000000000e+00,0.000000000000000000e+00,0.000000000000000000e+00,1.000000000000000056e-01
9.965655439585818787e-01,-8.238490421252582518e-02,8.357281401786533989e-03,4.365061648073201184e+01,8.250103039942117966e-02,9.964831526203887790e-01,-1.465969054123111848e-02,3.280219694409364006e+00,-7.120152917563391838e-03,1.529882680547177756e-02,9.998576145235914536e-01,5.469203666882074266e-01,0.000000000000000000e+00,0.000000000000000000e+00,0.000000000000000000e+00,1.000000000000000056e-01
9.966551441153349566e-01,-8.122297128843644631e-02,9.019570029599379563e-03,4.464135051664469245e+01,8.137175802186349949e-02,9.965287891329787096e-01,-1.757866393075748976e-02,3.368119588526452102e+00,-7.560469884359786140e-03,1.825380410317395743e-02,9.998047999139084707e-01,5.651882285567459974e-01,0.000000000000000000e+00,0.000000000000000000e+00,0.000000000000000000e+00,1.000000000000000056e-01
9.965021542060378268e-01,-8.294336247470342205e-02,1.019094127723433815e-02,4.562243832923434894e+01,8.310317012780231438e-02,9.964058193200159286e-01,-1.641055574675210488e-02,3.461823490754617261e+00,-8.793166519270662757e-03,1.720005368008119262e-02,9.998134017785351713e-01,5.765171054362405734e-01,0.000000000000000000e+00,0.000000000000000000e+00,0.000000000000000000e+00,1.000000000000000056e-01
9.958578399237324463e-01,-9.050029980628394866e-02,8.766892118101360376e-03,4.653474321533914093e+01,9.062867105153420144e-02,9.957632057992416019e-01,-1.555898325244661588e-02,3.533614750565392981e+00,-7.321655951389345607e-03,1.628906723510671270e-02,9.998405171039728145e-01,5.878192984541416033e-01,0.000000000000000000e+00,0.000000000000000000e+00,0.000000000000000000e+00,1.000000000000000056e-01
9.960805525702953744e-01,-8.836341265930405808e-02,3.929388560130936230e-03,4.748230427708659818e+01,8.841397131219241867e-02,9.959642832605537510e-01,-1.543101247807058575e-02,3.629797587997948050e+00,-2.549993737592405954e-03,1.571794428330554674e-02,9.998732138423577220e-01,5.870322448858982245e-01,0.000000000000000000e+00,0.000000000000000000e+00,0.000000000000000000e+00,1.000000000000000056e-01
9.962399124560902264e-01,-8.660324159523639931e-02,2.432154328738009644e-03,4.843211033159185064e+01,8.663299927659461053e-02,9.960793700665203643e-01,-1.790564057009660578e-02,3.721025257564900102e+00,-8.719322354643747365e-04,1.804901861822538409e-02,9.998367230008586848e-01,5.913730632060499870e-01,0.000000000000000000e+00,0.000000000000000000e+00,0.000000000000000000e+00,1.000000000000000056e-01
9.963973195734315835e-01,-8.470434154020621553e-02,4.189996553814441874e-03,4.940498898458733379e+01,8.476621300560503725e-02,9.962402914090969785e-01,-1.788773059406448956e-02,3.827276827380183377e+00,-2.659074946156377191e-03,1.817845695755090918e-02,9.998312222685752371e-01,6.034532943465789057e-01,0.000000000000000000e+00,0.000000000000000000e+00,0.000000000000000000e+00,1.000000000000000056e-01
9.964864357182029453e-01,-8.356947658024663217e-02,5.561116231067204929e-03,5.042213053459239802e+01,8.365308465280463235e-02,9.963491588366135687e-01,-1.704450391308932541e-02,3.924917213273782401e+00,-4.116413208429607964e-03,1.744982147978089634e-02,9.998392665186845996e-01,6.276830613454005281e-01,0.000000000000000000e+00,0.000000000000000000e+00,0.000000000000000000e+00,1.000000000000000056e-01
9.965933627023330077e-01,-8.229880427227179163e-02,5.345674233482892654e-03,5.136689016406119634e+01,8.238396745431209034e-02,9.964313116168943552e-01,-1.837180274013755846e-02,4.011051329061084303e+00,-3.814619790106627689e-03,1.874961452377023677e-02,9.998169335588725781e-01,6.355956072004688151e-01,0.000000000000000000e+00,0.000000000000000000e+00,0.000000000000000000e+00,1.000000000000000056e-01
9.967062089892622101e-01,-8.097772702929968702e-02,4.397804841202459201e-03,5.232298948821087237e+01,8.104985296523885274e-02,9.965102934697438464e-01,-1.995385534572379285e-02,4.098505259814932522e+00,-2.766639941561168867e-03,2.024457295210576116e-02,9.997912296921895869e-01,6.520386966573910037e-01,0.000000000000000000e+00,0.000000000000000000e+00,0.000000000000000000e+00,1.000000000000000056e-01
9.966686885802616969e-01,-8.146455808493761885e-02,3.879559218158573977e-03,5.330671607736889683e+01,8.153040796901066256e-02,9.964292188808578921e-01,-2.194548556970539466e-02,4.186865024974895100e+00,-2.077926877456354009e-03,2.218868036881174038e-02,9.997516415007192681e-01,6.748428147582270498e-01,0.000000000000000000e+00,0.000000000000000000e+00,0.000000000000000000e+00,1.000000000000000056e-01
9.966533043033993788e-01,-8.161302185550665944e-02,4.637422207244971603e-03,5.426408721617519149e+01,8.170080800658389986e-02,9.963724817004399048e-01,-2.380873119630360843e-02,4.266185884534857919e+00,-2.677497373849595415e-03,2.410793175946700576e-02,9.997057760331756748e-01,6.755086238243520613e-01,0.000000000000000000e+00,0.000000000000000000e+00,0.000000000000000000e+00,1.000000000000000056e-01
9.965706225957300379e-01,-8.226025221019889200e-02,8.957962127267687577e-03,5.521364738551766749e+01,8.247044806071596179e-02,9.962442815895310444e-01,-2.638098930714989632e-02,4.338927000431421099e+00,-6.754211710025314133e-03,2.702928608886435990e-02,9.996118238184772409e-01,6.931755899360739770e-01,0.000000000000000000e+00,0.000000000000000000e+00,0.000000000000000000e+00,1.000000000000000056e-01
9.963516412245223552e-01,-8.430743778742266770e-02,1.325379051141404967e-02,5.616317228919034221e+01,8.462347330619401919e-02,9.960883761387067103e-01,-2.543255171920745863e-02,4.426563236176609628e+00,-1.105779339635452711e-02,2.646134643350843765e-02,9.995886765815874542e-01,7.198535834597690197e-01,0.000000000000000000e+00,0.000000000000000000e+00,0.000000000000000000e+00,1.000000000000000056e-01
9.961934986586817864e-01,-8.603900409902502655e-02,1.399296265352546927e-02,5.712014706548625753e+01,8.633736457911299345e-02,9.960155636893526232e-01,-2.233509270440670047e-02,4.501102777053411330e+00,-1.201551945228867928e-02,2.345818966222824875e-02,9.996526099751166239e-01,7.180168251122119871e-01,0.000000000000000000e+00,0.000000000000000000e+00,0.000000000000000000e+00,1.000000000000000056e-01
9.961834979393888734e-01,-8.682408839843791526e-02,8.945172274688904801e-03,5.801543070586055961e+01,8.700812080881953348e-02,9.959468446098546091e-01,-2.279187629380007366e-02,4.583256107752595732e+00,-6.930032219368811343e-03,2.348319368089142947e-02,9.997002121976289457e-01,7.307594924545726123e-01,0.000000000000000000e+00,0.000000000000000000e+00,0.000000000000000000e+00,1.000000000000000056e-01
9.959960408743587790e-01,-8.931214154526963267e-02,3.902298707227872410e-03,5.894483995301560242e+01,8.937551564096664347e-02,9.957683841419623372e-01,-2.138556399108181363e-02,4.660206899766547117e+00,-1.975795159938646770e-03,2.164870702612630218e-02,9.997636869368595747e-01,7.461236943850354519e-01,0.000000000000000000e+00,0.000000000000000000e+00,0.000000000000000000e+00,1.000000000000000056e-01
9.959940176339487916e-01,-8.941987423494629494e-02,5.412200703816430307e-05,5.989341173281410136e+01,8.940124548672720439e-02,9.957737990473363165e-01,-2.102280752556627205e-02,4.761035819269885394e+00,1.825963528441158779e-03,2.094342910417141754e-02,9.997789948956475881e-01,7.602439036386395843e-01,0.000000000000000000e+00,0.000000000000000000e+00,0.000000000000000000e+00,1.000000000000000056e-01
9.959637544456302338e-01,-8.975620115442742297e-02,-1.555149198743136993e-04,6.079862344990808509e+01,8.974023260002836344e-02,9.958163919736420233e-01,-1.721639130278103738e-02,4.852278652094210720e+00,1.700142187333058760e-03,1.713294577484060152e-02,9.998517748574631270e-01,7.704193565393183674e-01,0.000000000000000000e+00,0.000000000000000000e+00,0.000000000000000000e+00,1.000000000000000056e-01
9.958058751060092639e-01,-9.149128949845335146e-02,5.522920694450738407e-05,6.173882199868560861e+01,9.148056109053261109e-02,9.956794911931650116e-01,-1.592663680383970409e-02,4.944552057828738967e+00,1.402157949887310965e-03,1.586489089878304060e-02,9.998731615509305337e-01,7.897210970175873035e-01,0.000000000000000000e+00,0.000000000000000000e+00,0.000000000000000000e+00,1.000000000000000056e-01
9.956678899589338494e-01,-9.296418140389345330e-02,1.764619117115536059e-03,6.262254148591929237e+01,9.297937383267373956e-02,9.955816470486259506e-01,-1.311564339363441474e-02,5.031006742064764836e+00,-5.375373553567713934e-04,1.322289816375637507e-02,9.999124291745464799e-01,8.126597759805128662e-01,0.000000000000000000e+00,0.000000000000000000e+00,0.000000000000000000e+00,1.000000000000000056e-01
9.955444122250977079e-01,-9.428227178055194335e-02,1.475301759962595501e-03,6.344789777820166421e+01,9.429297418352154680e-02,9.954797113557666277e-01,-1.135690532959495076e-02,5.120792295657307314e+00,-3.978781352993494705e-04,1.144541423181274185e-02,9.999344199426538626e-01,8.297785633703773644e-01,0.000000000000000000e+00,0.000000000000000000e+00,0.000000000000000000e+00,1.000000000000000056e-01
9.953252060967775483e-01,-9.654126587326146425e-02,2.741913929261498815e-03,6.426583246899792812e+01,9.656416843461886057e-02,9.952760922156153045e-01,-1.004298952227468573e-02,5.205478905552548774e+00,-1.759398459074648429e-03,1.026081125458426328e-02,9.999458086663797207e-01,8.431742927408503174e-01,0.000000000000000000e+00,0.000000000000000000e+00,0.000000000000000000e+00,1.000000000000000056e-01
9.953653692109096784e-01,-9.609919623489504570e-02,3.567388209412544493e-03,6.505505026067014285e+01,9.613268937534946712e-02,9.953093422857648420e-01,-1.085445494443513896e-02,5.289198515280194357e+00,-2.507550416660292523e-03,1.114709117596760467e-02,9.999347251442078921e-01,8.590885543203993224e-01,0.000000000000000000e+00,0.000000000000000000e+00,0.000000000000000000e+00,1.000000000000000056e-01
9.952866604102972303e-01,-9.691770246471435868e-02,3.379727545054517484e-03,6.585052400207653989e+01,9.695104565392149987e-02,9.952200279118489368e-01,-1.172991004867242858e-02,5.367928955177155181e+00,-2.226736609688504103e-03,1.200229111877476433e-02,9.999254905501565593e-01,8.729715849074076717e-01,0.000000000000000000e+00,0.000000000000000000e+00,0.000000000000000000e+00,1.000000000000000056e-01
9.953034202931514418e-01,-9.671433835938500478e-02,4.175920073547495850e-03,6.659462095990456021e+01,9.675915495963793855e-02,9.952311253043445438e-01,-1.235609796597271146e-02,5.443588569057395965e+00,-2.960993794494882082e-03,1.270212506450533671e-02,9.999149406497507275e-01,8.910931484361542809e-01,0.000000000000000000e+00,0.000000000000000000e+00,0.000000000000000000e+00,1.000000000000000056e-01
9.953250143964047503e-01,-9.642484238173439082e-02,5.510488948757255936e-03,6.739470898586000658e+01,9.648158797084128990e-02,9.952720111853140539e-01,-1.117707178847994302e-02,5.533422325319740764e+00,-4.406688033150573183e-03,1.165647986305032129e-02,9.999223507741892281e-01,8.944396586797507265e-01,0.000000000000000000e+00,0.000000000000000000e+00,0.000000000000000000e+00,1.000000000000000056e-01
9.950821563656770952e-01,-9.862066601455975190e-02,9.244799482893190437e-03,6.814082791287401619e+01,9.871722962360159059e-02,9.950585846077840690e-01,-1.064527001980494769e-02,5.609098128910514625e+00,-8.149273469172482395e-03,1.150553923977932005e-02,9.999006010142841294e-01,9.039496828022902664e-01,0.000000000000000000e+00,0.000000000000000000e+00,0.000000000000000000e+00,1.000000000000000056e-01
9.949176574797521377e-01,-9.993961010521944244e-02,1.228532323625590450e-02,6.886951550066949324e+01,1.000666960614335771e-01,9.949284010607400974e-01,-1.020456280630081813e-02,5.688356377531025743e+00,-1.120317697580651764e-02,1.138205142914870335e-02,9.998724607323240532e-01,9.184909774500502611e-01,0.000000000000000000e+00,0.000000000000000000e+00,0.000000000000000000e+00,1.000000000000000056e-01
9.948657188036491572e-01,-1.008700353373037650e-01,8.212035091844573087e-03,6.956070162880563146e+01,1.009220028679069237e-01,9.948751469180421303e-01,-6.179917631669793777e-03,5.768556001598962979e+00,-7.546581108606828514e-03,6.976963225869004144e-03,9.999471841541012207e-01,9.330654442116733671e-01,0.000000000000000000e+00,0.000000000000000000e+00,0.000000000000000000e+00,1.000000000000000056e-01
9.948610174537024786e-01,-1.012035440567993494e-01,3.065717098382801827e-03,7.026076294087398821e+01,1.012237700464605483e-01,9.948363180761025104e-01,-7.378930435040096519e-03,5.846271226703753321e+00,-2.303112799043461126e-03,7.651333682918285903e-03,9.999680758725788543e-01,9.359990137783875674e-01,0.000000000000000000e+00,0.000000000000000000e+00,0.000000000000000000e+00,1.000000000000000056e-01
9.949027782809444220e-01,-1.008360581050455063e-01,-7.423979348973915992e-04,7.101298347121016263e+01,1.008257919600824837e-01,9.948657757280725544e-01,-8.732007821955991081e-03,5.925074992055590073e+00,1.619087545509078621e-03,8.612645982299394973e-03,9.999615997050604888e-01,9.641345303242604414e-01,0.000000000000000000e+00,0.000000000000000000e+00,0.000000000000000000e+00,1.000000000000000056e-01
9.947090978174284448e-01,-1.027273254974762073e-01,-9.525310352762839062e-04,7.174320819872625066e+01,1.027171012966184849e-01,9.946811191605062774e-01,-7.659522623695048937e-03,6.006813350565688658e+00,1.734306909923333858e-03,7.521155611889237050e-03,9.999702117552321523e-01,9.746225174962905857e-01,0.000000000000000000e+00,0.000000000000000000e+00,0.000000000000000000e+00,1.000000000000000056e-01
9.945504409140569768e-01,-1.042511552788112361e-01,1.056929840616172012e-03,7.242260747800754928e+01,1.042557934109645812e-01,9.945301320320859562e-01,-6.367575715443757507e-03,6.093930596751083506e+00,-3.873214492763382873e-04,6.443066294461394401e-03,9.999791682224286049e-01,9.856242117383324786e-01,0.000000000000000000e+00,0.000000000000000000e+00,0.000000000000000000e+00,1.000000000000000056e-01
9.944616016012994830e-01,-1.050250122318359264e-01,3.983685012768424169e-03,7.303407473657455284e+01,1.050461418617616577e-01,9.944519830351259415e-01,-5.528247232556160115e-03,6.150823465560605108e+00,-3.380979227515046835e-03,5.916100337919595609e-03,9.999767840986383272e-01,1.001625662595974742e+00,0.000000000000000000e+00,0.000000000000000000e+00,0.000000000000000000e+00,1.000000000000000056e-01
9.943887682020352559e-01,-1.057842956452699212e-01,8.126921146056492479e-04,7.360472861405612832e+01,1.057873723407188327e-01,9.943660892897203674e-01,-6.716570844853783119e-03,6.205665972905422656e+00,-9.760576382259969095e-05,6.764855172282010880e-03,9.999771133419068647e-01,1.011900754864756058e+00,0.000000000000000000e+00,0.000000000000000000e+00,0.000000000000000000e+00,1.000000000000000056e-01
9.945624793959273457e-01,-1.041263926271011747e-01,-1.780150637553701547e-03,7.423843274866347031e+01,1.040995086536650044e-01,9.945011650874659992e-01,-1.143350067731334352e-02,6.262393110024484066e+00,2.960891063706507734e-03,1.118601797510492338e-02,9.999330508218885472e-01,1.030966767265249828e+00,0.000000000000000000e+00,0.000000000000000000e+00,0.000000000000000000e+00,1.000000000000000056e-01
9.946305795146647144e-01,-1.033870898058590337e-01,-4.595645308052291773e-03,7.485501913805586582e+01,1.033030088914510813e-01,9.945243209300852483e-01,-1.580706906815861415e-02,6.316194394956439417e+00,6.204727898543369209e-03,1.524745027957125250e-02,9.998644991255950520e-01,1.052505386295832679e+00,0.000000000000000000e+00,0.000000000000000000e+00,0.000000000000000000e+00,1.000000000000000056e-01
9.951786887882819732e-01,-9.794835834347884185e-02,-5.049403871078625081e-03,7.544027303891449776e+01,9.786755580090908402e-02,9.950963119972063842e-01,-1.432729461951510498e-02,6.369814692252113275e+00,6.427978157379618876e-03,1.376404545821833560e-02,9.998846094172229026e-01,1.065760230242925211e+00,0.000000000000000000e+00,0.000000000000000000e+00,0.000000000000000000e+00,1.000000000000000056e-01
9.955502873458920154e-01,-9.413429606117663939e-02,-4.284818616772383300e-03,7.599925256396723228e+01,9.408379707390192304e-02,9.955061063794147236e-01,-1.076249457394868637e-02,6.447210359530024526e+00,5.278682948305996915e-03,1.031147256041432640e-02,9.999329022689308344e-01,1.069203878945342856e+00,0.000000000000000000e+00,0.000000000000000000e+00,0.000000000000000000e+00,1.000000000000000056e-01
9.961745087489854988e-01,-8.737685753014259871e-02,-1.277844620703873051e-03,7.654674546558504744e+01,8.734935719628417194e-02,9.960726198133923459e-01,-1.447155331957089043e-02,6.485406665324188857e+00,2.537304891702965148e-03,1.430457361274306734e-02,9.998944650600103401e-01,1.086880784761387719e+00,0.000000000000000000e+00,0.000000000000000000e+00,0.000000000000000000e+00,1.000000000000000056e-01
9.968240441052557133e-01,-7.961569888668101891e-02,1.779208933340848189e-03,7.710102386544322428e+01,7.963432451001595247e-02,9.966848492028200779e-01,-1.666390498608250753e-02,6.510053008375717987e+00,-4.466021457789263018e-04,1.675266726038128484e-02,9.998595644820258421e-01,1.101556300975779168e+00,0.000000000000000000e+00,0.000000000000000000e+00,0.000000000000000000e+00,1.000000000000000056e-01
9.974483218451569710e-01,-7.132748850912763727e-02,3.038853609559146862e-03,7.763028655715531556e+01,7.137314700955359192e-02,9.972616057045338156e-01,-1.936914230335551323e-02,6.541647152129181464e+00,-1.648979755095725166e-03,1.953661103147757289e-02,9.998077823737780978e-01,1.115751883494111585e+00,0.000000000000000000e+00,0.000000000000000000e+00,0.000000000000000000e+00,1.000000000000000056e-01
9.982509339902451151e-01,-5.900156301122375102e-02,3.726707640262623845e-03,7.810820478818789070e+01,5.905454617313361798e-02,9.981230149565919474e-01,-1.621750875591599500e-02,6.573148642988088319e+00,-2.762854301013445858e-03,1.640922229100377772e-02,9.998615424447105937e-01,1.127285912857185046e+00,0.000000000000000000e+00,0.000000000000000000e+00,0.000000000000000000e+00,1.000000000000000056e-01
9.989981803660604731e-01,-4.464291614402397801e-02,3.105746843803997102e-03,7.859261498074627639e+01,4.467798181079943309e-02,9.989254042307997850e-01,-1.232536910795034579e-02,6.603449333790196718e+00,-2.552169001855067714e-03,1.245177981217887239e-02,9.999192165434640511e-01,1.132667030788640172e+00,0.000000000000000000e+00,0.000000000000000000e+00,0.000000000000000000e+00,1.000000000000000056e-01
9.996305026034767449e-01,-2.709199710509177170e-02,2.209515236005617396e-03,7.905702614055380195e+01,2.710729480342499373e-02,9.996064885379020160e-01,-7.215444640867070894e-03,6.615028150884573854e+00,-2.013164961112248394e-03,7.272672533732576355e-03,9.999715272951807954e-01,1.132337121686037618e+00,0.000000000000000000e+00,0.000000000000000000e+00,0.000000000000000000e+00,1.000000000000000056e-01
9.999814930638398769e-01,-4.868226907315292146e-03,3.648821260688435257e-03,7.953898753119401022e+01,4.893874526926833210e-03,9.999631493807020766e-01,-7.053358968769323466e-03,6.633203772002993936e+00,-3.614349447446554842e-03,7.071085306126166474e-03,9.999684676181870291e-01,1.147005131604421191e+00,0.000000000000000000e+00,0.000000000000000000e+00,0.000000000000000000e+00,1.000000000000000056e-01
9.997872106456392460e-01,2.008752323549063343e-02,4.693062931154799548e-03,8.001777852353107789e+01,-2.004296901843219750e-02,9.997553495212491148e-01,-9.355238990595938706e-03,6.618694580475730227e+00,-4.879838351659049160e-03,9.259185380400552709e-03,9.999452258317718112e-01,1.161190280569089017e+00,0.000000000000000000e+00,0.000000000000000000e+00,0.000000000000000000e+00,1.000000000000000056e-01
9.987941948073199017e-01,4.870856502489867568e-02,6.134501806405260813e-03,8.049065093355314104e+01,-4.863953325482471557e-02,9.987564826224870629e-01,-1.094002853335375967e-02,6.610804462181238961e+00,-6.659746537997720400e-03,1.062845768552574295e-02,9.999213387378412810e-01,1.167774486187188598e+00,0.000000000000000000e+00,0.000000000000000000e+00,0.000000000000000000e+00,1.000000000000000056e-01
9.967181926547906690e-01,8.042487546393821407e-02,9.202382168631770276e-03,8.099140558776120713e+01,-8.032053633763987233e-02,9.967062028532202023e-01,-1.119627778993071907e-02,6.567521714128233157e+00,-1.007253063541599034e-02,1.042039349187228250e-02,9.998949742478322467e-01,1.173451335274684704e+00,0.000000000000000000e+00,0.000000000000000000e+00,0.000000000000000000e+00,1.000000000000000056e-01
