1.000000000000000000e+00,-1.654322443036726278e-09,-9.058246280346971657e-10,5.441151044180235748e-15,1.654322442797961007e-09,1.000000000000000000e+00,-2.635890043421113916e-10,3.185380641073910652e-15,9.058246284707584537e-10,2.635890028435854104e-10,1.000000000000000000e+00,1.547556216894077454e-15,0.000000000000000000e+00,0.000000000000000000e+00,0.000000000000000000e+00,1.000000000000000056e-01
9.999537808664047400e-01,-9.585420788137889031e-03,-7.455463074643525149e-04,6.548925332365864715e-01,9.582827510869352389e-03,9.999482780197718190e-01,-3.407448046571795886e-03,1.696939172234011167e-02,7.781695696730877784e-04,3.400146115609516042e-03,9.999939167107534388e-01,1.025593670118962915e-02,0.000000000000000000e+00,0.000000000000000000e+00,0.000000000000000000e+00,1.000000000000000056e-01
9.998272583603746710e-01,-1.821698885256855735e-02,-3.687106822685846854e-03,1.336744701943147762e+00,1.820299735372549535e-02,9.998271157498258566e-01,-3.793349275312127809e-03,1.424166476658431622e-02,3.755572781449754722e-03,3.725577610202385030e-03,9.999860077743856213e-01,1.674473933402972556e-02,0.000000000000000000e+00,0.000000000000000000e+00,0.000000000000000000e+00,1.000000000000000056e-01
9.996935352117971574e-01,-2.389424290336581921e-02,-6.473083640294998581e-03,2.076928147771141209e+00,2.387386888638040952e-02,9.997098356213187653e-01,-3.206703352623430005e-03,2.519374054821916023e-02,6.547827130828982184e-03,3.051183060840661782e-03,9.999739077804949972e-01,1.674813976614221780e-02,0.000000000000000000e+00,0.000000000000000000e+00,0.000000000000000000e+00,1.000000000000000056e-01
9.994307606579394543e-01,-3.285546648061350716e-02,-7.659828525093614893e-03,2.816737282257042896e+00,3.284075507835251817e-02,9.994585179417093679e-01,-2.038558227169107954e-03,5.898683034479479392e-02,7.722658646879227567e-03,1.785843247090344345e-03,9.999685851602142517e-01,3.260668942946049614e-02,0.000000000000000000e+00,0.000000000000000000e+00,0.000000000000000000e+00,1.000000000000000056e-01
9.992373477895124534e-01,-3.818111358964413476e-02,-8.180791381993249289e-03,3.519832656655802694e+00,3.814732620749430175e-02,9.992631001920971867e-01,-4.247128170621825016e-03,8.881859217406222473e-02,8.336923041507654508e-03,3.931813771449922321e-03,9.999575173749466472e-01,4.294181809401646788e-02,0.000000000000000000e+00,0.000000000000000000e+00,0.000000000000000000e+00,1.000000000000000056e-01
9.990115611992266276e-01,-4.291656070776556087e-02,-1.157883445345423735e-02,4.243720513363500757e+00,4.287113202671952172e-02,9.990720176255256657e-01,-4.143625997705673893e-03,1.303936120541637489e-01,1.174591967584528822e-02,3.643132536424083419e-03,9.999243776187730637e-01,6.456976841381405208e-02,0.000000000000000000e+00,0.000000000000000000e+00,0.000000000000000000e+00,1.000000000000000056e-01
9.985010076254624556e-01,-5.290613751306595669e-02,-1.402420708577855300e-02,5.020128980067431357e+00,5.286264944539843802e-02,9.985958193770174685e-01,-3.453956623362288651e-03,1.611734717478161272e-01,1.418725007001577811e-02,2.707422425796700543e-03,9.998956904593894190e-01,8.055205222570235857e-02,0.000000000000000000e+00,0.000000000000000000e+00,0.000000000000000000e+00,1.000000000000000056e-01
9.980676227666267497e-01,-6.032768690151917718e-02,-1.488591878544264294e-02,5.791262185775427618e+00,6.027580995183581120e-02,9.981741032911300993e-01,-3.909763880152457988e-03,2.332708964919288086e-01,1.509460564654450596e-02,3.004947929772783070e-03,9.998815545694973439e-01,9.124568109714509268e-02,0.000000000000000000e+00,0.000000000000000000e+00,0.000000000000000000e+00,1.000000000000000056e-01
9.977994302581593145e-01,-6.508534870776745695e-02,-1.265679106570459858e-02,6.583530596017828529e+00,6.504505850390572552e-02,9.978759428681271970e-01,-3.569735182003447131e-03,2.985153025310661179e-01,1.286224477748994580e-02,2.738618015435079385e-03,9.999135275765846931e-01,1.193589718222005103e-01,0.000000000000000000e+00,0.000000000000000000e+00,0.000000000000000000e+00,1.000000000000000056e-01
9.974710883982239595e-01,-6.978577246841942416e-02,-1.346750795984414349e-02,7.379032830107395746e+00,6.972140613438988777e-02,9.975529919647742050e-01,-5.191699988501729396e-03,3.553245908526701524e-01,1.379685965377381619e-02,4.239597046081445414e-03,9.998958308146809193e-01,1.371710569081011633e-01,0.000000000000000000e+00,0.000000000000000000e+00,0.000000000000000000e+00,1.000000000000000056e-01
9.972045590993933173e-01,-7.342119752503645236e-02,-1.387065482859653649e-02,8.192312460233917903e+00,7.336392645707665028e-02,9.972946539384145437e-01,-4.594292182541829563e-03,4.275524842351728916e-01,1.417044834100651511e-02,3.563843409508763403e-03,9.998932430084560563e-01,1.601003891825098224e-01,0.000000000000000000e+00,0.000000000000000000e+00,0.000000000000000000e+00,1.000000000000000056e-01
9.965919911141766230e-01,-8.098553535632020683e-02,-1.567629771760789895e-02,9.034670538749486113e+00,8.091657082095828069e-02,9.967084082995264493e-01,-4.985718764771432041e-03,4.903026690068034155e-01,1.602846884944753372e-02,3.700255136441628779e-03,9.998646889945996818e-01,1.841582870554633322e-01,0.000000000000000000e+00,0.000000000000000000e+00,0.000000000000000000e+00,1.000000000000000056e-01
9.965366260590006187e-01,-8.123496004848790308e-02,-1.776609661304989068e-02,9.784038411126797286e+00,8.111628679582022494e-02,9.966778921170061922e-01,-7.302559938792933282e-03,5.667910999620385804e-01,1.830029888832118007e-02,5.836148654891925615e-03,9.998155021950180243e-01,2.160172928016958205e-01,0.000000000000000000e+00,0.000000000000000000e+00,0.000000000000000000e+00,1.000000000000000056e-01
9.964481184018582072e-01,-8.261963032158656239e-02,-1.628324350124266129e-02,1.054121793259738560e+01,8.256248745014133084e-02,9.965772406624269220e-01,-4.151994666235061041e-03,6.429218515708914339e-01,1.657054614192434577e-02,2.792862185565535282e-03,9.998587984917524096e-01,2.346465905329355728e-01,0.000000000000000000e+00,0.000000000000000000e+00,0.000000000000000000e+00,1.000000000000000056e-01
9.959898731766112512e-01,-8.779833368930373139e-02,-1.719375267414110717e-02,1.132980296456683078e+01,8.764594756329227576e-02,9.961070927104945794e-01,-9.425907254938836397e-03,7.528094398230097406e-01,1.795439793951554217e-02,7.881145426127044232e-03,9.998077450897255858e-01,2.490929295975327362e-01,0.000000000000000000e+00,0.000000000000000000e+00,0.000000000000000000e+00,1.000000000000000056e-01
9.956110708199013004e-01,-9.174910564822516545e-02,-1.845798671578847625e-02,1.216648940732833317e+01,9.159868613334889997e-02,9.957567843516504924e-01,-8.837823052362005216e-03,8.464028275848368699e-01,1.919052785865049335e-02,7.108307141045913137e-03,9.997905758758155459e-01,2.780154154577771375e-01,0.000000000000000000e+00,0.000000000000000000e+00,0.000000000000000000e+00,1.000000000000000056e-01
9.952021889729121273e-01,-9.511639079592551504e-02,-2.292324727173007670e-02,1.304101627081089276e+01,9.500511703497668825e-02,9.954593129606262858e-01,-5.897794259571455949e-03,9.469114557173883284e-01,2.338013688357033770e-02,3.691671967364962975e-03,9.997198311313979513e-01,3.171990250309291159e-01,0.000000000000000000e+00,0.000000000000000000e+00,0.000000000000000000e+00,1.000000000000000056e-01
9.952404817856620456e-01,-9.390033144951599742e-02,-2.605976148613507737e-02,1.394076313367881603e+01,9.391542764380229891e-02,9.955799687581482482e-01,-6.467286960232344417e-04,1.049395746188059864e+00,2.600530456512564759e-02,-1.803763065251087847e-03,9.996601775469899920e-01,3.481732483666605815e-01,0.000000000000000000e+00,0.000000000000000000e+00,0.000000000000000000e+00,1.000000000000000056e-01
9.931546657939906986e-01,-1.135428056991928947e-01,-2.741972074223135089e-02,1.483008256894135890e+01,1.134463450571127907e-01,9.935312730216138144e-01,-5.053347527528188367e-03,1.252965813047018262e+00,2.781612131137489383e-02,1.908088574150296592e-03,9.996112357277623373e-01,3.663819303486484658e-01,0.000000000000000000e+00,0.000000000000000000e+00,0.000000000000000000e+00,1.000000000000000056e-01
9.926512176960277101e-01,-1.183258251429728375e-01,-2.534874968963843345e-02,1.576695941326573802e+01,1.182151736157614069e-01,9.929709146605965042e-01,-5.825406860797398625e-03,1.386904216048362448e+00,2.585986723842017415e-02,2.785990368442245804e-03,9.996616955370842827e-01,4.028555206486751916e-01,0.000000000000000000e+00,0.000000000000000000e+00,0.000000000000000000e+00,1.000000000000000056e-01
9.922458577677019109e-01,-1.217374744149158083e-01,-2.506282238526016601e-02,1.667171007346806277e+01,1.216125571204921263e-01,9.925566567449358724e-01,-6.455160875647982660e-03,1.505136978679039172e+00,2.566210617724933377e-02,3.357152721157641382e-03,9.996650368159099020e-01,4.343220808360371277e-01,0.000000000000000000e+00,0.000000000000000000e+00,0.000000000000000000e+00,1.000000000000000056e-01
9.917234577520076533e-01,-1.258036563684081510e-01,-2.565196656674564174e-02,1.752242936691914821e+01,1.256566832258802779e-01,9.920471518039636338e-01,-7.269563832463675837e-03,1.645381791683065309e+00,2.636249808103797998e-02,3.986055943281384059e-03,9.996445018370001545e-01,4.763413575046891446e-01,0.000000000000000000e+00,0.000000000000000000e+00,0.000000000000000000e+00,1.000000000000000056e-01
9.915664011536738931e-01,-1.266814631909182198e-01,-2.734737623538276152e-02,1.841141348970663927e+01,1.264948081611979580e-01,9.919312128000924433e-01,-8.457693609930200598e-03,1.752711180750637254e+00,2.819814907779008561e-02,4.927063704252067008e-03,9.995902102521017074e-01,4.926460048018667104e-01,0.000000000000000000e+00,0.000000000000000000e+00,0.000000000000000000e+00,1.000000000000000056e-01
9.912476789682439504e-01,-1.292912454718201098e-01,-2.667981979726711389e-02,1.931839973994466320e+01,1.290640778580675330e-01,9.915850727420507660e-01,-1.007508420751850042e-02,1.869627155246220029e+00,2.775793123984145183e-02,6.543497496558629833e-03,9.995932572270567196e-01,5.363375407550674545e-01,0.000000000000000000e+00,0.000000000000000000e+00,0.000000000000000000e+00,1.000000000000000056e-01
9.893993840831616371e-01,-1.430204391047445733e-01,-2.517961028583259181e-02,2.022590030049860133e+01,1.427971665963156667e-01,9.896966803314946048e-01,-1.046184270974333946e-02,2.029181299857648391e+00,2.641643405012153445e-02,6.755363728578635263e-03,9.996281994186489994e-01,5.625025493415309885e-01,0.000000000000000000e+00,0.000000000000000000e+00,0.000000000000000000e+00,1.000000000000000056e-01
9.894392125353532741e-01,-1.429793859056047445e-01,-2.381049985775463354e-02,2.112894997854276014e+01,1.427563463088122042e-01,9.896986500810921461e-01,-1.082624663594710865e-02,2.161211048659086309e+00,2.511314966264613716e-02,7.312812982705481357e-03,9.996578677128997725e-01,5.908252439571822778e-01,0.000000000000000000e+00,0.000000000000000000e+00,0.000000000000000000e+00,1.000000000000000056e-01
9.893693283892865953e-01,-1.440139883594189207e-01,-2.020651378504203025e-02,2.206842715831909629e+01,1.438294953361503037e-01,9.895487541775928042e-01,-1.031209857023989568e-02,2.320809877990284598e+00,2.148041698571640304e-02,7.296181356516807937e-03,9.997426455962217240e-01,6.202462389127230136e-01,0.000000000000000000e+00,0.000000000000000000e+00,0.000000000000000000e+00,1.000000000000000056e-01
9.892501521363569195e-01,-1.449065299693840236e-01,-1.965283873710843565e-02,2.301821247085213074e+01,1.447327397207606170e-01,9.894202313124025316e-01,-1.000199593253488922e-02,2.471683611399431157e+00,2.089427077256669762e-02,7.050066804215365107e-03,9.997568334384810962e-01,6.545981431977810905e-01,0.000000000000000000e+00,0.000000000000000000e+00,0.000000000000000000e+00,1.000000000000000056e-01
9.894610154431311422e-01,-1.435059715998729390e-01,-1.931152592169246146e-02,2.394582297496713963e+01,1.432986709241920731e-01,9.896099907275891505e-01,-1.172847660615453612e-02,2.605037024000492085e+00,2.079398541905425751e-02,8.837554374230062806e-03,9.997447213179345704e-01,6.864596591565238493e-01,0.000000000000000000e+00,0.000000000000000000e+00,0.000000000000000000e+00,1.000000000000000056e-01
9.894562899315343385e-01,-1.431514188117103126e-01,-2.199821827143770905e-02,2.488496663281820886e+01,1.429004220946775983e-01,9.896569257724229240e-01,-1.259518304114740604e-02,2.752705547781274742e+00,2.357370738951522840e-02,9.318828406582992455e-03,9.996786682514747779e-01,7.179885863628292508e-01,0.000000000000000000e+00,0.000000000000000000e+00,0.000000000000000000e+00,1.000000000000000056e-01
9.898518337527678623e-01,-1.398252508272259942e-01,-2.534258170325539780e-02,2.582561505615088393e+01,1.395228734607535104e-01,9.901289916743974961e-01,-1.333970116214750617e-02,2.893364605254409749e+00,2.695765192922781536e-02,9.668457836913526421e-03,9.995898188384665373e-01,7.467530900884922218e-01,0.000000000000000000e+00,0.000000000000000000e+00,0.000000000000000000e+00,1.000000000000000056e-01
9.896027430477501996e-01,-1.403275890184089159e-01,-3.153694203072082702e-02,2.678021767012979382e+01,1.399948678790056134e-01,9.900729120898038582e-01,-1.253258606813986188e-02,3.036186480781754682e+00,3.298253962187086552e-02,7.987271517614606339e-03,9.994240119057554717e-01,7.924204068507874066e-01,0.000000000000000000e+00,0.000000000000000000e+00,0.000000000000000000e+00,1.000000000000000056e-01
9.893434189231661291e-01,-1.427059462903071674e-01,-2.888965778282115079e-02,2.772536478638723167e+01,1.422727797519010851e-01,9.896892478902061807e-01,-1.654233212655055463e-02,3.148508960489379671e+00,3.095247284285365316e-02,1.225583550420094800e-02,9.994457158450409384e-01,8.430089364064573543e-01,0.000000000000000000e+00,0.000000000000000000e+00,0.000000000000000000e+00,1.000000000000000056e-01
9.893621670863621542e-01,-1.435191023053664916e-01,-2.376488189827583031e-02,2.871382761553696739e+01,1.431816914572928423e-01,9.895774243322490449e-01,-1.534680694413517905e-02,3.290892218747018649e+00,2.571975057433192879e-02,1.178085418862767804e-02,9.995997728616090594e-01,8.975260347152139717e-01,0.000000000000000000e+00,0.000000000000000000e+00,0.000000000000000000e+00,1.000000000000000056e-01
9.896184245276801184e-01,-1.419483621379663829e-01,-2.249525109219668861e-02,2.964803663597376016e+01,1.415248735769236987e-01,9.897441282995403933e-01,-1.942345632524404911e-02,3.407534056413617840e+00,2.502167049555221318e-02,1.603817268056592985e-02,9.995582489393404213e-01,9.280497898752667618e-01,0.000000000000000000e+00,0.000000000000000000e+00,0.000000000000000000e+00,1.000000000000000056e-01
9.891353079225899680e-01,-1.449790119538890698e-01,-2.433985854020356832e-02,3.056617468227887002e+01,1.443146037622432543e-01,9.891594768296597673e-01,-2.714451213451099867e-02,3.529465622406300351e+00,2.801138628896744642e-02,2.333699832771948465e-02,9.993351523624205424e-01,9.723475151784587434e-01,0.000000000000000000e+00,0.000000000000000000e+00,0.000000000000000000e+00,1.000000000000000056e-01
9.888590936481995719e-01,-1.463214083733729853e-01,-2.734480500742297177e-02,3.151714041815555234e+01,1.455559731169378535e-01,9.889491229573335040e-01,-2.816186946745943137e-02,3.668678727415907836e+00,3.116330533243600459e-02,2.386792101448247105e-02,9.992292883753977062e-01,1.003535541641887185e+00,0.000000000000000000e+00,0.000000000000000000e+00,0.000000000000000000e+00,1.000000000000000056e-01
9.886455007009831153e-01,-1.470579672494586876e-01,-3.088734712077919123e-02,3.248185219828540937e+01,1.462098510151008668e-01,9.888533885658480349e-01,-2.813637126535660851e-02,3.811740338530868577e+00,3.468073542825151484e-02,2.330086243676640981e-02,9.991267769406735333e-01,1.033953898021429119e+00,0.000000000000000000e+00,0.000000000000000000e+00,0.000000000000000000e+00,1.000000000000000056e-01
9.887274912693269080e-01,-1.460666423946088699e-01,-3.290112441586924563e-02,3.343294767256841737e+01,1.451296672174665070e-01,9.889794224888179830e-01,-2.927595578339722143e-02,3.958764568222499225e+00,3.681477558821298623e-02,2.417101307867450949e-02,9.990297465166591007e-01,1.072615204977452441e+00,0.000000000000000000e+00,0.000000000000000000e+00,0.000000000000000000e+00,1.000000000000000056e-01
9.881665741305357686e-01,-1.501374783844633132e-01,-3.139361966188500275e-02,3.437822676467323646e+01,1.492041274700710296e-01,9.883442542901560435e-01,-3.022851894371022044e-02,4.095681835575315510e+00,3.556613722370013941e-02,2.518675437586731167e-02,9.990498872864130853e-01,1.126298607438398491e+00,0.000000000000000000e+00,0.000000000000000000e+00,0.000000000000000000e+00,1.000000000000000056e-01
9.877658114772506215e-01,-1.524534340384170461e-01,-3.281237764293666592e-02,3.535213519830393381e+01,1.514548283770729142e-01,9.879766612459246478e-01,-3.104113069182494467e-02,4.269618103381522367e+00,3.715019028161299641e-02,2.569177462242717980e-02,9.989793772039492481e-01,1.166326837439432218e+00,0.000000000000000000e+00,0.000000000000000000e+00,0.000000000000000000e+00,1.000000000000000056e-01
9.874886641317621727e-01,-1.543558711923431748e-01,-3.225528235375708930e-02,3.631881975951838371e+01,1.533222001557260072e-01,9.876451318839238880e-01,-3.239438848618662881e-02,4.413391810441193996e+00,3.685703665075817925e-02,2.704364055446756981e-02,9.989545536984579810e-01,1.223912258655371010e+00,0.000000000000000000e+00,0.000000000000000000e+00,0.000000000000000000e+00,1.000000000000000056e-01
9.873385614388665577e-01,-1.553780956237622857e-01,-3.194076542856352091e-02,3.730854655680442278e+01,1.543503293203117022e-01,9.874824930078625052e-01,-3.247001450089031377e-02,4.571769505477227824e+00,3.658607569200154203e-02,2.712882974456657173e-02,9.989622043211392466e-01,1.270386276052861918e+00,0.000000000000000000e+00,0.000000000000000000e+00,0.000000000000000000e+00,1.000000000000000056e-01
9.874733205542379766e-01,-1.550960458673350806e-01,-2.901133829909857340e-02,3.827416056277553480e+01,1.541855103602608745e-01,9.875438211255850307e-01,-3.136924850270414455e-02,4.724018475373531700e+00,3.351521428445806972e-02,2.650316798037561858e-02,9.990867392266152835e-01,1.327634881482731677e+00,0.000000000000000000e+00,0.000000000000000000e+00,0.000000000000000000e+00,1.000000000000000056e-01
9.873009966477547250e-01,-1.561921047886901670e-01,-2.899600696697966426e-02,3.926280390754786964e+01,1.554055705763506268e-01,9.874635278980458120e-01,-2.765663943764928162e-02,4.898926110708440085e+00,3.295224805971839338e-02,2.279928667357942335e-02,9.991968484112561111e-01,1.365222743667071859e+00,0.000000000000000000e+00,0.000000000000000000e+00,0.000000000000000000e+00,1.000000000000000056e-01
9.865614410110060684e-01,-1.598287935254747716e-01,-3.393051532880583809e-02,4.025194453177787324e+01,1.587579304291042714e-01,9.867916425437853745e-01,-3.222070346230437865e-02,5.076669934775120296e+00,3.863214511459159284e-02,2.640096524616510759e-02,9.989046733286994773e-01,1.428941743854893476e+00,0.000000000000000000e+00,0.000000000000000000e+00,0.000000000000000000e+00,1.000000000000000056e-01
9.865069496667054905e-01,-1.600077540411120880e-01,-3.466348086980165083e-02,4.126086036128567258e+01,1.590484807260391931e-01,9.868483805681915744e-01,-2.887653976286742169e-02,5.237260103630891450e+00,3.882807023315553580e-02,2.297373318937759312e-02,9.989817758824794947e-01,1.497935182904477136e+00,0.000000000000000000e+00,0.000000000000000000e+00,0.000000000000000000e+00,1.000000000000000056e-01
9.859624952295726885e-01,-1.625709965590843298e-01,-3.806086019076552335e-02,4.226824169572392975e+01,1.614733173257357490e-01,9.864103391196872295e-01,-3.034815759821196668e-02,5.402671690572208973e+00,4.247735623243348996e-02,2.377633183587943982e-02,9.988144773940419441e-01,1.555431569772718570e+00,0.000000000000000000e+00,0.000000000000000000e+00,0.000000000000000000e+00,1.000000000000000056e-01
9.867645772156176109e-01,-1.570890349125407259e-01,-4.023312394942805265e-02,4.326472870495440048e+01,1.559137331884976052e-01,9.872881789752151471e-01,-3.087004144845956546e-02,5.511803915926973829e+00,4.457103269736357315e-02,2.418856684572691720e-02,9.987133403926475861e-01,1.616880674306523602e+00,0.000000000000000000e+00,0.000000000000000000e+00,0.000000000000000000e+00,1.000000000000000056e-01
9.865391523142805763e-01,-1.591639434575028433e-01,-3.751453123894214065e-02,4.424873709170252312e+01,1.579529977554946507e-01,9.868846207038015628e-01,-3.331059768852040470e-02,5.680837971110696216e+00,4.232436001965560884e-02,2.693667613813189449e-02,9.987407391448273053e-01,1.689534264022111376e+00,0.000000000000000000e+00,0.000000000000000000e+00,0.000000000000000000e+00,1.000000000000000056e-01
9.866319020414258123e-01,-1.587980912563592972e-01,-3.661497081052205588e-02,4.521918877978156814e+01,1.576338260663229240e-01,9.869537993070158777e-01,-3.276850489630152991e-02,5.825316682885664399e+00,4.134086058381757772e-02,2.655869437272242659e-02,9.987920549340616461e-01,1.742744853204157618e+00,0.000000000000000000e+00,0.000000000000000000e+00,0.000000000000000000e+00,1.000000000000000056e-01
9.858926293044182332e-01,-1.624248626570295451e-01,-4.042137397548482142e-02,4.612774428708900842e+01,1.612302058107274449e-01,9.864215232821954560e-01,-3.126338337198390771e-02,5.986335500846985624e+00,4.495046404044557992e-02,2.430519278833744370e-02,9.986935032261251566e-01,1.807960224194810506e+00,0.000000000000000000e+00,0.000000000000000000e+00,0.000000000000000000e+00,1.000000000000000056e-01
9.859330568471750267e-01,-1.606932798335458934e-01,-4.597474559280217282e-02,4.707983011610843960e+01,1.593284263202856266e-01,9.867076268110516191e-01,-3.197673778239079612e-02,6.130873594483179367e+00,5.050207898974532622e-02,2.420183896401645676e-02,9.984306741123658568e-01,1.847478405973977278e+00,0.000000000000000000e+00,0.000000000000000000e+00,0.000000000000000000e+00,1.000000000000000056e-01
9.859824178823982654e-01,-1.604392878199234207e-01,-4.580290984878106902e-02,4.802275758603597922e+01,1.589081323452102013e-01,9.866607895354032598e-01,-3.533683443564033383e-02,6.288929088650043298e+00,5.086135174508190498e-02,2.756304259711681720e-02,9.983252984781325612e-01,1.912754947675831874e+00,0.000000000000000000e+00,0.000000000000000000e+00,0.000000000000000000e+00,1.000000000000000056e-01
9.865450403715615435e-01,-1.575061683118238465e-01,-4.382568039405125571e-02,4.898517416615488429e+01,1.560216971686670950e-01,9.871165492045155254e-01,-3.547038622820609249e-02,6.472428591792614760e+00,4.884785902046108463e-02,2.815537657884900277e-02,9.984093155809496967e-01,1.979464029151598803e+00,0.000000000000000000e+00,0.000000000000000000e+00,0.000000000000000000e+00,1.000000000000000056e-01
9.874363626330409094e-01,-1.521359365712393052e-01,-4.270932630727816703e-02,4.997473046126264506e+01,1.506768546911489426e-01,9.879439530667637470e-01,-3.554196194920037494e-02,6.638144269041124090e+00,4.760163033355166440e-02,2.866011867400174856e-02,9.984551479095994386e-01,2.057182533299864335e+00,0.000000000000000000e+00,0.000000000000000000e+00,0.000000000000000000e+00,1.000000000000000056e-01
9.874762012424624924e-01,-1.520270108453906921e-01,-4.217273945537658442e-02,5.090011854065828345e+01,1.503291495615765305e-01,9.877901505099838664e-01,-4.088722719329961758e-02,6.797954164016450918e+00,4.787377958599849104e-02,3.403537173116830822e-02,9.982733567010954046e-01,2.116400647968605053e+00,0.000000000000000000e+00,0.000000000000000000e+00,0.000000000000000000e+00,1.000000000000000056e-01
9.880300754038610078e-01,-1.482689857992922633e-01,-4.257790445160587051e-02,5.182885280961441055e+01,1.465553311652128543e-01,9.883564790943684120e-01,-4.090238549569195914e-02,6.944293419737896045e+00,4.814670294522354482e-02,3.417276813828043491e-02,9.982555368808487817e-01,2.173473940408565230e+00,0.000000000000000000e+00,0.000000000000000000e+00,0.000000000000000000e+00,1.000000000000000056e-01
9.883290012517357281e-01,-1.467375893890853489e-01,-4.091289705003455651e-02,5.280278158731878335e+01,1.450026307955552818e-01,9.885147447941815546e-01,-4.257741639486939400e-02,7.092418036754549959e+00,4.669070943040398020e-02,3.614801771569782496e-02,9.982551269430631757e-01,2.247614212956949409e+00,0.000000000000000000e+00,0.000000000000000000e+00,0.000000000000000000e+00,1.000000000000000056e-01
9.872538892038228431e-01,-1.540127693537307607e-01,-4.012262613439538522e-02,5.376091721611678054e+01,1.522032395128151139e-01,9.873321802232455369e-01,-4.482565981017284235e-02,7.245689427143983785e+00,4.651808394302770627e-02,3.814751330830411929e-02,9.981887772834666661e-01,2.302723406616496771e+00,0.000000000000000000e+00,0.000000000000000000e+00,0.000000000000000000e+00,1.000000000000000056e-01
9.875386333564856178e-01,-1.532929253589482288e-01,-3.561918953739158511e-02,5.467152741947573702e+01,1.516246715653065125e-01,9.873859641109608010e-01,-4.559514063342123141e-02,7.385067573737982727e+00,4.215930029207821950e-02,3.962621495379616693e-02,9.983247750543496890e-01,2.361827461532691519e+00,0.000000000000000000e+00,0.000000000000000000e+00,0.000000000000000000e+00,1.000000000000000056e-01
9.876343097230096957e-01,-1.536936975315658926e-01,-3.093085186395108654e-02,5.558225758479763101e+01,1.522163421353702473e-01,9.872990151840012052e-01,-4.550648089700264076e-02,7.548806779163633962e+00,3.753205889479103996e-02,4.023558071877289533e-02,9.984850737989732217e-01,2.427465958786249711e+00,0.000000000000000000e+00,0.000000000000000000e+00,0.000000000000000000e+00,1.000000000000000056e-01
9.877761440872925292e-01,-1.534335642318140347e-01,-2.750328233433608355e-02,5.648518531431813727e+01,1.523518856276487865e-01,9.876005567107132288e-01,-3.786876457436957194e-02,7.702806547480821386e+00,3.297259646646322206e-02,3.321568532803453183e-02,9.989041626354596692e-01,2.491536370638663289e+00,0.000000000000000000e+00,0.000000000000000000e+00,0.000000000000000000e+00,1.000000000000000056e-01
9.873078552625265125e-01,-1.559933384564211878e-01,-2.982075274251694968e-02,5.733641189610981570e+01,1.548741862882214992e-01,9.872503546871436164e-01,-3.675219165805583554e-02,7.851087679812313702e+00,3.517364579441783351e-02,3.166726270661286702e-02,9.988793716531537692e-01,2.557144456153236600e+00,0.000000000000000000e+00,0.000000000000000000e+00,0.000000000000000000e+00,1.000000000000000056e-01
9.871148916979423094e-01,-1.560777047150142538e-01,-3.526954322148715543e-02,5.823695601423084156e+01,1.548158824253463850e-01,9.872847587237724154e-01,-3.606726688569342198e-02,8.022371276319129052e+00,4.045037870058647983e-02,3.014225078913861447e-02,9.987267952650232816e-01,2.603287452519145617e+00,0.000000000000000000e+00,0.000000000000000000e+00,0.000000000000000000e+00,1.000000000000000056e-01
9.868224394854996362e-01,-1.563848270796484863e-01,-4.153623462900490892e-02,5.920064708153997657e+01,1.549705091919271471e-01,9.872864894333269747e-01,-3.534867837998884044e-02,8.173966164418821734e+00,4.653616022709790301e-02,2.844597760115668075e-02,9.985114982560954200e-01,2.656957056607668122e+00,0.000000000000000000e+00,0.000000000000000000e+00,0.000000000000000000e+00,1.000000000000000056e-01
9.874523980503271403e-01,-1.525033788659175826e-01,-4.099367047650945284e-02,6.010394150150305137e+01,1.512427797071124180e-01,9.879691905152174769e-01,-3.228777135653304597e-02,8.353017147328220204e+00,4.542447766484609961e-02,2.568264058044454623e-02,9.986375813085003328e-01,2.712984912442839569e+00,0.000000000000000000e+00,0.000000000000000000e+00,0.000000000000000000e+00,1.000000000000000056e-01
9.872953649489064620e-01,-1.543401802962882652e-01,-3.777527096547275698e-02,6.103427445742802604e+01,1.532202737563534423e-01,9.877071883259583851e-01,-3.095250941778144790e-02,8.522744409117160913e+00,4.208812255772126365e-02,2.477133172316283230e-02,9.988067736375375594e-01,2.771548005015055605e+00,0.000000000000000000e+00,0.000000000000000000e+00,0.000000000000000000e+00,1.000000000000000056e-01
9.869304902636509835e-01,-1.568389979977903581e-01,-3.700994589294299975e-02,6.191622085108856766e+01,1.556720728570242518e-01,9.872718719985132951e-01,-3.256465097231172473e-02,8.684811204607177260e+00,4.164628579293466748e-02,2.637763195588754481e-02,9.987841645781398991e-01,2.832558454568199213e+00,0.000000000000000000e+00,0.000000000000000000e+00,0.000000000000000000e+00,1.000000000000000056e-01
9.865931643192143996e-01,-1.592127895507179924e-01,-3.584990602607533022e-02,6.273672935162499442e+01,1.581253577275241740e-01,9.869203204977854416e-01,-3.137916876035876101e-02,8.824146146207517916e+00,4.037696573718922016e-02,2.528969418611770603e-02,9.988644212333476213e-01,2.881666052747617446e+00,0.000000000000000000e+00,0.000000000000000000e+00,0.000000000000000000e+00,1.000000000000000056e-01
9.861224065984931508e-01,-1.621283692755360606e-01,-3.573501196937732549e-02,6.355694655604576582e+01,1.610402378170933402e-01,9.864452739573922324e-01,-3.149227351176014933e-02,8.949415546676624089e+00,4.035642462124393315e-02,2.530046171872970054e-02,9.988649786776033768e-01,2.924966433318159975e+00,0.000000000000000000e+00,0.000000000000000000e+00,0.000000000000000000e+00,1.000000000000000056e-01
9.858448886993873561e-01,-1.638450130902131263e-01,-3.556215840975288783e-02,6.435789282852421422e+01,1.628267265910624817e-01,9.862022746043297428e-01,-2.987525184639648265e-02,9.079767372431705397e+00,3.996639254338404251e-02,2.366189448700401973e-02,9.989208187921373439e-01,2.971006280324282045e+00,0.000000000000000000e+00,0.000000000000000000e+00,0.000000000000000000e+00,1.000000000000000056e-01
9.855272685919690412e-01,-1.653080188500279657e-01,-3.754013539575545150e-02,6.514976606120734459e+01,1.641591464923330135e-01,9.859184623229010347e-01,-3.188354236522446261e-02,9.214754422234102904e+00,4.228211778709291963e-02,2.525954383446215798e-02,9.987863525102419482e-01,3.025693392071288290e+00,0.000000000000000000e+00,0.000000000000000000e+00,0.000000000000000000e+00,1.000000000000000056e-01
9.850419466887306852e-01,-1.683834452928553438e-01,-3.659752197873291507e-02,6.590056505445336654e+01,1.672889955522531003e-01,9.854149313765505624e-01,-3.117378686118141631e-02,9.338862600467567887e+00,4.131289424373577740e-02,2.458512500387398034e-02,9.988437397299688714e-01,3.076184900294572699e+00,0.000000000000000000e+00,0.000000000000000000e+00,0.000000000000000000e+00,1.000000000000000056e-01
9.846048070995410129e-01,-1.715336236685499338e-01,-3.360937053281398690e-02,6.668391173395870908e+01,1.705081824145434355e-01,9.848579637219508909e-01,-3.133290639473559208e-02,9.476608675683781513e+00,3.847510319888020058e-02,2.511985757500958399e-02,9.989437717856028964e-01,3.130043585313718513e+00,0.000000000000000000e+00,0.000000000000000000e+00,0.000000000000000000e+00,1.000000000000000056e-01
9.815679676550360666e-01,-1.883045848604265049e-01,-3.264518638489363050e-02,6.748727769338029248e+01,1.874574400398407725e-01,9.818921257803413516e-01,-2.734157099129310223e-02,9.650607251283920718e+00,3.720259463090599267e-02,2.071802720108384052e-02,9.990929537843932229e-01,3.178372315020987937e+00,0.000000000000000000e+00,0.000000000000000000e+00,0.000000000000000000e+00,1.000000000000000056e-01
9.810785430518494943e-01,-1.911707473152475523e-01,-3.063719527290322681e-02,6.821901202925702989e+01,1.903983624462650404e-01,9.813509717064172744e-01,-2.643357540423144081e-02,9.780535369682445079e+00,3.511916771566370860e-02,2.010014183532735782e-02,9.991809787807005572e-01,3.230956797445653006e+00,0.000000000000000000e+00,0.000000000000000000e+00,0.000000000000000000e+00,1.000000000000000056e-01
9.811952191210588925e-01,-1.899759806853326682e-01,-3.413310323752161840e-02,6.888926055000369786e+01,1.892523991524426852e-01,9.816511038539761369e-01,-2.333751737684679889e-02,9.922342516784540933e+00,3.794036622150228494e-02,1.643888879809773940e-02,9.991447800724687633e-01,3.271973596875976220e+00,0.000000000000000000e+00,0.000000000000000000e+00,0.000000000000000000e+00,1.000000000000000056e-01
9.807124247627229119e-01,-1.917233253061626785e-01,-3.801718623948689008e-02,6.954993862169853003e+01,1.908653634747081440e-01,9.812959071154154778e-01,-2.507500157929014317e-02,1.007328461095611694e+01,4.211357194169176171e-02,1.733520152986940677e-02,9.989624306480353599e-01,3.310280696722011307e+00,0.000000000000000000e+00,0.000000000000000000e+00,0.000000000000000000e+00,1.000000000000000056e-01
9.800699816733267067e-01,-1.937834154642543161e-01,-4.371291472612182788e-02,7.026675674318326514e+01,1.926841396381902549e-01,9.808573481082292211e-01,-2.813689737662086743e-02,1.022424270957980141e+01,4.832859769055383031e-02,1.915334313116873188e-02,9.986478338694598778e-01,3.355117531079927495e+00,0.000000000000000000e+00,0.000000000000000000e+00,0.000000000000000000e+00,1.000000000000000056e-01
9.791138090600404187e-01,-1.980377975059210149e-01,-4.601282068013896887e-02,7.097921966270583027e+01,1.968998718104218171e-01,9.800203748833271611e-01,-2.811592599546414856e-02,1.037452128537508145e+01,5.066151783137028131e-02,1.846877290311382119e-02,9.985450991509973173e-01,3.398295083078816781e+00,0.000000000000000000e+00,0.000000000000000000e+00,0.000000000000000000e+00,1.000000000000000056e-01
9.791611181044185264e-01,-1.984321689670642541e-01,-4.322243759358490589e-02,7.164472296658566108e+01,1.973938319316904944e-01,9.799485807076689925e-01,-2.713769121256879788e-02,1.050529164237348922e+01,4.774075730262779260e-02,1.804032948844523990e-02,9.986968341814846939e-01,3.456448798346668738e+00,0.000000000000000000e+00,0.000000000000000000e+00,0.000000000000000000e+00,1.000000000000000056e-01
9.781554543617294595e-01,-2.039216371656053517e-01,-4.034690816032539956e-02,7.220774926194175691e+01,2.028676669817868761e-01,9.787845531839862723e-01,-2.873165748423177693e-02,1.063546376165073504e+01,4.534993710872538969e-02,1.991894435264068494e-02,9.987725561208172786e-01,3.492301925733480417e+00,0.000000000000000000e+00,0.000000000000000000e+00,0.000000000000000000e+00,1.000000000000000056e-01
9.787430549497093679e-01,-2.003379304091202351e-01,-4.389471525252960915e-02,7.273376770594697405e+01,1.990711690283691326e-01,9.794757572148647951e-01,-3.158972443763655158e-02,1.072915091155891076e+01,4.932242947573282910e-02,2.218005112162343279e-02,9.985366008729241738e-01,3.531400607990867968e+00,0.000000000000000000e+00,0.000000000000000000e+00,0.000000000000000000e+00,1.000000000000000056e-01
9.783275806768115812e-01,-2.022002412503570157e-01,-4.461173977053631973e-02,7.335161952089460158e+01,2.005062969975290321e-01,9.788881611653588166e-01,-3.968869857580498844e-02,1.084751801714655173e+01,5.169496833730827939e-02,2.988361371387087892e-02,9.982157080911945313e-01,3.582754872492821985e+00,0.000000000000000000e+00,0.000000000000000000e+00,0.000000000000000000e+00,1.000000000000000056e-01
9.783798922120101604e-01,-2.004783776482147173e-01,-5.080557657142780598e-02,7.393275576293193296e+01,1.983098594511440715e-01,9.791203863753613623e-01,-4.468186017424363721e-02,1.095921835103495567e+01,5.870252260067613387e-02,3.364058679189441126e-02,9.977085369789185920e-01,3.627057179469229009e+00,0.000000000000000000e+00,0.000000000000000000e+00,0.000000000000000000e+00,1.000000000000000056e-01
9.793792933574620996e-01,-1.955363971216874941e-01,-5.081060069815977742e-02,7.450377012662791287e+01,1.935596568887789914e-01,9.802176511334954601e-01,-4.132814575360350962e-02,1.105628192883977690e+01,5.788660438941171937e-02,3.064104774648984675e-02,9.978528284397759629e-01,3.678352074907210056e+00,0.000000000000000000e+00,0.000000000000000000e+00,0.000000000000000000e+00,1.000000000000000056e-01
9.798070286264910500e-01,-1.940790345159983665e-01,-4.807821768186058831e-02,7.506991644024513732e+01,1.921614790656920035e-01,9.804739466897590683e-01,-4.177087293669049656e-02,1.118785861626056999e+01,5.524629053078654317e-02,3.168861347464479311e-02,9.979697786800172388e-01,3.707458847786301970e+00,0.000000000000000000e+00,0.000000000000000000e+00,0.000000000000000000e+00,1.000000000000000056e-01
9.805962559200958051e-01,-1.904184534063357026e-01,-4.660252651765806053e-02,7.564819117755524758e+01,1.883963595017079384e-01,9.810827433139353015e-01,-4.453608085705403757e-02,1.127695092796470711e+01,5.420142619888412838e-02,3.489216780227325648e-02,9.979202082451607003e-01,3.748747906505164096e+00,0.000000000000000000e+00,0.000000000000000000e+00,0.000000000000000000e+00,1.000000000000000056e-01
9.813983683811098313e-01,-1.872895445733796238e-01,-4.218849407589116834e-02,7.623622428009176133e+01,1.851931355284477665e-01,9.814744981548759739e-01,-4.910511200248208336e-02,1.137243140260616414e+01,5.060380511421491007e-02,4.037865729726993619e-02,9.979022091081030110e-01,3.797674823459191717e+00,0.000000000000000000e+00,0.000000000000000000e+00,0.000000000000000000e+00,1.000000000000000056e-01
9.829888149302884459e-01,-1.794827014798285603e-01,-3.897370384566891527e-02,7.680372496449800224e+01,1.774676426722435474e-01,9.828469751767495710e-01,-5.017030187541968861e-02,1.144892908356523087e+01,4.730988825080898602e-02,4.240027423751661223e-02,9.979799553188828387e-01,3.856847715434147172e+00,0.000000000000000000e+00,0.000000000000000000e+00,0.000000000000000000e+00,1.000000000000000056e-01
9.848596860732697911e-01,-1.692948571391774959e-01,-3.729142118350982360e-02,7.729928032487649148e+01,1.674861031107652554e-01,9.847422049235203811e-01,-4.723552801793903799e-02,1.156082087155537330e+01,4.471916828867174287e-02,4.027457248176427584e-02,9.981874347030124106e-01,3.900620618499535119e+00,0.000000000000000000e+00,0.000000000000000000e+00,0.000000000000000000e+00,1.000000000000000056e-01
9.872936233537370487e-01,-1.542022921815954239e-01,-3.837908767794166731e-02,7.779738778804622257e+01,1.524243679490242531e-01,9.872621345483661992e-01,-4.561019340393172167e-02,1.163605073552508529e+01,4.492341639267574682e-02,3.918074492586202245e-02,9.982217969402715774e-01,3.933676426670796644e+00,0.000000000000000000e+00,0.000000000000000000e+00,0.000000000000000000e+00,1.000000000000000056e-01
9.902325143447132660e-01,-1.342510169874042147e-01,-3.763285761664807855e-02,7.826035774721304961e+01,1.329052376604022423e-01,9.904658412707858517e-01,-3.624382813923464342e-02,1.171428800901270506e+01,4.213983076590598759e-02,3.088821318241130251e-02,9.986341436929836446e-01,3.965669427581358875e+00,0.000000000000000000e+00,0.000000000000000000e+00,0.000000000000000000e+00,1.000000000000000056e-01
9.932602031313833013e-01,-1.102935939370011942e-01,-3.562993140413178023e-02,7.873591780959122843e+01,1.089006487833798775e-01,9.932902612309864043e-01,-3.892435790398722506e-02,1.175478307501329844e+01,3.968397119697305436e-02,3.478189299245573740e-02,9.986067305751044065e-01,4.004927433459365638e+00,0.000000000000000000e+00,0.000000000000000000e+00,0.000000000000000000e+00,1.000000000000000056e-01
9.955494171141512361e-01,-8.733386407487683800e-02,-3.541404056902536929e-02,7.928742922834173612e+01,8.593529225370563629e-02,9.955268599540996188e-01,-3.926062474287315973e-02,1.185901199464116829e+01,3.868441067075775036e-02,3.604257615212101695e-02,9.986012462817051016e-01,4.048857708705411618e+00,0.000000000000000000e+00,0.000000000000000000e+00,0.000000000000000000e+00,1.000000000000000056e-01
9.977408383775413503e-01,-5.793638010286313728e-02,-3.400875320057402534e-02,7.977767141712217835e+01,5.663397670938068867e-02,9.976683047378532843e-01,-3.808603948403097017e-02,1.193171327443910101e+01,3.613602241202420323e-02,3.607394602860081179e-02,9.986955783932175423e-01,4.078355650716622094e+00,0.000000000000000000e+00,0.000000000000000000e+00,0.000000000000000000e+00,1.000000000000000056e-01
9.990469007746748398e-01,-2.581722019429532125e-02,-3.519603946406762995e-02,8.024635894267726144e+01,2.439079687668504678e-02,9.988869753819346053e-01,-4.037201307899709879e-02,1.192994841142269458e+01,3.619915855703316476e-02,3.947507509517482471e-02,9.985646395531904140e-01,4.096324452127817040e+00,0.000000000000000000e+00,0.000000000000000000e+00,0.000000000000000000e+00,1.000000000000000056e-01
