1.000000000000000000e+00,-1.963311151969935374e-12,1.283560474324612187e-12,1.376092994897137572e-19,1.963311151970361081e-12,1.000000000000000000e+00,-3.318761434383261716e-13,4.465191187250167118e-19,-1.283560474323960701e-12,3.318761434408461846e-13,1.000000000000000000e+00,-4.022603105718382776e-19,0.000000000000000000e+00,0.000000000000000000e+00,0.000000000000000000e+00,1.000000000000000056e-01
9.999920397031036856e-01,-3.985921970824353976e-03,-1.815391662315123176e-04,6.556251871902240014e-01,3.985373446390259346e-03,9.999877723145372821e-01,-2.927801206019637389e-03,7.032280716138540957e-03,1.932069335809681945e-04,2.927054398480205110e-03,9.999956975025587891e-01,2.038983426211533802e-03,0.000000000000000000e+00,0.000000000000000000e+00,0.000000000000000000e+00,1.000000000000000056e-01
9.999535748553779468e-01,-9.343601794973691033e-03,-2.354833210030383463e-03,1.325919247663967404e+00,9.340324208497140235e-03,9.999553995341272650e-01,-1.399030458603104602e-03,9.436009714260196538e-03,2.367800166876390076e-03,1.376970602773113471e-03,9.999962487301283787e-01,6.223945502471539028e-03,0.000000000000000000e+00,0.000000000000000000e+00,0.000000000000000000e+00,1.000000000000000056e-01
9.998859168339377934e-01,-1.492740046948449507e-02,-2.307819832510488080e-03,2.043405710160492550e+00,1.492569274941587219e-02,9.998883202725872277e-01,-7.554326005759643943e-04,3.367069057727525220e-04,2.318838740777177162e-03,7.209006086920840542e-04,9.999970516402568732e-01,4.944488735325628000e-03,0.000000000000000000e+00,0.000000000000000000e+00,0.000000000000000000e+00,1.000000000000000056e-01
9.997912102660506672e-01,-1.996356072020961242e-02,-4.357994735670685411e-03,2.738281664587325803e+00,1.996480049270047546e-02,9.998006544222052261e-01,2.411601477276898104e-04,8.616064274881703872e-03,4.352311573439620641e-03,-3.281162914105107808e-04,9.999904748164689661e-01,1.026287735453502818e-02,0.000000000000000000e+00,0.000000000000000000e+00,0.000000000000000000e+00,1.000000000000000056e-01
9.996853648517561863e-01,-2.430530869789563481e-02,-6.198650684706714931e-03,3.444250279764405676e+00,2.430497539003188823e-02,9.997045821155703393e-01,-1.291062464094046877e-04,1.028788135413976138e-02,6.199957459608928037e-03,-2.159242729677452783e-05,9.999807798459259267e-01,2.508563495705185345e-02,0.000000000000000000e+00,0.000000000000000000e+00,0.000000000000000000e+00,1.000000000000000056e-01
9.995195710598177019e-01,-3.000819393086810033e-02,-7.754699569003889459e-03,4.165172508375957428e+00,3.000954464851360304e-02,9.995496105161193467e-01,5.785380689312562882e-05,4.503978942562312376e-02,7.749470845610468422e-03,-2.905410152018258097e-04,9.999699301916690208e-01,4.343286380964085647e-02,0.000000000000000000e+00,0.000000000000000000e+00,0.000000000000000000e+00,1.000000000000000056e-01
9.993676959200087362e-01,-3.450935199771151124e-02,-8.562299704577383194e-03,4.933997789354601871e+00,3.453874253192550786e-02,9.993978825543193834e-01,3.308717312838869041e-03,7.331414475997920233e-02,8.442962504140430827e-03,-3.602356262360003215e-03,9.999578688192382048e-01,5.544140780935136181e-02,0.000000000000000000e+00,0.000000000000000000e+00,0.000000000000000000e+00,1.000000000000000056e-01
9.992705876637016926e-01,-3.753615210527700558e-02,-7.023525850290806595e-03,5.704675181254559746e+00,3.756437325612357186e-02,9.992864810689856547e-01,3.930218141311932721e-03,1.090434493801541588e-01,6.870989165674951278e-03,-4.191185738329672623e-03,9.999676112104791681e-01,6.069043142524417622e-02,0.000000000000000000e+00,0.000000000000000000e+00,0.000000000000000000e+00,1.000000000000000056e-01
9.990770007069635916e-01,-4.263776928242869052e-02,-5.212224956416038925e-03,6.498387828280042022e+00,4.265879881534969525e-02,9.990817225747172792e-01,3.992305194638202936e-03,1.633528314723662056e-01,5.037215700109042189e-03,-4.210967555562062856e-03,9.999784468728496467e-01,7.183101143670996003e-02,0.000000000000000000e+00,0.000000000000000000e+00,0.000000000000000000e+00,1.000000000000000056e-01
9.988430119862328205e-01,-4.796870223814136969e-02,-3.411892709183922227e-03,7.323917771416282640e+00,4.797790829336623375e-02,9.988448297062921810e-01,2.669547677311259574e-03,1.980072752835113081e-01,3.279896654437489470e-03,-2.830154518154461701e-03,9.999906162076419580e-01,9.215768941336896503e-02,0.000000000000000000e+00,0.000000000000000000e+00,0.000000000000000000e+00,1.000000000000000056e-01
9.987639931446278263e-01,-4.961947497264905527e-02,-2.897188505505655324e-03,8.140520157507024734e+00,4.962857848319839060e-02,9.987627449021792003e-01,3.159682452638732948e-03,2.446841802832882828e-01,2.736822159877644409e-03,-3.299560410592580328e-03,9.999908113105649976e-01,1.071289188252095848e-01,0.000000000000000000e+00,0.000000000000000000e+00,0.000000000000000000e+00,1.000000000000000056e-01
9.986080141208791838e-01,-5.261692735333434873e-02,-3.673294086763915622e-03,8.987903001578469997e+00,5.262898170007661997e-02,9.986087944561123919e-01,3.265872030985965489e-03,2.951844193164747110e-01,3.496343628266405327e-03,-3.454647710507115308e-03,9.999879204222565932e-01,1.160431865022576309e-01,0.000000000000000000e+00,0.000000000000000000e+00,0.000000000000000000e+00,1.000000000000000056e-01
9.986186769571083754e-01,-5.243098770235808670e-02,-3.424844666490599494e-03,9.668653649743925271e+00,5.244853047682744573e-02,9.986098248604163841e-01,5.250651680497320228e-03,3.772009788070992409e-01,3.144786678888788177e-03,-5.423026904209683752e-03,9.999803503549159478e-01,1.338652008268437221e-01,0.000000000000000000e+00,0.000000000000000000e+00,0.000000000000000000e+00,1.000000000000000056e-01
9.983563182582368967e-01,-5.718035511093669254e-02,-3.881853068469718823e-03,1.042329514487742514e+01,5.720145565020670619e-02,9.983471652270715646e-01,5.561578424133016216e-03,4.408212423205147834e-01,3.557423977465503165e-03,-5.774484605358573899e-03,9.999769997665881593e-01,1.406780059738957089e-01,0.000000000000000000e+00,0.000000000000000000e+00,0.000000000000000000e+00,1.000000000000000056e-01
9.982161358114745031e-01,-5.953890092634222392e-02,-4.434578005984762816e-03,1.125049811937553379e+01,5.955680054499128823e-02,9.982168239559988665e-01,4.019935328152720797e-03,4.917019634396666561e-01,4.187327841486048613e-03,-4.276873587284280714e-03,9.999820871584982340e-01,1.619860691363085581e-01,0.000000000000000000e+00,0.000000000000000000e+00,0.000000000000000000e+00,1.000000000000000056e-01
9.980139514054671146e-01,-6.274493952326129498e-02,-5.587966022457522587e-03,1.214233523629655309e+01,6.277167250311915803e-02,9.980166371873072650e-01,4.744368082249958256e-03,5.561501577055197876e-01,5.279197970053124862e-03,-5.085711509808520624e-03,9.999731324426831547e-01,1.751680747204564792e-01,0.000000000000000000e+00,0.000000000000000000e+00,0.000000000000000000e+00,1.000000000000000056e-01
9.978754720021342228e-01,-6.475193685914072683e-02,-7.192290977686534650e-03,1.304138349239917893e+01,6.480246068146701399e-02,9.978733569700801720e-01,7.028836240086047508e-03,6.338032453667356014e-01,6.721864781798390920e-03,-7.479981433992773272e-03,9.999494319272361764e-01,1.884509241630447918e-01,0.000000000000000000e+00,0.000000000000000000e+00,0.000000000000000000e+00,1.000000000000000056e-01
9.980217419290486891e-01,-6.197794469662262079e-02,-1.055163532774101333e-02,1.391672927383137193e+01,6.208436580059307347e-02,9.980200451900516079e-01,1.007575912700648529e-02,6.963319410402545317e-01,9.906268724670931961e-03,-1.071091826267445840e-02,9.998935653707973215e-01,1.944766876607592621e-01,0.000000000000000000e+00,0.000000000000000000e+00,0.000000000000000000e+00,1.000000000000000056e-01
9.970358895247138920e-01,-7.655595200174121484e-02,-7.656449096649755974e-03,1.488514424515857648e+01,7.662800251031832988e-02,9.970134705441998646e-01,9.606705194218266575e-03,7.836362222502162300e-01,6.898132424152324770e-03,-1.016492825931730043e-02,9.999245421543276890e-01,2.066732198467556847e-01,0.000000000000000000e+00,0.000000000000000000e+00,0.000000000000000000e+00,1.000000000000000056e-01
9.966708318204600126e-01,-8.122631324459611557e-02,-7.038397189924595204e-03,1.584678506155929512e+01,8.127976623122842859e-02,9.966617859494124598e-01,7.673592999652331312e-03,8.795379994382473976e-01,6.391603844830272621e-03,-8.220125596254753905e-03,9.999457869982114611e-01,2.180239352143847065e-01,0.000000000000000000e+00,0.000000000000000000e+00,0.000000000000000000e+00,1.000000000000000056e-01
9.965332117844940552e-01,-8.295403331160235150e-02,-6.339256093438269853e-03,1.675517898337345457e+01,8.300159641219252704e-02,9.965200584645099724e-01,7.649056864552440486e-03,9.722337321830906154e-01,5.682675734910182068e-03,-8.148707580175771834e-03,9.999506516630031205e-01,2.368639916304357551e-01,0.000000000000000000e+00,0.000000000000000000e+00,0.000000000000000000e+00,1.000000000000000056e-01
9.963158284538329301e-01,-8.559313480679797692e-02,-5.346517211957918514e-03,1.764713455327753167e+01,8.563561765251512248e-02,9.962919614446021921e-01,8.298707739132483302e-03,1.060768461568516452e+00,4.616379709761095698e-03,-8.725986179945834087e-03,9.999512719145682293e-01,2.597097202381436487e-01,0.000000000000000000e+00,0.000000000000000000e+00,0.000000000000000000e+00,1.000000000000000056e-01
9.962619917264086133e-01,-8.620510752364679563e-02,-5.542858302876562705e-03,1.855631340592026746e+01,8.624580615245858173e-02,9.962450650798753138e-01,7.578339205095259261e-03,1.144940981017400716e+00,4.868753684651884635e-03,-8.028059593166969252e-03,9.999559217769184993e-01,2.633937806287016681e-01,0.000000000000000000e+00,0.000000000000000000e+00,0.000000000000000000e+00,1.000000000000000056e-01
9.960665634197309881e-01,-8.841935433322120619e-02,-5.780918309697210059e-03,1.949416371385446212e+01,8.844580464701357059e-02,9.960708631196021345e-01,4.491690607448206758e-03,1.229955988406807421e+00,5.361051906988847232e-03,-4.985320798805442481e-03,9.999732024904385286e-01,2.811789781485375950e-01,0.000000000000000000e+00,0.000000000000000000e+00,0.000000000000000000e+00,1.000000000000000056e-01
9.959247899786882741e-01,-9.009672518307931810e-02,-4.048804414915102741e-03,2.042570416067783157e+01,9.010695632761611673e-02,9.959291552917365342e-01,2.419516741267730385e-03,1.313212553557025375e+00,3.814331825973993860e-03,-2.774482144990798871e-03,9.999888764989081080e-01,2.994091562122792038e-01,0.000000000000000000e+00,0.000000000000000000e+00,0.000000000000000000e+00,1.000000000000000056e-01
9.960324098096461354e-01,-8.899058219836818162e-02,3.389524812847199801e-04,2.134854722784916703e+01,8.898930127028402415e-02,9.960286850802734238e-01,2.786172408193244784e-03,1.408892024554003974e+00,-5.855494989488619229e-04,-2.744954873404506675e-03,9.999960611695064561e-01,3.072014922645283086e-01,0.000000000000000000e+00,0.000000000000000000e+00,0.000000000000000000e+00,1.000000000000000056e-01
9.959163897986104130e-01,-9.023217569233747681e-02,2.949406775866377124e-03,2.229740385773552447e+01,9.023025591499149456e-02,9.959206272667486814e-01,7.778831024433106086e-04,1.502173161462330597e+00,-3.007565131053406213e-03,-5.085808028868514172e-04,9.999953479379538601e-01,3.168998079939248647e-01,0.000000000000000000e+00,0.000000000000000000e+00,0.000000000000000000e+00,1.000000000000000056e-01
9.959780190316394055e-01,-8.934976315245320155e-02,6.663739971805580573e-03,2.327495378032806173e+01,8.934744614861621359e-02,9.960003100381399355e-01,6.451903977479149207e-04,1.595560167392485962e+00,-6.694734687158917369e-03,-4.720730596792326299e-05,9.999775888983406524e-01,3.281690125134169578e-01,0.000000000000000000e+00,0.000000000000000000e+00,0.000000000000000000e+00,1.000000000000000056e-01
9.961569884764789329e-01,-8.721932429252700347e-02,8.002735746427428951e-03,2.420775144520046496e+01,8.723227622467298603e-02,9.961871728029535467e-01,-1.283248814851702894e-03,1.690805014269527451e+00,-7.860298603392120928e-03,1.976414130054104761e-03,9.999671542071029151e-01,3.389985380937438064e-01,0.000000000000000000e+00,0.000000000000000000e+00,0.000000000000000000e+00,1.000000000000000056e-01
9.962077150472582465e-01,-8.681600299990747949e-02,5.759349220256054259e-03,2.516499842356320826e+01,8.683360616386738562e-02,9.962186666243678657e-01,-2.879775988678482616e-03,1.769186003998797885e+00,-5.487560559955406529e-03,3.368960119481241144e-03,9.999792681785029114e-01,3.444086274258857938e-01,0.000000000000000000e+00,0.000000000000000000e+00,0.000000000000000000e+00,1.000000000000000056e-01
9.965004973887758855e-01,-8.358308244636808437e-02,7.918539549487616912e-04,2.610849511251116795e+01,8.358564860268702379e-02,9.964920953439717621e-01,-4.116219703661903005e-03,1.869294257253314884e+00,-4.450298759147649249e-04,4.168002608483561792e-03,9.999912148127428901e-01,3.469437363225442716e-01,0.000000000000000000e+00,0.000000000000000000e+00,0.000000000000000000e+00,1.000000000000000056e-01
9.965317784302427651e-01,-8.320612048807587979e-02,-1.075217178687666499e-03,2.706228241628098274e+01,8.319953246375680345e-02,9.965195509841748844e-01,-5.159680621001644027e-03,1.954104595611460660e+00,1.500791947547357869e-03,5.052328138815015066e-03,9.999861107054976994e-01,3.558685432979839525e-01,0.000000000000000000e+00,0.000000000000000000e+00,0.000000000000000000e+00,1.000000000000000056e-01
9.966196151156166971e-01,-8.212782155990028254e-02,2.088945338015947735e-03,2.804116282117604442e+01,8.214128749062601931e-02,9.965925638993003988e-01,-7.488021768213341117e-03,2.034786457413675365e+00,-1.466852474642329823e-03,7.634298032176309659e-03,9.999697824621369691e-01,3.635053232084892727e-01,0.000000000000000000e+00,0.000000000000000000e+00,0.000000000000000000e+00,1.000000000000000056e-01
9.966201081230389169e-01,-8.176052699991792627e-02,7.973475372625851015e-03,2.904250528338641146e+01,8.183088815631861523e-02,9.966061527425700284e-01,-8.937676387136331974e-03,2.110655176658804422e+00,-7.215665483533291111e-03,9.559944578751051331e-03,9.999282682429180280e-01,3.814336611177743808e-01,0.000000000000000000e+00,0.000000000000000000e+00,0.000000000000000000e+00,1.000000000000000056e-01
9.967562000120976373e-01,-7.982339217853548496e-02,1.026176391050038182e-02,2.998437929426175685e+01,7.993671795296561355e-02,9.967375465583399041e-01,-1.115277560830176852e-02,2.180232194677756752e+00,-9.338033002252390039e-03,1.193688996233207254e-02,9.998851493034968119e-01,3.865003592863027193e-01,0.000000000000000000e+00,0.000000000000000000e+00,0.000000000000000000e+00,1.000000000000000056e-01
9.966469458711567642e-01,-8.129063430124000567e-02,9.311179334417940545e-03,3.088833934484092580e+01,8.145553436806657333e-02,9.964965535511113304e-01,-1.896350921032081277e-02,2.243840983894931362e+00,-7.737002423959422892e-03,1.965837062574769811e-02,9.997768187239751692e-01,3.984922523026910857e-01,0.000000000000000000e+00,0.000000000000000000e+00,0.000000000000000000e+00,1.000000000000000056e-01
9.966534540425980859e-01,-8.141457850722098877e-02,7.318398147846049903e-03,3.182327804527925252e+01,8.156297551991605055e-02,9.964028276251163385e-01,-2.299752432350458953e-02,2.320322068590751741e+00,-5.419738858692530609e-03,2.351747238042727756e-02,9.997087350441324904e-01,4.069346441876880993e-01,0.000000000000000000e+00,0.000000000000000000e+00,0.000000000000000000e+00,1.000000000000000056e-01
9.968315315292474166e-01,-7.945756252668854935e-02,3.659713974137930245e-03,3.279185275683914114e+01,7.952417052433659317e-02,9.965237933775765722e-01,-2.482409182188387992e-02,2.387712073684986613e+00,-1.674530224079260167e-03,2.503647318778081526e-02,9.996851359097254086e-01,4.066691622229895997e-01,0.000000000000000000e+00,0.000000000000000000e+00,0.000000000000000000e+00,1.000000000000000056e-01
9.966915009945210846e-01,-8.116544894355945394e-02,4.268693369051302158e-03,3.373771015229932146e+01,8.124800493594275252e-02,9.963709596992418316e-01,-2.537069888554070729e-02,2.465148341722097403e+00,-2.193977943726662088e-03,2.563358277342829561e-02,9.996689981663832159e-01,4.091148360425068686e-01,0.000000000000000000e+00,0.000000000000000000e+00,0.000000000000000000e+00,1.000000000000000056e-01
9.966753800156167298e-01,-8.129790606285772214e-02,5.370041016663381489e-03,3.469958241619033146e+01,8.141042694976549643e-02,9.963441115653561830e-01,-2.589891373973097349e-02,2.554183342916805266e+00,-3.244881289474295036e-03,2.624998702544236590e-02,9.996501432634226081e-01,4.255073286422787482e-01,0.000000000000000000e+00,0.000000000000000000e+00,0.000000000000000000e+00,1.000000000000000056e-01
9.966141983495983014e-01,-8.201434679392430316e-02,5.812621435581023094e-03,3.567150616019759468e+01,8.213349884897075404e-02,9.963171852202631351e-01,-2.462021124194612234e-02,2.634913956707835681e+00,-3.772004084512406864e-03,2.501426302607870009e-02,9.996799781082186254e-01,4.282636653651299419e-01,0.000000000000000000e+00,0.000000000000000000e+00,0.000000000000000000e+00,1.000000000000000056e-01
9.966891021107039395e-01,-8.117242157866176588e-02,4.676719877726009250e-03,3.663455900511284824e+01,8.126008643948272325e-02,9.964188077124791487e-01,-2.337430188667047673e-02,2.711018734670779473e+00,-2.762622957717277179e-03,2.367694262140739372e-02,9.997158447791533176e-01,4.455881682040275793e-01,0.000000000000000000e+00,0.000000000000000000e+00,0.000000000000000000e+00,1.000000000000000056e-01
9.965061637494309066e-01,-8.324086737310301687e-02,6.813487239724509356e-03,3.762575409045777519e+01,8.337652773396472816e-02,9.962546406457633008e-01,-2.291387384988453901e-02,2.806275337179132023e+00,-4.880597547413982606e-03,2.340190143459475181e-02,9.997142245546102313e-01,4.576666324733206226e-01,0.000000000000000000e+00,0.000000000000000000e+00,0.000000000000000000e+00,1.000000000000000056e-01
9.966613550620736506e-01,-8.104430740094142882e-02,9.897654456128158335e-03,3.861148456549532426e+01,8.125103296774924266e-02,9.964360050855942674e-01,-2.266180510760829395e-02,2.891852387520654766e+00,-8.025768966580741626e-03,2.339034003521976365e-02,9.996941927537299488e-01,4.807495205950876871e-01,0.000000000000000000e+00,0.000000000000000000e+00,0.000000000000000000e+00,1.000000000000000056e-01
9.967033525935804494e-01,-8.031959369347163591e-02,1.145381148930096904e-02,3.960398799786376145e+01,8.051359392668000492e-02,9.965977156399263848e-01,-1.762255300148632062e-02,2.978591345151936132e+00,-9.999406068686638588e-03,1.848664518500179807e-02,9.997791035164104168e-01,4.863734038992421072e-01,0.000000000000000000e+00,0.000000000000000000e+00,0.000000000000000000e+00,1.000000000000000056e-01
9.965750614768477122e-01,-8.210895172776992712e-02,9.811569119362690758e-03,4.059986365802998165e+01,8.228552025860332020e-02,9.964238345389380136e-01,-1.919987287692546604e-02,3.059249779242331435e+00,-8.199999889528410482e-03,1.994146456220966326e-02,9.997675219734465379e-01,5.011330030693699200e-01,0.000000000000000000e+00,0.000000000000000000e+00,0.000000000000000000e+00,1.000000000000000056e-01
9.965621221759500825e-01,-8.241353085630828690e-02,8.482132748487742138e-03,4.160617943785727846e+01,8.253472574765291503e-02,9.964738334949554410e-01,-1.509696014525575489e-02,3.136728954821324411e+00,-7.208029545331192008e-03,1.574512914091343724e-02,9.998500563676583353e-01,5.269591448390481547e-01,0.000000000000000000e+00,0.000000000000000000e+00,0.000000000000000000e+00,1.000000000000000056e-01
9.964850798155390210e-01,-8.350971422082122120e-02,6.604039352976476089e-03,4.263090394966891239e+01,8.359445711493558584e-02,9.964041582200353631e-01,-1.381014922011995771e-02,3.195201409726094344e+00,-5.427010657635397868e-03,1.431366873235347809e-02,9.998828263565398000e-01,5.324057763475069649e-01,0.000000000000000000e+00,0.000000000000000000e+00,0.000000000000000000e+00,1.000000000000000056e-01
9.965579019355191859e-01,-8.247144193936700729e-02,8.414829428911401593e-03,4.365045996656201055e+01,8.258855146202762065e-02,9.964756773895177000e-01,-1.467499705301314114e-02,3.282244637997473014e+00,-7.174904687873782418e-03,1.531945284739453725e-02,9.998569073158301013e-01,5.456388685963514673e-01,0.000000000000000000e+00,0.000000000000000000e+00,0.000000000000000000e+00,1.000000000000000056e-01
9.966474305106707288e-01,-8.131101321593749154e-02,9.078457262957882745e-03,4.464118697038367145e+01,8.146098256248975045e-02,9.965212247186329142e-01,-1.759423215800486051e-02,3.370231274091142648e+00,-7.616270506714751393e-03,1.827478632087587568e-02,9.998039930948939835e-01,5.638523804431104791e-01,0.000000000000000000e+00,0.000000000000000000e+00,0.000000000000000000e+00,1.000000000000000056e-01
9.964940654341167825e-01,-8.303311720938524876e-02,1.025080489906330695e-02,4.562226669013273295e+01,8.319408584545884278e-02,9.963979724402907134e-01,-1.642633852129095351e-02,3.464022840745651255e+00,-8.849951125548287043e-03,1.722155519603598556e-02,9.998125306284699754e-01,5.751265416828116317e-01,0.000000000000000000e+00,0.000000000000000000e+00,0.000000000000000000e+00,1.000000000000000056e-01
9.958489910893747465e-01,-9.059170870635334383e-02,8.827755090487991729e-03,4.653456531804465612e+01,9.072118277169090306e-02,9.957545277719419552e-01,-1.557521807816139407e-02,3.535897153595509490e+00,-7.379291482240501500e-03,1.631142959216190166e-02,9.998397288175140396e-01,5.863766700215878869e-01,0.000000000000000000e+00,0.000000000000000000e+00,0.000000000000000000e+00,1.000000000000000056e-01
9.960720413569307263e-01,-8.845653083339534428e-02,3.991313061811187050e-03,4.748211701642561877e+01,8.850809654118170500e-02,9.959556593076044351e-01,-1.544802705240370597e-02,3.632168054422006520e+00,-2.608691950703140999e-03,1.574061136282571202e-02,9.998727058382136379e-01,5.855349432714885838e-01,0.000000000000000000e+00,0.000000000000000000e+00,0.000000000000000000e+00,1.000000000000000056e-01
9.962315246096392629e-01,-8.669788026122386693e-02,2.495382167986128028e-03,4.843191430838043487e+01,8.672878038283689250e-02,9.960707204276595395e-01,-1.792312919188258913e-02,3.723485503714852207e+00,-9.316798052239950480e-04,1.807200777262323727e-02,9.998362538475021877e-01,5.898199118039284539e-01,0.000000000000000000e+00,0.000000000000000000e+00,0.000000000000000000e+00,1.000000000000000056e-01
9.963888565205967218e-01,-8.480063452638318677e-02,4.254290246397921145e-03,4.940478306681041687e+01,8.486370780941134007e-02,9.962316740750614130e-01,-1.790538093533218522e-02,3.829830525636039429e+00,-2.719871029417433340e-03,1.820175688012806714e-02,9.998306348317499426e-01,6.018421853054662929e-01,0.000000000000000000e+00,0.000000000000000000e+00,0.000000000000000000e+00,1.000000000000000056e-01
9.964778463619953230e-01,-8.366746942716721258e-02,5.626390442690834721e-03,5.042191614273689737e+01,8.375227784202468606e-02,9.963405202000756855e-01,-1.706234930233509542e-02,3.927570097351347211e+00,-4.178237191910550395e-03,1.747347610227092604e-02,9.998385969579647314e-01,6.260101001544549071e-01,0.000000000000000000e+00,0.000000000000000000e+00,0.000000000000000000e+00,1.000000000000000056e-01
9.965847775303205980e-01,-8.239836124259068695e-02,5.412139999746565754e-03,5.136666725234903907e+01,8.248482525814800070e-02,9.964226319911049234e-01,-1.838999885948703825e-02,4.013798189352937307e+00,-3.877473013976967357e-03,1.877361234431646972e-02,9.998162414576846624e-01,6.338641695910625096e-01,0.000000000000000000e+00,0.000000000000000000e+00,0.000000000000000000e+00,1.000000000000000056e-01
9.966976888427598880e-01,-8.107882871665875180e-02,4.465488711852086921e-03,5.232275832346080335e+01,8.115235797072051227e-02,9.965015779701923426e-01,-1.997247853193938327e-02,4.101348654189646226e+00,-2.830521381830430026e-03,2.026890813170405259e-02,9.997905578229150381e-01,6.502471340496548402e-01,0.000000000000000000e+00,0.000000000000000000e+00,0.000000000000000000e+00,1.000000000000000056e-01
9.966600268825546172e-01,-8.156715103552808488e-02,3.948504326048755952e-03,5.330647683924028968e+01,8.163454704799694150e-02,9.964202736400176175e-01,-2.196449424459373870e-02,4.189809255197863180e+00,-2.142788541562529701e-03,2.221346778645255995e-02,9.997509541411633283e-01,6.729883827628333481e-01,0.000000000000000000e+00,0.000000000000000000e+00,0.000000000000000000e+00,1.000000000000000056e-01
9.966444469036851439e-01,-8.171710222570241489e-02,4.707617219109708553e-03,5.426383923385013475e+01,8.180660441844719855e-02,9.963633404930206661e-01,-2.382799183969604509e-02,4.269230250666163684e+00,-2.743342773196968867e-03,2.413314992749656870e-02,9.997049890567745178e-01,6.735919316423739645e-01,0.000000000000000000e+00,0.000000000000000000e+00,0.000000000000000000e+00,1.000000000000000056e-01
9.965612645799719616e-01,-8.236573551434663021e-02,9.029482374295783736e-03,5.521339236144510920e+01,8.257796086556747073e-02,9.962348690505374860e-01,-2.640011490776511885e-02,4.342071921046864347e+00,-6.821020308709354642e-03,2.705496813967990868e-02,9.996106754036339082e-01,6.911960911805408170e-01,0.000000000000000000e+00,0.000000000000000000e+00,0.000000000000000000e+00,1.000000000000000056e-01
9.963416049953600639e-01,-8.441455409133612198e-02,1.332626027176748995e-02,5.616290911939768193e+01,8.473269081990252027e-02,9.960786066335501898e-01,-2.545153263329935286e-02,4.429810086967592930e+00,-1.112552298495714242e-02,2.648759076484648659e-02,9.995872299473343991e-01,7.178106444272085440e-01,0.000000000000000000e+00,0.000000000000000000e+00,0.000000000000000000e+00,1.000000000000000056e-01
9.961830542166049129e-01,-8.614793163680498078e-02,1.406614255498262085e-02,5.711987506084211930e+01,8.644822229060761254e-02,9.960055168544629245e-01,-2.235431184957129003e-02,4.504454509660070549e+00,-1.208417785661933426e-02,2.348497967158088423e-02,9.996511533406816641e-01,7.159087319332322341e-01,0.000000000000000000e+00,0.000000000000000000e+00,0.000000000000000000e+00,1.000000000000000056e-01
9.961731891005090045e-01,-8.693461263476089107e-02,9.019448063248607095e-03,5.801514991286118317e+01,8.712050422964771890e-02,9.959365598064015002e-01,-2.281198333687609742e-02,4.586707141359730677e+00,-6.999647140642384358e-03,2.351046505354686955e-02,9.996990862118823040e-01,7.285898308979349425e-01,0.000000000000000000e+00,0.000000000000000000e+00,0.000000000000000000e+00,1.000000000000000056e-01
9.959856725365265895e-01,-8.942438113790296406e-02,3.977456481951556662e-03,5.894455100746986176e+01,8.948939995567409267e-02,9.957577043713938814e-01,-2.140657563892564563e-02,4.663762486493954640e+00,-2.046313156912567266e-03,2.167658282835904088e-02,9.997629410812091111e-01,7.438890394176441712e-01,0.000000000000000000e+00,0.000000000000000000e+00,0.000000000000000000e+00,1.000000000000000056e-01
9.959837788223192545e-01,-8.953376654810585311e-02,1.302709589009694085e-04,5.989311168767348903e+01,8.951666945756894811e-02,9.957629691102430902e-01,-2.104460115985841429e-02,4.764699689660237603e+00,1.754483410520692784e-03,2.097174280937220275e-02,9.997785293711300980e-01,7.579424746345031494e-01,0.000000000000000000e+00,0.000000000000000000e+00,0.000000000000000000e+00,1.000000000000000056e-01
9.959533226705755693e-01,-8.987198036729698858e-02,-7.878007719407998689e-05,6.079831295956952175e+01,8.985727356897216245e-02,9.958054542244272334e-01,-1.723855340894293528e-02,4.856047407262619409e+00,1.627712564083206269e-03,1.716171558272268013e-02,9.998514019943496312e-01,7.680532338281935711e-01,0.000000000000000000e+00,0.000000000000000000e+00,0.000000000000000000e+00,1.000000000000000056e-01
9.957950693203824200e-01,-9.160874561633457203e-02,1.328300281331133660e-04,6.173850146838545072e+01,9.159920383946364153e-02,9.956682236139253739e-01,-1.594911726293257379e-02,4.948431077769924080e+00,1.328823987991195610e-03,1.589421945526381733e-02,9.998727959169190216e-01,7.872868252103153441e-01,0.000000000000000000e+00,0.000000000000000000e+00,0.000000000000000000e+00,1.000000000000000056e-01
9.956566075178255870e-01,-9.308342301856846468e-02,1.842895884458824532e-03,6.262221173836459087e+01,9.309965431794399449e-02,9.955701082568588767e-01,-1.313826135017989380e-02,5.034990733486049308e+00,-6.117777162094880728e-04,1.325276969438975855e-02,9.999119910389381305e-01,8.101606049844767288e-01,0.000000000000000000e+00,0.000000000000000000e+00,0.000000000000000000e+00,1.000000000000000056e-01
9.955328289781026907e-01,-9.440323279275182611e-02,1.554369690027629543e-03,6.344755783281755868e+01,9.441484350176938822e-02,9.954678976259278000e-01,-1.137989994471585997e-02,5.124875764645016041e+00,-4.730257838260346417e-04,1.147581955647858712e-02,9.999340387306129285e-01,8.272182072762225280e-01,0.000000000000000000e+00,0.000000000000000000e+00,0.000000000000000000e+00,1.000000000000000056e-01
9.953130815551830546e-01,-9.666388687366411769e-02,2.821818491842493191e-03,6.426548251743274420e+01,9.668764617204197998e-02,9.952638701978916425e-01,-1.006616890501944167e-02,5.209662357862515414e+00,-1.835418980901142548e-03,1.029182458021085655e-02,9.999453532988563653e-01,8.405524329971972852e-01,0.000000000000000000e+00,0.000000000000000000e+00,0.000000000000000000e+00,1.000000000000000056e-01
9.953530820787200861e-01,-9.622334054927987601e-02,3.648387305390964584e-03,6.505469048315167413e+01,9.625779050321460473e-02,9.952969957282490343e-01,-1.087787027690232874e-02,5.293479644698209974e+00,-2.584523908203446504e-03,1.117850740748414437e-02,9.999341784379153220e-01,8.564066582896865398e-01,0.000000000000000000e+00,0.000000000000000000e+00,0.000000000000000000e+00,1.000000000000000056e-01
9.952741348721649839e-01,-9.704335214173824553e-02,3.461828932536967912e-03,6.585015472938634673e+01,9.707772751196787342e-02,9.952073983045295336e-01,-1.175368797619164539e-02,5.372309860931732572e+00,-2.304620484087782292e-03,1.203420811786737842e-02,9.999249304619822754e-01,8.702282968212552428e-01,0.000000000000000000e+00,0.000000000000000000e+00,0.000000000000000000e+00,1.000000000000000056e-01
9.952907019033708780e-01,-9.684151405962719561e-02,4.259091374263610126e-03,6.659424279798572854e+01,9.688745128867178036e-02,9.952183451851507323e-01,-1.238011266974057764e-02,5.448063884873599605e+00,-3.039817014320528483e-03,1.273446353676688236e-02,9.999142928026132360e-01,8.882917914719038466e-01,0.000000000000000000e+00,0.000000000000000000e+00,0.000000000000000000e+00,1.000000000000000056e-01
9.953120551100350655e-01,-9.655368754167600875e-02,5.594495039130847544e-03,6.739431878358237782e+01,9.661151441439161380e-02,9.952591357287114970e-01,-1.120125131831582743e-02,5.538000813762813834e+00,-4.486450177619477619e-03,1.168923310755114880e-02,9.999216137248764236e-01,8.915753208479421099e-01,0.000000000000000000e+00,0.000000000000000000e+00,0.000000000000000000e+00,1.000000000000000056e-01
9.950684309520894111e-01,-9.875107143472199034e-02,9.329716664578149507e-03,6.814042787139349855e+01,9.884880724752877212e-02,9.950452650482035644e-01,-1.066929289555950885e-02,5.613773876408587604e+00,-8.229886286442436236e-03,1.153890790520361795e-02,9.998995562435596396e-01,9.010257269637442779e-01,0.000000000000000000e+00,0.000000000000000000e+00,0.000000000000000000e+00,1.000000000000000056e-01
9.949033284994035498e-01,-1.000715812660845361e-01,1.237115854370176085e-02,6.886910544164754810e+01,1.001999165610193143e-01,9.949147472541144399e-01,-1.022851003061230578e-02,5.693128143845824773e+00,-1.128466490298823607e-02,1.141596772888777735e-02,9.998711577092521674e-01,9.155082597450914239e-01,0.000000000000000000e+00,0.000000000000000000e+00,0.000000000000000000e+00,1.000000000000000056e-01
9.948514165762003536e-01,-1.010039455140823300e-01,8.298308678027086632e-03,6.956028130389462660e+01,1.010567061864832000e-01,9.948613186175608858e-01,-6.204744415905139206e-03,5.773419931446222009e+00,-7.628962646804686616e-03,7.011398513576623352e-03,9.999463181690392277e-01,9.300264867648042610e-01,0.000000000000000000e+00,0.000000000000000000e+00,0.000000000000000000e+00,1.000000000000000056e-01
9.948469594026574381e-01,-1.013389618040490825e-01,3.153123493411623922e-03,7.026033156376341537e+01,1.013599153866098779e-01,9.948222638028842990e-01,-7.404795400537095285e-03,5.851229916584151702e+00,-2.386403173503983365e-03,7.686238519718845835e-03,9.999676128841931133e-01,9.329023622436356522e-01,0.000000000000000000e+00,0.000000000000000000e+00,0.000000000000000000e+00,1.000000000000000056e-01
9.948889551937888376e-01,-1.009729633517917891e-01,-6.538389472935870073e-04,7.101254293425255071e+01,1.009634142206582985e-01,9.948515836197922013e-01,-8.758741810288151255e-03,5.930136025515702514e+00,1.534868827965354910e-03,8.647961675980532850e-03,9.999614277243555893e-01,9.609750678878636876e-01,0.000000000000000000e+00,0.000000000000000000e+00,0.000000000000000000e+00,1.000000000000000056e-01
9.946948621633228127e-01,-1.028658648300157241e-01,-8.631562205488024341e-04,7.174275644185455292e+01,1.028562646462774788e-01,9.946665292784475643e-01,-7.686634906258884258e-03,6.011975336519379098e+00,1.649244949383286410e-03,7.557075223929119075e-03,9.999700848551205112e-01,9.714015575985912587e-01,0.000000000000000000e+00,0.000000000000000000e+00,0.000000000000000000e+00,1.000000000000000056e-01
9.945356374741848304e-01,-1.043913310266261774e-01,1.147083391099921676e-03,7.242214366146345128e+01,1.043965604912124867e-01,9.945151910800892336e-01,-6.394753203853196025e-03,6.099187559588080454e+00,-4.732350593475180751e-04,6.479561514711651773e-03,9.999788954428766585e-01,9.823457253597877026e-01,0.000000000000000000e+00,0.000000000000000000e+00,0.000000000000000000e+00,1.000000000000000056e-01
9.944462501965325441e-01,-1.051667841913416640e-01,4.074674576838323986e-03,7.303360344553287575e+01,1.051885452748760746e-01,9.944367792896017244e-01,-5.555352291193304225e-03,6.156166723976641997e+00,-3.467767727329521769e-03,5.953108345704041272e-03,9.999762672623854209e-01,9.982942755227485199e-01,0.000000000000000000e+00,0.000000000000000000e+00,0.000000000000000000e+00,1.000000000000000056e-01
9.943734401616948215e-01,-1.059275357317436550e-01,9.048064967683923420e-04,7.360424953966477801e+01,1.059312379629817058e-01,9.943505844805381466e-01,-6.744476765640289133e-03,6.211090803624743195e+00,-1.852690653191627892e-04,6.802375835859978716e-03,9.999768464111362665e-01,1.008519536034403474e+00,0.000000000000000000e+00,0.000000000000000000e+00,0.000000000000000000e+00,1.000000000000000056e-01
9.945475133833237003e-01,-1.042707997666192654e-01,-1.686398255771642991e-03,7.423794632882928113e+01,1.042448738306339662e-01,9.944856086506318471e-01,-1.146213186181091991e-02,6.267909284007745718e+00,2.872264452079898930e-03,1.122383636783470286e-02,9.999328855448776920e-01,1.027529506965124906e+00,0.000000000000000000e+00,0.000000000000000000e+00,0.000000000000000000e+00,1.000000000000000056e-01
9.946158723226019571e-01,-1.035326705090992838e-01,-4.500295679606187808e-03,7.485452594453636266e+01,1.034498485584600391e-01,9.945085897941664532e-01,-1.583646610989996456e-02,6.321800328621663745e+00,6.115174337766719238e-03,1.528564564788192220e-02,9.998644676554648836e-01,1.049013004254919501e+00,0.000000000000000000e+00,0.000000000000000000e+00,0.000000000000000000e+00,1.000000000000000056e-01
9.951646583423353620e-01,-9.809570576071631465e-02,-4.953311790088735060e-03,7.543977225179278889e+01,9.801602507321945101e-02,9.950812690620104428e-01,-1.435711638125250662e-02,6.375506952608215094e+00,6.337319246249023021e-03,1.380219088571748610e-02,9.998846623043706749e-01,1.062215078990894623e+00,0.000000000000000000e+00,0.000000000000000000e+00,0.000000000000000000e+00,1.000000000000000056e-01
9.955365717158617400e-01,-9.428357489432930005e-02,-4.188302922923230545e-03,7.599873962685899187e+01,9.423390897115511977e-02,9.954915826135165569e-01,-1.079255973586410768e-02,6.452986218897683202e+00,5.186981419363530244e-03,1.034970776309842959e-02,9.999329871411252180e-01,1.065608592829981882e+00,0.000000000000000000e+00,0.000000000000000000e+00,0.000000000000000000e+00,1.000000000000000056e-01
9.961614152003971379e-01,-8.752738369401534546e-02,-1.179817622631655107e-03,7.654622751648061296e+01,8.750119737760965466e-02,9.960588569544471804e-01,-1.450151509617689585e-02,6.491264845666645300e+00,2.444447468580831020e-03,1.434261434609002475e-02,9.998941514431878286e-01,1.083234807508811404e+00,0.000000000000000000e+00,0.000000000000000000e+00,0.000000000000000000e+00,1.000000000000000056e-01
9.968117163199085029e-01,-7.976762098670053813e-02,1.878523217933113394e-03,7.710050262773108898e+01,7.978790574810037950e-02,9.966720668922540716e-01,-1.669374652540614803e-02,6.515995484125602921e+00,-5.406511726358378738e-04,1.679040555925767966e-02,9.998588850320154764e-01,1.097858084527217670e+00,0.000000000000000000e+00,0.000000000000000000e+00,0.000000000000000000e+00,1.000000000000000056e-01
9.974370374923348104e-01,-7.148076342250400672e-02,3.139538031424628402e-03,7.762976087808917214e+01,7.152841301482792957e-02,9.972498983475802659e-01,-1.939913341675392200e-02,6.547670944051447783e+00,-1.744239116331994244e-03,1.957398033811308391e-02,9.998068898160424878e-01,1.112003553513049026e+00,0.000000000000000000e+00,0.000000000000000000e+00,0.000000000000000000e+00,1.000000000000000056e-01
9.982413630744914057e-01,-5.915681318473354350e-02,3.827858540756116489e-03,7.810767437647902511e+01,5.921152310447368866e-02,9.981132232937920401e-01,-1.624773884961124015e-02,6.579246662335429541e+00,-2.859471774625969420e-03,1.644581831054092724e-02,9.998606695341439865e-01,1.123492004550866286e+00,0.000000000000000000e+00,0.000000000000000000e+00,0.000000000000000000e+00,1.000000000000000056e-01
9.989908176787125615e-01,-4.480022136125334786e-02,3.207235507404264992e-03,7.859207936913171011e+01,4.483662088745400676e-02,9.989179173495248421e-01,-1.235604408711293151e-02,6.609623530686326909e+00,-2.650211503253649663e-03,1.248737618840143476e-02,9.999185175877669529e-01,1.128826438064532534e+00,0.000000000000000000e+00,0.000000000000000000e+00,0.000000000000000000e+00,1.000000000000000056e-01
9.996259381026499913e-01,-2.725146859240636793e-02,2.311132180153180164e-03,7.905648767977456259e+01,2.726756752335642714e-02,9.996019039587455968e-01,-7.246610477314251175e-03,6.621276280967486549e+00,-2.112731349757513387e-03,7.306918749227479457e-03,9.999710722339101299e-01,1.128450816595019557e+00,0.000000000000000000e+00,0.000000000000000000e+00,0.000000000000000000e+00,1.000000000000000056e-01
9.999803164998880556e-01,-5.029317274999466070e-03,3.751343830029985581e-03,7.953844664126746977e+01,5.055803209933510886e-03,9.999621226558355058e-01,-7.084638843174798084e-03,6.639528897038977640e+00,-3.715570842567544885e-03,7.103465448862764445e-03,9.999678671397049801e-01,1.143071137164387352e+00,0.000000000000000000e+00,0.000000000000000000e+00,0.000000000000000000e+00,1.000000000000000056e-01
9.997899670455525634e-01,1.992515117006591480e-02,4.796889190196421474e-03,8.001724041877082527e+01,-1.987948406065431772e-02,9.997583188556468103e-01,-9.386692304166541212e-03,6.625096946689986943e+00,-4.982761135675011638e-03,9.289361107252171873e-03,9.999444383872955200e-01,1.157207440658955422e+00,0.000000000000000000e+00,0.000000000000000000e+00,0.000000000000000000e+00,1.000000000000000056e-01
9.988015092600207590e-01,4.854496376522751677e-02,6.239518646296200038e-03,8.049011377966353109e+01,-4.847460864815809900e-02,9.987641546458612130e-01,-1.097158652821765036e-02,6.617284084999492499e+00,-6.764422836624496213e-03,1.065597895882860503e-02,9.999203431754533078e-01,1.163743176902521714e+00,0.000000000000000000e+00,0.000000000000000000e+00,0.000000000000000000e+00,1.000000000000000056e-01
9.967304933868256223e-01,8.026006342609777466e-02,9.308371054799556565e-03,8.099087513332746369e+01,-8.015430252321327498e-02,9.967192319423813229e-01,-1.122766508258563403e-02,6.574083952381897689e+00,-1.017896556002981234e-02,1.044485016782288958e-02,9.998936412264554097e-01,1.169367090824217303e+00,0.000000000000000000e+00,0.000000000000000000e+00,0.000000000000000000e+00,1.000000000000000056e-01
