1.000000000000000000e+00,0.000000000000000000e+00,0.000000000000000000e+00,0.000000000000000000e+00,0.000000000000000000e+00,1.000000000000000000e+00,0.000000000000000000e+00,0.000000000000000000e+00,0.000000000000000000e+00,0.000000000000000000e+00,1.000000000000000000e+00,0.000000000000000000e+00,0.000000000000000000e+00,0.000000000000000000e+00,0.000000000000000000e+00,1.000000000000000000e+00
9.999947376611266758e-01,-3.007266540083603466e-03,-1.216962616967262687e-03,6.425150757571858051e-01,3.004388590594267699e-03,9.999927024206004544e-01,-2.359820912985817476e-03,1.942632157685841854e-02,1.224050346558149113e-03,2.356152266206904856e-03,9.999964751174115207e-01,1.001444726767508620e-02,0.000000000000000000e+00,0.000000000000000000e+00,0.000000000000000000e+00,1.000000000000000000e+00
9.999760346658564947e-01,-6.675955013001327355e-03,-1.833499008326907242e-03,1.289671489708889895e+00,6.672346983904350361e-03,9.999758051438499828e-01,-1.966955168435192709e-03,3.640928400763780715e-02,1.846585951299211910e-03,1.954674288119140520e-03,9.999963846778406884e-01,1.500846062969733719e-02,0.000000000000000000e+00,0.000000000000000000e+00,0.000000000000000000e+00,1.000000000000000000e+00
9.999148716340136023e-01,-1.252086717271971676e-02,-3.671153820846094571e-03,1.996265006483621374e+00,1.251279440791098346e-02,9.999192613696168408e-01,-2.213756568224202383e-03,4.607627604012973915e-02,3.698575568858144137e-03,2.167631721744734015e-03,9.999908109135204892e-01,1.839452723064170098e-02,0.000000000000000000e+00,0.000000000000000000e+00,0.000000000000000000e+00,1.000000000000000000e+00
9.998271391439944589e-01,-1.817511882913185051e-02,-3.918786378536555023e-03,2.699117339410054051e+00,1.817400937637630998e-02,9.998347883106594169e-01,-3.185387941776510971e-04,5.302961698217446146e-02,3.923928429654660079e-03,2.472636709014603166e-04,9.999922707933073251e-01,1.965152332703898330e-02,0.000000000000000000e+00,0.000000000000000000e+00,0.000000000000000000e+00,1.000000000000000000e+00
9.997400125303629315e-01,-2.244302569290731672e-02,-4.027150796244189680e-03,3.408190982372144795e+00,2.244595403747950274e-02,9.997478242409243432e-01,6.834273057325714355e-04,7.111457516814492785e-02,4.010797069853445050e-03,-7.736428648712792523e-04,9.999916574569915895e-01,3.345465032534999938e-02,0.000000000000000000e+00,0.000000000000000000e+00,0.000000000000000000e+00,1.000000000000000000e+00
9.996367689155591929e-01,-2.648381263583217404e-02,-4.993786171744936039e-03,4.143965986289019909e+00,2.648982252042468219e-02,9.996484317013459853e-01,1.141183540108340472e-03,8.760175489099300550e-02,4.961807623777370405e-03,-1.273053536168164673e-03,9.999868798138292769e-01,4.887033510470644576e-02,0.000000000000000000e+00,0.000000000000000000e+00,0.000000000000000000e+00,1.000000000000000000e+00
9.994409253530021076e-01,-3.305958537678725662e-02,-4.990044513681954515e-03,4.910968458859981567e+00,3.306821189182230364e-02,9.994517248278772525e-01,1.656230918354968315e-03,1.226362194227893498e-01,4.932554288718287577e-03,-1.820316810967167976e-03,9.999861780819248036e-01,5.420040351695432079e-02,0.000000000000000000e+00,0.000000000000000000e+00,0.000000000000000000e+00,1.000000000000000000e+00
9.992518429388582701e-01,-3.851959863379965376e-02,-3.463366048375095436e-03,5.678906627346123059e+00,3.852924197504010301e-02,9.992536555292135247e-01,2.762141257957441941e-03,1.571148464265517131e-01,3.354384611648201890e-03,-2.893515610997571697e-03,9.999901877875022604e-01,5.339938698416856616e-02,0.000000000000000000e+00,0.000000000000000000e+00,0.000000000000000000e+00,1.000000000000000000e+00
9.990992837552766792e-01,-4.239908334604167855e-02,-1.714331096079044605e-03,6.472821420472195442e+00,4.240416654845072936e-02,9.990958947472400320e-01,3.046269610480839812e-03,2.031867910090221496e-01,1.583622121220815311e-03,-3.116220567274348863e-03,9.999938906365134494e-01,6.453868205468123176e-02,0.000000000000000000e+00,0.000000000000000000e+00,0.000000000000000000e+00,1.000000000000000000e+00
9.989278652278185122e-01,-4.628742808806569214e-02,7.707609121836217145e-04,7.293037392229021698e+00,4.628418416133856655e-02,9.989210942632198442e-01,3.797595619163587552e-03,2.300361682429940824e-01,-9.457102679433767927e-04,-3.757850044845881862e-03,9.999924920693791242e-01,8.020722051867237856e-02,0.000000000000000000e+00,0.000000000000000000e+00,0.000000000000000000e+00,1.000000000000000000e+00
9.988283803977050512e-01,-4.836868470626365379e-02,1.528676513451372211e-03,8.104811606157548809e+00,4.836210029197444277e-02,9.988215155664643685e-01,4.085008795233039357e-03,2.748578441515956428e-01,-1.724461494415307572e-03,-4.006292711995602072e-03,9.999904878803886898e-01,8.682856876694547421e-02,0.000000000000000000e+00,0.000000000000000000e+00,0.000000000000000000e+00,1.000000000000000000e+00
9.987311712340800618e-01,-5.034432978845466977e-02,1.223136767930608094e-03,8.934254704996986263e+00,5.033960385301925605e-02,9.987255679551969578e-01,3.628249782832498101e-03,3.076359198879696222e-01,-1.404239766860197573e-03,-3.562073934782531131e-03,9.999926698431133021e-01,9.562671304365116809e-02,0.000000000000000000e+00,0.000000000000000000e+00,0.000000000000000000e+00,1.000000000000000000e+00
9.986559048561715057e-01,-5.180339550104208490e-02,1.670901093096259244e-03,9.714856631154573208e+00,5.180050730743018111e-02,9.986559577775802055e-01,1.727842016198645990e-03,3.649555094658550880e-01,-1.758163414806116192e-03,-1.638966107852553875e-03,9.999971113215784246e-01,1.066623456552059229e-01,0.000000000000000000e+00,0.000000000000000000e+00,0.000000000000000000e+00,1.000000000000000000e+00
9.984641907694508101e-01,-5.536551521145125637e-02,1.979766773016043094e-03,1.051676766396006890e+01,5.536267362659328534e-02,9.984652400566206287e-01,1.462452592885760821e-03,4.194527428212880271e-01,-2.057697747553038393e-03,-1.350601362983212166e-03,9.999969708733796869e-01,1.126146921702228798e-01,0.000000000000000000e+00,0.000000000000000000e+00,0.000000000000000000e+00,1.000000000000000000e+00
9.983642950541687933e-01,-5.711306853613635354e-02,2.613764216284890363e-03,1.132751394054324834e+01,5.710653968338137709e-02,9.983649401137389967e-01,2.507882986862206443e-03,4.724028088142626647e-01,-2.752723448171983354e-03,-2.354517800316852701e-03,9.999934393582502468e-01,1.340448099377740399e-01,0.000000000000000000e+00,0.000000000000000000e+00,0.000000000000000000e+00,1.000000000000000000e+00
9.981350964515848245e-01,-6.102353890733200337e-02,1.567459986676777604e-03,1.218517794236817409e+01,6.101653657962517741e-02,9.981279926274466696e-01,4.182415250218968032e-03,5.205037175631024304e-01,-1.819751469773905200e-03,-4.078974469563815750e-03,9.999900251861821854e-01,1.449232840406869394e-01,0.000000000000000000e+00,0.000000000000000000e+00,0.000000000000000000e+00,1.000000000000000000e+00
9.980822125081133533e-01,-6.190200450360331536e-02,-1.972646524699824488e-04,1.306007225663598348e+01,6.190197140712205837e-02,9.980608668565500441e-01,6.530848754714323710e-03,5.998537702947031036e-01,-2.073904989823365473e-04,-6.530535045538055604e-03,9.999786543227791036e-01,1.629456200801884247e-01,0.000000000000000000e+00,0.000000000000000000e+00,0.000000000000000000e+00,1.000000000000000000e+00
9.983739953876138440e-01,-5.699161228233090570e-02,-1.149549142641949394e-03,1.394019151876269902e+01,5.700048670153878838e-02,9.983202978565479668e-01,1.036954210144623925e-02,6.772720569816275127e-01,5.566413194921186053e-04,-1.041820603877896545e-02,9.999455740855955899e-01,1.724008442220900938e-01,0.000000000000000000e+00,0.000000000000000000e+00,0.000000000000000000e+00,1.000000000000000000e+00
9.969469695213781790e-01,-7.807122427376754492e-02,-1.274324343816549522e-03,1.490961991381479557e+01,7.807896984325421452e-02,9.969148667282683451e-01,8.026391740199268973e-03,7.956823212703041381e-01,6.437626537262510634e-04,-8.101384853594528063e-03,9.999669760212562819e-01,1.683334675983186868e-01,0.000000000000000000e+00,0.000000000000000000e+00,0.000000000000000000e+00,1.000000000000000000e+00
9.967912767089525117e-01,-8.004463185841172168e-02,8.710674429026530024e-05,1.587496956572099371e+01,8.004196929804507921e-02,9.967658941840389364e-01,7.143902461193818096e-03,8.775891251767293788e-01,-6.586560744006098901e-04,-7.114007459625547140e-03,9.999744782093373807e-01,1.742618584131655213e-01,0.000000000000000000e+00,0.000000000000000000e+00,0.000000000000000000e+00,1.000000000000000000e+00
9.965850123675638050e-01,-8.254301610962613833e-02,2.227917383019170899e-03,1.678673974041690542e+01,8.252320029158184689e-02,9.965580950371297764e-01,7.866678434635948972e-03,9.733953328682553030e-01,-2.869588467881106861e-03,-7.655958952641398960e-03,9.999665753186639527e-01,1.826828628294207835e-01,0.000000000000000000e+00,0.000000000000000000e+00,0.000000000000000000e+00,1.000000000000000000e+00
9.963713342174456145e-01,-8.508616586478359722e-02,2.123376597420529883e-03,1.766840702379147743e+01,8.506961232282803098e-02,9.963508058820520485e-01,6.944974976208715886e-03,1.058943375364885586e+00,-2.706549276783510975e-03,-6.739139159193982542e-03,9.999736289494849384e-01,1.922714742619881512e-01,0.000000000000000000e+00,0.000000000000000000e+00,0.000000000000000000e+00,1.000000000000000000e+00
9.961365716115635482e-01,-8.780746758061797053e-02,1.333917176991957117e-03,1.858274994023462767e+01,8.779749854456853075e-02,9.961186447758563212e-01,6.264565365520974316e-03,1.144817508518808147e+00,-1.878815390828114055e-03,-6.123248074441139423e-03,9.999794877324948983e-01,1.953023744004813156e-01,0.000000000000000000e+00,0.000000000000000000e+00,0.000000000000000000e+00,1.000000000000000000e+00
9.959837454886754093e-01,-8.952807105754276296e-02,1.050340449968012371e-03,1.950916999546085151e+01,8.952159980223281521e-02,9.959717515488212269e-01,5.114028315585310985e-03,1.236125142262443299e+00,-1.503958508105229666e-03,-4.999460918873711336e-03,9.999863716567954919e-01,2.071082756835824212e-01,0.000000000000000000e+00,0.000000000000000000e+00,0.000000000000000000e+00,1.000000000000000000e+00
9.960561366539373296e-01,-8.865988409928815539e-02,3.405522798450926272e-03,2.043282607958325769e+01,8.864234677587826128e-02,9.960509926312058893e-01,4.995441566720525313e-03,1.325978020840699489e+00,-3.834969634155474365e-03,-4.673866694974729286e-03,9.999817238220001236e-01,2.151088751879798866e-01,0.000000000000000000e+00,0.000000000000000000e+00,0.000000000000000000e+00,1.000000000000000000e+00
9.954514563425432838e-01,-9.510492860005516358e-02,5.608085367091887770e-03,2.131350464181163673e+01,9.508242649972541150e-02,9.954607452986972138e-01,4.151715341657822092e-03,1.413899240059626639e+00,-5.977477430360156503e-03,-3.599600718452304268e-03,9.999756560228021396e-01,2.219886369330222320e-01,0.000000000000000000e+00,0.000000000000000000e+00,0.000000000000000000e+00,1.000000000000000000e+00
9.956536262454703801e-01,-9.276812017273664002e-02,8.242112827348997695e-03,2.223149479663770478e+01,9.273939387703024340e-02,9.956831552614957559e-01,3.802519141936486734e-03,1.511096646764834350e+00,-8.559285458674428110e-03,-3.021623424662554010e-03,9.999588033635750106e-01,2.277679680284721009e-01,0.000000000000000000e+00,0.000000000000000000e+00,0.000000000000000000e+00,1.000000000000000000e+00
9.956740342797180121e-01,-9.230298319093747927e-02,1.064785214025760519e-02,2.317878077917718826e+01,9.226677368691464654e-02,9.957269025156955111e-01,3.844226826914476196e-03,1.600896406686605156e+00,-1.095718643425071075e-02,-2.845153869763494738e-03,9.999359205293602004e-01,2.377008063351066236e-01,0.000000000000000000e+00,0.000000000000000000e+00,0.000000000000000000e+00,1.000000000000000000e+00
9.959350655279606279e-01,-8.945315942665259257e-02,1.055829154753008987e-02,2.409883119984474931e+01,8.944120480396929029e-02,9.959908186656662998e-01,1.600005281651604864e-03,1.682392655348957655e+00,-1.065908696967838958e-02,-6.491550483441888963e-04,9.999429796056835684e-01,2.381262684885709080e-01,0.000000000000000000e+00,0.000000000000000000e+00,0.000000000000000000e+00,1.000000000000000000e+00
9.961381952538937989e-01,-8.736507651505427685e-02,8.720055150702309132e-03,2.504962979684036029e+01,8.735786396701768208e-02,9.961762649013464754e-01,1.205342405005800687e-03,1.764367115474457126e+00,-8.792016801200588233e-03,-4.389222163455864753e-04,9.999612531432662266e-01,2.369488898568631596e-01,0.000000000000000000e+00,0.000000000000000000e+00,0.000000000000000000e+00,1.000000000000000000e+00
9.962332535040371306e-01,-8.657122530097366431e-02,4.972681635295694152e-03,2.597561227007086870e+01,8.656978875516366245e-02,9.962456613945533945e-01,5.038128670719731065e-04,1.850487813392873493e+00,-4.997628201884556434e-03,-7.143113300616141064e-05,9.999875092269627785e-01,2.376542408773208714e-01,0.000000000000000000e+00,0.000000000000000000e+00,0.000000000000000000e+00,1.000000000000000000e+00
9.964143958317034366e-01,-8.454376108580413662e-02,3.271733608532576519e-03,2.691484263612171191e+01,8.454241674671547635e-02,9.964197309616710241e-01,5.472850141720911289e-04,1.930173614653682534e+00,-3.306289455476314233e-03,-2.687224005273275516e-04,9.999944981040167491e-01,2.430578690889199089e-01,0.000000000000000000e+00,0.000000000000000000e+00,0.000000000000000000e+00,1.000000000000000000e+00
9.965647558205418255e-01,-8.266261068877861495e-02,5.057692206562497059e-03,2.786840238874765419e+01,8.267492114210012177e-02,9.965739720253788958e-01,-2.275015537882479899e-03,2.007886519595926345e+00,-4.852305687856915857e-03,2.685344608336272081e-03,9.999846219086783172e-01,2.490279751184748258e-01,0.000000000000000000e+00,0.000000000000000000e+00,0.000000000000000000e+00,1.000000000000000000e+00
9.966114582356885299e-01,-8.163231073936041970e-02,1.008797089029141690e-02,2.886550388361508013e+01,8.166423313743897960e-02,9.966559838144970485e-01,-2.793376598795334689e-03,2.073563984980606900e+00,-9.826206765830522785e-03,3.607737532195324451e-03,9.999452134444616336e-01,2.544909522689831616e-01,0.000000000000000000e+00,0.000000000000000000e+00,0.000000000000000000e+00,1.000000000000000000e+00
9.965409982826970436e-01,-8.198684487927188069e-02,1.357188301097833963e-02,2.980935002159100478e+01,8.207889415078324646e-02,9.966054818845352381e-01,-6.369349469936564333e-03,2.151368280244354558e+00,-1.300361014126309375e-02,7.461283028266878399e-03,9.998876113738294213e-01,2.537221266494449901e-01,0.000000000000000000e+00,0.000000000000000000e+00,0.000000000000000000e+00,1.000000000000000000e+00
9.965576421283616204e-01,-8.185645199552377127e-02,1.312962993611514577e-02,3.070903440470704027e+01,8.203901517692853418e-02,9.965304082792667550e-01,-1.402659486653318362e-02,2.216598702365853768e+00,-1.193590819143951903e-02,1.505545221687854679e-02,9.998154166915946828e-01,2.604203242018303111e-01,0.000000000000000000e+00,0.000000000000000000e+00,0.000000000000000000e+00,1.000000000000000000e+00
9.964970240299602100e-01,-8.306224039228661538e-02,9.713151931323237009e-03,3.163380533682980200e+01,8.321368250761213003e-02,9.963968817607120609e-01,-1.639320167154318178e-02,2.278162161129871244e+00,-8.316498238397588422e-03,1.714404382097716936e-02,9.998184423276611499e-01,2.650701505042016848e-01,0.000000000000000000e+00,0.000000000000000000e+00,0.000000000000000000e+00,1.000000000000000000e+00
9.965264551826386041e-01,-8.304730509081695300e-02,6.178125789578930473e-03,3.259737468288060569e+01,8.313768925938784526e-02,9.964065332002945974e-01,-1.619089930706952771e-02,2.368016248554723369e+00,-4.811314345220791752e-03,1.664829459479270565e-02,9.998498314953863098e-01,2.667800666733952109e-01,0.000000000000000000e+00,0.000000000000000000e+00,0.000000000000000000e+00,1.000000000000000000e+00
9.963174272368441331e-01,-8.546129594607351776e-02,6.924671787722617468e-03,3.355419157115082385e+01,8.556548750260253855e-02,9.961961068697828825e-01,-1.648829906089954722e-02,2.455301438701002592e+00,-5.489219670589410432e-03,1.702009261717928393e-02,9.998400796700971371e-01,2.667471548413978266e-01,0.000000000000000000e+00,0.000000000000000000e+00,0.000000000000000000e+00,1.000000000000000000e+00
9.965381054768742697e-01,-8.273475130145457879e-02,8.171001140829749557e-03,3.452795965590630090e+01,8.286401951150058898e-02,9.964157831069276883e-01,-1.700415966159184167e-02,2.541496268095354782e+00,-6.734879579815477788e-03,1.762237505235137933e-02,9.998220308107613752e-01,2.766561534285584267e-01,0.000000000000000000e+00,0.000000000000000000e+00,0.000000000000000000e+00,1.000000000000000000e+00
9.963298316717180692e-01,-8.506014766289980711e-02,9.572763475982492762e-03,3.549551663245501487e+01,8.520862286444891298e-02,9.962289846004798166e-01,-1.634933733924447824e-02,2.638936826049953943e+00,-8.145987389231940448e-03,1.710501451194927636e-02,9.998205145764895718e-01,2.742851534072243136e-01,0.000000000000000000e+00,0.000000000000000000e+00,0.000000000000000000e+00,1.000000000000000000e+00
9.961323695920542010e-01,-8.721020072440389959e-02,1.070902145505021885e-02,3.646803392013797662e+01,8.736611304169715486e-02,9.960622158439393914e-01,-1.507396630084674449e-02,2.726685524675949601e+00,-9.352248013227905388e-03,1.595127134942123798e-02,9.998290315846167786e-01,2.816508579099410992e-01,0.000000000000000000e+00,0.000000000000000000e+00,0.000000000000000000e+00,1.000000000000000000e+00
9.961035288086313999e-01,-8.746789716043347485e-02,1.127505482559009939e-02,3.746428556813840061e+01,8.763898603410191779e-02,9.960286364867279030e-01,-1.569596844084963916e-02,2.824440334667799757e+00,-9.857384130828006699e-03,1.662294392439300425e-02,9.998132374165588088e-01,2.873294114329174587e-01,0.000000000000000000e+00,0.000000000000000000e+00,0.000000000000000000e+00,1.000000000000000000e+00
9.960741499006841027e-01,-8.738092563396017420e-02,1.417256980850238081e-02,3.845358656163140409e+01,8.757091626265729734e-02,9.960683066764390858e-01,-1.338891555136053832e-02,2.913416112459849661e+00,-1.294691177629584203e-02,1.457745759984065484e-02,9.998099195373979509e-01,3.084626493141132686e-01,0.000000000000000000e+00,0.000000000000000000e+00,0.000000000000000000e+00,1.000000000000000000e+00
9.960960546353166967e-01,-8.696901696652405145e-02,1.513406844929061738e-02,3.946698189646634347e+01,8.716966778434112606e-02,9.961067503314174898e-01,-1.314499762425410355e-02,3.008203332499245874e+00,-1.393194022090750613e-02,1.441291199066040314e-02,9.997990643172391945e-01,3.028793350239143978e-01,0.000000000000000000e+00,0.000000000000000000e+00,0.000000000000000000e+00,1.000000000000000000e+00
9.958704648100888956e-01,-8.978011142221938023e-02,1.347400875563772686e-02,4.047586997723980318e+01,8.998321890243056453e-02,9.958255869691364781e-01,-1.531080185761428229e-02,3.103599776875696215e+00,-1.204315718117014884e-02,1.646001004190950773e-02,9.997919935839285621e-01,3.114111477341443557e-01,0.000000000000000000e+00,0.000000000000000000e+00,0.000000000000000000e+00,1.000000000000000000e+00
9.959448765882880084e-01,-8.899452409435081035e-02,1.318246861382722616e-02,4.149681377648438740e+01,8.920300541944638228e-02,9.958821255446844711e-01,-1.617454310731118380e-02,3.206761106122171689e+00,-1.168873909678568024e-02,1.728486915808388757e-02,9.997822796371779175e-01,3.335576720349571200e-01,0.000000000000000000e+00,0.000000000000000000e+00,0.000000000000000000e+00,1.000000000000000000e+00
9.961223361781229579e-01,-8.723533285085287303e-02,1.141437994088804336e-02,4.252775221614680135e+01,8.736076043342699826e-02,9.961160744628486663e-01,-1.099380431007191544e-02,3.309493329084806312e+00,-1.041099916085866731e-02,1.194834294434576893e-02,9.998744162130331903e-01,3.449800392034479968e-01,0.000000000000000000e+00,0.000000000000000000e+00,0.000000000000000000e+00,1.000000000000000000e+00
9.962146345217846033e-01,-8.617746001259388167e-02,1.139505815692033394e-02,4.357408512692758507e+01,8.630728720084532291e-02,9.962028921089072231e-01,-1.143896541956979269e-02,3.395197193305033778e+00,-1.036600890664285922e-02,1.237914131178337318e-02,9.998696428633720990e-01,3.544504893017512703e-01,0.000000000000000000e+00,0.000000000000000000e+00,0.000000000000000000e+00,1.000000000000000000e+00
9.963503823621768785e-01,-8.427829334136481554e-02,1.353088460544398311e-02,4.456447963982346749e+01,8.448027746376114699e-02,9.963103938768441692e-01,-1.512222776590364803e-02,3.478413773003433906e+00,-1.220648542312232146e-02,1.621013030252372797e-02,9.997940954962614146e-01,3.608134060837374091e-01,0.000000000000000000e+00,0.000000000000000000e+00,0.000000000000000000e+00,1.000000000000000000e+00
9.964661609668938880e-01,-8.272243519012083268e-02,1.456670052248186520e-02,4.553616117016438380e+01,8.293789678603642745e-02,9.964438317754829022e-01,-1.486591380613189878e-02,3.575656572996735338e+00,-1.328515429357816566e-02,1.602151156410733246e-02,9.997833844601508035e-01,3.684044690588904047e-01,0.000000000000000000e+00,0.000000000000000000e+00,0.000000000000000000e+00,1.000000000000000000e+00
9.961824374714625119e-01,-8.646663076477090204e-02,1.200304284751581296e-02,4.644705769800872019e+01,8.664194911378240993e-02,9.961273811981165016e-01,-1.494700910339920308e-02,3.654453027829732914e+00,-1.066414212092348102e-02,1.592991498913689380e-02,9.998162400567717212e-01,3.755930662179731705e-01,0.000000000000000000e+00,0.000000000000000000e+00,0.000000000000000000e+00,1.000000000000000000e+00
9.964360477306749564e-01,-8.410819797726559743e-02,6.404202985854440082e-03,4.739581612064750971e+01,8.418110789951883943e-02,9.963767192260556405e-01,-1.212330223665923287e-02,3.750176026106823546e+00,-5.361329655644222689e-03,1.261920826870327299e-02,9.999060014456314649e-01,3.750893415931806918e-01,0.000000000000000000e+00,0.000000000000000000e+00,0.000000000000000000e+00,1.000000000000000000e+00
9.966176340220845864e-01,-8.195693303031559296e-02,6.029318741081653166e-03,4.834153986966141758e+01,8.202356397678702005e-02,9.965606740740567959e-01,-1.178803807244227161e-02,3.835673119771579209e+00,-5.042470501957739548e-03,1.224271282501464275e-02,9.999123408948994429e-01,3.871004568785567646e-01,0.000000000000000000e+00,0.000000000000000000e+00,0.000000000000000000e+00,1.000000000000000000e+00
9.967889904656360711e-01,-7.985356362625088689e-02,5.925948251767544639e-03,4.930564229680701516e+01,7.992991116009330599e-02,9.967019553198364079e-01,-1.401504775395929527e-02,3.934818473353653090e+00,-4.787252702115163405e-03,1.444370581929924416e-02,9.998842240848528906e-01,3.922067339976187950e-01,0.000000000000000000e+00,0.000000000000000000e+00,0.000000000000000000e+00,1.000000000000000000e+00
9.970705271843215423e-01,-7.599471660848249044e-02,8.669882811893776450e-03,5.030527168544955430e+01,7.610621902022293717e-02,9.970103298290144966e-01,-1.335086666391741353e-02,4.029522492255032340e+00,-7.629367393263104119e-03,1.397158766312077069e-02,9.998732857174190691e-01,4.131798667891412591e-01,0.000000000000000000e+00,0.000000000000000000e+00,0.000000000000000000e+00,1.000000000000000000e+00
9.971441979484277907e-01,-7.500263378541736914e-02,8.834784832340897634e-03,5.124146024801270016e+01,7.511646466055343918e-02,9.970854484881030988e-01,-1.334635344093307134e-02,4.115431216667252201e+00,-7.808023737349492968e-03,1.397187670003692886e-02,9.998719025089130019e-01,4.203342550966960856e-01,0.000000000000000000e+00,0.000000000000000000e+00,0.000000000000000000e+00,1.000000000000000000e+00
9.970939555566766810e-01,-7.569433061501655569e-02,8.603028831828138032e-03,5.218728445683632344e+01,7.582668699620855046e-02,9.969882636259999042e-01,-1.627008700609624756e-02,4.190915811518424405e+00,-7.345565431994237338e-03,1.687514458460948746e-02,9.998306217373674754e-01,4.313777170966420216e-01,0.000000000000000000e+00,0.000000000000000000e+00,0.000000000000000000e+00,1.000000000000000000e+00
9.972042801774175791e-01,-7.434798354111690766e-02,7.483377526540482480e-03,5.317285032059957217e+01,7.446755502417819195e-02,9.970747382220966903e-01,-1.722061694747773972e-02,4.272082097594980254e+00,-6.181168542913534347e-03,1.772974175504425653e-02,9.998237091671420274e-01,4.523878674704877589e-01,0.000000000000000000e+00,0.000000000000000000e+00,0.000000000000000000e+00,1.000000000000000000e+00
9.970894708827101605e-01,-7.581294138994663923e-02,8.061325737036020150e-03,5.414115588455175754e+01,7.593948766762732838e-02,9.969715400080348955e-01,-1.676134322718158404e-02,4.359408784469742670e+00,-6.766185602860129086e-03,1.732473179606566077e-02,9.998270212394645418e-01,4.605201477264203591e-01,0.000000000000000000e+00,0.000000000000000000e+00,0.000000000000000000e+00,1.000000000000000000e+00
9.970043757580115962e-01,-7.645804454354218627e-02,1.168084517284498879e-02,5.508302174619755220e+01,7.666654021723919021e-02,9.968835278773757747e-01,-1.858691630874334880e-02,4.435800778714954262e+00,-1.022332286943417913e-02,1.942676687787965595e-02,9.997590131617611897e-01,4.728023821943541649e-01,0.000000000000000000e+00,0.000000000000000000e+00,0.000000000000000000e+00,1.000000000000000000e+00
9.968295740456762921e-01,-7.797574619330217838e-02,1.582982354640441458e-02,5.603548345589884150e+01,7.824517395252558738e-02,9.967860976783008420e-01,-1.718046065726570176e-02,4.508816224777826065e+00,-1.443928880006164692e-02,1.836459857591617173e-02,9.997270869882900479e-01,4.916367080326449757e-01,0.000000000000000000e+00,0.000000000000000000e+00,0.000000000000000000e+00,1.000000000000000000e+00
9.966769048065791115e-01,-7.978770849711828983e-02,1.640332277172500478e-02,5.700095433281982338e+01,8.003401030782406056e-02,9.966800108742566167e-01,-1.495035510381768039e-02,4.592145512777206839e+00,-1.515600934354509148e-02,1.621349735442638787e-02,9.997536786050424951e-01,4.943186051945844817e-01,0.000000000000000000e+00,0.000000000000000000e+00,0.000000000000000000e+00,1.000000000000000000e+00
9.964905197932382164e-01,-8.248689305814037309e-02,1.423223228499429990e-02,5.789653027976489597e+01,8.270345811120177748e-02,9.964557523451723631e-01,-1.536462282836379735e-02,4.671309875380982746e+00,-1.291440972897339376e-02,1.648775581527354289e-02,9.997806619101646808e-01,4.984845889924209295e-01,0.000000000000000000e+00,0.000000000000000000e+00,0.000000000000000000e+00,1.000000000000000000e+00
9.962549232436377356e-01,-8.609957956573302540e-02,7.936643586234222794e-03,5.877120713585796352e+01,8.621943635177935217e-02,9.961435896246937372e-01,-1.625292726877572771e-02,4.755781656117151535e+00,-6.506666427009167968e-03,1.687635174516799105e-02,9.998364126414782671e-01,5.008494246707356767e-01,0.000000000000000000e+00,0.000000000000000000e+00,0.000000000000000000e+00,1.000000000000000000e+00
9.961537251595588005e-01,-8.747471550191433798e-02,5.092150684282380040e-03,5.970440030441486812e+01,8.755089122943293667e-02,9.960079739650812281e-01,-1.740566697657915454e-02,4.824946572625325558e+00,-3.549266919279690270e-03,1.778454232828884096e-02,9.998355428561782610e-01,5.112511064407645467e-01,0.000000000000000000e+00,0.000000000000000000e+00,0.000000000000000000e+00,1.000000000000000000e+00
9.961680433230604148e-01,-8.725213398754512462e-02,6.024498030738224992e-03,6.060502393902653040e+01,8.733065720784669028e-02,9.960766208135942712e-01,-1.430810190801875062e-02,4.917625779997330859e+00,-4.752449215770010969e-03,1.477939725374903535e-02,9.998794845596479242e-01,5.162982101230562115e-01,0.000000000000000000e+00,0.000000000000000000e+00,0.000000000000000000e+00,1.000000000000000000e+00
9.960312626699331373e-01,-8.868414477114162919e-02,7.539645240198071703e-03,6.152612429837319041e+01,8.876890539866050256e-02,9.959827251216178956e-01,-1.176829187409198993e-02,5.005522220433378244e+00,-6.465695512511721033e-03,1.239087266988607265e-02,9.999023257578801838e-01,5.314708644841493745e-01,0.000000000000000000e+00,0.000000000000000000e+00,0.000000000000000000e+00,1.000000000000000000e+00
9.960178629123500604e-01,-8.846539295409525105e-02,1.105852652891852785e-02,6.241478537672960414e+01,8.857884944350721823e-02,9.960166491331373662e-01,-1.022849357702758366e-02,5.089647418563189696e+00,-1.010960883406319955e-02,1.116731386987513536e-02,9.998865370181527767e-01,5.442866784938524827e-01,0.000000000000000000e+00,0.000000000000000000e+00,0.000000000000000000e+00,1.000000000000000000e+00
9.958861043427845727e-01,-8.980472498715424967e-02,1.208215820673283307e-02,6.322731921060511695e+01,8.991521121116607951e-02,9.959093510104044533e-01,-8.934168281448202562e-03,5.170567293963211242e+00,-1.123040381296796716e-02,9.983783852398739680e-03,9.998870946712862251e-01,5.508869872066906037e-01,0.000000000000000000e+00,0.000000000000000000e+00,0.000000000000000000e+00,1.000000000000000000e+00
9.956043251548316597e-01,-9.291123167159204277e-02,1.181231400950501567e-02,6.404047483365673088e+01,9.300671245307683133e-02,9.956348710887030773e-01,-7.807362605019775581e-03,5.253720068930225473e+00,-1.103536006037375040e-02,8.871668470096676085e-03,9.998997521386300269e-01,5.553768351245518264e-01,0.000000000000000000e+00,0.000000000000000000e+00,0.000000000000000000e+00,1.000000000000000000e+00
9.951353174301107440e-01,-9.768915094916920394e-02,1.274871719439509173e-02,6.483551956179668707e+01,9.779190841559998182e-02,9.951770889380211482e-01,-7.700928598221472472e-03,5.335952101857348140e+00,-1.193493408893183359e-02,8.910187409387879467e-03,9.998890768023327436e-01,5.617237817667505295e-01,0.000000000000000000e+00,0.000000000000000000e+00,0.000000000000000000e+00,1.000000000000000000e+00
9.950415862406611911e-01,-9.882117009467750179e-02,1.125246607581551449e-02,6.562798384333618174e+01,9.892793984948154706e-02,9.950505520404536730e-01,-9.362777425520609278e-03,5.405256835531219828e+00,-1.027153196003078271e-02,1.042953618821439513e-02,9.998928544629628323e-01,5.693010528281190474e-01,0.000000000000000000e+00,0.000000000000000000e+00,0.000000000000000000e+00,1.000000000000000000e+00
9.950060977721116862e-01,-9.889115423066358046e-02,1.354271063122494505e-02,6.638239115927093792e+01,9.901371760321797666e-02,9.950480480173992115e-01,-8.698612713944627040e-03,5.486159280224684132e+00,-1.261543192697742004e-02,9.996086818554709638e-03,9.998704561720037631e-01,5.795160295930134042e-01,0.000000000000000000e+00,0.000000000000000000e+00,0.000000000000000000e+00,1.000000000000000000e+00
9.948180770457496491e-01,-1.003064496693220620e-01,1.660149805683231936e-02,6.717635809057891549e+01,1.004359246983334703e-01,9.949177932439212668e-01,-7.156096465896515622e-03,5.577968255463152225e+00,-1.579932318126167981e-02,8.786400934072242930e-03,9.998365769192678609e-01,5.854055544839933400e-01,0.000000000000000000e+00,0.000000000000000000e+00,0.000000000000000000e+00,1.000000000000000000e+00
9.947123896909491059e-01,-1.009598352526290543e-01,1.882480972234687119e-02,6.791882763972266446e+01,1.010816780476495313e-01,9.948621723198969313e-01,-5.634931232949664040e-03,5.659991973837485979e+00,-1.815918936494432395e-02,7.507979268133677282e-03,9.998069184042072122e-01,5.858929333830144026e-01,0.000000000000000000e+00,0.000000000000000000e+00,0.000000000000000000e+00,1.000000000000000000e+00
9.944860581879053640e-01,-1.026534151600425743e-01,2.144193148624643636e-02,6.860220708981397308e+01,1.027512091540531830e-01,9.947009042483068164e-01,-3.507150549007355313e-03,5.737181773830906550e+00,-2.096828765686365587e-02,5.690996711763751485e-03,9.997639438733353368e-01,5.903669810899636605e-01,0.000000000000000000e+00,0.000000000000000000e+00,0.000000000000000000e+00,1.000000000000000000e+00
9.945183408470407160e-01,-1.030366132603522805e-01,1.779679877634111895e-02,6.928548242246148448e+01,1.030504824811548370e-01,9.946761175869807126e-01,1.384286300381940981e-04,5.818588764231658494e+00,-1.771631392954520559e-02,1.696298889050337202e-03,9.998416148524866820e-01,5.918388002957619687e-01,0.000000000000000000e+00,0.000000000000000000e+00,0.000000000000000000e+00,1.000000000000000000e+00
9.946264843264907007e-01,-1.028434844736327153e-01,1.189009577960091317e-02,6.998006663285669049e+01,1.028571023334441392e-01,9.946959973577909064e-01,-5.379032928960411370e-04,5.900524828948075395e+00,-1.177171083121858301e-02,1.757993659477204412e-03,9.999291656324456046e-01,5.924667030099820542e-01,0.000000000000000000e+00,0.000000000000000000e+00,0.000000000000000000e+00,1.000000000000000000e+00
9.947894955917101489e-01,-1.017714513460840631e-01,6.035822338725708655e-03,7.071672539168996252e+01,1.017775176320527414e-01,9.948069354491702043e-01,-7.057527068381045689e-04,5.975710292181643624e+00,-5.932652446437080077e-03,1.316386393751049679e-03,9.999815352104314270e-01,5.980957685531608226e-01,0.000000000000000000e+00,0.000000000000000000e+00,0.000000000000000000e+00,1.000000000000000000e+00
9.946723013904285038e-01,-1.029089093022096113e-01,6.063763921956536081e-03,7.143072948079444018e+01,1.029080381513120118e-01,9.946907697611128141e-01,4.563287073654208889e-04,6.055890257959136491e+00,-6.078530292738929842e-03,1.701125234750664491e-04,9.999815110946846941e-01,6.056155806798669827e-01,0.000000000000000000e+00,0.000000000000000000e+00,0.000000000000000000e+00,1.000000000000000000e+00
9.944505529302435365e-01,-1.048088550686204490e-01,9.121495268924811536e-03,7.209954883610623710e+01,1.047932762917188065e-01,9.944916576325530944e-01,2.170747175491449278e-03,6.136600038789432610e+00,-9.298764476187286812e-03,-1.202829355029691938e-03,9.999560421242319475e-01,6.189646647821780423e-01,0.000000000000000000e+00,0.000000000000000000e+00,0.000000000000000000e+00,1.000000000000000000e+00
9.942020255806784945e-01,-1.069551856074466151e-01,1.108695643339328851e-02,7.271897852951043717e+01,1.069530546266519444e-01,9.942637604264298323e-01,7.866439596070160922e-04,6.203204167259605661e+00,-1.110749464585641597e-02,4.037008390114269580e-04,9.999382283862963128e-01,6.301253588179024367e-01,0.000000000000000000e+00,0.000000000000000000e+00,0.000000000000000000e+00,1.000000000000000000e+00
9.943226214941957020e-01,-1.060519754137454890e-01,8.689240228967103075e-03,7.328944926091675427e+01,1.060760544819774193e-01,9.943552247288576229e-01,-2.357481697638687951e-03,6.255398062447151020e+00,-8.390175829561346416e-03,3.265817701655164811e-03,9.999594688707579282e-01,6.344864407099573000e-01,0.000000000000000000e+00,0.000000000000000000e+00,0.000000000000000000e+00,1.000000000000000000e+00
9.944423418535434100e-01,-1.050946019012116289e-01,6.289147801607867898e-03,7.392140986612274389e+01,1.051510581250864884e-01,9.944114207281068429e-01,-9.443585160256553687e-03,6.309932735103616075e+00,-5.261530577628638870e-03,1.005241148830256399e-02,9.999356305879145701e-01,6.517746937723124523e-01,0.000000000000000000e+00,0.000000000000000000e+00,0.000000000000000000e+00,1.000000000000000000e+00
9.947259597066292480e-01,-1.025361335208783559e-01,2.570293430383951971e-03,7.452634619965901663e+01,1.025612336965284616e-01,9.946397033999566650e-01,-1.315499004514461383e-02,6.370323670819511896e+00,-1.207654079513240455e-03,1.334922256276944823e-02,9.999101658792122205e-01,6.635639262945678407e-01,0.000000000000000000e+00,0.000000000000000000e+00,0.000000000000000000e+00,1.000000000000000000e+00
9.951979422410393017e-01,-9.785394664365566764e-02,2.379261538028590566e-03,7.510607592919431852e+01,9.787497897077609976e-02,9.951323095468324054e-01,-1.149673812235825834e-02,6.421897298789533082e+00,-1.242678830553076716e-03,1.167440029485511573e-02,9.999310796885347852e-01,6.742432463548226895e-01,0.000000000000000000e+00,0.000000000000000000e+00,0.000000000000000000e+00,1.000000000000000000e+00
9.957164934389614031e-01,-9.236290757775481031e-02,4.214023897172990314e-03,7.568291633508825100e+01,9.240483900451126886e-02,9.956588521592926178e-01,-1.117120608468490789e-02,6.492832699321432699e+00,-3.163925121299344424e-03,1.151275034990545572e-02,9.999287205382224597e-01,6.706858395187560440e-01,0.000000000000000000e+00,0.000000000000000000e+00,0.000000000000000000e+00,1.000000000000000000e+00
9.962671463405230465e-01,-8.611251073953581081e-02,6.033955307207974905e-03,7.623696885188586236e+01,8.618094166385252552e-02,9.962049730391487889e-01,-1.218593394028733880e-02,6.523893309565326426e+00,-4.961694916832340950e-03,1.266045758251655752e-02,9.999075429245208868e-01,6.798863799923828832e-01,0.000000000000000000e+00,0.000000000000000000e+00,0.000000000000000000e+00,1.000000000000000000e+00
9.970239578075468234e-01,-7.647359228174122059e-02,9.747678764993864334e-03,7.681158633757308962e+01,7.662685287042449167e-02,9.969239573054858861e-01,-1.646052154521953151e-02,6.564086256273035325e+00,-8.458899275546447397e-03,1.715846828514409547e-02,9.998170002501222120e-01,6.923705455235962258e-01,0.000000000000000000e+00,0.000000000000000000e+00,0.000000000000000000e+00,1.000000000000000000e+00
9.976277784575220409e-01,-6.754261872977407322e-02,1.329700361127770201e-02,7.736587274178060625e+01,6.780370698866532153e-02,9.974926487093391803e-01,-2.027493747016328313e-02,6.582101844808301294e+00,-1.189424098079383367e-02,2.112842696341000678e-02,9.997060150892068675e-01,7.014242234116437880e-01,0.000000000000000000e+00,0.000000000000000000e+00,0.000000000000000000e+00,1.000000000000000000e+00
9.983287499069855020e-01,-5.613805152263552645e-02,1.371955831656427628e-02,7.785658090564051292e+01,5.635735820802550977e-02,9.982799021611891144e-01,-1.615812850723754787e-02,6.610236214445284197e+00,-1.278887348330587717e-02,1.690432229596901953e-02,9.997753190606081253e-01,7.133556245767105342e-01,0.000000000000000000e+00,0.000000000000000000e+00,0.000000000000000000e+00,1.000000000000000000e+00
9.990205892290577872e-01,-4.269026707216344585e-02,1.163629639265743518e-02,7.834981498056308169e+01,4.282663015856177924e-02,9.990136235432145462e-01,-1.173284809052861991e-02,6.632990271242324987e+00,-1.112394020534978115e-02,1.221970017475822179e-02,9.998634591192666621e-01,7.093081281073222444e-01,0.000000000000000000e+00,0.000000000000000000e+00,0.000000000000000000e+00,1.000000000000000000e+00
9.995384190965289628e-01,-2.750520837479029576e-02,1.290008768482870001e-02,7.884929032827665196e+01,2.758420653849111281e-02,9.996015579190185019e-01,-5.986397540416745280e-03,6.641934538504401075e+00,-1.273029063528323748e-02,6.339473016694041098e-03,9.998988702774946891e-01,7.135929288098964429e-01,0.000000000000000000e+00,0.000000000000000000e+00,0.000000000000000000e+00,1.000000000000000000e+00
9.998793415796299877e-01,-4.191347810953540212e-03,1.495777008175593580e-02,7.934508266040950275e+01,4.292114160985671494e-03,9.999682696732710152e-01,-6.710991184110125067e-03,6.643933689283180399e+00,-1.492916736861525477e-02,6.774381903298989753e-03,9.998656048247217543e-01,7.224513695113955469e-01,0.000000000000000000e+00,0.000000000000000000e+00,0.000000000000000000e+00,1.000000000000000000e+00
9.996720376795480423e-01,2.036432781608219292e-02,1.552775689610051864e-02,7.984582228724742947e+01,-2.019373116313561214e-02,9.997348506285249625e-01,-1.106533598548098407e-02,6.650199477621011823e+00,-1.574897785052251087e-02,1.074814362388779553e-02,9.998182070283090361e-01,7.229157429334193141e-01,0.000000000000000000e+00,0.000000000000000000e+00,0.000000000000000000e+00,1.000000000000000000e+00
9.987251670051833230e-01,4.744268180913455146e-02,1.724043889321813169e-02,8.032452921867185580e+01,-4.728065517379843180e-02,9.988346679261291827e-01,-9.687403947180931590e-03,6.634720906507551419e+00,-1.767994447983087941e-02,8.859914878639376518e-03,9.998044416142247703e-01,7.308372050388356467e-01,0.000000000000000000e+00,0.000000000000000000e+00,0.000000000000000000e+00,1.000000000000000000e+00
9.967393261078461020e-01,7.871616820416653393e-02,1.773360237897584485e-02,8.081302639799433507e+01,-7.853066233248046091e-02,9.968518238769008555e-01,-1.092594649997802141e-02,6.590991910219339722e+00,-1.853782251787175483e-02,9.497689011116375313e-03,9.997830479857831021e-01,7.289027128370472175e-01,0.000000000000000000e+00,0.000000000000000000e+00,0.000000000000000000e+00,1.000000000000000000e+00
