1.000000000000000000e+00,-7.109919752970368389e-14,4.587107527581732060e-14,4.923213998907890280e-21,7.109919752970411303e-14,1.000000000000000000e+00,-9.168716940105403824e-15,1.629526123983921569e-20,-4.587107527581666426e-14,9.168716940108666552e-15,1.000000000000000000e+00,-1.416522835149048108e-20,0.000000000000000000e+00,0.000000000000000000e+00,0.000000000000000000e+00,1.000000000000000056e-01
9.999920469918894828e-01,-3.984036207370266619e-03,-1.827798375220627354e-04,6.556251540143505085e-01,3.983484122295074051e-03,9.999877807883953418e-01,-2.927478120785750610e-03,7.032173160226483193e-03,1.944407829260456791e-04,2.926726737947868331e-03,9.999956982224390556e-01,2.039080450798064648e-03,0.000000000000000000e+00,0.000000000000000000e+00,0.000000000000000000e+00,1.000000000000000056e-01
9.999536042705406969e-01,-9.339829441058801474e-03,-2.357306167387876114e-03,1.325919180936750541e+00,9.336549993610658571e-03,9.999554356963233914e-01,-1.398376055616258563e-03,9.434529471178123086e-03,2.370261709533890218e-03,1.376302070057036165e-03,9.999962438189656799e-01,6.224966644220859997e-03,0.000000000000000000e+00,0.000000000000000000e+00,0.000000000000000000e+00,1.000000000000000056e-01
9.998859927068654008e-01,-1.492174442811528869e-02,-2.311521539639671032e-03,2.043405579850741560e+00,1.492003630503242230e-02,9.998884054332723981e-01,-7.544513002762821960e-04,3.324090161143760909e-04,2.322521315881155568e-03,7.198773020344475344e-04,9.999970438313341425e-01,4.947383178562486487e-03,0.000000000000000000e+00,0.000000000000000000e+00,0.000000000000000000e+00,1.000000000000000056e-01
9.997913393227054746e-01,-1.995602082904991345e-02,-4.362917370434284819e-03,2.738281529870230546e+00,1.995726791408259856e-02,9.998008044900273950e-01,2.424840190691844415e-04,8.607731260614912006e-03,4.357209280748456509e-03,-3.295053330382941102e-04,9.999904530311872763e-01,1.026842981426883024e-02,0.000000000000000000e+00,0.000000000000000000e+00,0.000000000000000000e+00,1.000000000000000056e-01
9.996855555505803625e-01,-2.429589416473663596e-02,-6.204800582085235813e-03,3.444250054115154835e+00,2.429557118693386267e-02,9.997048109223390933e-01,-1.274340259752689735e-04,1.027413676260273585e-02,6.206065116332421319e-03,-2.335521918964661951e-05,9.999807419197159764e-01,2.509475840521334725e-02,0.000000000000000000e+00,0.000000000000000000e+00,0.000000000000000000e+00,1.000000000000000056e-01
9.995198527068041017e-01,-2.999690534409488185e-02,-7.762068973287505717e-03,4.165172467970827519e+00,2.999827356760943753e-02,9.995499487257040183e-01,5.987825374391362860e-05,4.501917739284407721e-02,7.756779481945179182e-03,-2.926981718737890542e-04,9.999698728961031735e-01,4.344646034820878744e-02,0.000000000000000000e+00,0.000000000000000000e+00,0.000000000000000000e+00,1.000000000000000056e-01
9.993680779018179194e-01,-3.449616637382611761e-02,-8.570844552038143702e-03,4.933997952202021864e+00,3.452560734825034505e-02,9.993983285555702034e-01,3.311090087428237867e-03,7.328476660872684789e-02,8.451467805081885540e-03,-3.604911350079480301e-03,9.999577877621123045e-01,5.546071210989668432e-02,0.000000000000000000e+00,0.000000000000000000e+00,0.000000000000000000e+00,1.000000000000000056e-01
9.992710847460060108e-01,-3.752109131828226113e-02,-7.033270706116850207e-03,5.704675743799409560e+00,3.754937157798784314e-02,9.992870343075790363e-01,3.932907176823666195e-03,1.090038306261921774e-01,6.880689256069950563e-03,-4.194135315942496001e-03,9.999675321450757215e-01,6.071636984208216709e-02,0.000000000000000000e+00,0.000000000000000000e+00,0.000000000000000000e+00,1.000000000000000056e-01
9.990776657258634286e-01,-4.262084351689025830e-02,-5.223173907555928204e-03,6.498389074704611801e+00,4.264193419886982972e-02,9.990824305444461206e-01,3.995300386863875376e-03,1.633012031440923273e-01,5.048098210125812578e-03,-4.214341622456854210e-03,9.999783777808148866e-01,7.186468655877811806e-02,0.000000000000000000e+00,0.000000000000000000e+00,0.000000000000000000e+00,1.000000000000000056e-01
9.988438715025743653e-01,-4.794993344991827638e-02,-3.424068325423452672e-03,7.323919358912538868e+00,4.795918478046883732e-02,9.988457200724777385e-01,2.672842697639362872e-03,1.979416500164885850e-01,3.291953362611043862e-03,-2.833968073547419968e-03,9.999905657895060695e-01,9.220045313582667101e-02,0.000000000000000000e+00,0.000000000000000000e+00,0.000000000000000000e+00,1.000000000000000056e-01
9.987649790933177396e-01,-4.959884279062852508e-02,-2.910555025265591268e-03,8.140522419922751496e+00,4.960800037610814395e-02,9.987637557745309147e-01,3.163297304592957437e-03,2.446031782534618670e-01,2.750060982712171538e-03,-3.303777381075792378e-03,9.999907610671249225e-01,1.071816095823484860e-01,0.000000000000000000e+00,0.000000000000000000e+00,0.000000000000000000e+00,1.000000000000000056e-01
9.986091450251630697e-01,-5.259444074929926771e-02,-3.687854983763377142e-03,8.987906171097749919e+00,5.260655929644926510e-02,9.986099629507515507e-01,3.269834015327219203e-03,2.950858722213243746e-01,3.510753637324519685e-03,-3.459291512300164285e-03,9.999878538818013363e-01,1.161071731705629329e-01,0.000000000000000000e+00,0.000000000000000000e+00,0.000000000000000000e+00,1.000000000000000056e-01
9.986199022049133678e-01,-5.240661721762096548e-02,-3.440551126623221916e-03,9.668658389964146949e+00,5.242425894152862031e-02,9.986110767908092933e-01,5.254939117812180288e-03,3.770870967170090182e-01,3.160378882461961723e-03,-5.428055131086037197e-03,9.999802739168474064e-01,1.339389246778486531e-01,0.000000000000000000e+00,0.000000000000000000e+00,0.000000000000000000e+00,1.000000000000000056e-01
9.983577539366843556e-01,-5.715413363171997080e-02,-3.898738681464723310e-03,1.042330131668028415e+01,5.717534847695148609e-02,9.983486349178994912e-01,5.566209132413338020e-03,4.406889274541303525e-01,3.574168579965865660e-03,-5.779979790111355875e-03,9.999769083096808897e-01,1.407635039279015177e-01,0.000000000000000000e+00,0.000000000000000000e+00,0.000000000000000000e+00,1.000000000000000056e-01
9.982177271730101609e-01,-5.951086207888758861e-02,-4.452690442582887473e-03,1.125050525605135121e+01,5.952886008941897511e-02,9.982184705182726159e-01,4.024913988516211349e-03,4.915479900760373333e-01,4.205231742036446424e-03,-4.282804080061517610e-03,9.999819866453633077e-01,1.620855166354449317e-01,0.000000000000000000e+00,0.000000000000000000e+00,0.000000000000000000e+00,1.000000000000000056e-01
9.980157221036186632e-01,-6.271504841848918321e-02,-5.607239593513396389e-03,1.214234393911523213e+01,6.274190767956050463e-02,9.980184834106505809e-01,4.749714879290288516e-03,5.559711567437597424e-01,5.298250156609682696e-03,-5.092099033954593582e-03,9.999729991718308009e-01,1.752835539493237393e-01,0.000000000000000000e+00,0.000000000000000000e+00,0.000000000000000000e+00,1.000000000000000056e-01
9.978773862931161753e-01,-6.472016161616001018e-02,-7.212669769038035188e-03,1.304139426160549142e+01,6.477087661537908603e-02,9.978753671516661372e-01,7.034569951528084689e-03,6.335973643731153127e-01,6.742066989759471114e-03,-7.486809220604774551e-03,9.999492448221558583e-01,1.885835463107274068e-01,0.000000000000000000e+00,0.000000000000000000e+00,0.000000000000000000e+00,1.000000000000000056e-01
9.980236064899754567e-01,-6.194425591976214507e-02,-1.057308125806576821e-02,1.391674191181362197e+01,6.205096823179497012e-02,9.980220597443960617e-01,1.008194450738589439e-02,6.960982435648238598e-01,9.927649784285313972e-03,-1.071808854694949499e-02,9.998932764788751593e-01,1.946270883276741415e-01,0.000000000000000000e+00,0.000000000000000000e+00,0.000000000000000000e+00,1.000000000000000056e-01
9.970384390930020491e-01,-7.652047309187005875e-02,-7.679073432804084040e-03,1.488515956153320552e+01,7.659279889707017175e-02,9.970161136141422187e-01,9.613134289338185964e-03,7.833700212363827742e-01,6.920558366416100851e-03,-1.017282613378775978e-02,9.999243068754498642e-01,2.068442964179786625e-01,0.000000000000000000e+00,0.000000000000000000e+00,0.000000000000000000e+00,1.000000000000000056e-01
9.966736982098503006e-01,-8.118906262885319802e-02,-7.062252200842315634e-03,1.584680353134933561e+01,8.124275535963840222e-02,9.966647515968157789e-01,7.680340228882732989e-03,8.792377612812876109e-01,6.415138211612911139e-03,-8.228549927271542469e-03,9.999455670024345322e-01,2.182165916949703743e-01,0.000000000000000000e+00,0.000000000000000000e+00,0.000000000000000000e+00,1.000000000000000056e-01
9.965363037216105058e-01,-8.291496502880194019e-02,-6.364270511425332635e-03,1.675520047459895423e+01,8.296277280731997883e-02,9.965232371594333616e-01,7.656117123245028376e-03,9.718997330608960539e-01,5.707336768673621635e-03,-8.157596187382036568e-03,9.999504387375669490e-01,2.370780614369426553e-01,0.000000000000000000e+00,0.000000000000000000e+00,0.000000000000000000e+00,1.000000000000000056e-01
9.963192002670605563e-01,-8.555223961568506064e-02,-5.372660043718528386e-03,1.764715895546869362e+01,8.559498575926990926e-02,9.962953917718118113e-01,8.306066886467055113e-03,1.060399720956297864e+00,4.642153818578374780e-03,-8.735366677621056106e-03,9.999510706914274127e-01,2.599458488446301785e-01,0.000000000000000000e+00,0.000000000000000000e+00,0.000000000000000000e+00,1.000000000000000056e-01
9.962655324238816057e-01,-8.616241625217592459e-02,-5.570182200467604233e-03,1.855634118956195522e+01,8.620337272416196683e-02,9.962486790240515644e-01,7.586044675032464941e-03,1.144535044819373404e+00,4.895654720141385044e-03,-8.037883329530972829e-03,9.999557115174861899e-01,2.636534673804775131e-01,0.000000000000000000e+00,0.000000000000000000e+00,0.000000000000000000e+00,1.000000000000000056e-01
9.960703380390917294e-01,-8.837494591612972406e-02,-5.809527778630091920e-03,1.949419468069417150e+01,8.840158211144429068e-02,9.960747525015781756e-01,4.499745449831115372e-03,1.229510091181108322e+00,5.389059183484837430e-03,-4.995634418254429020e-03,9.999730004744508127e-01,2.814640397894153656e-01,0.000000000000000000e+00,0.000000000000000000e+00,0.000000000000000000e+00,1.000000000000000056e-01
9.959288411901761062e-01,-9.005058477101518521e-02,-4.078660073010493929e-03,2.042573836055419179e+01,9.006093054262348518e-02,9.959332981811848118e-01,2.427831078136507333e-03,1.312725286916467615e+00,3.843445770361816460e-03,-2.785274913796357502e-03,9.999887350206825287e-01,2.997204845994908551e-01,0.000000000000000000e+00,0.000000000000000000e+00,0.000000000000000000e+00,1.000000000000000056e-01
9.960367021291065548e-01,-8.894263977338939808e-02,3.079641448213842492e-04,2.134858568511873855e+01,8.894143944599430807e-02,9.960329364479152403e-01,2.794612713360436831e-03,1.408362028908066277e+00,-5.553026633576659205e-04,-2.756146056405435127e-03,9.999960476411233756e-01,3.075397754305067011e-01,0.000000000000000000e+00,0.000000000000000000e+00,0.000000000000000000e+00,1.000000000000000056e-01
9.959209827219211997e-01,-9.018251647668437676e-02,2.917172626928675634e-03,2.229744656953216975e+01,9.018058722406227523e-02,9.959251192084018767e-01,7.865225068738372844e-04,1.501597541829190252e+00,-2.976216075160861320e-03,-5.202419274483127644e-04,9.999954357326891197e-01,3.172669078448191460e-01,0.000000000000000000e+00,0.000000000000000000e+00,0.000000000000000000e+00,1.000000000000000056e-01
9.959828548080063015e-01,-8.929832772201437563e-02,6.630354028679387619e-03,2.327500086658690392e+01,8.929595276267951465e-02,9.960049222533438051e-01,6.539627786653162645e-04,1.594935803549949238e+00,-6.662263031374212989e-03,-5.927193508846169499e-05,9.999778051227629083e-01,3.285669133338658399e-01,0.000000000000000000e+00,0.000000000000000000e+00,0.000000000000000000e+00,1.000000000000000056e-01
9.961619190095366561e-01,-8.716616555612935469e-02,7.968105011777304458e-03,2.420780317993602893e+01,8.717897690409801004e-02,9.961918501601452203e-01,-1.274229359843607155e-03,1.690132462375713462e+00,-7.826691586616151691e-03,1.963990007151262315e-03,9.999674422910277416e-01,3.394268157070527980e-01,0.000000000000000000e+00,0.000000000000000000e+00,0.000000000000000000e+00,1.000000000000000056e-01
9.962127035019860966e-01,-8.676111493902875782e-02,5.723488079885341931e-03,2.516505426033383586e+01,8.677854516597076351e-02,9.962234916853043298e-01,-2.870315874232826341e-03,1.768462239334854580e+00,-5.452841474086960599e-03,3.356121105821375638e-03,9.999795012753919243e-01,3.448693191645233469e-01,0.000000000000000000e+00,0.000000000000000000e+00,0.000000000000000000e+00,1.000000000000000056e-01
9.965052758186441206e-01,-8.352643636238821223e-02,7.547809006161536284e-04,2.610855649685974811e+01,8.352884442018859712e-02,9.964968999645994474e-01,-4.106155229763681393e-03,1.868518302146042087e+00,-4.091643141235417952e-04,4.154851326208721697e-03,9.999912848595337023e-01,3.474372015966239458e-01,0.000000000000000000e+00,0.000000000000000000e+00,0.000000000000000000e+00,1.000000000000000056e-01
9.965366092923334529e-01,-8.314773886429538408e-02,-1.113490859426258424e-03,2.706234842605698887e+01,8.314097440056011923e-02,9.965244926045769835e-01,-5.149176139524772045e-03,1.953274246478545528e+00,1.537763266725052785e-03,5.038765815692188010e-03,9.999861229653089767e-01,3.563963522411097151e-01,0.000000000000000000e+00,0.000000000000000000e+00,0.000000000000000000e+00,1.000000000000000056e-01
9.966246437143634340e-01,-8.206777398162780346e-02,2.049393792934851508e-03,2.804123341349714593e+01,8.208092445323646180e-02,9.965976172471926464e-01,-7.477375082219471329e-03,2.033898531743418836e+00,-1.428769442616616625e-03,7.620352414328456468e-03,9.999699439717982807e-01,3.640695212425542060e-01,0.000000000000000000e+00,0.000000000000000000e+00,0.000000000000000000e+00,1.000000000000000056e-01
9.966254955150956052e-01,-8.169880048273030215e-02,7.932697458824390646e-03,2.904257990959052904e+01,8.176869660200571099e-02,9.966113523886469538e-01,-8.927068168291250536e-03,2.109706689856130968e+00,-7.176485581352000202e-03,9.545590068466417930e-03,9.999286873397249531e-01,3.820362538201556024e-01,0.000000000000000000e+00,0.000000000000000000e+00,0.000000000000000000e+00,1.000000000000000056e-01
9.967617062176443721e-01,-7.976000601572157123e-02,1.021970931399028039e-02,2.998445820420295149e+01,7.987273078905875179e-02,9.967427967150245260e-01,-1.114199591679051506e-02,2.179224942595940018e+00,-9.297735981890901599e-03,1.192219095146892192e-02,9.998857002020419271e-01,3.871401229540115119e-01,0.000000000000000000e+00,0.000000000000000000e+00,0.000000000000000000e+00,1.000000000000000056e-01
9.966526352627606000e-01,-8.122584854285481992e-02,9.267478205421406448e-03,3.088842199715739767e+01,8.138981346428784958e-02,9.965021357573546901e-01,-1.895235329132000102e-02,2.242775812744963737e+00,-7.695640846815733974e-03,1.964319117464853603e-02,9.997774363089182437e-01,3.991687179588090939e-01,0.000000000000000000e+00,0.000000000000000000e+00,0.000000000000000000e+00,1.000000000000000056e-01
9.966592014124763255e-01,-8.134823679767352878e-02,7.273280535950956381e-03,3.182336554768341230e+01,8.149552707244608896e-02,9.964086143040854493e-01,-2.298591759744416166e-02,2.319195306506540266e+00,-5.377295512543070304e-03,2.350186610722477046e-02,9.997093312470625159e-01,4.076499621811799923e-01,0.000000000000000000e+00,0.000000000000000000e+00,0.000000000000000000e+00,1.000000000000000056e-01
9.968371190656075687e-01,-7.938955828957122707e-02,3.613320850190221770e-03,3.279194501051689770e+01,7.945500597757765293e-02,9.965296137597485782e-01,-2.481191094916606818e-02,2.386519698856677696e+00,-1.630974580655638250e-03,2.502053025882987683e-02,9.996856070722855980e-01,4.074259214985140320e-01,0.000000000000000000e+00,0.000000000000000000e+00,0.000000000000000000e+00,1.000000000000000056e-01
9.966973757907240383e-01,-8.109576621741219904e-02,4.221112826632822911e-03,3.373780786288909184e+01,8.117709825403608692e-02,9.963770564803708929e-01,-2.535823413738340706e-02,2.463890263241312439e+00,-2.149374545980304273e-03,2.561714311008573761e-02,9.996695164742888107e-01,4.099129464644322152e-01,0.000000000000000000e+00,0.000000000000000000e+00,0.000000000000000000e+00,1.000000000000000056e-01
9.966814600649480660e-01,-8.122654233163488502e-02,5.321276505728634101e-03,3.469968591439575079e+01,8.133776628294726863e-02,9.963503762651917395e-01,-2.588620274029370880e-02,2.552856944117666504e+00,-3.199209106004099329e-03,2.623311908748308593e-02,9.996507332683940428e-01,4.263483932142539401e-01,0.000000000000000000e+00,0.000000000000000000e+00,0.000000000000000000e+00,1.000000000000000056e-01
9.966205028736795368e-01,-8.194121857441180601e-02,5.762807506291613667e-03,3.567161562992298940e+01,8.205909800235094975e-02,9.963236370596028069e-01,-2.460720771167517959e-02,2.633516651090336946e+00,-3.725276748734512346e-03,2.499693850985426971e-02,9.996805866767044524e-01,4.291492921448528119e-01,0.000000000000000000e+00,0.000000000000000000e+00,0.000000000000000000e+00,1.000000000000000056e-01
9.966954371318951234e-01,-8.109751538331089193e-02,4.625861986058117312e-03,3.663467355197827402e+01,8.118396007490766286e-02,9.964253276660153258e-01,-2.336088637509000851e-02,2.709549686094615328e+00,-2.714816203024083760e-03,2.365923465219704411e-02,9.997163949784239056e-01,4.465190316666062254e-01,0.000000000000000000e+00,0.000000000000000000e+00,0.000000000000000000e+00,1.000000000000000056e-01
9.965129140402839703e-01,-8.316425799008100861e-02,6.761534138116045978e-03,3.762587556007140677e+01,8.329865637096522946e-02,9.962614667839307936e-01,-2.290029799636950081e-02,2.804730655509353188e+00,-4.831769627529305944e-03,2.338366939746452933e-02,9.997148883595645685e-01,4.586448762456281081e-01,0.000000000000000000e+00,0.000000000000000000e+00,0.000000000000000000e+00,1.000000000000000056e-01
9.966682463292623195e-01,-8.096598476131029731e-02,9.844596009193110411e-03,3.861161181491256400e+01,8.117137810794734787e-02,9.964428074901934274e-01,-2.264815173734778878e-02,2.890230938545977235e+00,-7.975846977569192239e-03,2.337179309964365972e-02,9.996950260716004344e-01,4.817760535381052645e-01,0.000000000000000000e+00,0.000000000000000000e+00,0.000000000000000000e+00,1.000000000000000056e-01
9.967104357888847410e-01,-8.023930668351381135e-02,1.140003738942993450e-02,3.960412215108812717e+01,8.043218359301074205e-02,9.966045340583506995e-01,-1.760870627837261490e-02,2.976890637254497207e+00,-9.948418567370342219e-03,1.846771120866905549e-02,9.997799620970214685e-01,4.874495962747807942e-01,0.000000000000000000e+00,0.000000000000000000e+00,0.000000000000000000e+00,1.000000000000000056e-01
9.965823452756402689e-01,-8.202706091656382370e-02,9.756554837379412953e-03,4.060000389821124855e+01,8.220242834634493290e-02,9.964309682904282095e-01,-1.918557285471498078e-02,3.057467960069670365e+00,-8.147997230515752892e-03,1.992201569093538308e-02,9.997683348816073234e-01,5.022601641837084463e-01,0.000000000000000000e+00,0.000000000000000000e+00,0.000000000000000000e+00,1.000000000000000056e-01
9.965695230326685472e-01,-8.232971707322704613e-02,8.426354436042607018e-03,4.160632504582819280e+01,8.244993583105898749e-02,9.964810758583497741e-01,-1.508222588479556613e-02,3.134863611285521934e+00,-7.154987344061794485e-03,1.572523903882315846e-02,9.998507503689129106e-01,5.281389252380739308e-01,0.000000000000000000e+00,0.000000000000000000e+00,0.000000000000000000e+00,1.000000000000000056e-01
9.964926224755434880e-01,-8.342413655500680036e-02,6.547273620800287200e-03,4.263105454082626977e+01,8.350799222735874605e-02,9.964116193455562209e-01,-1.379492904373955282e-02,3.193248941306070510e+00,-5.372949466488498999e-03,1.429329469429624876e-02,9.998834097737658855e-01,5.336405260945172868e-01,0.000000000000000000e+00,0.000000000000000000e+00,0.000000000000000000e+00,1.000000000000000056e-01
9.965656031320661024e-01,-8.238422733634194473e-02,8.356897762641622013e-03,4.365061769370721123e+01,8.250034714398636615e-02,9.964832103569708499e-01,-1.465961110625464865e-02,3.280203860375221492e+00,-7.119787577102064738e-03,1.529871115025093452e-02,9.998576188948095078e-01,5.469289241343880947e-01,0.000000000000000000e+00,0.000000000000000000e+00,0.000000000000000000e+00,1.000000000000000056e-01
9.966552038054680152e-01,-8.122228247645106591e-02,9.019177168494910482e-03,4.464135178388666958e+01,8.137106151562521761e-02,9.965288474288542808e-01,-1.757858327452746505e-02,3.368103076487540370e+00,-7.560097572217383717e-03,1.825368651628348632e-02,9.998048048760637130e-01,5.651971491588132501e-01,0.000000000000000000e+00,0.000000000000000000e+00,0.000000000000000000e+00,1.000000000000000056e-01
9.965022167284431909e-01,-8.294266036536497577e-02,1.019054202751563248e-02,4.562243965851012462e+01,8.310246050181309407e-02,9.964058798470363243e-01,-1.641047424049833434e-02,3.461806293813089574e+00,-8.792787603680692066e-03,1.719993307455528961e-02,9.998134071857545102e-01,5.765263917980508745e-01,0.000000000000000000e+00,0.000000000000000000e+00,0.000000000000000000e+00,1.000000000000000056e-01
9.958579084687538829e-01,-9.049958485113898665e-02,8.766486297861092111e-03,4.653474459226519144e+01,9.062794893685777176e-02,9.957632728375179765e-01,-1.555889904244464432e-02,3.533596904763818269e+00,-7.321271183161394761e-03,1.628894133104363817e-02,9.998405219726675952e-01,5.878289325354089101e-01,0.000000000000000000e+00,0.000000000000000000e+00,0.000000000000000000e+00,1.000000000000000056e-01
9.960806188026776198e-01,-8.836268440794629864e-02,3.928975680321469648e-03,4.748230572500958857e+01,8.841323642801586502e-02,9.959643498838213205e-01,-1.543092300612705289e-02,3.629779054750626788e+00,-2.549601929446994493e-03,1.571781679238369589e-02,9.998732168456571090e-01,5.870422446040403086e-01,0.000000000000000000e+00,0.000000000000000000e+00,0.000000000000000000e+00,1.000000000000000056e-01
9.962399778381363369e-01,-8.660250131582085398e-02,2.431732492056549837e-03,4.843211184610536435e+01,8.663225142222914787e-02,9.960794367701958363e-01,-1.790554822073439287e-02,3.721006023285884368e+00,-8.715334677168292072e-04,1.804888942324755705e-02,9.998367256807493275e-01,5.913834363126200255e-01,0.000000000000000000e+00,0.000000000000000000e+00,0.000000000000000000e+00,1.000000000000000056e-01
9.963973854064486213e-01,-8.470358834437517748e-02,4.189567612503289351e-03,4.940499057501257596e+01,8.476545188417568266e-02,9.962403578356618938e-01,-1.788763780782312920e-02,3.827256863086703653e+00,-2.658669228129845099e-03,1.817832613468564965e-02,9.998312257260604241e-01,6.034640552435110994e-01,0.000000000000000000e+00,0.000000000000000000e+00,0.000000000000000000e+00,1.000000000000000056e-01
9.964865024212931077e-01,-8.356871017722600214e-02,5.560680847976376753e-03,5.042213219065502727e+01,8.365231037300638328e-02,9.963492254437354978e-01,-1.704441043059268940e-02,3.924896473682273346e+00,-4.116000660405188735e-03,1.744968873599446468e-02,9.998392705338096098e-01,6.276942357441829268e-01,0.000000000000000000e+00,0.000000000000000000e+00,0.000000000000000000e+00,1.000000000000000056e-01
9.965934293859047832e-01,-8.229802557182813727e-02,5.345230754641243018e-03,5.136689188486118240e+01,8.238318020134707820e-02,9.964313784647469419e-01,-1.837170734462562419e-02,4.011029855618301276e+00,-3.814200408213190910e-03,1.874947993473205857e-02,9.998169376828055510e-01,6.356071724597269768e-01,0.000000000000000000e+00,0.000000000000000000e+00,0.000000000000000000e+00,1.000000000000000056e-01
9.967062752362143563e-01,-8.097693616617847312e-02,4.397353055008493099e-03,5.232299127223763691e+01,8.104905284037035307e-02,9.965103605069302040e-01,-1.995375744131696119e-02,4.098483032188267039e+00,-2.766213735521831814e-03,2.024443655641506787e-02,9.997912336333434347e-01,6.520506638054671678e-01,0.000000000000000000e+00,0.000000000000000000e+00,0.000000000000000000e+00,1.000000000000000056e-01
9.966687559778243388e-01,-8.146375543915992945e-02,3.879098782557829396e-03,5.330671792364239536e+01,8.152959509156734730e-02,9.964292875966228591e-01,-2.194538548058913574e-02,4.186842009308995749e+00,-2.077494120612220774e-03,2.218854139945471149e-02,9.997516454843889955e-01,6.748552020903645365e-01,0.000000000000000000e+00,0.000000000000000000e+00,0.000000000000000000e+00,1.000000000000000056e-01
9.966533731740279123e-01,-8.161220745572794755e-02,4.636953206055957968e-03,5.426408912815591634e+01,8.169998225841323958e-02,9.963725518289727745e-01,-2.380862996469599799e-02,4.266162087390230617e+00,-2.677058050714081761e-03,2.410779035963436442e-02,9.997057806195626117e-01,6.755214271142864213e-01,0.000000000000000000e+00,0.000000000000000000e+00,0.000000000000000000e+00,1.000000000000000056e-01
9.965706950393209418e-01,-8.225942663229870999e-02,8.957483964280105876e-03,5.521364935117770045e+01,8.246960915670192849e-02,9.962443536657553667e-01,-2.638088995167277642e-02,4.338902417751032914e+00,-6.753765940991228629e-03,2.702914203645597965e-02,9.996118307255008606e-01,6.931888126856019516e-01,0.000000000000000000e+00,0.000000000000000000e+00,0.000000000000000000e+00,1.000000000000000056e-01
9.963517185990647951e-01,-8.430659951364212479e-02,1.325330612098174835e-02,5.616317431780822034e+01,8.462262135698130072e-02,9.960884510032235184e-01,-2.543245431867922554e-02,4.426537856802611692e+00,-1.105734142382636467e-02,2.646119907421225562e-02,9.995886854822796375e-01,7.198672303158311081e-01,0.000000000000000000e+00,0.000000000000000000e+00,0.000000000000000000e+00,1.000000000000000056e-01
9.961935791222549241e-01,-8.603815194172863279e-02,1.399247390719924808e-02,5.712014916006820187e+01,8.633649992394869244e-02,9.960156408468886502e-01,-2.233499427453738279e-02,4.501076579419664547e+00,-1.201506123470214016e-02,2.345803910845122714e-02,9.996526190155822222e-01,7.180309071518122810e-01,0.000000000000000000e+00,0.000000000000000000e+00,0.000000000000000000e+00,1.000000000000000056e-01
9.961835777504275402e-01,-8.682322378723142386e-02,8.944676156804979086e-03,5.801543286716815118e+01,8.700724402729809182e-02,9.959469235991770253e-01,-2.279177176327578172e-02,4.583229134714476238e+00,-6.929567600650434964e-03,2.348304035953152277e-02,9.997002190198522875e-01,7.307739861232528389e-01,0.000000000000000000e+00,0.000000000000000000e+00,0.000000000000000000e+00,1.000000000000000056e-01
9.959961215562475045e-01,-8.931126371283343301e-02,3.901796884699709235e-03,5.894484217623429601e+01,8.937462692645942175e-02,9.957684662871457704e-01,-2.138545323114780794e-02,4.660179110230528998e+00,-1.975324446495885927e-03,2.164855011685859476e-02,9.997636912646752361e-01,7.461386223260427775e-01,0.000000000000000000e+00,0.000000000000000000e+00,0.000000000000000000e+00,1.000000000000000056e-01
9.959940976237245946e-01,-8.941898357889332960e-02,5.361361943174937274e-05,5.989341404076969866e+01,8.940034459221121721e-02,9.957738823795561078e-01,-2.102269149133461495e-02,4.761007184220256150e+00,1.826440663277817140e-03,2.094326971758580375e-02,9.997789973629371829e-01,7.602592783967625500e-01,0.000000000000000000e+00,0.000000000000000000e+00,0.000000000000000000e+00,1.000000000000000056e-01
9.959638359267818375e-01,-8.975529612048817329e-02,-1.560267088877452437e-04,6.079862583709000745e+01,8.973931913238895886e-02,9.958164763338118730e-01,-1.721627322523732254e-02,4.852249198307086786e+00,1.700625668880963734e-03,1.713278379114885688e-02,9.998517768108931003e-01,7.704351640844994131e-01,0.000000000000000000e+00,0.000000000000000000e+00,0.000000000000000000e+00,1.000000000000000056e-01
9.958059594757207034e-01,-9.149037151119145117e-02,5.471182204595565098e-05,6.173882446264766344e+01,9.147963517949962708e-02,9.956795781783396304e-01,-1.592651707151936796e-02,4.944521742858714930e+00,1.402647519856553993e-03,1.586472563103155653e-02,9.998731634865429818e-01,7.897373603737225523e-01,0.000000000000000000e+00,0.000000000000000000e+00,0.000000000000000000e+00,1.000000000000000056e-01
9.956679778705591621e-01,-9.296324974284259079e-02,1.764097616778927471e-03,6.262254402050567847e+01,9.297843529214586122e-02,9.955817362808869753e-01,-1.311552341916562281e-02,5.030975607050152121e+00,-5.370416891577450141e-04,1.322272971758530619e-02,9.999124316684135927e-01,8.126764734518308053e-01,0.000000000000000000e+00,0.000000000000000000e+00,0.000000000000000000e+00,1.000000000000000056e-01
9.955445024898433859e-01,-9.428132689054381788e-02,1.474775240029697508e-03,6.344790039049686214e+01,9.429202328017761980e-02,9.954798028187379355e-01,-1.135678324601666761e-02,5.120760383824807249e+00,-3.973763715039715320e-04,1.144524266780656135e-02,9.999344221059170978e-01,8.297956704491311619e-01,0.000000000000000000e+00,0.000000000000000000e+00,0.000000000000000000e+00,1.000000000000000056e-01
9.953253004537054860e-01,-9.654030816868856835e-02,2.741382030202789161e-03,6.426583515711138261e+01,9.656320510375628052e-02,9.952761869179806986e-01,-1.004286682649554487e-02,5.205446213200846550e+00,-1.758890795578725661e-03,1.026063607674845314e-02,9.999458113570303119e-01,8.431918114382610518e-01,0.000000000000000000e+00,0.000000000000000000e+00,0.000000000000000000e+00,1.000000000000000056e-01
9.953654647586867021e-01,-9.609822659421009272e-02,3.566848913466853874e-03,6.505505302336747775e+01,9.613171346746217372e-02,9.953094378931771624e-01,-1.085433123584220519e-02,5.289165060291177944e+00,-2.507036404482008030e-03,1.114691375293993050e-02,9.999347284109353362e-01,8.591064749139490919e-01,0.000000000000000000e+00,0.000000000000000000e+00,0.000000000000000000e+00,1.000000000000000056e-01
9.952867578351564104e-01,-9.691672102986652326e-02,3.379180788547282016e-03,6.585052683652850192e+01,9.695005744253810953e-02,9.952201256612720481e-01,-1.172978433946724776e-02,5.367894721324439011e+00,-2.226216492441538547e-03,1.200211079689232803e-02,9.999254938726924724e-01,8.729899162903412835e-01,0.000000000000000000e+00,0.000000000000000000e+00,0.000000000000000000e+00,1.000000000000000056e-01
9.953035191438136531e-01,-9.671334498311803807e-02,4.175366105685980600e-03,6.659462386172819492e+01,9.675815424368044981e-02,9.952312241696021911e-01,-1.235597123787743508e-02,5.443553597987764725e+00,-2.960467411787798785e-03,1.270194237317695367e-02,9.999149445291095617e-01,8.911118684951588875e-01,0.000000000000000000e+00,0.000000000000000000e+00,0.000000000000000000e+00,1.000000000000000056e-01
9.953251149776062290e-01,-9.642383611221752582e-02,5.509929602022393957e-03,6.739471197817287873e+01,9.648057467431861434e-02,9.952721108419684271e-01,-1.117694460421730755e-02,5.533386549595671333e+00,-4.406155390843092406e-03,1.165629484770908629e-02,9.999223552781960622e-01,8.944588005260627472e-01,0.000000000000000000e+00,0.000000000000000000e+00,0.000000000000000000e+00,1.000000000000000056e-01
9.950822625482749206e-01,-9.861964761993863293e-02,9.244234155682824750e-03,6.814083097902951636e+01,9.871620372845038571e-02,9.950586877223934756e-01,-1.064514488540762617e-02,5.609061594329653566e+00,-8.148735070490187304e-03,1.150535055995150456e-02,9.999006075731945442e-01,9.039692237011913711e-01,0.000000000000000000e+00,0.000000000000000000e+00,0.000000000000000000e+00,1.000000000000000056e-01
9.949177680545899793e-01,-9.993857954148134548e-02,1.228475186986108594e-02,6.886951864248612765e+01,1.000656575962371869e-01,9.949285067745842204e-01,-1.020443908937567097e-02,5.688319093490594724e+00,-1.120263268636740098e-02,1.138185953731491069e-02,9.998724690151075123e-01,9.185109118811629614e-01,0.000000000000000000e+00,0.000000000000000000e+00,0.000000000000000000e+00,1.000000000000000056e-01
9.948658295133993024e-01,-1.008689901192904026e-01,8.211461436938101779e-03,6.956070484817323063e+01,1.009209526582928729e-01,9.948752542586420944e-01,-6.179787888336859755e-03,5.768517998200021424e+00,-7.546030821460867656e-03,6.976768314679736641e-03,9.999471896668967741e-01,9.330857555098081013e-01,0.000000000000000000e+00,0.000000000000000000e+00,0.000000000000000000e+00,1.000000000000000056e-01
9.948611267698195260e-01,-1.012024870506950669e-01,3.065135729282255760e-03,7.026076624271291848e+01,1.012227083028540142e-01,9.948364271232867928e-01,-7.378793424991184416e-03,5.846232484466849399e+00,-2.302556431524665267e-03,7.651136080822259697e-03,9.999680786657904052e-01,9.360197115613344554e-01,0.000000000000000000e+00,0.000000000000000000e+00,0.000000000000000000e+00,1.000000000000000056e-01
9.949028861527695611e-01,-1.008349894379018119e-01,-7.429871785157805743e-04,7.101298684321088217e+01,1.008247184893011628e-01,9.948658857743388761e-01,-8.731864863436040319e-03,5.925035450242455148e+00,1.619650098750837841e-03,8.612446081013462595e-03,9.999616005157694332e-01,9.641556486416622551e-01,0.000000000000000000e+00,0.000000000000000000e+00,0.000000000000000000e+00,1.000000000000000056e-01
9.947092089133634518e-01,-1.027262442352337712e-01,-9.531255288248035879e-04,7.174321165512263576e+01,1.027160158452211647e-01,9.946812323676852419e-01,-7.659377545673236830e-03,6.006773021204815599e+00,1.734875164059251516e-03,7.520952122304151201e-03,9.999702123000160370e-01,9.746440477788431700e-01,0.000000000000000000e+00,0.000000000000000000e+00,0.000000000000000000e+00,1.000000000000000056e-01
9.945505562127578969e-01,-1.042500614053317592e-01,1.056330383164879455e-03,7.242261102534676809e+01,1.042546956415115883e-01,9.945302480365623143e-01,-6.367430959938686144e-03,6.093889526446429450e+00,-3.867474494097059576e-04,6.442859405447091264e-03,9.999791697775969324e-01,9.856461278633372736e-01,0.000000000000000000e+00,0.000000000000000000e+00,0.000000000000000000e+00,1.000000000000000056e-01
9.944617208519318519e-01,-1.050239060062389124e-01,3.983080140677962289e-03,7.303407833956967465e+01,1.050450315837273413e-01,9.944521011125440069e-01,-5.528103872058523841e-03,6.150781721714470685e+00,-3.380399353345047309e-03,5.915890468833581370e-03,9.999767873006716323e-01,1.001647932830347365e+00,0.000000000000000000e+00,0.000000000000000000e+00,0.000000000000000000e+00,1.000000000000000056e-01
9.943888876065130056e-01,-1.057831779228001756e-01,8.120795741756384059e-04,7.360473227447734246e+01,1.057862504855797692e-01,9.943662096445091692e-01,-6.716422069384922824e-03,6.205623592766344565e+00,-9.702001733238971738e-05,6.764642323519474629e-03,9.999771148388102437e-01,1.011923358798111128e+00,0.000000000000000000e+00,0.000000000000000000e+00,0.000000000000000000e+00,1.000000000000000056e-01
9.945625962964356193e-01,-1.041252653730473654e-01,-1.780774855405937648e-03,7.423843646396240104e+01,1.040983749415020088e-01,9.945012855241753824e-01,-1.143334707341124405e-02,6.262350016824405508e+00,2.961483181051432524e-03,1.118580358110569418e-02,9.999330514667535974e-01,1.030989746220187131e+00,0.000000000000000000e+00,0.000000000000000000e+00,0.000000000000000000e+00,1.000000000000000056e-01
9.946306947427228096e-01,-1.033859529993525900e-01,-4.596280890480732885e-03,7.485502290399480785e+01,1.033018635003511015e-01,9.945244424264073624e-01,-1.580691031790878651e-02,6.316150600898029488e+00,6.205326177032801337e-03,1.524723381007981639e-02,9.998644987137894624e-01,1.052528734094692275e+00,0.000000000000000000e+00,0.000000000000000000e+00,0.000000000000000000e+00,1.000000000000000056e-01
9.951787987631453003e-01,-9.794720795645915634e-02,-5.050044146074506718e-03,7.544027686095631680e+01,9.786639773266649078e-02,9.950964282136982586e-01,-1.432713338988291819e-02,6.369770224709815132e+00,6.428583605639030113e-03,1.376382976769578194e-02,9.998846084938757262e-01,1.065783931297566323e+00,0.000000000000000000e+00,0.000000000000000000e+00,0.000000000000000000e+00,1.000000000000000056e-01
9.955503947393323783e-01,-9.413313103013769279e-02,-4.285461097992621787e-03,7.599925647652544569e+01,9.408262632635287781e-02,9.955062187788710215e-01,-1.076233228118051583e-02,6.447165240493817784e+00,5.279295208200829662e-03,1.031125671572655916e-02,9.999329012624031954e-01,1.069227916701248171e+00,0.000000000000000000e+00,0.000000000000000000e+00,0.000000000000000000e+00,1.000000000000000056e-01
9.961746109863156562e-01,-8.737568237007427296e-02,-1.278497800756121100e-03,7.654674941451618508e+01,8.734817322072067902e-02,9.960727259740989048e-01,-1.447139266037035868e-02,6.485360903771656638e+00,2.537924598096184120e-03,1.430435950651191140e-02,9.998944665502669249e-01,1.086905161459002400e+00,0.000000000000000000e+00,0.000000000000000000e+00,0.000000000000000000e+00,1.000000000000000056e-01
9.968241400337435332e-01,-7.961451260461716029e-02,1.778546799178509167e-03,7.710102783693473327e+01,7.963312723022650252e-02,9.966849475203887199e-01,-1.666374609187673550e-02,6.510006589159068824e+00,-4.459747999299277675e-04,1.675245561131957772e-02,9.998595683082042163e-01,1.101581026393898988e+00,0.000000000000000000e+00,0.000000000000000000e+00,0.000000000000000000e+00,1.000000000000000056e-01
9.974484094960515135e-01,-7.132629139884064107e-02,3.038181871575762992e-03,7.763029056010105933e+01,7.137193673730363175e-02,9.972616954146149570e-01,-1.936898306917691007e-02,6.541600098536020980e+00,-1.648344673734270785e-03,1.953640228024098799e-02,9.998077875000680459e-01,1.115776943814345890e+00,0.000000000000000000e+00,0.000000000000000000e+00,0.000000000000000000e+00,1.000000000000000056e-01
9.982510081488404907e-01,-5.900035089112102421e-02,3.726033353071191330e-03,7.810820882452594560e+01,5.905332270098898745e-02,9.981230899472383067e-01,-1.621734849320256855e-02,6.573101010502756303e+00,-2.762210671991342965e-03,1.640901913283410174e-02,9.998615475571114297e-01,1.127311277996168926e+00,0.000000000000000000e+00,0.000000000000000000e+00,0.000000000000000000e+00,1.000000000000000056e-01
9.989982373269118421e-01,-4.464168849575079340e-02,3.105071009099629516e-03,7.859261905337301357e+01,4.467674542089564854e-02,9.989254615387598291e-01,-1.232520621215260626e-02,6.603401107699654382e+00,-2.551516474506661161e-03,1.245158374761850401e-02,9.999192206502764968e-01,1.132692708062882136e+00,0.000000000000000000e+00,0.000000000000000000e+00,0.000000000000000000e+00,1.000000000000000056e-01
9.996305378080733162e-01,-2.709075321353942786e-02,2.208839483819958257e-03,7.905703023044176803e+01,2.710604569335834171e-02,9.996065236078536254e-01,-7.215278753532101616e-03,6.614979349151655086e+00,-2.012503021550201849e-03,7.272485884806176651e-03,9.999715299850508998e-01,1.132363103911623536e+00,0.000000000000000000e+00,0.000000000000000000e+00,0.000000000000000000e+00,1.000000000000000056e-01
9.999815016671514956e-01,-4.866970467473514736e-03,3.648139522736479866e-03,7.953899163675698958e+01,4.892612689750761024e-03,9.999631567259157361e-01,-7.053193022290235766e-03,6.633154369642057624e+00,-3.613677431191269357e-03,7.070911483700987286e-03,9.999684712760762428e-01,1.147031432184036692e+00,0.000000000000000000e+00,0.000000000000000000e+00,0.000000000000000000e+00,1.000000000000000056e-01
9.997871884382949492e-01,2.008878987694985921e-02,4.692372100446300792e-03,8.001778260403092702e+01,-2.004424282848436475e-02,9.997553255409951101e-01,-9.355072519853754529e-03,6.618644575635874716e+00,-4.879156082976144129e-03,9.259026606437988430e-03,9.999452306312677230e-01,1.161216905847489489e+00,0.000000000000000000e+00,0.000000000000000000e+00,0.000000000000000000e+00,1.000000000000000056e-01
9.987941368560030453e-01,4.870984136437420120e-02,6.133802762505751079e-03,8.049065500234939918e+01,-4.864081808472668633e-02,9.987564218736471044e-01,-1.093986207399334255e-02,6.610753855365962828e+00,-6.659053845731286066e-03,1.062831691317926881e-02,9.999213448474197907e-01,1.167801433944381850e+00,0.000000000000000000e+00,0.000000000000000000e+00,0.000000000000000000e+00,1.000000000000000056e-01
9.967180954246984692e-01,8.042616116965808915e-02,9.201676612111769904e-03,8.099140959988744726e+01,-8.032183103576440164e-02,9.967061003635097061e-01,-1.119611348761172416e-02,6.567470463685152637e+00,-1.007182764069247671e-02,1.042027339744734833e-02,9.998949825808201020e-01,1.173478633668506355e+00,0.000000000000000000e+00,0.000000000000000000e+00,0.000000000000000000e+00,1.000000000000000056e-01
