9.999999999999998890e-01,-4.770188039974694479e-09,1.165714977438985746e-08,7.104349482221537677e-15,4.770188059925170851e-09,1.000000000000000000e+00,-1.711436914696081275e-09,6.054471022819974764e-15,-1.165714976622598186e-08,1.711436970302877746e-09,9.999999999999998890e-01,-2.310245320322209364e-14,0.000000000000000000e+00,0.000000000000000000e+00,0.000000000000000000e+00,1.000000000000000056e-01
9.998537074215685383e-01,-1.253844392975583463e-02,1.163405256841753242e-02,6.524941194745501605e-01,1.257256134735393674e-02,9.999168604843177155e-01,-2.864056625229105708e-03,4.286255770349221145e-03,-1.159717450551449140e-02,3.009907474635396991e-03,9.999282204240875771e-01,2.661213120182078645e-03,0.000000000000000000e+00,0.000000000000000000e+00,0.000000000000000000e+00,1.000000000000000056e-01
9.995296623352679655e-01,-1.929748341179137947e-02,2.383403545178170921e-02,1.336902423065464696e+00,1.938597486570722492e-02,9.998059924035994639e-01,-3.487338865061796050e-03,-1.388249744161878857e-03,-2.376211460395135852e-02,3.947744650460488849e-03,9.997098465163396508e-01,-1.354375563103398135e-02,0.000000000000000000e+00,0.000000000000000000e+00,0.000000000000000000e+00,1.000000000000000056e-01
9.990578662224380846e-01,-2.726125817698079115e-02,3.376690305131500869e-02,2.068545886390553701e+00,2.749256201423496207e-02,9.996014901799870067e-01,-6.404675155125358170e-03,2.064946887978775028e-02,-3.357884710591406419e-02,7.326979770494340162e-03,9.994092136830040607e-01,-3.818348959736485304e-02,0.000000000000000000e+00,0.000000000000000000e+00,0.000000000000000000e+00,1.000000000000000056e-01
9.983151078235740217e-01,-3.633125027471140189e-02,4.524362656421294232e-02,2.800400301744661480e+00,3.674178711040347600e-02,9.992905281486216262e-01,-8.275350891815660276e-03,7.064938562726759408e-02,-4.491087364034974244e-02,9.923739513165767689e-03,9.989417064188157447e-01,-8.076813475808886089e-02,0.000000000000000000e+00,0.000000000000000000e+00,0.000000000000000000e+00,1.000000000000000056e-01
9.974827192696028577e-01,-4.562090283381377287e-02,5.428589119786504658e-02,3.551127737140129970e+00,4.618222244689161593e-02,9.988913055145247633e-01,-9.130284626129832673e-03,9.840837747806475966e-02,-5.380917290188112767e-02,1.161434423960499250e-02,9.984836903622910098e-01,-1.179197062554464825e-01,0.000000000000000000e+00,0.000000000000000000e+00,0.000000000000000000e+00,1.000000000000000056e-01
9.963645783212944362e-01,-5.505778945055861406e-02,6.500974455762019433e-02,4.309481083624114639e+00,5.581736759472667730e-02,9.983916663799929925e-01,-9.924816259055661838e-03,1.551962023640615917e-01,-6.435874875589354949e-02,1.351740817608228923e-02,9.978352725449111116e-01,-1.525808783886904163e-01,0.000000000000000000e+00,0.000000000000000000e+00,0.000000000000000000e+00,1.000000000000000056e-01
9.949350355122172918e-01,-6.506154836026739607e-02,7.662421311352882181e-02,5.113099099767995703e+00,6.589805739334139711e-02,9.977906909760109189e-01,-8.437003816431363698e-03,2.250838363158483291e-01,-7.590600201622252352e-02,1.344365748519279515e-02,9.970243462079219077e-01,-2.070686280351259623e-01,0.000000000000000000e+00,0.000000000000000000e+00,0.000000000000000000e+00,1.000000000000000056e-01
9.935776736031125544e-01,-7.003554941651173038e-02,8.887310242899169876e-02,5.887582170884895660e+00,7.090851082895359425e-02,9.974603229455883957e-01,-6.699794123909115842e-03,2.947876257809033951e-01,-8.817816968755291807e-02,1.295862520524228463e-02,9.960204236978994485e-01,-2.604885999058052515e-01,0.000000000000000000e+00,0.000000000000000000e+00,0.000000000000000000e+00,1.000000000000000056e-01
9.917686124784671486e-01,-7.888528221936547125e-02,1.008569856366289125e-01,6.690818081155547326e+00,8.016690628441366928e-02,9.967433837204587865e-01,-8.711724644202251122e-03,3.572767087043002832e-01,-9.984130627812391745e-02,1.672540757833501646e-02,9.948627916964311035e-01,-3.304506032137093374e-01,0.000000000000000000e+00,0.000000000000000000e+00,0.000000000000000000e+00,1.000000000000000056e-01
9.898675032050072709e-01,-8.695992725443012217e-02,1.122510452093397754e-01,7.522302157314039839e+00,8.884274902216000858e-02,9.959749101053121390e-01,-1.187200012217086778e-02,4.279316646399350943e-01,-1.107668363946109485e-01,2.172439855599132483e-02,9.936089565128275458e-01,-4.079387128995076162e-01,0.000000000000000000e+00,0.000000000000000000e+00,0.000000000000000000e+00,1.000000000000000056e-01
9.879401673945112927e-01,-9.386625437102406877e-02,1.231395628498788142e-01,8.360220595219001183e+00,9.613851691865100968e-02,9.952878415379411425e-01,-1.262925379538802628e-02,5.221791372303310474e-01,-1.213738489675074139e-01,2.431540205508177233e-02,9.923089992586545671e-01,-5.042706113074223451e-01,0.000000000000000000e+00,0.000000000000000000e+00,0.000000000000000000e+00,1.000000000000000056e-01
9.860728411045683872e-01,-1.009529520485646509e-01,1.321697904539642088e-01,9.207987621655412624e+00,1.035884001884922329e-01,9.945326497266097077e-01,-1.320045355877959639e-02,6.376465003765846573e-01,-1.301145471588530111e-01,2.670786589094910693e-02,9.911391902841889534e-01,-6.050081347191558212e-01,0.000000000000000000e+00,0.000000000000000000e+00,0.000000000000000000e+00,1.000000000000000056e-01
9.841384322675102991e-01,-1.063937097591022146e-01,1.419574748216628490e-01,9.987995811916556832e+00,1.098391591887098034e-01,9.938101220145126868e-01,-1.663732220691717043e-02,7.423218769335220291e-01,-1.393086689433374603e-01,3.196591786880878527e-02,9.897329310738529617e-01,-7.004186238202160242e-01,0.000000000000000000e+00,0.000000000000000000e+00,0.000000000000000000e+00,1.000000000000000056e-01
9.817183194094876164e-01,-1.141298935861146668e-01,1.523269796386488018e-01,1.081559295979696955e+01,1.180891900031947883e-01,9.928544826544611901e-01,-1.717321977182929491e-02,8.527251165840002978e-01,-1.492785468183574771e-01,3.484743409441122541e-02,9.881809408184490939e-01,-8.240736233452143900e-01,0.000000000000000000e+00,0.000000000000000000e+00,0.000000000000000000e+00,1.000000000000000056e-01
9.796393183260941884e-01,-1.194406705790643924e-01,1.613714107306773449e-01,1.162120948890547112e+01,1.239952065805199205e-01,9.921118794532652885e-01,-1.841758379277056226e-02,9.670090516695510896e-01,-1.578986850313824908e-01,3.805187064170373334e-02,9.867218759133838946e-01,-9.250452454811203262e-01,0.000000000000000000e+00,0.000000000000000000e+00,0.000000000000000000e+00,1.000000000000000056e-01
9.776062666561530223e-01,-1.252789821591366315e-01,1.690892191234833475e-01,1.248267029367488945e+01,1.298910791121276609e-01,9.913917762246509113e-01,-1.645155315521225348e-02,1.106207825454289750e+00,-1.655726274530474607e-01,3.804632259893857282e-02,9.854634353313124207e-01,-1.061153018853338903e+00,0.000000000000000000e+00,0.000000000000000000e+00,0.000000000000000000e+00,1.000000000000000056e-01
9.754822277630688099e-01,-1.330051492685914993e-01,1.753398231618820968e-01,1.338476296445529634e+01,1.378877846927867579e-01,9.903200871682730222e-01,-1.590860721558962076e-02,1.240087782545465256e+00,-1.715266222803797647e-01,3.969578339148788909e-02,9.843794302148028974e-01,-1.213062627642209623e+00,0.000000000000000000e+00,0.000000000000000000e+00,0.000000000000000000e+00,1.000000000000000056e-01
9.744307945845906982e-01,-1.317365957070267546e-01,1.820167462536528558e-01,1.425192084747840582e+01,1.364098375186776624e-01,9.905626321511428189e-01,-1.334271388915053702e-02,1.377885733526753365e+00,-1.785412635593554842e-01,3.783042607905897498e-02,9.832049003485009431e-01,-1.356639439594481633e+00,0.000000000000000000e+00,0.000000000000000000e+00,0.000000000000000000e+00,1.000000000000000056e-01
9.695901501276389389e-01,-1.533633636013842783e-01,1.907213136498703554e-01,1.522132500813747669e+01,1.585232810299987694e-01,9.872822493039171698e-01,-1.200539798932312441e-02,1.620611059071209503e+00,-1.864545793134259888e-01,4.187408404093879988e-02,9.815708079088262261e-01,-1.531337123112250120e+00,0.000000000000000000e+00,0.000000000000000000e+00,0.000000000000000000e+00,1.000000000000000056e-01
9.677374952929403973e-01,-1.555612762267355176e-01,1.982040099060950189e-01,1.614187718285003115e+01,1.612329591274297702e-01,9.868346104304693833e-01,-1.270372179939081858e-02,1.792744293683514512e+00,-1.936183697254955371e-01,4.425088694312289544e-02,9.800784590580431388e-01,-1.704815629003453292e+00,0.000000000000000000e+00,0.000000000000000000e+00,0.000000000000000000e+00,1.000000000000000056e-01
9.642806732845028428e-01,-1.634132778583569090e-01,2.084679441774520137e-01,1.702169218035535181e+01,1.704380625461827115e-01,9.852374074383507541e-01,-1.606604555143475999e-02,1.961110957328825677e+00,-2.027650116896140275e-01,5.102304972994768650e-02,9.778972330622303089e-01,-1.875789642510435229e+00,0.000000000000000000e+00,0.000000000000000000e+00,0.000000000000000000e+00,1.000000000000000056e-01
9.613756225236049779e-01,-1.705048092194747789e-01,2.160671711537444084e-01,1.784660033655238820e+01,1.784385933760297138e-01,9.837934473385296918e-01,-1.761026313703203949e-02,2.108035471660999693e+00,-2.095628326095419491e-01,5.548479978158069037e-02,9.762196761906938303e-01,-2.040958720502418000e+00,0.000000000000000000e+00,0.000000000000000000e+00,0.000000000000000000e+00,1.000000000000000056e-01
9.586803609484003674e-01,-1.754231371552261165e-01,2.239613548862025294e-01,1.871642417448176943e+01,1.849196001354064256e-01,9.825076684565644536e-01,-2.198688040188888707e-02,2.261679403670951327e+00,-2.161867410772599640e-01,6.249323463115256938e-02,9.743499826077535175e-01,-2.229013943854850410e+00,0.000000000000000000e+00,0.000000000000000000e+00,0.000000000000000000e+00,1.000000000000000056e-01
9.551492041571898461e-01,-1.815951904830510055e-01,2.339084961930870399e-01,1.961371752076630770e+01,1.921101778657547943e-01,9.811088603199209501e-01,-2.278340980041861433e-02,2.443815755715882609e+00,-2.253523404765857829e-01,6.669775854682213900e-02,9.719916314694045933e-01,-2.425716735848534533e+00,0.000000000000000000e+00,0.000000000000000000e+00,0.000000000000000000e+00,1.000000000000000056e-01
9.521236991547217254e-01,-1.853705759415019139e-01,2.431012362844848784e-01,2.050620740574284540e+01,1.970439155077514659e-01,9.800911416980134794e-01,-2.439363290816931595e-02,2.611450434871586346e+00,-2.337395064367663866e-01,7.112737546261847787e-02,9.696941474457275723e-01,-2.634725587422921400e+00,0.000000000000000000e+00,0.000000000000000000e+00,0.000000000000000000e+00,1.000000000000000056e-01
9.499044304011298179e-01,-1.848723494631857589e-01,2.519995783890657814e-01,2.138123902115008335e+01,1.985094943147965862e-01,9.796524618298799725e-01,-2.958098540514383576e-02,2.811107822258335442e+00,-2.414033010776549526e-01,7.812341796553266826e-02,9.672751303503019926e-01,-2.841989308565385564e+00,0.000000000000000000e+00,0.000000000000000000e+00,0.000000000000000000e+00,1.000000000000000056e-01
9.467237808003547972e-01,-1.874357880873948334e-01,2.618814774113262800e-01,2.227950324070349097e+01,2.025220329097854044e-01,9.787676186817036994e-01,-3.160339865006456250e-02,3.029786054237629145e+00,-2.503975020905152560e-01,8.295645824288978842e-02,9.645824573268093616e-01,-3.063538877531215565e+00,0.000000000000000000e+00,0.000000000000000000e+00,0.000000000000000000e+00,1.000000000000000056e-01
9.448875107018072095e-01,-1.846175795861909608e-01,2.703774055417326738e-01,2.319046028141600146e+01,2.004537342695207336e-01,9.791828636022960053e-01,-3.192522584120077722e-02,3.240921185309919572e+00,-2.588549642891681546e-01,8.436390777663013707e-02,9.622249417508931257e-01,-3.290945763999691742e+00,0.000000000000000000e+00,0.000000000000000000e+00,0.000000000000000000e+00,1.000000000000000056e-01
9.445280354319413041e-01,-1.782720704025405056e-01,2.758366531073581096e-01,2.406417734763453709e+01,1.948661182969927408e-01,9.802495261512927938e-01,-3.373518074693583613e-02,3.434677350421091901e+00,-2.643747079864861571e-01,8.561504187090976381e-02,9.606123455288831936e-01,-3.523282464064045438e+00,0.000000000000000000e+00,0.000000000000000000e+00,0.000000000000000000e+00,1.000000000000000056e-01
9.428839991521084096e-01,-1.812685212035249072e-01,2.794843240033579312e-01,2.495856756413229505e+01,1.991318130674064324e-01,9.792869775663795018e-01,-3.665428478899615539e-02,3.618464733519106691e+00,-2.670510909309569691e-01,9.021495879061613987e-02,9.594503510046745731e-01,-3.753996473736540551e+00,0.000000000000000000e+00,0.000000000000000000e+00,0.000000000000000000e+00,1.000000000000000056e-01
9.431898674530614368e-01,-1.806795519727905919e-01,2.788328772451125759e-01,2.582453494401548610e+01,1.990182086835166897e-01,9.792322296422946160e-01,-3.867806926650460553e-02,3.812656636454081038e+00,-2.660538038560631979e-01,9.197358277620801270e-02,9.595604376614468300e-01,-3.997538697452397205e+00,0.000000000000000000e+00,0.000000000000000000e+00,0.000000000000000000e+00,1.000000000000000056e-01
9.409212577494148189e-01,-1.812975904570016672e-01,2.860041440429573201e-01,2.671109544511080003e+01,2.016414436068519889e-01,9.785106131501671856e-01,-4.310113887855693271e-02,4.005549824549243354e+00,-2.720439577263278896e-01,9.822506628640792492e-02,9.572585447085999455e-01,-4.237768098256259108e+00,0.000000000000000000e+00,0.000000000000000000e+00,0.000000000000000000e+00,1.000000000000000056e-01
9.389539339341979041e-01,-1.822104061046604939e-01,2.918302209447622420e-01,2.761754142094190811e+01,2.043627528194220666e-01,9.777642240005073315e-01,-4.704240134977755172e-02,4.181359797916652354e+00,-2.767695344678706149e-01,1.038098751172568113e-01,9.553125847692878203e-01,-4.492986615425347274e+00,0.000000000000000000e+00,0.000000000000000000e+00,0.000000000000000000e+00,1.000000000000000056e-01
9.353225520479409028e-01,-1.828538325995290592e-01,3.028798433936966683e-01,2.855422062175756892e+01,2.074448683599317278e-01,9.769256092691850357e-01,-5.082303164080544111e-02,4.382792155155915914e+00,-2.865978894228939922e-01,1.103667968987735309e-01,9.516726432553619386e-01,-4.762426128070179843e+00,0.000000000000000000e+00,0.000000000000000000e+00,0.000000000000000000e+00,1.000000000000000056e-01
9.319259712365119963e-01,-1.840753492524754842e-01,3.124583971226616574e-01,2.945636471220291241e+01,2.114652583031760291e-01,9.757884080475862643e-01,-5.585183301135548950e-02,4.574691600263726343e+00,-2.946123362414663216e-01,1.181238693809869289e-01,9.482881011679987759e-01,-5.032210592307345465e+00,0.000000000000000000e+00,0.000000000000000000e+00,0.000000000000000000e+00,1.000000000000000056e-01
9.286662858085321659e-01,-1.833617624804963209e-01,3.224242448430821306e-01,3.033121792263852612e+01,2.139336442080129463e-01,9.748935280801438452e-01,-6.176572498829022151e-02,4.761659891214359064e+00,-3.030038373989099587e-01,1.263371400954438895e-01,9.445780018368198361e-01,-5.289273123193947157e+00,0.000000000000000000e+00,0.000000000000000000e+00,0.000000000000000000e+00,1.000000000000000056e-01
9.279352408832146626e-01,-1.867240030095252690e-01,3.225993419508311755e-01,3.123966508455977831e+01,2.190155581352486724e-01,9.734498425140619693e-01,-6.654013378445693128e-02,4.953885083794475896e+00,-3.016096384761535187e-01,1.323992100031066155e-01,9.441938758373924490e-01,-5.572683219739424487e+00,0.000000000000000000e+00,0.000000000000000000e+00,0.000000000000000000e+00,1.000000000000000056e-01
9.267803636126794586e-01,-1.914756062919941160e-01,3.231334860658409136e-01,3.217876729173374173e+01,2.244864962040040712e-01,9.721146438051612160e-01,-6.781542834498777150e-02,5.168638140922974245e+00,-3.011377934501071607e-01,1.353891114332233803e-01,9.439204510239848078e-01,-5.876081112870240375e+00,0.000000000000000000e+00,0.000000000000000000e+00,0.000000000000000000e+00,1.000000000000000056e-01
9.238422688818621609e-01,-1.933839795432411857e-01,3.303302872629640952e-01,3.309418953159983801e+01,2.282096454490577242e-01,9.711121576535497457e-01,-6.972470854354585745e-02,5.408155600388239392e+00,-3.073041163916104823e-01,1.397991906753623947e-01,9.412865484725069232e-01,-6.180970046095716874e+00,0.000000000000000000e+00,0.000000000000000000e+00,0.000000000000000000e+00,1.000000000000000056e-01
9.219488239539018748e-01,-1.969608604064588819e-01,3.334918072126579203e-01,3.401291400888025862e+01,2.329324338735463407e-01,9.698880231997519807e-01,-7.113159427022036629e-02,5.636551379198262879e+00,-3.094395696412518548e-01,1.432607480143276990e-01,9.400656949482903979e-01,-6.463691217039797543e+00,0.000000000000000000e+00,0.000000000000000000e+00,0.000000000000000000e+00,1.000000000000000056e-01
9.203133382224190084e-01,-2.001146153625265600e-01,3.361212581914678199e-01,3.490786107579675956e+01,2.368520801396436504e-01,9.688991679239504773e-01,-7.166236480747956161e-02,5.878270036699248635e+00,-3.113269208138466637e-01,1.455628493626877074e-01,9.390883905479741056e-01,-6.754260348466305963e+00,0.000000000000000000e+00,0.000000000000000000e+00,0.000000000000000000e+00,1.000000000000000056e-01
9.177442137232182384e-01,-2.021590718947032239e-01,3.418731750638300815e-01,3.581847692984440101e+01,2.401475327769545531e-01,9.680451421718457850e-01,-7.223410010952122096e-02,6.105886039479158534e+00,-3.163458877221158039e-01,1.483924269232194393e-01,9.369658301950736234e-01,-7.058268837811825236e+00,0.000000000000000000e+00,0.000000000000000000e+00,0.000000000000000000e+00,1.000000000000000056e-01
9.154351608554773811e-01,-2.049901937241800087e-01,3.463487934819891034e-01,3.675268298544634860e+01,2.452073821396196507e-01,9.664803056969816231e-01,-7.608651946372263497e-02,6.351822837722666648e+00,-3.191422974375864863e-01,1.545795561411406338e-01,9.350151628767670031e-01,-7.379827399267579580e+00,0.000000000000000000e+00,0.000000000000000000e+00,0.000000000000000000e+00,1.000000000000000056e-01
9.122230702091946863e-01,-2.095959247815935289e-01,3.520207642924764180e-01,3.768338912219333281e+01,2.501945866272657915e-01,9.653981778349702836e-01,-7.354608796755063294e-02,6.597585362215915517e+00,-3.244252440864030529e-01,1.551641277740048452e-01,9.330982555184690330e-01,-7.671668421020004125e+00,0.000000000000000000e+00,0.000000000000000000e+00,0.000000000000000000e+00,1.000000000000000056e-01
9.099415681259424016e-01,-2.135829177764997366e-01,3.555118561040938041e-01,3.861131444516359323e+01,2.544637327702612417e-01,9.644046816940808897e-01,-7.191535740829985146e-02,6.849487372987532297e+00,-3.274974065563360237e-01,1.559036470407776931e-01,9.319010148820842110e-01,-7.995150479495129581e+00,0.000000000000000000e+00,0.000000000000000000e+00,0.000000000000000000e+00,1.000000000000000056e-01
9.072205002151999542e-01,-2.185297894621088532e-01,3.594380267958981467e-01,3.954261745991327359e+01,2.618161565883444508e-01,9.621309587484861980e-01,-7.587040508015208129e-02,7.120414036369473010e+00,-3.292465096832310478e-01,1.629378695557458234e-01,9.300795592453608984e-01,-8.304386406673961218e+00,0.000000000000000000e+00,0.000000000000000000e+00,0.000000000000000000e+00,1.000000000000000056e-01
9.051907917585414465e-01,-2.248081155766205597e-01,3.606812189266772606e-01,4.046355158399492069e+01,2.685860798238158820e-01,9.602902843052470994e-01,-7.552541025259386365e-02,7.388147867767775878e+00,-3.293799451096252051e-01,1.652388605620258577e-01,9.296262532436052606e-01,-8.609653896012588348e+00,0.000000000000000000e+00,0.000000000000000000e+00,0.000000000000000000e+00,1.000000000000000056e-01
9.047386006014350723e-01,-2.264302651933825794e-01,3.608010526401100315e-01,4.140591937116440846e+01,2.711700516547619899e-01,9.593738851592342742e-01,-7.790090859566531356e-02,7.669380547376981383e+00,-3.285039842487617601e-01,1.683183991099336529e-01,9.293836930212184821e-01,-8.940229211734630255e+00,0.000000000000000000e+00,0.000000000000000000e+00,0.000000000000000000e+00,1.000000000000000056e-01
9.033150960869265056e-01,-2.300385043410801134e-01,3.620830342642218369e-01,4.237291773234693437e+01,2.755686193077692137e-01,9.580448351155488318e-01,-7.881643205087761339e-02,7.938808704875887301e+00,-3.287609667133197799e-01,1.709747947182265193e-01,9.288077553168814227e-01,-9.273233237735917456e+00,0.000000000000000000e+00,0.000000000000000000e+00,0.000000000000000000e+00,1.000000000000000056e-01
9.006319574542551720e-01,-2.325829196077100480e-01,3.671066094731476603e-01,4.331797182880484343e+01,2.808726570050427140e-01,9.561219958673689012e-01,-8.331434189577810456e-02,8.239632981703648440e+00,-3.316212112622536345e-01,1.781457676324432471e-01,9.264402073073055854e-01,-9.594557145006373133e+00,0.000000000000000000e+00,0.000000000000000000e+00,0.000000000000000000e+00,1.000000000000000056e-01
8.995129312115405229e-01,-2.307684972056829598e-01,3.709749146244973317e-01,4.422991921787722447e+01,2.804243632713621093e-01,9.560865398345903543e-01,-8.520976957468819057e-02,8.517764869675572115e+00,-3.350203920167748595e-01,1.806776938212102945e-01,9.247253148305043524e-01,-9.918026599152897305e+00,0.000000000000000000e+00,0.000000000000000000e+00,0.000000000000000000e+00,1.000000000000000056e-01
8.959461367344591087e-01,-2.442544291457482419e-01,3.709720931731693150e-01,4.503434484452646558e+01,2.955393402125507940e-01,9.513244083940591844e-01,-8.739775958469116202e-02,8.782065231200524735e+00,-3.315675171926950049e-01,1.879405327128184644e-01,9.245222213155798174e-01,-1.020034515524659646e+01,0.000000000000000000e+00,0.000000000000000000e+00,0.000000000000000000e+00,1.000000000000000056e-01
8.964494762849102294e-01,-2.463876041056431987e-01,3.683361033235691417e-01,4.588538632788991123e+01,2.986543573917538330e-01,9.499743458548763897e-01,-9.140195308918894201e-02,9.054224239405053609e+00,-3.273895405773200595e-01,1.919424152205045087e-01,9.251887363991688762e-01,-1.050951136792011908e+01,0.000000000000000000e+00,0.000000000000000000e+00,0.000000000000000000e+00,1.000000000000000056e-01
8.958785686763346412e-01,-2.471919736670372680e-01,3.691852087246138558e-01,4.671925957081147374e+01,3.006801688664825223e-01,9.490628939297921507e-01,-9.418630163687083390e-02,9.334793454285085446e+00,-3.270978847942393464e-01,1.953861600016818245e-01,9.245708313822861291e-01,-1.080954540712519929e+01,0.000000000000000000e+00,0.000000000000000000e+00,0.000000000000000000e+00,1.000000000000000056e-01
8.931291212607200825e-01,-2.500122795898658268e-01,3.739174144250742016e-01,4.755320416195336719e+01,3.051630131211457986e-01,9.475126747471470656e-01,-9.536910724301890518e-02,9.641785531623025207e+00,-3.304480415721620101e-01,1.992826917918006924e-01,9.225456631372437322e-01,-1.110988555656783028e+01,0.000000000000000000e+00,0.000000000000000000e+00,0.000000000000000000e+00,1.000000000000000056e-01
8.923039649660708950e-01,-2.474302503083289917e-01,3.775869506990230939e-01,4.843294188653776899e+01,3.054868446100403867e-01,9.467704293460814657e-01,-1.015063637711332845e-01,9.956082929155186889e+00,-3.323724144330119645e-01,2.059223769972420015e-01,9.203936944459016889e-01,-1.141966608794851545e+01,0.000000000000000000e+00,0.000000000000000000e+00,0.000000000000000000e+00,1.000000000000000056e-01
8.895207932022048958e-01,-2.482027174933374714e-01,3.835989696151994588e-01,4.924750907338080452e+01,3.094938888819653844e-01,9.449450714779142890e-01,-1.062654442154981893e-01,1.023365493753683708e+01,-3.361045837319656115e-01,2.132468591058775675e-01,9.173655137816333349e-01,-1.172138178613015391e+01,0.000000000000000000e+00,0.000000000000000000e+00,0.000000000000000000e+00,1.000000000000000056e-01
8.883558524317693994e-01,-2.519868145808378257e-01,3.838313753819856955e-01,5.009608933639510298e+01,3.152949413603033380e-01,9.424809744686595270e-01,-1.109896964461517671e-01,1.055531606666396449e+01,-3.337858286428997956e-01,2.196184373908722232e-01,9.167086574016656275e-01,-1.202333333919924740e+01,0.000000000000000000e+00,0.000000000000000000e+00,0.000000000000000000e+00,1.000000000000000056e-01
8.879663549903034081e-01,-2.532414520178547512e-01,3.839069150003981412e-01,5.100266857227119743e+01,3.177497092032068871e-01,9.412929563089030838e-01,-1.140293501889887429e-01,1.087762892606833631e+01,-3.324919167536435904e-01,2.232405370517059895e-01,9.163038731285347849e-01,-1.231942656794663549e+01,0.000000000000000000e+00,0.000000000000000000e+00,0.000000000000000000e+00,1.000000000000000056e-01
8.853805660511185893e-01,-2.584512251553626738e-01,3.863990391741327080e-01,5.186861701890718734e+01,3.249417232496689678e-01,9.384900165462218835e-01,-1.168304983067677827e-01,1.121187364620150539e+01,-3.324366552450804257e-01,2.289966223741393136e-01,9.149024085609893664e-01,-1.263453191931926156e+01,0.000000000000000000e+00,0.000000000000000000e+00,0.000000000000000000e+00,1.000000000000000056e-01
8.833390449543934153e-01,-2.604936657034520042e-01,3.896860040948845749e-01,5.270569999219571855e+01,3.287117475798128075e-01,9.369266986565071287e-01,-1.188147648554007396e-01,1.152614985071943821e+01,-3.341567276923892993e-01,2.330480883272741111e-01,9.132512632703648769e-01,-1.293376674981203323e+01,0.000000000000000000e+00,0.000000000000000000e+00,0.000000000000000000e+00,1.000000000000000056e-01
8.799751534304897094e-01,-2.627569122707943405e-01,3.957303809399831396e-01,5.355155036007210612e+01,3.330807332621105177e-01,9.352747457517202045e-01,-1.196594128709898563e-01,1.182631999832916847e+01,-3.386752935697566746e-01,2.371074756581355025e-01,9.105378029013764252e-01,-1.322794880187052335e+01,0.000000000000000000e+00,0.000000000000000000e+00,0.000000000000000000e+00,1.000000000000000056e-01
8.789470521404707526e-01,-2.682884364926925724e-01,3.943011468127921582e-01,5.438115166497689756e+01,3.368152567870461023e-01,9.345294169558501229e-01,-1.149358588067056763e-01,1.217668204914388141e+01,-3.376500589797858387e-01,2.338291762985646727e-01,9.117655148021787115e-01,-1.352773064699723449e+01,0.000000000000000000e+00,0.000000000000000000e+00,0.000000000000000000e+00,1.000000000000000056e-01
8.789888491379590496e-01,-2.726666405832826046e-01,3.911924158315870370e-01,5.520030395345160912e+01,3.422082298006637879e-01,9.320208626135626506e-01,-1.192922424542624538e-01,1.248738545054837878e+01,-3.320724778535890653e-01,2.387258150391310951e-01,9.125447138009622483e-01,-1.382418554346202733e+01,0.000000000000000000e+00,0.000000000000000000e+00,0.000000000000000000e+00,1.000000000000000056e-01
8.791435077399487596e-01,-2.785662758908988290e-01,3.866620264972683296e-01,5.601523794412539559e+01,3.471468402181033253e-01,9.302124783394438712e-01,-1.191378045297811494e-01,1.281978525382887568e+01,-3.264900674220967414e-01,2.389677281096034001e-01,9.144936636176597133e-01,-1.410213558295668435e+01,0.000000000000000000e+00,0.000000000000000000e+00,0.000000000000000000e+00,1.000000000000000056e-01
8.801142719368555412e-01,-2.806807964555893542e-01,3.829062010912263059e-01,5.685329861124565554e+01,3.507408387162471164e-01,9.279628634052436986e-01,-1.259594704552409183e-01,1.315864827372664259e+01,-3.199683302917371019e-01,2.451595697536548824e-01,9.151595778707234397e-01,-1.440898975896447354e+01,0.000000000000000000e+00,0.000000000000000000e+00,0.000000000000000000e+00,1.000000000000000056e-01
8.802006519208011026e-01,-2.846268481437693176e-01,3.797820028304929041e-01,5.768165513210714579e+01,3.539286752525989121e-01,9.267864424404728130e-01,-1.257035518291847453e-01,1.349215000682745291e+01,-3.161982055485723642e-01,2.450600894153837084e-01,9.164956341323110545e-01,-1.470705776517743502e+01,0.000000000000000000e+00,0.000000000000000000e+00,0.000000000000000000e+00,1.000000000000000056e-01
8.772404681117953462e-01,-2.886707955732794040e-01,3.835600772891883392e-01,5.854500487451959856e+01,3.592826377557223894e-01,9.247155494779406570e-01,-1.257662067528500793e-01,1.384377411899271593e+01,-3.183789366686943789e-01,2.481336823907633604e-01,9.149123063708954895e-01,-1.498356398618564178e+01,0.000000000000000000e+00,0.000000000000000000e+00,0.000000000000000000e+00,1.000000000000000056e-01
8.763663806290027392e-01,-2.920320290571440380e-01,3.830133952069943448e-01,5.936340992476904432e+01,3.639135942328105000e-01,9.224048332250502913e-01,-1.293685416769644048e-01,1.418810354329659162e+01,-3.155136492067803222e-01,2.527580219257827832e-01,9.146390104934221110e-01,-1.525186303873452687e+01,0.000000000000000000e+00,0.000000000000000000e+00,0.000000000000000000e+00,1.000000000000000056e-01
8.757706549216380809e-01,-2.968089211100506386e-01,3.806970243219834904e-01,6.010085959523026844e+01,3.690295148501089306e-01,9.200513453569142408e-01,-1.316158769921980110e-01,1.449603421648313706e+01,-3.111960429498074054e-01,2.557537609819647284e-01,9.152852214451852042e-01,-1.551037385480472253e+01,0.000000000000000000e+00,0.000000000000000000e+00,0.000000000000000000e+00,1.000000000000000056e-01
8.741769679853867991e-01,-3.032204224861302366e-01,3.793046322300964723e-01,6.083032160227112684e+01,3.757511858335161881e-01,9.171556390948263360e-01,-1.328027861954223787e-01,1.480753972214078651e+01,-3.076128654471109725e-01,2.586173023289304318e-01,9.156917690727182091e-01,-1.576122854672852114e+01,0.000000000000000000e+00,0.000000000000000000e+00,0.000000000000000000e+00,1.000000000000000056e-01
8.745807945854137122e-01,-3.047767124359557211e-01,3.771201258207749762e-01,6.153978945579931548e+01,3.780990975838388612e-01,9.155865512253447136e-01,-1.369026647716031775e-01,1.511833405929024821e+01,-3.035613713051004692e-01,2.623212205903480143e-01,9.159902134189845668e-01,-1.600555044542361216e+01,0.000000000000000000e+00,0.000000000000000000e+00,0.000000000000000000e+00,1.000000000000000056e-01
8.745656562014456625e-01,-3.098456357918528692e-01,3.730021380282922405e-01,6.225606751988881626e+01,3.837429684168037758e-01,9.124943946834251918e-01,-1.417579410896946390e-01,1.542899862216842521e+01,-2.964392807702695420e-01,2.671135744436659021e-01,9.169373430962082239e-01,-1.624734297699547625e+01,0.000000000000000000e+00,0.000000000000000000e+00,0.000000000000000000e+00,1.000000000000000056e-01
8.729981627858058868e-01,-3.131258993303436822e-01,3.739336558016288503e-01,6.293027552639198063e+01,3.880095551888868566e-01,9.104166950711045647e-01,-1.434922521181185018e-01,1.573211137938889870e+01,-2.955043025993526751e-01,2.703583039308594671e-01,9.162879430838862804e-01,-1.646688955101772933e+01,0.000000000000000000e+00,0.000000000000000000e+00,0.000000000000000000e+00,1.000000000000000056e-01
8.713729292828167328e-01,-3.184900248039204129e-01,3.731934112675105997e-01,6.361335861822202986e+01,3.938950635227377317e-01,9.076263045799126683e-01,-1.451246711177324733e-01,1.605152921766476481e+01,-2.924993966583547822e-01,2.734567522205472168e-01,9.163326402674351057e-01,-1.668266048397735446e+01,0.000000000000000000e+00,0.000000000000000000e+00,0.000000000000000000e+00,1.000000000000000056e-01
8.677445361527209577e-01,-3.245802654961560396e-01,3.763868637818595375e-01,6.427948628611618176e+01,4.021605286591475314e-01,9.035280465809190087e-01,-1.479999264535752646e-01,1.634771989120763891e+01,-2.920382323698290095e-01,2.797940676499656165e-01,9.145648968455941663e-01,-1.689381301919781819e+01,0.000000000000000000e+00,0.000000000000000000e+00,0.000000000000000000e+00,1.000000000000000056e-01
8.674847798996921933e-01,-3.275628271658921342e-01,3.743965156107498249e-01,6.489768558845152313e+01,4.051918902691108437e-01,9.018795390557600156e-01,-1.497759296172611054e-01,1.664027540626553758e+01,-2.885995299762759148e-01,2.816307712087899318e-01,9.150925745550637647e-01,-1.708056959257704577e+01,0.000000000000000000e+00,0.000000000000000000e+00,0.000000000000000000e+00,1.000000000000000056e-01
8.681737257473449709e-01,-3.337521010384827402e-01,3.672654584552870749e-01,6.548554168151041210e+01,4.093344282968113257e-01,9.000140618684099314e-01,-1.497331434587834964e-01,1.692339174000515101e+01,-2.805703258238411713e-01,2.803287774944349664e-01,9.179847867887458435e-01,-1.725458951554742271e+01,0.000000000000000000e+00,0.000000000000000000e+00,0.000000000000000000e+00,1.000000000000000056e-01
8.703546632880965195e-01,-3.341335506169983982e-01,3.617147086375419596e-01,6.607544888062435007e+01,4.097936380746846630e-01,8.987744909117121317e-01,-1.557998353012834125e-01,1.719087083038706609e+01,-2.730420009562236627e-01,2.838294995916923469e-01,9.191783727195451670e-01,-1.743466020573813324e+01,0.000000000000000000e+00,0.000000000000000000e+00,0.000000000000000000e+00,1.000000000000000056e-01
8.717722285171464192e-01,-3.351044133576090989e-01,3.573768511452595220e-01,6.671819082503813547e+01,4.106267805693142314e-01,8.976650028143725590e-01,-1.599474595032783775e-01,1.749855428560940496e+01,-2.672055925042149394e-01,2.861862590526059180e-01,9.201622663769397636e-01,-1.762315931399774271e+01,0.000000000000000000e+00,0.000000000000000000e+00,0.000000000000000000e+00,1.000000000000000056e-01
8.719842310341880953e-01,-3.390914184340297344e-01,3.530729538949614610e-01,6.732660598762244319e+01,4.138619476186256585e-01,8.958575723331478891e-01,-1.617327994151977200e-01,1.778709010235714416e+01,-2.614608749718278502e-01,2.871519110814977349e-01,9.215107111809444085e-01,-1.780517002040527430e+01,0.000000000000000000e+00,0.000000000000000000e+00,0.000000000000000000e+00,1.000000000000000056e-01
8.705325081151940037e-01,-3.421613886753746558e-01,3.536929974065205484e-01,6.792081940728665757e+01,4.174155383000621167e-01,8.940788046441310311e-01,-1.624418648987729086e-01,1.807656131251484410e+01,-2.606480782594398637e-01,2.890478769786435365e-01,9.211481444989182421e-01,-1.796999534509703977e+01,0.000000000000000000e+00,0.000000000000000000e+00,0.000000000000000000e+00,1.000000000000000056e-01
8.687734204895418699e-01,-3.492440395532278030e-01,3.510859505697219163e-01,6.846759900523028364e+01,4.248909484846276063e-01,8.898527681938576128e-01,-1.662219384845521897e-01,1.832355796469659381e+01,-2.543627837297257610e-01,2.935824445948228001e-01,9.214710643742387575e-01,-1.813106271912804957e+01,0.000000000000000000e+00,0.000000000000000000e+00,0.000000000000000000e+00,1.000000000000000056e-01
8.679210454244136175e-01,-3.558782264642659787e-01,3.465021599327220425e-01,6.897044033418779918e+01,4.314362300257717497e-01,8.858111760098119625e-01,-1.708839953806774448e-01,1.855584982882527711e+01,-2.461215925727411602e-01,2.978074014942587722e-01,9.223529223050659365e-01,-1.825420216401659701e+01,0.000000000000000000e+00,0.000000000000000000e+00,0.000000000000000000e+00,1.000000000000000056e-01
8.691948030552825166e-01,-3.555219990184250722e-01,3.436633564342168601e-01,6.951395017168455581e+01,4.328566669245119680e-01,8.830513919603248940e-01,-1.812604343367156257e-01,1.880405705689164364e+01,-2.390303333066553515e-01,3.063076025352221565e-01,9.214337482361028009e-01,-1.839964913927040513e+01,0.000000000000000000e+00,0.000000000000000000e+00,0.000000000000000000e+00,1.000000000000000056e-01
8.714392861292820092e-01,-3.540140765214134233e-01,3.395108307774263312e-01,7.005845737432422027e+01,4.321417952592604972e-01,8.815691913221130882e-01,-1.899716549956308453e-01,1.905292739416451298e+01,-2.320496485250316820e-01,3.122655833363108258e-01,9.212183053343234729e-01,-1.853489985277662200e+01,0.000000000000000000e+00,0.000000000000000000e+00,0.000000000000000000e+00,1.000000000000000056e-01
8.731763677002208901e-01,-3.556655006715958578e-01,3.332642832976129288e-01,7.056788904350234759e+01,4.321957149467109405e-01,8.810875887774943793e-01,-1.920716660102741447e-01,1.930301312266153602e+01,-2.253217585399818479e-01,3.117478348509962194e-01,9.230619657391188060e-01,-1.865925951155854534e+01,0.000000000000000000e+00,0.000000000000000000e+00,0.000000000000000000e+00,1.000000000000000056e-01
8.751535802812753229e-01,-3.543220455693878446e-01,3.294876309429384809e-01,7.106758128701422095e+01,4.288133094302658543e-01,8.834050667861105266e-01,-1.889831570063606470e-01,1.957232406832488891e+01,-2.241101438496893861e-01,3.066779679079544296e-01,9.250531160011944420e-01,-1.878450082053021220e+01,0.000000000000000000e+00,0.000000000000000000e+00,0.000000000000000000e+00,1.000000000000000056e-01
8.756953049696063474e-01,-3.515777519578188182e-01,3.309846177429920933e-01,7.156118843081743819e+01,4.278019809850217570e-01,8.827751186649358539e-01,-1.941482807840428926e-01,1.979122203880384134e+01,-2.239267690998091032e-01,3.116106130965293763e-01,9.234476855166868781e-01,-1.891086954517552243e+01,0.000000000000000000e+00,0.000000000000000000e+00,0.000000000000000000e+00,1.000000000000000056e-01
8.771203929493537332e-01,-3.487574173963044477e-01,3.301940037060502320e-01,7.208928917218281640e+01,4.258528350015324260e-01,8.826467149767756037e-01,-1.989576323287557957e-01,2.002387249878408682e+01,-2.220567026539141120e-01,3.151238492271993263e-01,9.227067684019145677e-01,-1.902884553460209105e+01,0.000000000000000000e+00,0.000000000000000000e+00,0.000000000000000000e+00,1.000000000000000056e-01
8.785304530725810412e-01,-3.446638410291416599e-01,3.307432232278147977e-01,7.259018931803828423e+01,4.224691285737195989e-01,8.837592145359343121e-01,-2.012199943469594188e-01,2.023206006244413402e+01,-2.229441150294115825e-01,3.165066940996145717e-01,9.220192157237752095e-01,-1.915080198121207289e+01,0.000000000000000000e+00,0.000000000000000000e+00,0.000000000000000000e+00,1.000000000000000056e-01
8.827539341585347588e-01,-3.392664222943020946e-01,3.250289009169087251e-01,7.304534885716823567e+01,4.157207655372728294e-01,8.863414872192001415e-01,-2.038995172509251996e-01,2.045412300186058374e+01,-2.189103397026582465e-01,3.151143645371959345e-01,9.234615316479544145e-01,-1.924727400762479590e+01,0.000000000000000000e+00,0.000000000000000000e+00,0.000000000000000000e+00,1.000000000000000056e-01
8.881077594714873458e-01,-3.318900186717855805e-01,3.179836836577885628e-01,7.350123304443384598e+01,4.062760279930507368e-01,8.903657913854040595e-01,-2.053985068320436091e-01,2.068099598106353554e+01,-2.149520798799690602e-01,3.116051556644803266e-01,9.255797266138613422e-01,-1.935300508870781755e+01,0.000000000000000000e+00,0.000000000000000000e+00,0.000000000000000000e+00,1.000000000000000056e-01
8.960234464165999224e-01,-3.162936654967896666e-01,3.116092114144309311e-01,7.395708454776696783e+01,3.883244079539338034e-01,8.985269498964224555e-01,-2.045812173613666962e-01,2.086635917320759859e+01,-2.152815311608159698e-01,3.043150299877364073e-01,9.279257647380083629e-01,-1.946425255195693893e+01,0.000000000000000000e+00,0.000000000000000000e+00,0.000000000000000000e+00,1.000000000000000056e-01
9.011807356262135915e-01,-3.033739826720706079e-01,3.095763369088190831e-01,7.443067162534646286e+01,3.758696699950547782e-01,9.026603695634891622e-01,-2.095858974199214519e-01,2.104214241047200673e+01,-2.158593822700442533e-01,3.052351288059606538e-01,9.274892146158916217e-01,-1.956128699396095527e+01,0.000000000000000000e+00,0.000000000000000000e+00,0.000000000000000000e+00,1.000000000000000056e-01
9.080998168381911873e-01,-2.827075412498750717e-01,3.089193564328623354e-01,7.489761870489202522e+01,3.565467426024728770e-01,9.088848575205145108e-01,-2.163394002706857666e-01,2.121802994765264927e+01,-2.196113453308130015e-01,3.066019600236832288e-01,9.261566255831819028e-01,-1.967443659730560768e+01,0.000000000000000000e+00,0.000000000000000000e+00,0.000000000000000000e+00,1.000000000000000056e-01
9.154272975166239945e-01,-2.595661835580188037e-01,3.076008116285379179e-01,7.534637684720227924e+01,3.339754441845352306e-01,9.163979267370979676e-01,-2.206246644273728297e-01,2.141181488432244606e+01,-2.246180438948589542e-01,3.046969580174264669e-01,9.255844089718526790e-01,-1.976477869816882205e+01,0.000000000000000000e+00,0.000000000000000000e+00,0.000000000000000000e+00,1.000000000000000056e-01
9.239472102031625056e-01,-2.325152177565338318e-01,3.037403928841613809e-01,7.577940344027119579e+01,3.073320187570497408e-01,9.239963086597831055e-01,-2.275474715961733618e-01,2.151444131334024235e+01,-2.277467519077043812e-01,3.035909996932164567e-01,9.251831828890773046e-01,-1.988683166756415588e+01,0.000000000000000000e+00,0.000000000000000000e+00,0.000000000000000000e+00,1.000000000000000056e-01
