9.999966548010549294e-01,-2.141242460900313373e-03,-1.451022888661045304e-03,6.253726553485474682e-01,2.138472802035522834e-03,9.999958939251542001e-01,-1.907633850282350330e-03,-3.159556500998767642e-03,1.455101637252536858e-03,1.904524495885074210e-03,9.999971277287099669e-01,1.251645178185640736e-02,0.000000000000000000e+00,0.000000000000000000e+00,0.000000000000000000e+00,1.000000000000000056e-01
9.999870154992175353e-01,-4.287142420444890571e-03,-2.754858042538142499e-03,1.256102165016260930e+00,4.287182857135244350e-03,9.999908099508620918e-01,8.773160113109828586e-06,-8.434398668967522938e-03,2.754795113470481695e-03,-2.058362637181615585e-05,9.999962053328987910e-01,1.951476818069727837e-02,0.000000000000000000e+00,0.000000000000000000e+00,0.000000000000000000e+00,1.000000000000000056e-01
9.999636806068754602e-01,-8.375433070805984176e-03,-1.577842839811580827e-03,1.986087811541660031e+00,8.376264008150047929e-03,9.999647828857923804e-01,5.207585197312994104e-04,-6.773040833257704292e-03,1.573425694612027876e-03,-5.339560342875294486e-04,9.999986196103157754e-01,2.649730702370382829e-02,0.000000000000000000e+00,0.000000000000000000e+00,0.000000000000000000e+00,1.000000000000000056e-01
9.999079058521138652e-01,-1.332916254531016712e-02,-2.552105068552024559e-03,2.702565056562858281e+00,1.332520881403370661e-02,9.999099985687084358e-01,-1.559991149917234598e-03,-9.023702180874171308e-03,2.572668751049540879e-03,1.525840150907763378e-03,9.999955265836598661e-01,2.484957482781939564e-02,0.000000000000000000e+00,0.000000000000000000e+00,0.000000000000000000e+00,1.000000000000000056e-01
9.997970514125407160e-01,-1.995130068313900190e-02,-2.793132263303568438e-03,3.449169381899930720e+00,1.995123659054801740e-02,9.998009529785338856e-01,-5.081066214092635406e-05,-4.966428455934980037e-03,2.793590037444279757e-03,-4.926092425045373109e-06,9.999960979076050194e-01,3.524845886994228128e-02,0.000000000000000000e+00,0.000000000000000000e+00,0.000000000000000000e+00,1.000000000000000056e-01
9.997039715842613861e-01,-2.419740326732845379e-02,-2.540644361694770811e-03,4.197349311213789846e+00,2.419901370289631246e-02,9.997069778948772800e-01,6.050488395866164418e-04,1.548889487001368220e-02,2.525259285967632137e-03,-6.663508156600270573e-04,9.999965895152488349e-01,5.164975931869043163e-02,0.000000000000000000e+00,0.000000000000000000e+00,0.000000000000000000e+00,1.000000000000000056e-01
9.995417828294372864e-01,-3.005989402935776642e-02,-3.553470007455662803e-03,4.965402353140940583e+00,3.006932300164932501e-02,9.995443543735854641e-01,2.630485528330907784e-03,3.828144233678411334e-02,3.472778768160783829e-03,-2.736130632125767341e-03,9.999902266506365267e-01,6.653602957258612782e-02,0.000000000000000000e+00,0.000000000000000000e+00,0.000000000000000000e+00,1.000000000000000056e-01
9.994200716804437779e-01,-3.387966099351596982e-02,-3.418902341534010413e-03,5.750957240457688080e+00,3.388522701051954744e-02,9.994244764730888519e-01,1.583419381526269751e-03,8.700742862130790567e-02,3.363288970943573240e-03,-1.698351393754865372e-03,9.999929019197292268e-01,6.355265666574448635e-02,0.000000000000000000e+00,0.000000000000000000e+00,0.000000000000000000e+00,1.000000000000000056e-01
9.993532990075497668e-01,-3.590986749357318042e-02,-1.861499213213538804e-03,6.539539723820294803e+00,3.591248005834238310e-02,9.993539727620379676e-01,1.389568562917040334e-03,1.235808447985220770e-01,1.810397411050772027e-03,-1.455520980921475417e-03,9.999973019563043186e-01,6.699807777233153516e-02,0.000000000000000000e+00,0.000000000000000000e+00,0.000000000000000000e+00,1.000000000000000056e-01
9.993124979954033371e-01,-3.699998950997055586e-02,2.352047288888375800e-03,7.326187386343907981e+00,3.700031481851939058e-02,9.993152494040039580e-01,-9.493125850449466861e-05,1.664308386140453400e-01,-2.346924267536663628e-03,1.818924832308888289e-04,9.999972294269654505e-01,8.163129730280602181e-02,0.000000000000000000e+00,0.000000000000000000e+00,0.000000000000000000e+00,1.000000000000000056e-01
9.990735860737680607e-01,-4.292454368127223557e-02,3.074599072355597550e-03,8.128389938756704680e+00,4.292215749242345862e-02,9.990780681365115656e-01,8.379527501262498419e-04,2.084170024868731985e-01,-3.107733240928977399e-03,-7.052080334193026184e-04,9.999949223249749997e-01,7.317016166767897900e-02,0.000000000000000000e+00,0.000000000000000000e+00,0.000000000000000000e+00,1.000000000000000056e-01
9.989546516424074873e-01,-4.557791453599300407e-02,3.501095335182550193e-03,8.962528241622550240e+00,4.556180531266296879e-02,9.989511556823783556e-01,4.550874365616111930e-03,2.615122823296869292e-01,-3.704842594134885245e-03,-4.386600892529745471e-03,9.999835158011167735e-01,7.871770789218629494e-02,0.000000000000000000e+00,0.000000000000000000e+00,0.000000000000000000e+00,1.000000000000000056e-01
9.989601462462370796e-01,-4.553230026248397677e-02,2.331489760559991679e-03,9.743209924710786396e+00,4.552814855907023894e-02,9.989614275375365837e-01,1.803879416787971309e-03,3.073158192569739322e-01,-2.411203118740662919e-03,-1.695855233822362532e-03,9.999956550778338338e-01,9.732429584573915049e-02,0.000000000000000000e+00,0.000000000000000000e+00,0.000000000000000000e+00,1.000000000000000056e-01
9.988963085282562826e-01,-4.685578330612765602e-02,3.271143437967316721e-03,1.052503488013466715e+01,4.685434898814223176e-02,9.989015997621141230e-01,5.137835988662394458e-04,3.587473217007886572e-01,-3.291624146211613935e-03,-3.599492440570570403e-04,9.999945178084836961e-01,9.738108939811986053e-02,0.000000000000000000e+00,0.000000000000000000e+00,0.000000000000000000e+00,1.000000000000000056e-01
9.987210507073339683e-01,-5.050229209551296977e-02,2.404447366537661862e-03,1.128528070924824611e+01,5.050731978151048324e-02,9.987215284433248463e-01,-2.078285908456898711e-03,4.059718267856539109e-01,-2.296415146963142612e-03,2.197070078203848097e-03,9.999949496675192284e-01,1.080437940836521116e-01,0.000000000000000000e+00,0.000000000000000000e+00,0.000000000000000000e+00,1.000000000000000056e-01
9.984740590227302315e-01,-5.520818911391008749e-02,1.268587181164620038e-03,1.211387847117688210e+01,5.520607469009097129e-02,9.984736261255008349e-01,1.645372026497021354e-03,4.688540874809230541e-01,-1.357488852835350961e-03,-1.572827567224669961e-03,9.999978417164000488e-01,1.192608837060191718e-01,0.000000000000000000e+00,0.000000000000000000e+00,0.000000000000000000e+00,1.000000000000000056e-01
9.983695741281884972e-01,-5.705403814525870920e-02,-1.740743065185426175e-03,1.295744191137558943e+01,5.705801788928929752e-02,9.983681470558266602e-01,2.329278613835529012e-03,5.344487332814186198e-01,1.605007677604746276e-03,-2.424804246674880197e-03,9.999957721284226109e-01,1.218336013804172807e-01,0.000000000000000000e+00,0.000000000000000000e+00,0.000000000000000000e+00,1.000000000000000056e-01
9.983439485393453827e-01,-5.746133640535357884e-02,-2.748678478782382289e-03,1.384465831725573182e+01,5.747270709820497675e-02,9.983380146895085572e-01,4.253982206652002704e-03,5.860889510360918209e-01,2.499670712888562695e-03,-4.404911386323278125e-03,9.999871741187512653e-01,1.322084603026202621e-01,0.000000000000000000e+00,0.000000000000000000e+00,0.000000000000000000e+00,1.000000000000000056e-01
9.977891649399731611e-01,-6.632379464028752281e-02,-4.235161496807652616e-03,1.477050919919186889e+01,6.635654243538623154e-02,9.977628789376695728e-01,8.126911469562040843e-03,6.801309456070246950e-01,3.686679320453743833e-03,-8.389974882339027926e-03,9.999580074768449345e-01,1.474622669836548883e-01,0.000000000000000000e+00,0.000000000000000000e+00,0.000000000000000000e+00,1.000000000000000056e-01
9.974656327073038176e-01,-7.107373537005584607e-02,-3.291763716505059344e-03,1.572568601850147907e+01,7.108954022574559550e-02,9.974575921650697952e-01,4.962771680566125526e-03,7.490601776547775037e-01,2.930671989514914162e-03,-5.184204163475916380e-03,9.999822674372187414e-01,1.383699648312371189e-01,0.000000000000000000e+00,0.000000000000000000e+00,0.000000000000000000e+00,1.000000000000000056e-01
9.970447257344660086e-01,-7.680436248155425583e-02,-1.704344121757660592e-03,1.665074156369283997e+01,7.680746538396768242e-02,9.970442519399406178e-01,1.836555148869903733e-03,8.457717877966359765e-01,1.558251062554932885e-03,-1.962033976835485076e-03,9.999968611332236135e-01,1.485795318015155908e-01,0.000000000000000000e+00,0.000000000000000000e+00,0.000000000000000000e+00,1.000000000000000056e-01
9.968946131394450516e-01,-7.874560147691322953e-02,5.104327529216819322e-04,1.754606956628225944e+01,7.874297010116659834e-02,9.968870420113565833e-01,3.971162234739297747e-03,9.441208714718711814e-01,-8.215553559427579786e-04,-3.918637248712438653e-03,9.999919846323319650e-01,1.770070013558436572e-01,0.000000000000000000e+00,0.000000000000000000e+00,0.000000000000000000e+00,1.000000000000000056e-01
9.967840359573745257e-01,-8.012520671741742151e-02,1.239721347119517644e-03,1.848064276378213933e+01,8.011664866876620772e-02,9.967682609886840961e-01,5.861441092436551689e-03,1.022454612893386017e+00,-1.705364070472314194e-03,-5.743268589030963919e-03,9.999820531386057754e-01,1.932579446886103780e-01,0.000000000000000000e+00,0.000000000000000000e+00,0.000000000000000000e+00,1.000000000000000056e-01
9.964794968774103312e-01,-8.382709450682997165e-02,1.276921879470656112e-03,1.941941750003426392e+01,8.382105965921458901e-02,9.964719205002582347e-01,4.212079312327002452e-03,1.107895666396287115e+00,-1.625503168149622845e-03,-4.090217728916093441e-03,9.999903138822797688e-01,2.111557659905838880e-01,0.000000000000000000e+00,0.000000000000000000e+00,0.000000000000000000e+00,1.000000000000000056e-01
9.963778050912212025e-01,-8.503091377631559478e-02,1.006590266827402103e-03,2.035591003368660168e+01,8.502484660399721450e-02,9.963661709504765263e-01,5.022832413338518438e-03,1.182724148770802231e+00,-1.430028519726307852e-03,-4.919053552313197401e-03,9.999868788792092289e-01,2.191040345454180471e-01,0.000000000000000000e+00,0.000000000000000000e+00,0.000000000000000000e+00,1.000000000000000056e-01
9.966167708703509431e-01,-8.208476431835309839e-02,4.135636197115797469e-03,2.128379684017055595e+01,8.205928205342252757e-02,9.966094198051572706e-01,5.994879857406425205e-03,1.275338914489808184e+00,-4.613702291144831241e-03,-5.635230468074632626e-03,9.999734786126781572e-01,2.326383398242467537e-01,0.000000000000000000e+00,0.000000000000000000e+00,0.000000000000000000e+00,1.000000000000000056e-01
9.967595274821688944e-01,-8.005215211873037418e-02,7.880184939646511788e-03,2.222843286624421211e+01,8.000568101298632939e-02,9.967760706374320101e-01,6.046156651089126637e-03,1.363230906165337375e+00,-8.338787632003779454e-03,-5.396104684018072743e-03,9.999506721209139304e-01,2.239745209822333050e-01,0.000000000000000000e+00,0.000000000000000000e+00,0.000000000000000000e+00,1.000000000000000056e-01
9.967956761667652321e-01,-7.911242385587759218e-02,1.181542918768929001e-02,2.318951472889124688e+01,7.904470922340110783e-02,9.968524521855531839e-01,6.092824914391141086e-03,1.450567940904254227e+00,-1.226025770647979143e-02,-5.139354365815643894e-03,9.999116326544427169e-01,2.336579711585871078e-01,0.000000000000000000e+00,0.000000000000000000e+00,0.000000000000000000e+00,1.000000000000000056e-01
9.968917231114533539e-01,-7.723511486132236814e-02,1.554443386668823493e-02,2.412016025732534175e+01,7.716005570243364420e-02,9.970042424200937781e-01,5.372746069949266290e-03,1.527262461369126800e+00,-1.591283117094000402e-02,-4.156636704495552184e-03,9.998647429404798892e-01,2.398269580691832770e-01,0.000000000000000000e+00,0.000000000000000000e+00,0.000000000000000000e+00,1.000000000000000056e-01
9.971158525549921325e-01,-7.495596555561785668e-02,1.189873149357796936e-02,2.507936427860163064e+01,7.491327284633104988e-02,9.971820516356556530e-01,3.994677353135179382e-03,1.591789976278706886e+00,-1.216462638071527658e-02,-3.091783195749864960e-03,9.999212282683511699e-01,2.425630266312266692e-01,0.000000000000000000e+00,0.000000000000000000e+00,0.000000000000000000e+00,1.000000000000000056e-01
9.971835185220885300e-01,-7.446443717065746870e-02,8.948630328976693929e-03,2.604290072480794649e+01,7.442955231355284640e-02,9.972175530040536806e-01,4.170578258641064601e-03,1.665283391535901103e+00,-9.234291002105885285e-03,-3.492789353018205863e-03,9.999512629584623724e-01,2.358795485812022752e-01,0.000000000000000000e+00,0.000000000000000000e+00,0.000000000000000000e+00,1.000000000000000056e-01
9.973398693004519311e-01,-7.246673837643231864e-02,7.858557936367437102e-03,2.698520270188707215e+01,7.243562246636946200e-02,9.973643527857608548e-01,4.174732344702606311e-03,1.741589088909071492e+00,-8.140374786649706013e-03,-3.594387475221263485e-03,9.999604065546849885e-01,2.494725373696611570e-01,0.000000000000000000e+00,0.000000000000000000e+00,0.000000000000000000e+00,1.000000000000000056e-01
9.973782565049016391e-01,-7.185355873612571387e-02,8.583679176009516298e-03,2.794056291335259345e+01,7.184866495832427369e-02,9.974151589323143607e-01,8.775395902485658324e-04,1.810546910955961764e+00,-8.624546072054730533e-03,-2.585130173092878834e-04,9.999627744951663511e-01,2.592713065857800703e-01,0.000000000000000000e+00,0.000000000000000000e+00,0.000000000000000000e+00,1.000000000000000056e-01
9.975017358881511642e-01,-6.921809879490375961e-02,1.411175748600980613e-02,2.894415193070376091e+01,6.928372010359237776e-02,9.975880916197931159e-01,-4.214924315616141830e-03,1.897411999689868622e+00,-1.378597217217849245e-02,5.182109377294757784e-03,9.998915404751005376e-01,2.643762223969002290e-01,0.000000000000000000e+00,0.000000000000000000e+00,0.000000000000000000e+00,1.000000000000000056e-01
9.974041291160983258e-01,-6.983153024378779827e-02,1.756589325848016345e-02,2.992378903339823282e+01,6.999226066234931487e-02,9.975095313341755254e-01,-8.707373016431090018e-03,1.931646001895783504e+00,-1.691409676959184857e-02,9.914246380057015195e-03,9.998077920526446949e-01,2.602579800310275693e-01,0.000000000000000000e+00,0.000000000000000000e+00,0.000000000000000000e+00,1.000000000000000056e-01
9.972294628184383836e-01,-7.159821230460779173e-02,2.017658250629263475e-02,3.083923249737560113e+01,7.189737759830110153e-02,9.973064407336252879e-01,-1.451311013240461946e-02,1.986584743651253371e+00,-1.908312294505897302e-02,1.592354439226089172e-02,9.996910898635895659e-01,2.685844225389332207e-01,0.000000000000000000e+00,0.000000000000000000e+00,0.000000000000000000e+00,1.000000000000000056e-01
9.974455529161093681e-01,-7.010880813430334091e-02,1.367932709837014170e-02,3.175429657886705215e+01,7.029551421380678122e-02,9.974323835705927177e-01,-1.368140658347704978e-02,2.052213834900577627e+00,-1.268501672420074312e-02,1.460805348680515627e-02,9.998128300457207462e-01,2.541342526546804259e-01,0.000000000000000000e+00,0.000000000000000000e+00,0.000000000000000000e+00,1.000000000000000056e-01
9.974860887600093262e-01,-6.988639995386256021e-02,1.172151149585947197e-02,3.274052213686169921e+01,7.005734703878774283e-02,9.974321432291853862e-01,-1.486902078553455422e-02,2.101423799002434034e+00,-1.065226999966048527e-02,1.565281938573871018e-02,9.998207431280528024e-01,2.584226834647286308e-01,0.000000000000000000e+00,0.000000000000000000e+00,0.000000000000000000e+00,1.000000000000000056e-01
9.973004589401408548e-01,-7.277834463336288473e-02,9.752289485652503379e-03,3.368969367012905280e+01,7.287295078988539898e-02,9.972938243956538384e-01,-9.724241125444670064e-03,2.182915626618687099e+00,-9.018183905834377054e-03,1.040866824902723226e-02,9.999051614949900912e-01,2.473493704010497063e-01,0.000000000000000000e+00,0.000000000000000000e+00,0.000000000000000000e+00,1.000000000000000056e-01
9.969803003535959718e-01,-7.682722253267942891e-02,1.130745704248649341e-02,3.464337602416175343e+01,7.696007734800189293e-02,9.969640591718517131e-01,-1.182417921777650580e-02,2.261847194959207830e+00,-1.036470942395827793e-02,1.265869651657253875e-02,9.998661561434400991e-01,2.598498651220620959e-01,0.000000000000000000e+00,0.000000000000000000e+00,0.000000000000000000e+00,1.000000000000000056e-01
9.969436047110793453e-01,-7.723268208158100279e-02,1.177122950946764106e-02,3.562120238034403030e+01,7.736940658574846530e-02,9.969345556674354958e-01,-1.163901373579878835e-02,2.338192880422358844e+00,-1.083623321308042377e-02,1.251417335098117291e-02,9.998629763698090311e-01,2.520867181716836547e-01,0.000000000000000000e+00,0.000000000000000000e+00,0.000000000000000000e+00,1.000000000000000056e-01
9.969754356037288101e-01,-7.673880273493954851e-02,1.229377718861092948e-02,3.659869111981321055e+01,7.687185445781355431e-02,9.969831125367558666e-01,-1.074203466476593774e-02,2.411991478795253663e+00,-1.143235736722333744e-02,1.165459013995506429e-02,9.998667269860007645e-01,2.541391595998122588e-01,0.000000000000000000e+00,0.000000000000000000e+00,0.000000000000000000e+00,1.000000000000000056e-01
9.969039205106843271e-01,-7.760453299219836898e-02,1.265344733619797220e-02,3.759642375849112739e+01,7.771813579403751004e-02,9.969369965577655757e-01,-8.747357491333153726e-03,2.495835663956845973e+00,-1.193585519042035005e-02,9.703677315555861785e-03,9.998816800039036501e-01,2.566697340662619786e-01,0.000000000000000000e+00,0.000000000000000000e+00,0.000000000000000000e+00,1.000000000000000056e-01
9.967886033919087785e-01,-7.858364352332683489e-02,1.539776342871704978e-02,3.858811128690454240e+01,7.874835521459205845e-02,9.968402868343084755e-01,-1.039899490768692730e-02,2.576745952072343471e+00,-1.453192000406256651e-02,1.157814815470768754e-02,9.998273699925918079e-01,2.733702481100352966e-01,0.000000000000000000e+00,0.000000000000000000e+00,0.000000000000000000e+00,1.000000000000000056e-01
9.966538632536423581e-01,-8.031458826733567369e-02,1.518696062542997625e-02,3.960841299944281957e+01,8.042972792979080632e-02,9.967347935868996478e-01,-7.128121661451805938e-03,2.632633131053847997e+00,-1.456487990784134136e-02,8.325753102811693160e-03,9.998592631508402828e-01,2.657602607986103149e-01,0.000000000000000000e+00,0.000000000000000000e+00,0.000000000000000000e+00,1.000000000000000056e-01
9.963242650383720145e-01,-8.395938929955763796e-02,1.699352359557027362e-02,4.062479827799889875e+01,8.416210184196727673e-02,9.963847139097592454e-01,-1.158630659483412401e-02,2.724884654695351571e+00,-1.595930792015131869e-02,1.297392906611161134e-02,9.997884664544282041e-01,2.769264641157252460e-01,0.000000000000000000e+00,0.000000000000000000e+00,0.000000000000000000e+00,1.000000000000000056e-01
9.964296672250103626e-01,-8.296654744258377678e-02,1.563554537944078157e-02,4.164706748645991041e+01,8.316846869842453582e-02,9.964540802441160805e-01,-1.273859408301251245e-02,2.818207624833299008e+00,-1.452322581984572848e-02,1.399349742952346251e-02,9.997966082866432957e-01,2.894556761158121327e-01,0.000000000000000000e+00,0.000000000000000000e+00,0.000000000000000000e+00,1.000000000000000056e-01
9.962905934615848835e-01,-8.471669947240703658e-02,1.510411236931336748e-02,4.270444573813417577e+01,8.491471729527874657e-02,9.963035585397396199e-01,-1.298884243166411809e-02,2.908150618339449878e+00,-1.394790904135326595e-02,1.422322296645802536e-02,9.998015581913345384e-01,2.982988630638535588e-01,0.000000000000000000e+00,0.000000000000000000e+00,0.000000000000000000e+00,1.000000000000000056e-01
9.964112249463025206e-01,-8.385540357546744650e-02,1.153005169998391755e-02,4.377773888814150638e+01,8.400964122787912824e-02,9.963719271068705030e-01,-1.361481010165840715e-02,2.988397735412666290e+00,-1.034654443627690615e-02,1.453458511745929320e-02,9.998408347600589163e-01,3.049121008911163111e-01,0.000000000000000000e+00,0.000000000000000000e+00,0.000000000000000000e+00,1.000000000000000056e-01
9.964435591189753083e-01,-8.333672192718886984e-02,1.245890319167659681e-02,4.481116785747926201e+01,8.351495362636486564e-02,9.964003919298338730e-01,-1.454343435573434221e-02,3.065109560524660992e+00,-1.120205387843226270e-02,1.553221621352934845e-02,9.998166153092280517e-01,3.125740448553165907e-01,0.000000000000000000e+00,0.000000000000000000e+00,0.000000000000000000e+00,1.000000000000000056e-01
9.964139253051563783e-01,-8.334598138941168299e-02,1.458550116403585159e-02,4.581820276637192535e+01,8.355318042864165462e-02,9.964017956682701405e-01,-1.422419169252365535e-02,3.163017748414677310e+00,-1.334749033448246608e-02,1.539184768904134325e-02,9.997924462239591303e-01,3.250960268048995738e-01,0.000000000000000000e+00,0.000000000000000000e+00,0.000000000000000000e+00,1.000000000000000056e-01
9.959981550045208243e-01,-8.851134156392632957e-02,1.238618755487614666e-02,4.676449232844606030e+01,8.865749027871054622e-02,9.959923496244207364e-01,-1.179359602098063557e-02,3.240659145851548573e+00,-1.129268103998987312e-02,1.284452818050208812e-02,9.998537360288000109e-01,3.385117783492560539e-01,0.000000000000000000e+00,0.000000000000000000e+00,0.000000000000000000e+00,1.000000000000000056e-01
9.962152847110072873e-01,-8.664797364013951397e-02,6.872784895830830361e-03,4.772094563007809853e+01,8.672786367986637379e-02,9.961557222072849882e-01,-1.233104923390741792e-02,3.343955773593306979e+00,-5.777903572506807618e-03,1.288044167488918909e-02,9.999003500612281270e-01,3.323439461159403696e-01,0.000000000000000000e+00,0.000000000000000000e+00,0.000000000000000000e+00,1.000000000000000056e-01
9.962784935215808213e-01,-8.605079102885686282e-02,4.942136145167194856e-03,4.866922088855982054e+01,8.610786577685398957e-02,9.962034291972836630e-01,-1.281261514789264894e-02,3.429504975715954362e+00,-3.820837306750927715e-03,1.319048971345327184e-02,9.999057016456074365e-01,3.398243367358477762e-01,0.000000000000000000e+00,0.000000000000000000e+00,0.000000000000000000e+00,1.000000000000000056e-01
9.963514349971325235e-01,-8.515396954937247409e-02,5.711343899581755243e-03,4.963554309339643567e+01,8.522733236961775594e-02,9.962611245547988714e-01,-1.414473463753676552e-02,3.534279286514123708e+00,-4.485509593507750262e-03,1.457988925857024373e-02,9.998836467474074841e-01,3.465995079642654741e-01,0.000000000000000000e+00,0.000000000000000000e+00,0.000000000000000000e+00,1.000000000000000056e-01
9.967572421742686428e-01,-7.994661696243807181e-02,9.139945809884085157e-03,5.064448024800550741e+01,8.008931465438073882e-02,9.966513086819344114e-01,-1.648849843918993863e-02,3.613492060889392565e+00,-7.791139283699259274e-03,1.716704222773349220e-02,9.998222796126385870e-01,3.622787983011938051e-01,0.000000000000000000e+00,0.000000000000000000e+00,0.000000000000000000e+00,1.000000000000000056e-01
9.968108232129178070e-01,-7.932472593336929723e-02,8.704629870413160136e-03,5.158882201151145352e+01,7.945471184109779983e-02,9.967137251968861689e-01,-1.577018612427149094e-02,3.698405852587725917e+00,-7.425058372373529586e-03,1.641151607079309113e-02,9.998377521620319675e-01,3.662159674561776823e-01,0.000000000000000000e+00,0.000000000000000000e+00,0.000000000000000000e+00,1.000000000000000056e-01
9.968819943014388674e-01,-7.774154551503643928e-02,1.351079340821691697e-02,5.253751598990260163e+01,7.797905993579169748e-02,9.967916857224132787e-01,-1.804443089154975088e-02,3.780594180550677752e+00,-1.206464459137546706e-02,1.904172722216205399e-02,9.997458962032704788e-01,3.927520099931871012e-01,0.000000000000000000e+00,0.000000000000000000e+00,0.000000000000000000e+00,1.000000000000000056e-01
9.970590092930642356e-01,-7.533103707752591971e-02,1.409137467948819514e-02,5.353560214667306383e+01,7.557257042174836403e-02,9.969871831198110490e-01,-1.747407493043070387e-02,3.876604746861430861e+00,-1.273257976150902332e-02,1.848760524375286929e-02,9.997480131838062389e-01,4.201493622886348089e-01,0.000000000000000000e+00,0.000000000000000000e+00,0.000000000000000000e+00,1.000000000000000056e-01
9.970658143714176136e-01,-7.495818848016488900e-02,1.552519860207483317e-02,5.450318946021153721e+01,7.526148052179490455e-02,9.969638347308236170e-01,-1.997052298960836844e-02,3.939527441831412347e+00,-1.398110730697961664e-02,2.108037520024403852e-02,9.996800220169890228e-01,4.148781885031282424e-01,0.000000000000000000e+00,0.000000000000000000e+00,0.000000000000000000e+00,1.000000000000000056e-01
9.969687052713683828e-01,-7.551180104079288635e-02,1.874482896980261132e-02,5.543917051369031412e+01,7.585205724079180367e-02,9.969537505103880370e-01,-1.815722323514011929e-02,4.014760501969593776e+00,-1.731664291573532105e-02,1.952401718004717276e-02,9.996594153166777907e-01,4.240061776221152323e-01,0.000000000000000000e+00,0.000000000000000000e+00,0.000000000000000000e+00,1.000000000000000056e-01
9.969646921237884651e-01,-7.424566093807492828e-02,2.343041805832742075e-02,5.638335018205560800e+01,7.462760907129160903e-02,9.970851819449536579e-01,-1.587009483592016768e-02,4.099417890861238867e+00,-2.218383697249089875e-02,1.757048029130226646e-02,9.995994975986687292e-01,4.350333065712033154e-01,0.000000000000000000e+00,0.000000000000000000e+00,0.000000000000000000e+00,1.000000000000000056e-01
9.968884126443736671e-01,-7.461167619065281476e-02,2.542814408096190359e-02,5.734083791781838357e+01,7.498686927161235527e-02,9.970843462704324089e-01,-1.413420883200200429e-02,4.165580341246586826e+00,-2.429942740525186523e-02,1.599700592253737799e-02,9.995767272347286792e-01,4.196133225599840699e-01,0.000000000000000000e+00,0.000000000000000000e+00,0.000000000000000000e+00,1.000000000000000056e-01
9.969098644417443422e-01,-7.533150756231601908e-02,2.226850123227277350e-02,5.822622328289354954e+01,7.558597183392920527e-02,9.970806473185475083e-01,-1.081404664067623332e-02,4.233098474445665893e+00,-2.138885318719706968e-02,1.246381607754963074e-02,9.996935381646324670e-01,4.211167763742986736e-01,0.000000000000000000e+00,0.000000000000000000e+00,0.000000000000000000e+00,1.000000000000000056e-01
9.970621169358790947e-01,-7.486598299194149875e-02,1.619319492854079043e-02,5.912724875524244794e+01,7.498031593781848136e-02,9.971633589620788607e-01,-6.571739901216460018e-03,4.311987522334076672e+00,-1.565526087959949811e-02,7.766603769643535930e-03,9.998472846753533316e-01,4.249319814975875409e-01,0.000000000000000000e+00,0.000000000000000000e+00,0.000000000000000000e+00,1.000000000000000056e-01
9.971462888010311776e-01,-7.489513863196771426e-02,9.486671683417959716e-03,6.011341574374519325e+01,7.496177578748401682e-02,9.971627109316526516e-01,-6.874598040933288870e-03,4.375249624034887042e+00,-8.944881280240846166e-03,7.566117679217318481e-03,9.999313691259749115e-01,4.286108511029113055e-01,0.000000000000000000e+00,0.000000000000000000e+00,0.000000000000000000e+00,1.000000000000000056e-01
9.972947969978639415e-01,-7.288925564291263981e-02,9.499699616907787345e-03,6.103626694493678428e+01,7.292764836582367460e-02,9.973301488828385519e-01,-3.759286257518068639e-03,4.456442569029779754e+00,-9.200325256213765998e-03,4.441907378291142482e-03,9.999478103751328062e-01,4.357532081150468084e-01,0.000000000000000000e+00,0.000000000000000000e+00,0.000000000000000000e+00,1.000000000000000056e-01
9.970865993321647025e-01,-7.547754453771361727e-02,1.102060355773076990e-02,6.197976718043924649e+01,7.550997208565350671e-02,9.971417707034793132e-01,-2.556019161465701572e-03,4.536223808130574575e+00,-1.079618209567794786e-02,3.380737920544991774e-03,9.999360044839217254e-01,4.370217998514042135e-01,0.000000000000000000e+00,0.000000000000000000e+00,0.000000000000000000e+00,1.000000000000000056e-01
9.971930596739615460e-01,-7.387080243036726890e-02,1.221090849923244306e-02,6.285390875938960420e+01,7.391847821867851553e-02,9.972581466241292603e-01,-3.499652788693627132e-03,4.605096343844719442e+00,-1.191890581881290337e-02,4.392441246084699893e-03,9.999193198173450536e-01,4.475977415025604866e-01,0.000000000000000000e+00,0.000000000000000000e+00,0.000000000000000000e+00,1.000000000000000056e-01
9.973707438731344022e-01,-7.107956987526757586e-02,1.411715312297113362e-02,6.365878858833367104e+01,7.112390354254237435e-02,9.974639337171038456e-01,-2.662945450470612964e-03,4.680214341917362297e+00,-1.389207006970473099e-02,3.660010921842953534e-03,9.998968020297046566e-01,4.488969882430924319e-01,0.000000000000000000e+00,0.000000000000000000e+00,0.000000000000000000e+00,1.000000000000000056e-01
9.972716433288134619e-01,-7.249286435031140896e-02,1.393032772533255026e-02,6.446305896768299704e+01,7.250998015921064632e-02,9.973674219691681664e-01,-7.268919356815279351e-04,4.752553104821319430e+00,-1.384096057210985539e-02,1.734996502194744491e-03,9.999027040655399379e-01,4.601080110891775932e-01,0.000000000000000000e+00,0.000000000000000000e+00,0.000000000000000000e+00,1.000000000000000056e-01
9.971771070723374208e-01,-7.334373202536137448e-02,1.607837378082908539e-02,6.524460839383021948e+01,7.334895064760710293e-02,9.973063024219374073e-01,2.656847343085903595e-04,4.816595096381949936e+00,-1.605454981427284142e-02,9.143971101926901034e-04,9.998706992947568040e-01,4.606976235588128299e-01,0.000000000000000000e+00,0.000000000000000000e+00,0.000000000000000000e+00,1.000000000000000056e-01
9.965992032420272206e-01,-8.121272840253698777e-02,1.394707291054998223e-02,6.605787888036411459e+01,8.122353395764006501e-02,9.966958883210864650e-01,-2.091297979740489900e-04,4.882851106959440024e+00,-1.388400622257583185e-02,1.341249140194841500e-03,9.999027129785954537e-01,4.655339315621825902e-01,0.000000000000000000e+00,0.000000000000000000e+00,0.000000000000000000e+00,1.000000000000000056e-01
9.965086708353388945e-01,-8.241943640941999660e-02,1.332311720055589718e-02,6.680495361906343987e+01,8.240050345199788351e-02,9.965973594237342859e-01,1.964744384752436113e-03,4.946519623094500773e+00,-1.343971654624680906e-02,-8.600532505050675902e-04,9.999093130517201500e-01,4.695995867926168743e-01,0.000000000000000000e+00,0.000000000000000000e+00,0.000000000000000000e+00,1.000000000000000056e-01
9.963624969189870395e-01,-8.360487956323593706e-02,1.649238753420542020e-02,6.758806110131604328e+01,8.355090159134019590e-02,9.964957357672885596e-01,3.936424886173700392e-03,5.032523380847973016e+00,-1.676369817897556402e-02,-2.544152280645424914e-03,9.998562425231625195e-01,4.795291736936608262e-01,0.000000000000000000e+00,0.000000000000000000e+00,0.000000000000000000e+00,1.000000000000000056e-01
9.966737875983748829e-01,-7.920091552700245230e-02,1.919833570896345085e-02,6.832529887721746320e+01,7.908085274427298361e-02,9.968440786556531652e-01,6.935530145611193756e-03,5.113546512188795745e+00,-1.968704760872112478e-02,-5.394240340093361258e-03,9.997916394567446519e-01,4.767003393473469575e-01,0.000000000000000000e+00,0.000000000000000000e+00,0.000000000000000000e+00,1.000000000000000056e-01
9.962057213872196337e-01,-8.437537994836807886e-02,2.132969605826078030e-02,6.904812648666795383e+01,8.418246770425452663e-02,9.964022862048060869e-01,9.787552148407414540e-03,5.203323633052506558e+00,-2.207878634779102817e-02,-7.954828999053137686e-03,9.997245860180714594e-01,4.845984015606455975e-01,0.000000000000000000e+00,0.000000000000000000e+00,0.000000000000000000e+00,1.000000000000000056e-01
9.963391225270402662e-01,-8.413061877567450109e-02,1.517866616239792188e-02,6.972809689507101893e+01,8.391899814031388016e-02,9.963731100721477940e-01,1.407932087430542253e-02,5.278182405434876046e+00,-1.630811678807187609e-02,-1.275399974822738827e-02,9.997856674394011156e-01,4.809164329768555457e-01,0.000000000000000000e+00,0.000000000000000000e+00,0.000000000000000000e+00,1.000000000000000056e-01
9.963101075353570923e-01,-8.529592019174625506e-02,9.527624128206575727e-03,7.041621024352447478e+01,8.516360302478534483e-02,9.962751947969624711e-01,1.352393996257026526e-02,5.353239227399358313e+00,-1.064567248800660573e-02,-1.266263127938614327e-02,9.998631543498142094e-01,4.880671624924385887e-01,0.000000000000000000e+00,0.000000000000000000e+00,0.000000000000000000e+00,1.000000000000000056e-01
9.966494736652767861e-01,-8.149809968139939964e-02,6.919999353143108968e-03,7.115576929792152328e+01,8.141289124420891810e-02,9.966104573090112106e-01,1.181260011945906366e-02,5.428416984769658171e+00,-7.859248181946200396e-03,-1.120964453692982477e-02,9.999062836523082698e-01,4.978736816898674533e-01,0.000000000000000000e+00,0.000000000000000000e+00,0.000000000000000000e+00,1.000000000000000056e-01
9.968367785130421987e-01,-7.930044188615215095e-02,5.279859884611059345e-03,7.186572975591089119e+01,7.924287516562661393e-02,9.968016940300994388e-01,1.034163982204719910e-02,5.493965890853377054e+00,-6.083069884937640504e-03,-9.890535647023487517e-03,9.999325845102707833e-01,5.006497167385500768e-01,0.000000000000000000e+00,0.000000000000000000e+00,0.000000000000000000e+00,1.000000000000000056e-01
9.968886269678347567e-01,-7.834003544362773408e-02,8.712305600495767743e-03,7.254148846536078565e+01,7.822911338037290274e-02,9.968580724062793275e-01,1.241729834375669694e-02,5.565551926668220517e+00,-9.657703759488642237e-03,-1.169710755393194024e-02,9.998849465978402185e-01,5.096873473584691006e-01,0.000000000000000000e+00,0.000000000000000000e+00,0.000000000000000000e+00,1.000000000000000056e-01
9.968544962773624452e-01,-7.835154484332819413e-02,1.192261180572466196e-02,7.312971028059027390e+01,7.818482893506088771e-02,9.968425245458297779e-01,1.386051158839561245e-02,5.602705794893153346e+00,-1.297095894686813543e-02,-1.288474593310693153e-02,9.998328548043607933e-01,5.323460882400866678e-01,0.000000000000000000e+00,0.000000000000000000e+00,0.000000000000000000e+00,1.000000000000000056e-01
9.968338154396519935e-01,-7.899629158561888298e-02,9.051536430112725601e-03,7.371459794394397136e+01,7.890547319067206522e-02,9.968320795893317321e-01,9.986561077982500367e-03,5.631506431241837696e+00,-9.811763173961762785e-03,-9.240726017365769734e-03,9.999091650175480073e-01,5.402153802327600562e-01,0.000000000000000000e+00,0.000000000000000000e+00,0.000000000000000000e+00,1.000000000000000056e-01
9.967993502573064823e-01,-7.963284931014966150e-02,7.047314194687992993e-03,7.434094448195754978e+01,7.958729527535349235e-02,9.968065465795892255e-01,6.524655303295058204e-03,5.668459289873417184e+00,-7.544385817636222423e-03,-5.942895491266579622e-03,9.999538810544287282e-01,5.524220262497794298e-01,0.000000000000000000e+00,0.000000000000000000e+00,0.000000000000000000e+00,1.000000000000000056e-01
9.969415171374216289e-01,-7.812950830036179128e-02,1.841559252279202511e-03,7.496151994822204756e+01,7.811930865172199423e-02,9.969310802556283768e-01,5.078861695578602148e-03,5.685680840227512967e+00,-2.232716621730550764e-03,-4.919466748492036523e-03,9.999854068052180800e-01,5.658983833908814987e-01,0.000000000000000000e+00,0.000000000000000000e+00,0.000000000000000000e+00,1.000000000000000056e-01
9.974234341436123419e-01,-7.169284815512798337e-02,2.574596001082203080e-03,7.557296241684296945e+01,7.168338812075143729e-02,9.974209550381714084e-01,3.595875174648407394e-03,5.741634836600753466e+00,-2.825754535117731142e-03,-3.402054401049866336e-03,9.999902205207606976e-01,5.872141004200118752e-01,0.000000000000000000e+00,0.000000000000000000e+00,0.000000000000000000e+00,1.000000000000000056e-01
9.977159930226066065e-01,-6.736179268021742772e-02,5.018580857320024784e-03,7.614423334302077251e+01,6.732947712899291226e-02,9.977105774495300672e-01,6.351783596893488364e-03,5.800061918867496225e+00,-5.434958734937464335e-03,-5.999377653786361168e-03,9.999672338088467782e-01,5.817356749683958439e-01,0.000000000000000000e+00,0.000000000000000000e+00,0.000000000000000000e+00,1.000000000000000056e-01
9.979090424763391587e-01,-6.413023768520410839e-02,8.053294878198441822e-03,7.669319783703733151e+01,6.409599231415809284e-02,9.979338559603594394e-01,4.441046875685177725e-03,5.818494430878531354e+00,-8.321461002695209122e-03,-3.915576908690876490e-03,9.999577098778991147e-01,5.917506792703999263e-01,0.000000000000000000e+00,0.000000000000000000e+00,0.000000000000000000e+00,1.000000000000000056e-01
9.983145035303715442e-01,-5.690255051771498512e-02,1.141279043383729153e-02,7.726152987194214461e+01,5.690965356684391657e-02,9.983792878134588600e-01,-2.983219610760618791e-04,5.810784879160105554e+00,-1.137731830483805842e-02,9.473170902845259866e-04,9.999348274855320851e-01,6.083417447408381307e-01,0.000000000000000000e+00,0.000000000000000000e+00,0.000000000000000000e+00,1.000000000000000056e-01
9.987985409948353377e-01,-4.681962338218030595e-02,1.447056919885794310e-02,7.781190581121842342e+01,4.691031557650977846e-02,9.988811295276540658e-01,-5.992609287303641251e-03,5.826441105897279371e+00,-1.417380679635519072e-02,6.664228380601125608e-03,9.998773381075254374e-01,6.120148825521039004e-01,0.000000000000000000e+00,0.000000000000000000e+00,0.000000000000000000e+00,1.000000000000000056e-01
9.993011185916542694e-01,-3.451271329514456893e-02,1.435782025502792096e-02,7.831548518339549503e+01,3.452037790427649883e-02,9.994039531446893276e-01,-2.862658091801903123e-04,5.862536371766429610e+00,-1.433938251161735906e-02,7.817031244135486025e-04,9.998968802078596063e-01,6.142279628001113823e-01,0.000000000000000000e+00,0.000000000000000000e+00,0.000000000000000000e+00,1.000000000000000056e-01
9.997560152319644455e-01,-1.562386605492753315e-02,1.561425044636606703e-02,7.882766446956547668e+01,1.559118868671280529e-02,9.998760025016416586e-01,2.212341897743571369e-03,5.876948462828064379e+00,-1.564687965185002430e-02,-1.968357395107951571e-03,9.998756426307852108e-01,6.155469178648202977e-01,0.000000000000000000e+00,0.000000000000000000e+00,0.000000000000000000e+00,1.000000000000000056e-01
9.999022723301292936e-01,8.292280041561521983e-04,1.395557845311237895e-02,7.932742523946647850e+01,-9.065118575876825440e-04,9.999842850909177461e-01,5.532432327479261044e-03,5.882974978836462476e+00,-1.395077149464875495e-02,-5.544542553106421301e-03,9.998873106618469953e-01,6.249387856076223935e-01,0.000000000000000000e+00,0.000000000000000000e+00,0.000000000000000000e+00,1.000000000000000056e-01
9.996456006701538444e-01,2.309470010819561145e-02,1.324038850335877530e-02,7.984966535303921376e+01,-2.315682876771580148e-02,9.997214523817792298e-01,4.558391063592831700e-03,5.871070858693504313e+00,-1.313142575008729128e-02,-4.863380982245029717e-03,9.999019517848695138e-01,6.356044601282216933e-01,0.000000000000000000e+00,0.000000000000000000e+00,0.000000000000000000e+00,1.000000000000000056e-01
9.987130359587874651e-01,4.855527594868627034e-02,1.465117686496801575e-02,8.035934756757345099e+01,-4.863089824401668065e-02,9.988050428741453990e-01,4.849955170571979696e-03,5.833083477110310611e+00,-1.439817842512518611e-02,-5.556213343941312013e-03,9.998809033836554283e-01,6.532468083434213035e-01,0.000000000000000000e+00,0.000000000000000000e+00,0.000000000000000000e+00,1.000000000000000056e-01
9.973307477940250854e-01,7.142301147163070130e-02,1.517013305591285478e-02,8.081634516955772085e+01,-7.152205374218352507e-02,9.974204322973048154e-01,6.089093886429208097e-03,5.836716307259941061e+00,-1.469609924813396369e-02,-7.157839630841543108e-03,9.998663860730133690e-01,6.475432178635808222e-01,0.000000000000000000e+00,0.000000000000000000e+00,0.000000000000000000e+00,1.000000000000000056e-01
9.944238174188341217e-01,1.043258764391235272e-01,1.540723386471739599e-02,8.130806551391367520e+01,-1.043501427385845615e-01,9.945403176436653503e-01,7.773619969011822230e-04,5.760264872348750842e+00,-1.524201629018909383e-02,-2.380774337464815638e-03,9.998809993459040202e-01,6.446313971047105129e-01,0.000000000000000000e+00,0.000000000000000000e+00,0.000000000000000000e+00,1.000000000000000056e-01
9.895348833965871282e-01,1.433068706217453525e-01,1.684800800999981807e-02,8.176073043379628302e+01,-1.433353337850543086e-01,9.896740594899355870e-01,4.879154009182289607e-04,5.693018881214724658e+00,-1.660411485234172813e-02,-2.897724161081610683e-03,9.998579431922599570e-01,6.481676164979672805e-01,0.000000000000000000e+00,0.000000000000000000e+00,0.000000000000000000e+00,1.000000000000000056e-01
