1.000000000000000000e+00,-1.932190909177899066e-12,1.249255800401564551e-12,1.359963005616574131e-19,1.932190909178306194e-12,1.000000000000000000e+00,-3.259136521983117006e-13,4.374821236830851618e-19,-1.249255800400934876e-12,3.259136522007254887e-13,1.000000000000000000e+00,-3.909178637300175579e-19,0.000000000000000000e+00,0.000000000000000000e+00,0.000000000000000000e+00,1.000000000000000056e-01
9.999920398202791771e-01,-3.985891010292830043e-03,-1.815734873785592276e-04,6.556251867868279071e-01,3.985342386684464187e-03,9.999877724557992842e-01,-2.927795236959018776e-03,7.032278456901806633e-03,1.932411398956897610e-04,2.927048298667198414e-03,9.999956975138039050e-01,2.038986261846596933e-03,0.000000000000000000e+00,0.000000000000000000e+00,0.000000000000000000e+00,1.000000000000000056e-01
9.999535752731277816e-01,-9.343539830323805903e-03,-2.354901681259699651e-03,1.325919246793342499e+00,9.340262178039545130e-03,9.999554001304277184e-01,-1.399018385028161834e-03,9.435984399986404800e-03,2.367868436955725912e-03,1.376958036875276011e-03,9.999962485857784023e-01,6.223974103163777173e-03,0.000000000000000000e+00,0.000000000000000000e+00,0.000000000000000000e+00,1.000000000000000056e-01
9.998859179843901934e-01,-1.492730755671949246e-02,-2.307922360147696833e-03,2.043405708424344436e+00,1.492559980449917854e-02,9.998883216736834667e-01,-7.554144957199280391e-04,3.366347863939398648e-04,2.318940919751663089e-03,7.208811909842156775e-04,9.999970514173125435e-01,4.944569343315586250e-03,0.000000000000000000e+00,0.000000000000000000e+00,0.000000000000000000e+00,1.000000000000000056e-01
9.997912121451869583e-01,-1.996343683040331315e-02,-4.358131156386809216e-03,2.738281662702861219e+00,1.996467675266155525e-02,9.998006568872509492e-01,2.411845417777379883e-04,8.615925365551866527e-03,4.352447520592076999e-03,-3.281428651576119094e-04,9.999904742160500293e-01,1.026303184149291586e-02,0.000000000000000000e+00,0.000000000000000000e+00,0.000000000000000000e+00,1.000000000000000056e-01
9.996853675549287610e-01,-2.430515406129202943e-02,-6.198821067253716677e-03,3.444250275711260745e+00,2.430482094496803219e-02,9.997045858744254554e-01,-1.290754681053868705e-04,1.028765308329805846e-02,6.200127047086376186e-03,-2.162637933423905466e-05,9.999807787937224912e-01,2.508588856415954263e-02,0.000000000000000000e+00,0.000000000000000000e+00,0.000000000000000000e+00,1.000000000000000056e-01
9.995195750418107705e-01,-3.000800853217183706e-02,-7.754903749953998698e-03,4.165172506244767092e+00,3.000935959208619885e-02,9.995496160699082200e-01,5.789103494686271038e-05,4.503944792002911868e-02,7.749673871254988619e-03,-2.905829178832060235e-04,9.999699286060841352e-01,4.343324202656867472e-02,0.000000000000000000e+00,0.000000000000000000e+00,0.000000000000000000e+00,1.000000000000000056e-01
9.993677013747738203e-01,-3.450913517259249219e-02,-8.562536921998271933e-03,4.933997789718925553e+00,3.453852692312799066e-02,9.993978898612413397e-01,3.308760927977891144e-03,7.331365885108913349e-02,8.443198853586658670e-03,-3.602406215002643564e-03,9.999578666436805818e-01,5.544194482765364695e-02,0.000000000000000000e+00,0.000000000000000000e+00,0.000000000000000000e+00,1.000000000000000056e-01
9.992705950647640112e-01,-3.753590443879947086e-02,-7.023796471546672054e-03,5.704675187833820438e+00,3.756412705997106555e-02,9.992864901291651503e-01,3.930267618922940118e-03,1.090427948681711029e-01,6.871258773670688158e-03,-4.191243645425455147e-03,9.999676091152002178e-01,6.069115314314322412e-02,0.000000000000000000e+00,0.000000000000000000e+00,0.000000000000000000e+00,1.000000000000000056e-01
9.990770109963880152e-01,-4.263749101255857876e-02,-5.212529009720281471e-03,6.498387845019011344e+00,4.265852210252048249e-02,9.990817341692771469e-01,3.992360371848907921e-03,1.633519793939099962e-01,5.037518292965400581e-03,-4.211034251098417017e-03,9.999784450676845182e-01,7.183194894135278008e-02,0.000000000000000000e+00,0.000000000000000000e+00,0.000000000000000000e+00,1.000000000000000056e-01
9.988430256382538897e-01,-4.796839393461691664e-02,-3.412230524433719579e-03,7.323917791398609545e+00,4.797760114472194443e-02,9.988448442972052144e-01,2.669608452523795743e-03,1.980061931339635595e-01,3.280232036982324868e-03,-2.830230419103451148e-03,9.999906148927389937e-01,9.215887978051276463e-02,0.000000000000000000e+00,0.000000000000000000e+00,0.000000000000000000e+00,1.000000000000000056e-01
9.987640089052085557e-01,-4.961913607477343863e-02,-2.897559454012300483e-03,8.140520186677228764e+00,4.962824099230945391e-02,9.987627614610370408e-01,3.159749156634355551e-03,2.446828454571451650e-01,2.737190458421669571e-03,-3.299644513688248203e-03,9.999908100250110010e-01,1.071303857301663387e-01,0.000000000000000000e+00,0.000000000000000000e+00,0.000000000000000000e+00,1.000000000000000056e-01
9.986080320922160469e-01,-5.261655806465896645e-02,-3.673698183012808014e-03,8.987903044465261004e+00,5.262861406270068210e-02,9.986088135923651965e-01,3.265945114066763980e-03,2.951827962753024726e-01,3.496744593304565180e-03,-3.454740667136024790e-03,9.999879186991070812e-01,1.160449681126790172e-01,0.000000000000000000e+00,0.000000000000000000e+00,0.000000000000000000e+00,1.000000000000000056e-01
9.986186964866812232e-01,-5.243058722534470195e-02,-3.425281075638913174e-03,9.668653715636926549e+00,5.244813261887895650e-02,9.986098453404854691e-01,5.250730791435872895e-03,3.771991039382834310e-01,3.145220506434284920e-03,-5.423127534658217681e-03,9.999803484447625790e-01,1.338672552358356194e-01,0.000000000000000000e+00,0.000000000000000000e+00,0.000000000000000000e+00,1.000000000000000056e-01
9.983563411104038332e-01,-5.717992425817491203e-02,-3.882322304553667558e-03,1.042329523322646878e+01,5.720102781500691763e-02,9.983471892643536183e-01,5.561663858218253084e-03,4.408190648161149916e-01,3.557890042407112728e-03,-5.774595206106342485e-03,9.999769974697676478e-01,1.406803891136997053e-01,0.000000000000000000e+00,0.000000000000000000e+00,0.000000000000000000e+00,1.000000000000000056e-01
9.982161610316144795e-01,-5.953844063718513602e-02,-4.435080810807387475e-03,1.125049821965397001e+01,5.955634279059962566e-02,9.982168508971395182e-01,4.020027164905004384e-03,4.916994306476605847e-01,4.187826251720913606e-03,-4.276993276866733300e-03,9.999820845594160623e-01,1.619888408953792103e-01,0.000000000000000000e+00,0.000000000000000000e+00,0.000000000000000000e+00,1.000000000000000056e-01
9.980139792613252903e-01,-6.274444877838224188e-02,-5.588501272436117995e-03,1.214233535975025902e+01,6.277118499958818376e-02,9.980166673808125166e-01,4.744466655391518101e-03,5.561472144408171614e-01,5.279728470530169540e-03,-5.085840893462480541e-03,9.999731289838161841e-01,1.751712934962720569e-01,0.000000000000000000e+00,0.000000000000000000e+00,0.000000000000000000e+00,1.000000000000000056e-01
9.978755017957211537e-01,-6.475141476381277017e-02,-7.192857709028406717e-03,1.304138364702819786e+01,6.480194353666227092e-02,9.978733898096444621e-01,7.028941860657009558e-03,6.337998613968762740e-01,6.722427374756481493e-03,-7.480120045423768738e-03,9.999494271083398944e-01,1.884546215242704770e-01,0.000000000000000000e+00,0.000000000000000000e+00,0.000000000000000000e+00,1.000000000000000056e-01
9.980217700261898583e-01,-6.197739051736302074e-02,-1.055223286557701104e-02,1.391672945791542304e+01,6.208381914996431716e-02,9.980200780474893785e-01,1.007587285736612562e-02,6.963281010650933522e-01,9.906863961194171259e-03,-1.071106338052217610e-02,9.998935579188981126e-01,1.944808806509322197e-01,0.000000000000000000e+00,0.000000000000000000e+00,0.000000000000000000e+00,1.000000000000000056e-01
9.970359294753299295e-01,-7.655536867418025193e-02,-7.657079235926472598e-03,1.488514447035831978e+01,7.662742641870404214e-02,9.970135136797739772e-01,9.606823635172428988e-03,7.836318497310914566e-01,6.898757548357037882e-03,-1.016509060813285473e-02,9.999245361912154628e-01,2.066779901690931898e-01,0.000000000000000000e+00,0.000000000000000000e+00,0.000000000000000000e+00,1.000000000000000056e-01
9.966708769909676802e-01,-8.122570148670565926e-02,-7.039060736210356328e-03,1.584678533570898828e+01,8.127916072866567254e-02,9.966618343715687445e-01,7.673717374484805183e-03,8.795330694106994196e-01,6.392260108851050004e-03,-8.220299574365878131e-03,9.999457813729745181e-01,2.180293086130302704e-01,0.000000000000000000e+00,0.000000000000000000e+00,0.000000000000000000e+00,1.000000000000000056e-01
9.965332607506011131e-01,-8.295339190505687799e-02,-6.339951831085127720e-03,1.675517930211533368e+01,8.300096142388010967e-02,9.965201103537767446e-01,7.649187094600362266e-03,9.722282494272762587e-01,5.683363483537092614e-03,-8.148891454834670048e-03,9.999506462558895858e-01,2.368699635605830967e-01,0.000000000000000000e+00,0.000000000000000000e+00,0.000000000000000000e+00,1.000000000000000056e-01
9.963158822280721028e-01,-8.559246342644280525e-02,-5.347244588695428472e-03,1.764713491340649654e+01,8.563495326280548547e-02,9.962920174198989232e-01,8.298843598058021701e-03,1.060762410266500533e+00,4.617098631760454749e-03,-8.726180721309687374e-03,9.999512668976642260e-01,2.597163085533498728e-01,0.000000000000000000e+00,0.000000000000000000e+00,0.000000000000000000e+00,1.000000000000000056e-01
9.962620481071021716e-01,-8.620440707647562817e-02,-5.543618135780378417e-03,1.855631382057532619e+01,8.624511251016465929e-02,9.962451240466242419e-01,7.578481472917958026e-03,1.144934320910829140e+00,4.869504035434690098e-03,-8.028263443584740880e-03,9.999559164865865490e-01,2.634010267743659428e-01,0.000000000000000000e+00,0.000000000000000000e+00,0.000000000000000000e+00,1.000000000000000056e-01
9.960666233832945471e-01,-8.841862691252982964e-02,-5.781712264111451074e-03,1.949416417533186774e+01,8.844508197894138113e-02,9.960709266177257826e-01,4.491839338573849587e-03,1.229948674683155607e+00,5.361833225722176938e-03,-4.985535257931494012e-03,9.999731972321315165e-01,2.811869326782107659e-01,0.000000000000000000e+00,0.000000000000000000e+00,0.000000000000000000e+00,1.000000000000000056e-01
9.959248548995586203e-01,-9.009597036261343672e-02,-4.049631799593668771e-03,2.042570466941398166e+01,9.010620438598024307e-02,9.959292229500856797e-01,2.419670471471057141e-03,1.313204563399868574e+00,3.815144092318332580e-03,-2.774706913826711398e-03,9.999888727766410579e-01,2.994178438981520141e-01,0.000000000000000000e+00,0.000000000000000000e+00,0.000000000000000000e+00,1.000000000000000056e-01
9.960324801528532834e-01,-8.898979814166267654e-02,3.380935700443451456e-04,2.134854780388691253e+01,8.898851948267970380e-02,9.960287544901486045e-01,2.786328961918510365e-03,1.408883335765442890e+00,-5.847057693497935416e-04,-2.745187700216558842e-03,9.999960610240691272e-01,3.072109332768642176e-01,0.000000000000000000e+00,0.000000000000000000e+00,0.000000000000000000e+00,1.000000000000000056e-01
9.959164659252331964e-01,-9.023136461894987193e-02,2.948514540562130384e-03,2.229740450025213505e+01,9.022944480915925936e-02,9.959207006270439644e-01,7.780436804690823039e-04,1.502163726993025250e+00,-3.006690610067538818e-03,-5.088236825815755076e-04,9.999953504442085084e-01,3.169100539097021718e-01,0.000000000000000000e+00,0.000000000000000000e+00,0.000000000000000000e+00,1.000000000000000056e-01
9.959781005387206010e-01,-8.934892349762978137e-02,6.662816003534156699e-03,2.327495449057987642e+01,8.934660542400695016e-02,9.960003853500842830e-01,6.453539265077126589e-04,1.595549936541153624e+00,-6.693828985645160733e-03,-4.745838541783155284e-05,9.999775949496131355e-01,3.281801184743991517e-01,0.000000000000000000e+00,0.000000000000000000e+00,0.000000000000000000e+00,1.000000000000000056e-01
9.961570720523774680e-01,-8.721845756330905142e-02,8.001778571780747071e-03,2.420775222767626644e+01,8.723140625419230354e-02,9.961872491993826184e-01,-1.283080466376563915e-03,1.690793996343889383e+00,-7.859361484917852872e-03,1.976156077944373791e-03,9.999671620829381213e-01,3.390104927513495903e-01,0.000000000000000000e+00,0.000000000000000000e+00,0.000000000000000000e+00,1.000000000000000056e-01
9.962077986868571600e-01,-8.681510891429985999e-02,5.758359113887117839e-03,2.516499927132702652e+01,8.683270776526463841e-02,9.962187454409637821e-01,-2.879599656963013551e-03,1.769174149758709680e+00,-5.486592534386339204e-03,3.368693549506160921e-03,9.999792743882900403e-01,3.444214859243375226e-01,0.000000000000000000e+00,0.000000000000000000e+00,0.000000000000000000e+00,1.000000000000000056e-01
9.965005755433715695e-01,-8.358216034320596621e-02,7.908312662774867998e-04,2.610849605023949138e+01,8.358472216174532565e-02,9.964921738256821149e-01,-4.116032714928474431e-03,1.869281550933667768e+00,-4.440302613051364802e-04,4.167730381050196303e-03,9.999912163917230590e-01,3.469575107182473195e-01,0.000000000000000000e+00,0.000000000000000000e+00,0.000000000000000000e+00,1.000000000000000056e-01
9.965318565848608756e-01,-8.320517081083628197e-02,-1.076272209943255134e-03,2.706228342622385696e+01,8.319857776065381350e-02,9.965196317014505256e-01,-5.159485653619312433e-03,1.954091001670517080e+00,1.501822271368612790e-03,5.052047500273613816e-03,9.999861105765021074e-01,3.558832758587895384e-01,0.000000000000000000e+00,0.000000000000000000e+00,0.000000000000000000e+00,1.000000000000000056e-01
9.966196977689173453e-01,-8.212684623885220525e-02,2.087856760356194153e-03,2.804116390307364881e+01,8.214030359517658642e-02,9.965926464819659936e-01,-7.487823673368484458e-03,2.034771924201682403e+00,-1.465791350792272109e-03,7.634009754458342782e-03,9.999697862189561581e-01,3.635210703082779049e-01,0.000000000000000000e+00,0.000000000000000000e+00,0.000000000000000000e+00,1.000000000000000056e-01
9.966201992441158231e-01,-8.175952560958134330e-02,7.972354151383677368e-03,2.904250642362937285e+01,8.182987462999734285e-02,9.966062377404591999e-01,-8.937478103253942291e-03,2.110639656067733849e+00,-7.214573906876954774e-03,9.559647948718531796e-03,9.999282789552652595e-01,3.814504779290351366e-01,0.000000000000000000e+00,0.000000000000000000e+00,0.000000000000000000e+00,1.000000000000000056e-01
9.967562941327006154e-01,-7.982236531278608105e-02,1.026060927612539551e-02,2.998438050256474341e+01,7.993567543709353962e-02,9.967376324249488384e-01,-1.115257370848242620e-02,2.180215715954849642e+00,-9.336910584386437159e-03,1.193658677259192523e-02,9.998851634047579706e-01,3.865182115020170950e-01,0.000000000000000000e+00,0.000000000000000000e+00,0.000000000000000000e+00,1.000000000000000056e-01
9.966470422959331499e-01,-8.128958885162486381e-02,9.309985343829763060e-03,3.088834060906615875e+01,8.145446398665569243e-02,9.964966450200428705e-01,-1.896330035741017328e-02,2.243823561299808311e+00,-7.735850270988384354e-03,1.965805707928753449e-02,9.997768338046507663e-01,3.985111264842044476e-01,0.000000000000000000e+00,0.000000000000000000e+00,0.000000000000000000e+00,1.000000000000000056e-01
9.966535503354673198e-01,-8.141351022812083615e-02,7.317168581066580031e-03,3.182327938502777442e+01,8.156187741576799433e-02,9.964029225215149665e-01,-2.299730729887962399e-02,2.320303642530994193e+00,-5.418556645760773567e-03,2.351714997442359845e-02,9.997087490369168661e-01,4.069546012847224392e-01,0.000000000000000000e+00,0.000000000000000000e+00,0.000000000000000000e+00,1.000000000000000056e-01
9.968316233602847465e-01,-7.945646861041437414e-02,3.658451156101172851e-03,3.279185417470758068e+01,7.952304494882679597e-02,9.965238888594898370e-01,-2.482386461504246244e-02,2.387692578758582318e+00,-1.673317353706140235e-03,2.503614443801843031e-02,9.996851461738903710e-01,4.066902729728563703e-01,0.000000000000000000e+00,0.000000000000000000e+00,0.000000000000000000e+00,1.000000000000000056e-01
9.966915977639196900e-01,-8.116432870704493041e-02,4.267398779090198109e-03,3.373771165839409036e+01,8.124685136413539732e-02,9.963710596897856764e-01,-2.537046621699349039e-02,2.465127776854573849e+00,-2.192735784153959991e-03,2.563324322414702386e-02,9.996690095984733793e-01,4.091370992134846230e-01,0.000000000000000000e+00,0.000000000000000000e+00,0.000000000000000000e+00,1.000000000000000056e-01
9.966754806832348601e-01,-8.129675950889728164e-02,5.368714761960640541e-03,3.469958400859385961e+01,8.140924519148720617e-02,9.963442142992564587e-01,-2.589867621616373863e-02,2.554161666286314691e+00,-3.243609439358231816e-03,2.624963858322406848e-02,9.996501565408045797e-01,4.255307900388531350e-01,0.000000000000000000e+00,0.000000000000000000e+00,0.000000000000000000e+00,1.000000000000000056e-01
9.966143029661468367e-01,-8.201317158816069652e-02,5.811265727213745305e-03,3.567150784896097804e+01,8.213228916364355425e-02,9.963172909506687880e-01,-2.461996810436685446e-02,2.634891126187114185e+00,-3.770702857693585333e-03,2.501390490849662862e-02,9.996799919780268162e-01,4.282883686390460132e-01,0.000000000000000000e+00,0.000000000000000000e+00,0.000000000000000000e+00,1.000000000000000056e-01
9.966892066760182356e-01,-8.117121743320179772e-02,4.675334848046056729e-03,3.663456076769861625e+01,8.125884913452297020e-02,9.964189144974876511e-01,-2.337405118889590225e-02,2.710994737487725459e+00,-2.761291882853671165e-03,2.367657686533604713e-02,9.997158571189502796e-01,4.456141315979251782e-01,0.000000000000000000e+00,0.000000000000000000e+00,0.000000000000000000e+00,1.000000000000000056e-01
9.965062762751962788e-01,-8.323963609656936935e-02,6.812072126223075140e-03,3.762575595957299868e+01,8.337526241033113572e-02,9.962547523858006349e-01,-2.291361967729205890e-02,2.806250110317408009e+00,-4.879237865751601295e-03,2.340152412168632762e-02,9.997142400239338311e-01,4.576939177448256513e-01,0.000000000000000000e+00,0.000000000000000000e+00,0.000000000000000000e+00,1.000000000000000056e-01
9.966614717414508107e-01,-8.104304899577609300e-02,9.896209154696872928e-03,3.861148651612122507e+01,8.124973898108749093e-02,9.964361164276998029e-01,-2.266154879942344422e-02,2.891825913317406016e+00,-8.024379207790557217e-03,2.338995698909544438e-02,9.996942128723051990e-01,4.807781518282362443e-01,0.000000000000000000e+00,0.000000000000000000e+00,0.000000000000000000e+00,1.000000000000000056e-01
9.967034736320614652e-01,-8.031830118523115847e-02,1.145234231504870838e-02,3.960399005815291673e+01,8.051227178890400793e-02,9.965978270559248120e-01,-1.762229266578795028e-02,2.978563582949858013e+00,-9.997986855973113943e-03,1.848625441044041834e-02,9.997791249354530674e-01,4.864034192712282656e-01,0.000000000000000000e+00,0.000000000000000000e+00,0.000000000000000000e+00,1.000000000000000056e-01
9.965751847652798423e-01,-8.210763473956272929e-02,9.810067661485642743e-03,4.059986580919154875e+01,8.228417132415402624e-02,9.964239511094219459e-01,-1.919960429242086736e-02,3.059220699702809743e+00,-8.198552283522057837e-03,1.994106248329881315e-02,9.997675418653535484e-01,5.011644381131735715e-01,0.000000000000000000e+00,0.000000000000000000e+00,0.000000000000000000e+00,1.000000000000000056e-01
9.965622468129173850e-01,-8.241218075463195569e-02,8.480606726869019743e-03,4.160618166129284390e+01,8.253334974368463361e-02,9.964739516534985020e-01,-1.509668361422029578e-02,3.136698519614198322e+00,-7.206553078731798949e-03,1.574471782303845865e-02,9.998500734877185936e-01,5.269920448658461654e-01,0.000000000000000000e+00,0.000000000000000000e+00,0.000000000000000000e+00,1.000000000000000056e-01
9.964852056762207866e-01,-8.350833525650151745e-02,6.602485222081596120e-03,4.263090625147454915e+01,8.359305446843449949e-02,9.964042798500931664e-01,-1.380986390427376906e-02,3.195169560126870145e+00,-5.425505788164341689e-03,1.431324697980736541e-02,9.998828405607517178e-01,5.324402037683689803e-01,0.000000000000000000e+00,0.000000000000000000e+00,0.000000000000000000e+00,1.000000000000000056e-01
9.965580315243488529e-01,-8.247003773055984477e-02,8.413244382220392767e-03,4.365046237665398365e+01,8.258712101292610408e-02,9.964758001997460202e-01,-1.467470814265916038e-02,3.282211355557856258e+00,-7.173370693839028860e-03,1.531902389174850249e-02,9.998569248947035693e-01,5.456748368203935273e-01,0.000000000000000000e+00,0.000000000000000000e+00,0.000000000000000000e+00,1.000000000000000056e-01
9.966475616076829747e-01,-8.130958704792677627e-02,9.076838411881520477e-03,4.464118948456139435e+01,8.145952474918112529e-02,9.965213490792499407e-01,-1.759393807278882352e-02,3.370196573902371817e+00,-7.614707420337272874e-03,1.827435042257853984e-02,9.998040129683094523e-01,5.638898733984516465e-01,0.000000000000000000e+00,0.000000000000000000e+00,0.000000000000000000e+00,1.000000000000000056e-01
9.964942035366640694e-01,-8.303166308347284530e-02,1.024915818114249290e-02,4.562226933004347984e+01,8.319260085656612902e-02,9.963981013489950911e-01,-1.642604002301526964e-02,3.463986707942400489e+00,-8.848360331129257253e-03,1.722110779567556302e-02,9.998125524145714538e-01,5.751655705523842643e-01,0.000000000000000000e+00,0.000000000000000000e+00,0.000000000000000000e+00,1.000000000000000056e-01
9.958491406631175824e-01,-9.059022767102813123e-02,8.826080162875817037e-03,4.653456805357868831e+01,9.071967229095910523e-02,9.957546701863481120e-01,-1.557491128379579100e-02,3.535859663959226129e+00,-7.377675782467552762e-03,1.631096111786215982e-02,9.998397483834399191e-01,5.864171579959437386e-01,0.000000000000000000e+00,0.000000000000000000e+00,0.000000000000000000e+00,1.000000000000000056e-01
9.960721821556578481e-01,-8.845502222075865562e-02,3.989608952161997207e-03,4.748211990636644231e+01,8.850656044543139811e-02,9.959558007856532669e-01,-1.544770661060721265e-02,3.632129126112975115e+00,-2.607046947271091878e-03,1.574013739880606583e-02,9.998727175900348207e-01,5.855769667121035749e-01,0.000000000000000000e+00,0.000000000000000000e+00,0.000000000000000000e+00,1.000000000000000056e-01
9.962316621995824795e-01,-8.669634920531066324e-02,2.493645028429999737e-03,4.843191733934846610e+01,8.672721787440643149e-02,9.960708623971443743e-01,-1.792280009301624663e-02,3.723445109414392551e+00,-9.300058183795103421e-04,1.807152782361848634e-02,9.998362640809234092e-01,5.898635028160661431e-01,0.000000000000000000e+00,0.000000000000000000e+00,0.000000000000000000e+00,1.000000000000000056e-01
9.963889965883098165e-01,-8.479907733892945443e-02,4.252523980822224894e-03,4.940478625173511062e+01,8.486211781384049579e-02,9.962318154961240513e-01,-1.790504826708132560e-02,3.829788606261256945e+00,-2.718168113097835757e-03,1.820127126776913476e-02,9.998306483031743630e-01,6.018874050235309969e-01,0.000000000000000000e+00,0.000000000000000000e+00,0.000000000000000000e+00,1.000000000000000056e-01
9.964779895417522626e-01,-8.366588476325943768e-02,5.624596484055378182e-03,5.042191944956202576e+01,8.375066064239210240e-02,9.963406619078430948e-01,-1.706201251329613963e-02,3.927526560458131311e+00,-4.176505811121536751e-03,1.747298359817206839e-02,9.998386127987795025e-01,6.260570555940918602e-01,0.000000000000000000e+00,0.000000000000000000e+00,0.000000000000000000e+00,1.000000000000000056e-01
9.965849204238953485e-01,-8.239675282153445524e-02,5.410314978372793640e-03,5.136667069340547442e+01,8.248318150460860754e-02,9.964227743999272136e-01,-1.838965540812696406e-02,4.013753119680622206e+00,-3.875713169991069212e-03,1.877311326388928989e-02,9.998162576522774403e-01,6.339127652369733745e-01,0.000000000000000000e+00,0.000000000000000000e+00,0.000000000000000000e+00,1.000000000000000056e-01
9.966978298889959120e-01,-8.107719705143663635e-02,4.463632248380866585e-03,5.232276188795301408e+01,8.115068800361822932e-02,9.965017210084643473e-01,-1.997212717033449922e-02,4.101302010972712964e+00,-2.828733127334853974e-03,2.026840263689069430e-02,9.997905731319151057e-01,6.502974160654454439e-01,0.000000000000000000e+00,0.000000000000000000e+00,0.000000000000000000e+00,1.000000000000000056e-01
9.966601696960137868e-01,-8.156549739557404644e-02,3.946615781343739381e-03,5.330648051923022024e+01,8.163285108657188094e-02,9.964204204896504047e-01,-2.196413564668404581e-02,4.189760969205154062e+00,-2.140972907471976570e-03,2.221295265922473491e-02,9.997509694764834531e-01,6.730404276794583751e-01,0.000000000000000000e+00,0.000000000000000000e+00,0.000000000000000000e+00,1.000000000000000056e-01
9.966445933498813137e-01,-8.171542671825851589e-02,4.705696834977396784e-03,5.426384305692076282e+01,8.180488204095312521e-02,9.963634906045955031e-01,-2.382762817596180069e-02,4.269180332784753062e+00,-2.741499720142358178e-03,2.413262576842943249e-02,9.997050067658985739e-01,6.736457211067478079e-01,0.000000000000000000e+00,0.000000000000000000e+00,0.000000000000000000e+00,1.000000000000000056e-01
9.965614223789647230e-01,-8.236404036891271929e-02,9.027529015341173926e-03,5.521339628662188659e+01,8.257621095173024728e-02,9.962350237038355427e-01,-2.639975247371641534e-02,4.342020365863372255e+00,-6.819150304110995452e-03,2.705443401600310036e-02,9.996107026183761457e-01,6.912516393191248110e-01,0.000000000000000000e+00,0.000000000000000000e+00,0.000000000000000000e+00,1.000000000000000056e-01
9.963417773087517304e-01,-8.441283285417487681e-02,1.332428004700107749e-02,5.616291315730128275e+01,8.473091356013028042e-02,9.960787670424973150e-01,-2.545117157154194037e-02,4.429756873127037586e+00,-1.112362694913428610e-02,2.648704393909349225e-02,9.995872655385646954e-01,7.178679716102425168e-01,0.000000000000000000e+00,0.000000000000000000e+00,0.000000000000000000e+00,1.000000000000000056e-01
9.961832340255841745e-01,-8.614617943429821179e-02,1.406413933385011229e-02,5.711987924520461490e+01,8.644641892415060036e-02,9.960056815887332604e-01,-2.235394591907993028e-02,4.504399588243662045e+00,-1.208225564696063618e-02,2.348442061956368399e-02,9.996511897090128995e-01,7.159678834913921763e-01,0.000000000000000000e+00,0.000000000000000000e+00,0.000000000000000000e+00,1.000000000000000056e-01
9.961733625952092774e-01,-8.693283540265588083e-02,9.017415628014063475e-03,5.801515423104712710e+01,8.711867696391080440e-02,9.959367283816369376e-01,-2.281160197222752498e-02,4.586650604477052973e+00,-6.997698179499215951e-03,2.350989556200367911e-02,9.996991132490077314e-01,7.286507087827511775e-01,0.000000000000000000e+00,0.000000000000000000e+00,0.000000000000000000e+00,1.000000000000000056e-01
9.959858428787409235e-01,-8.942257541105004537e-02,3.975398342188431015e-03,5.894455544680885595e+01,8.948754921659445027e-02,9.957578792328268813e-01,-2.140617856953017442e-02,4.663704249469257768e+00,-2.044338604927032222e-03,2.167599946018850324e-02,9.997629577690255731e-01,7.439517378561306682e-01,0.000000000000000000e+00,0.000000000000000000e+00,0.000000000000000000e+00,1.000000000000000056e-01
9.959839438026540925e-01,-8.953193427938353766e-02,1.281854272915457400e-04,5.989311629689417060e+01,8.951479457971971143e-02,9.957631463367897506e-01,-2.104419038137917211e-02,4.764639692396650084e+00,1.756484745794119817e-03,2.097115022237202100e-02,9.997785382871990922e-01,7.580070477231912740e-01,0.000000000000000000e+00,0.000000000000000000e+00,0.000000000000000000e+00,1.000000000000000056e-01
9.959534908177382073e-01,-8.987011508476026866e-02,-8.088642268849679118e-05,6.079831773117272320e+01,8.985537309603415512e-02,9.958056329453446320e-01,-1.723813563277994815e-02,4.855985705362735771e+00,1.629740388506643704e-03,1.716111327896775035e-02,9.998514090290079315e-01,7.681196221297048599e-01,0.000000000000000000e+00,0.000000000000000000e+00,0.000000000000000000e+00,1.000000000000000056e-01
9.957952437240094046e-01,-9.160685287993922121e-02,1.306984084979513410e-04,6.173850638778814215e+01,9.159727802826728160e-02,9.956684075734260064e-01,-1.594869330103020066e-02,4.948367584988305978e+00,1.330877324593209357e-03,1.589360455123988575e-02,9.998728029604143641e-01,7.873551249706911559e-01,0.000000000000000000e+00,0.000000000000000000e+00,0.000000000000000000e+00,1.000000000000000056e-01
9.956567912969501721e-01,-9.308149984167810032e-02,1.840742101722117954e-03,6.262221678876571218e+01,9.309770250424270754e-02,9.955702964144633738e-01,-1.313783413082250488e-02,5.034925536595305395e+00,-6.096988542659232888e-04,1.325214263585945164e-02,9.999120006194874843e-01,8.102307249901588015e-01,0.000000000000000000e+00,0.000000000000000000e+00,0.000000000000000000e+00,1.000000000000000056e-01
9.955330174583028047e-01,-9.440128097958234987e-02,1.552191927710898844e-03,6.344756303495744731e+01,9.441286661994736928e-02,9.954680900860998216e-01,-1.137946558221369572e-02,5.124808953053298310e+00,-4.709214059013882517e-04,1.147518059756363201e-02,9.999340470567460448e-01,8.272900452687608208e-01,0.000000000000000000e+00,0.000000000000000000e+00,0.000000000000000000e+00,1.000000000000000056e-01
9.953132799907027373e-01,-9.666190790282813694e-02,2.819616061486270552e-03,6.426548787129543427e+01,9.668564382840574845e-02,9.952640691529249795e-01,-1.006573050744048736e-02,5.209593923706289154e+00,-1.833289839518870102e-03,1.029117164111678639e-02,9.999453639247583014e-01,8.406259969104528107e-01,0.000000000000000000e+00,0.000000000000000000e+00,0.000000000000000000e+00,1.000000000000000056e-01
9.953532837931532429e-01,-9.622133852731290515e-02,3.646156085363802622e-03,6.505469598332933856e+01,9.625576250761871955e-02,9.952971967034378586e-01,-1.087742700986741966e-02,5.293409626098741327e+00,-2.582368343883183464e-03,1.117784622771036442e-02,9.999341913983370578e-01,8.564819073414473571e-01,0.000000000000000000e+00,0.000000000000000000e+00,0.000000000000000000e+00,1.000000000000000056e-01
9.952743401526386036e-01,-9.704132736721060581e-02,3.459568837240685306e-03,6.585016037216198015e+01,9.707567463817884379e-02,9.952076038672451608e-01,-1.175323778194478121e-02,5.372238224287283259e+00,-2.302439417701722044e-03,1.203353595691451262e-02,9.999249435758172933e-01,8.703052676956504197e-01,0.000000000000000000e+00,0.000000000000000000e+00,0.000000000000000000e+00,1.000000000000000056e-01
9.952909109585629244e-01,-9.683946608566038061e-02,4.256802969161196243e-03,6.659424856938956339e+01,9.688537293938223605e-02,9.952185531774111471e-01,-1.237965758239402241e-02,5.447990717979232400e+00,-3.037609861527579887e-03,1.273378261573267743e-02,9.999143081817682965e-01,8.883703914444683880e-01,0.000000000000000000e+00,0.000000000000000000e+00,0.000000000000000000e+00,1.000000000000000056e-01
9.953122694103652135e-01,-9.655161241489693125e-02,5.592182156552965265e-03,6.739432474833587605e+01,9.660941030410735708e-02,9.952593451398297208e-01,-1.120079249561896188e-02,5.537925974242594584e+00,-4.484216975256856245e-03,1.168854361846683072e-02,9.999216318023117500e-01,8.916556893405810369e-01,0.000000000000000000e+00,0.000000000000000000e+00,0.000000000000000000e+00,1.000000000000000056e-01
9.950686612439221257e-01,-9.874897177876308663e-02,9.327378134591010964e-03,6.814043398787828210e+01,9.884667689125566092e-02,9.950454815815384935e-01,-1.066883553719934555e-02,5.613697461000486832e+00,-8.227628928452060744e-03,1.153820422774501364e-02,9.998995829409144109e-01,9.011077677422026921e-01,0.000000000000000000e+00,0.000000000000000000e+00,0.000000000000000000e+00,1.000000000000000056e-01
9.949035715572069893e-01,-1.000694570305426384e-01,1.236879429556498808e-02,6.886911170774577329e+01,1.001977601483459573e-01,9.949149691289403963e-01,-1.022805281634964029e-02,5.693050173511878143e+00,-1.128238290292243526e-02,1.141525176121325515e-02,9.998711916358326013e-01,9.155919499736377976e-01,0.000000000000000000e+00,0.000000000000000000e+00,0.000000000000000000e+00,1.000000000000000056e-01
9.948516556449463755e-01,-1.010017864475232924e-01,8.295926405045669222e-03,6.956028772337430155e+01,1.010545267905660211e-01,9.948615429423330880e-01,-6.204271877925460546e-03,5.773340469110681994e+00,-7.626655600183174406e-03,7.010671066976776125e-03,9.999463408681221743e-01,9.301117568421395365e-01,0.000000000000000000e+00,0.000000000000000000e+00,0.000000000000000000e+00,1.000000000000000056e-01
9.948471893003445476e-01,-1.013367798718740054e-01,3.150712047089446015e-03,7.026033816062442838e+01,1.013577138045919090e-01,9.948224917642654042e-01,-7.404304980519783863e-03,5.851148919937068982e+00,-2.384070785602058519e-03,7.685500968542221742e-03,9.999676241165770252e-01,9.329892520499488695e-01,0.000000000000000000e+00,0.000000000000000000e+00,0.000000000000000000e+00,1.000000000000000056e-01
9.948891772874484118e-01,-1.009707591984098651e-01,-6.562798189391318496e-04,7.101254965267553132e+01,1.009611898189861912e-01,9.948518138135767908e-01,-8.758236247719706699e-03,5.930053374263933641e+00,1.537226931412132361e-03,8.647215663608683392e-03,9.999614305535130532e-01,9.610637196470469545e-01,0.000000000000000000e+00,0.000000000000000000e+00,0.000000000000000000e+00,1.000000000000000056e-01
9.946950907160665434e-01,-1.028636340285164485e-01,-8.656210507559810273e-04,7.174276333259113869e+01,1.028540161286427279e-01,9.946667657526329087e-01,-7.686122130553475242e-03,6.011891052438225636e+00,1.651626944858580921e-03,7.556315348389907281e-03,9.999700866659916310e-01,9.714919356984776933e-01,0.000000000000000000e+00,0.000000000000000000e+00,0.000000000000000000e+00,1.000000000000000056e-01
9.945358772947290316e-01,-1.043890735438922496e-01,1.144595234762678252e-03,7.242215073737486364e+01,1.043942866906064498e-01,9.945154330744864213e-01,-6.394238267860901867e-03,6.099101739827927915e+00,-4.708290167940965779e-04,6.478788568441088552e-03,9.999789015867897035e-01,9.824377211320511893e-01,0.000000000000000000e+00,0.000000000000000000e+00,0.000000000000000000e+00,1.000000000000000056e-01
9.944465019163571951e-01,-1.051645012409123253e-01,4.072162210765941856e-03,7.303361062719913832e+01,1.051862456056824185e-01,9.944370254152389288e-01,-5.554837411886153625e-03,6.156079509663485716e+00,-3.465337169987058909e-03,5.952324087412102019e-03,9.999762803568176261e-01,9.983877536596420521e-01,0.000000000000000000e+00,0.000000000000000000e+00,0.000000000000000000e+00,1.000000000000000056e-01
9.943736880018777535e-01,-1.059252308324339226e-01,9.022652824741412680e-04,7.360425683782492001e+01,1.059289157340130155e-01,9.943508354594772225e-01,-6.743947839058563216e-03,6.211002271064046454e+00,-1.828140058600715985e-04,6.801580267493885328e-03,9.999768522745434707e-01,1.008614411056564908e+00,0.000000000000000000e+00,0.000000000000000000e+00,0.000000000000000000e+00,1.000000000000000056e-01
9.945477520462584486e-01,-1.042684816138561982e-01,-1.688976517020122697e-03,7.423795372702086581e+01,1.042425284418759951e-01,9.944858607421775964e-01,-1.146159011371697053e-02,6.267819276610467227e+00,2.874745863339735370e-03,1.122303549985970150e-02,9.999328874031446768e-01,1.027625951474786969e+00,0.000000000000000000e+00,0.000000000000000000e+00,0.000000000000000000e+00,1.000000000000000056e-01
9.946161032096886290e-01,-1.035303387183082457e-01,-4.502910264087691544e-03,7.485453343065259446e+01,1.034474804499254941e-01,9.945088449656411811e-01,-1.583591088850036521e-02,6.321708872641883303e+00,6.117681303921169295e-03,1.528483725718412893e-02,9.998644646778307443e-01,1.049110992104250073e+00,0.000000000000000000e+00,0.000000000000000000e+00,0.000000000000000000e+00,1.000000000000000056e-01
9.951648779319645088e-01,-9.809334483261133997e-02,-4.955948971545179327e-03,7.543977984770269529e+01,9.801363151425465658e-02,9.950815129516545898e-01,-1.435655318083060850e-02,6.375414103248968622e+00,6.339855522491314246e-03,1.380138693742457082e-02,9.998846573233122204e-01,1.062314545012334133e+00,0.000000000000000000e+00,0.000000000000000000e+00,0.000000000000000000e+00,1.000000000000000056e-01
9.955367873534454182e-01,-9.428117999186004516e-02,-4.190957566402197208e-03,7.599874741651878196e+01,9.423148965106607766e-02,9.954918177856525441e-01,-1.079199147322959865e-02,6.452892019804847834e+00,5.189545656598436481e-03,1.034890434585828550e-02,9.999329821516631522e-01,1.065709470145329574e+00,0.000000000000000000e+00,0.000000000000000000e+00,0.000000000000000000e+00,1.000000000000000056e-01
9.961616237315920053e-01,-8.752497404346869236e-02,-1.182507136624481869e-03,7.654623536909284098e+01,8.749875079009548917e-02,9.960590801431903341e-01,-1.450094736471828176e-02,6.491169319062294996e+00,2.447042012471612252e-03,1.434181937522909824e-02,9.998941564997755327e-01,1.083337101592531937e+00,0.000000000000000000e+00,0.000000000000000000e+00,0.000000000000000000e+00,1.000000000000000056e-01
9.968119157700601196e-01,-7.976519255855216151e-02,1.875802473506744212e-03,7.710051051864847693e+01,7.978543167295917837e-02,9.966722744452893856e-01,-1.669317958967706308e-02,6.515898598382769080e+00,-5.380256332949827792e-04,1.678962203716160076e-02,9.998588996054729172e-01,1.097961834756563615e+00,0.000000000000000000e+00,0.000000000000000000e+00,0.000000000000000000e+00,1.000000000000000056e-01
9.974372214477590370e-01,-7.147831735474083348e-02,3.136784772499603448e-03,7.762976882624120378e+01,7.152591252001119781e-02,9.972500887914548251e-01,-1.939856292654534159e-02,6.547572747574262664e+00,-1.741582255805395078e-03,1.957321009876480250e-02,9.998069095268725670e-01,1.112108702819966100e+00,0.000000000000000000e+00,0.000000000000000000e+00,0.000000000000000000e+00,1.000000000000000056e-01
9.982415206865359325e-01,-5.915433276746067531e-02,3.825087223679817742e-03,7.810768238938078412e+01,5.920899578447937767e-02,9.981133825879862087e-01,-1.624716335123962616e-02,6.579147269479921789e+00,-2.856780640114631609e-03,1.644507262388612487e-02,9.998606894916758359e-01,1.123598427321312876e+00,0.000000000000000000e+00,0.000000000000000000e+00,0.000000000000000000e+00,1.000000000000000056e-01
9.989909394991022262e-01,-4.479770429747388649e-02,3.204448217258428194e-03,7.859208746119963962e+01,4.483406765552819251e-02,9.989180391699503669e-01,-1.235546026342740702e-02,6.609522909901277110e+00,-2.647484874465222317e-03,1.248666130467637053e-02,9.999185337382749950e-01,1.128934164614801006e+00,0.000000000000000000e+00,0.000000000000000000e+00,0.000000000000000000e+00,1.000000000000000056e-01
9.996260142767293688e-01,-2.724891159604757307e-02,2.308332309469531343e-03,7.905649581968712880e+01,2.726498887906440155e-02,9.996019785947412029e-01,-7.246017589210930476e-03,6.621174468244902300e+00,-2.109967451088097350e-03,7.306244336828868549e-03,9.999710829974264303e-01,1.128559814941522133e+00,0.000000000000000000e+00,0.000000000000000000e+00,0.000000000000000000e+00,1.000000000000000056e-01
9.999803400776522411e-01,-5.026734904421417682e-03,3.748518958698235544e-03,7.953845480479914443e+01,5.053198607275377618e-03,9.999621400429195006e-01,-7.084042957246108364e-03,6.639425844862120840e+00,-3.712767433933734061e-03,7.102845696293100426e-03,9.999678819547136444e-01,1.143181463803844444e+00,0.000000000000000000e+00,0.000000000000000000e+00,0.000000000000000000e+00,1.000000000000000056e-01
9.997899289360033803e-01,1.992775065217230329e-02,4.794032966744565631e-03,8.001724852246893249e+01,-1.988211298095871743e-02,9.997582722096549634e-01,-9.386092465871966398e-03,6.624992651450793524e+00,-4.979917826006802391e-03,9.288805214361635018e-03,9.999444577155952585e-01,1.157319118522270429e+00,0.000000000000000000e+00,0.000000000000000000e+00,0.000000000000000000e+00,1.000000000000000056e-01
9.988014001006442211e-01,4.854758044265249789e-02,6.236632918256373483e-03,8.049012186190894624e+01,-4.847726005485370609e-02,9.987640325778313066e-01,-1.097098384114700807e-02,6.617178546137425066e+00,-6.761539363708509061e-03,1.065549914517419962e-02,9.999203677910557531e-01,1.163856197301722739e+00,0.000000000000000000e+00,0.000000000000000000e+00,0.000000000000000000e+00,1.000000000000000056e-01
9.967303083559720944e-01,8.026269887435800998e-02,9.305459366032805060e-03,8.099088310277355163e+01,-8.015697447460339020e-02,9.967190238365405408e-01,-1.122706397111836694e-02,6.573977084064170917e+00,-1.017604283041983852e-02,1.044445746498748502e-02,9.998936750777932536e-01,1.169481567265131305e+00,0.000000000000000000e+00,0.000000000000000000e+00,0.000000000000000000e+00,1.000000000000000056e-01
