1.000000000000000000e+00,-1.410217802337741077e-09,5.607547499029334742e-10,1.694060167344154937e-15,1.410217802290812226e-09,1.000000000000000000e+00,8.368882804613269581e-11,2.747565417695947755e-15,-5.607547500209529157e-10,-8.368882725534637584e-11,1.000000000000000000e+00,-1.472792570047671601e-15,0.000000000000000000e+00,0.000000000000000000e+00,0.000000000000000000e+00,1.000000000000000056e-01
9.999901053862748634e-01,-4.398872009648029623e-03,-6.626119450260538465e-04,6.429391688330331478e-01,4.397352144932587838e-03,9.999877369260397053e-01,-2.278001679358915895e-03,2.011293412500446062e-02,6.726244571920281896e-04,2.275065401354514887e-03,9.999971858229197430e-01,9.646394502722997755e-03,0.000000000000000000e+00,0.000000000000000000e+00,0.000000000000000000e+00,1.000000000000000056e-01
9.999551515817969305e-01,-9.442121012483857198e-03,-7.356465259663241612e-04,1.290498034974258301e+00,9.440780672455099595e-03,9.999538063970893065e-01,-1.804641866675282813e-03,3.868431882837249092e-02,7.526521906921639126e-04,1.797615853838037837e-03,9.999981010441578722e-01,1.391424826182290075e-02,0.000000000000000000e+00,0.000000000000000000e+00,0.000000000000000000e+00,1.000000000000000056e-01
9.998594404249481205e-01,-1.664159216070824204e-02,-2.038824040061365528e-03,1.997489426462067064e+00,1.663756369386619471e-02,9.998596313086517418e-01,-1.977157975382149834e-03,5.099446612068300050e-02,2.071440909662574346e-03,1.942959002070212887e-03,9.999959670133045098e-01,1.615846040507324874e-02,0.000000000000000000e+00,0.000000000000000000e+00,0.000000000000000000e+00,1.000000000000000056e-01
9.997190749992787007e-01,-2.363526495617002121e-02,-1.773508680064143266e-03,2.700732263446506742e+00,2.363529620367071926e-02,9.997206473621546019e-01,-3.340547894701239012e-06,6.153346437620965670e-02,1.773092200470715750e-03,-3.857779352181560535e-05,9.999984273266645518e-01,1.590412445120099882e-02,0.000000000000000000e+00,0.000000000000000000e+00,0.000000000000000000e+00,1.000000000000000056e-01
9.995719726431623320e-01,-2.922277867314447899e-02,-1.378663438841035149e-03,3.410148537052404727e+00,2.922427445004030164e-02,9.995722988506113849e-01,1.077568268261289586e-03,8.418181635577091926e-02,1.346584243895019694e-03,-1.117397478274540206e-03,9.999984690657028885e-01,2.781212417624316993e-02,0.000000000000000000e+00,0.000000000000000000e+00,0.000000000000000000e+00,1.000000000000000056e-01
9.994008308478345981e-01,-3.456228377413728126e-02,-1.851442943705148766e-03,4.146257157851027664e+00,3.456527198207791363e-02,9.994011503597749480e-01,1.607057050491093788e-03,1.063495151620196671e-01,1.794790645944112535e-03,-1.670089780389137028e-03,9.999969947588156494e-01,4.089896510105473643e-02,0.000000000000000000e+00,0.000000000000000000e+00,0.000000000000000000e+00,1.000000000000000056e-01
9.990991161076172578e-01,-4.241565197932435638e-02,-1.366989446439254583e-03,4.913388546915093968e+00,4.241859415502445552e-02,9.990975032880465845e-01,2.200407576560005612e-03,1.482670733049519518e-01,1.272424020978530626e-03,-2.256411035360313903e-03,9.999966447675463499e-01,4.342393162281196761e-02,0.000000000000000000e+00,0.000000000000000000e+00,0.000000000000000000e+00,1.000000000000000056e-01
9.987919578751881522e-01,-4.913490301824661316e-02,6.214412570318466819e-04,5.681386456918337657e+00,4.913251746307700091e-02,9.987864785531356260e-01,3.400880351777272031e-03,1.906138023854668795e-01,-7.877890509997089070e-04,-3.366238971637486744e-03,9.999940238939415416e-01,3.943755552604003012e-02,0.000000000000000000e+00,0.000000000000000000e+00,0.000000000000000000e+00,1.000000000000000056e-01
9.985233955152890140e-01,-5.424974666294739983e-02,2.827294753587680700e-03,6.475230545850823916e+00,5.423888746460966276e-02,9.985208121484425714e-01,3.785603388623918434e-03,2.458017008341271126e-01,-3.028480678334645026e-03,-3.626664227713816049e-03,9.999888377433822084e-01,4.690801856648767892e-02,0.000000000000000000e+00,0.000000000000000000e+00,0.000000000000000000e+00,1.000000000000000056e-01
9.982204936541291262e-01,-5.935304617232027569e-02,5.749952954005899466e-03,7.295557740939631941e+00,5.932668895973193524e-02,9.982277856508390279e-01,4.651014050482665113e-03,2.830650625399386278e-01,-6.015814656560217188e-03,-4.301611871029696610e-03,9.999726526807265481e-01,5.842772285979556945e-02,0.000000000000000000e+00,0.000000000000000000e+00,0.000000000000000000e+00,1.000000000000000056e-01
9.980128861702290965e-01,-6.262697753214632734e-02,6.938351631138007028e-03,8.107123913126196513e+00,6.259283561476552959e-02,9.980264532882032746e-01,5.033434878165077807e-03,3.391780443473330076e-01,-7.239887283115451627e-03,-4.589141767022163372e-03,9.999632612301163626e-01,6.055523586209556747e-02,0.000000000000000000e+00,0.000000000000000000e+00,0.000000000000000000e+00,1.000000000000000056e-01
9.978098797163569289e-01,-6.576908557277530432e-02,7.061963137135239890e-03,8.936474800291438925e+00,6.573719704100364214e-02,9.978261048858850790e-01,4.656751384271771294e-03,3.844705778822332665e-01,-7.352881450258672708e-03,-4.182318876367031868e-03,9.999642210315301538e-01,6.441149896349922244e-02,0.000000000000000000e+00,0.000000000000000000e+00,0.000000000000000000e+00,1.000000000000000056e-01
9.976286967267733452e-01,-6.836480196340742610e-02,7.952189619455945005e-03,9.716574557510373467e+00,6.834409426545771937e-02,9.976577449633761141e-01,2.847576798862954620e-03,4.545217641993809510e-01,-8.128237587197445144e-03,-2.297339133710155166e-03,9.999643263570110463e-01,7.041312937722832288e-02,0.000000000000000000e+00,0.000000000000000000e+00,0.000000000000000000e+00,1.000000000000000056e-01
9.972906693825341895e-01,-7.304932205260784850e-02,8.667024298523095735e-03,1.051791696927469033e+01,7.302871581028884396e-02,9.973262615358388095e-01,2.671089299822527238e-03,5.229964726807989628e-01,-8.838972204780326872e-03,-2.030910781382822081e-03,9.999588731401712893e-01,7.086968517247593802e-02,0.000000000000000000e+00,0.000000000000000000e+00,0.000000000000000000e+00,1.000000000000000056e-01
9.970678869966449476e-01,-7.590855466782406302e-02,9.670576419616707872e-03,1.132814744673466478e+01,7.587480459224013596e-02,9.971100698610532165e-01,3.810854205408814328e-03,5.910040244029651779e-01,-9.931905564143051271e-03,-3.065927254106502308e-03,9.999459772117379464e-01,8.641675502923830410e-02,0.000000000000000000e+00,0.000000000000000000e+00,0.000000000000000000e+00,1.000000000000000056e-01
9.966810085670126940e-01,-8.091085373794167090e-02,8.966655409896202508e-03,1.218523342214662364e+01,8.086328793100298895e-02,9.967097688252326559e-01,5.546656050187833559e-03,6.559319255947300142e-01,-9.385937717144582013e-03,-4.803173508087010823e-03,9.999444153038813399e-01,9.076088672541028635e-02,0.000000000000000000e+00,0.000000000000000000e+00,0.000000000000000000e+00,1.000000000000000056e-01
9.965320957736667484e-01,-8.286933033198846943e-02,7.513732978441088096e-03,1.305890852428468030e+01,8.280962371631638008e-02,9.965337753930900710e-01,7.937299336455431314e-03,7.533862875231414069e-01,-8.145447372958062107e-03,-7.287564141891280690e-03,9.999402697641355253e-01,1.017524542935722559e-01,0.000000000000000000e+00,0.000000000000000000e+00,0.000000000000000000e+00,1.000000000000000056e-01
9.968482212049419866e-01,-7.903847205738651072e-02,6.822302791338951539e-03,1.393768110942080973e+01,7.895431829562507553e-02,9.968080317897330955e-01,1.183061207002943441e-02,8.499368297882168299e-01,-7.735599719226984514e-03,-1.125467433167805231e-02,9.999067420528134909e-01,1.038115494543605383e-01,0.000000000000000000e+00,0.000000000000000000e+00,0.000000000000000000e+00,1.000000000000000056e-01
9.948533604434814936e-01,-1.010775684971069871e-01,7.079290997337299787e-03,1.490462528820255983e+01,1.010081553114212244e-01,9.948396725760544346e-01,9.559206523164213987e-03,9.903294004987415189e-01,-8.008980889984772256e-03,-8.794942608189373900e-03,9.999292501020372592e-01,9.124262824910679692e-02,0.000000000000000000e+00,0.000000000000000000e+00,0.000000000000000000e+00,1.000000000000000056e-01
9.945355900419662332e-01,-1.040284324267256172e-01,8.777550154585310113e-03,1.586827112312388621e+01,1.039517562712230919e-01,9.945435656707513061e-01,8.782274821263898537e-03,1.095132546273221541e+00,-9.643262311391913658e-03,-7.821843116948506633e-03,9.999229101597020275e-01,8.841642513352131194e-02,0.000000000000000000e+00,0.000000000000000000e+00,0.000000000000000000e+00,1.000000000000000056e-01
9.941427684574510870e-01,-1.074925446937473050e-01,1.120306917847100313e-02,1.677793844946824109e+01,1.073870305702746275e-01,9.941706474092099066e-01,9.630653936849774277e-03,1.213504743340894310e+00,-1.217298603686752141e-02,-8.371180634486118793e-03,9.998908649176324603e-01,8.821945191187824387e-02,0.000000000000000000e+00,0.000000000000000000e+00,0.000000000000000000e+00,1.000000000000000056e-01
9.937587873307327513e-01,-1.109649741535433248e-01,1.141258577426462577e-02,1.765766604411151874e+01,1.108683402577732152e-01,9.937963235732095724e-01,8.779429415352120805e-03,1.321753783288259987e+00,-1.231599494308550403e-02,-7.459340686413894542e-03,9.998963318790032861e-01,8.919133576754456616e-02,0.000000000000000000e+00,0.000000000000000000e+00,0.000000000000000000e+00,1.000000000000000056e-01
9.933524604520128642e-01,-1.145934246541734092e-01,1.091953936576921073e-02,1.856988422795899396e+01,1.145080438808887269e-01,9.933888938236733468e-01,8.149448714555949241e-03,1.431997436161105641e+00,-1.178122236887004827e-02,-6.844899839077052406e-03,9.999071707642106510e-01,8.302479100449783322e-02,0.000000000000000000e+00,0.000000000000000000e+00,0.000000000000000000e+00,1.000000000000000056e-01
9.930487986556156832e-01,-1.171945071366538860e-01,1.093302271264197899e-02,1.949401081809141445e+01,1.171219262481975054e-01,9.930924454099590015e-01,7.060400950332610878e-03,1.548855469672092644e+00,-1.168494247098163762e-02,-5.730826001934846009e-03,9.999153062898804567e-01,8.523860287218969212e-02,0.000000000000000000e+00,0.000000000000000000e+00,0.000000000000000000e+00,1.000000000000000056e-01
9.930161791060462262e-01,-1.171983538835713462e-01,1.354303808640510906e-02,2.041527245606489416e+01,1.171109854260598132e-01,9.930936225446279630e-01,7.076295197719304278e-03,1.665007511016964870e+00,-1.427883490225483748e-02,-5.440837083504127675e-03,9.998832492674656347e-01,8.341931377015673887e-02,0.000000000000000000e+00,0.000000000000000000e+00,0.000000000000000000e+00,1.000000000000000056e-01
9.920952153619633229e-01,-1.244619971046637130e-01,1.600921399127359229e-02,2.129351813431103579e+01,1.243743035274252617e-01,9.922149543672372785e-01,6.365292773244237562e-03,1.778804071130470899e+00,-1.667681858052072474e-02,-4.323841664527525164e-03,9.998515830438498009e-01,8.068190744695047378e-02,0.000000000000000000e+00,0.000000000000000000e+00,0.000000000000000000e+00,1.000000000000000056e-01
9.922328436509288974e-01,-1.229534315251499532e-01,1.887955657799163592e-02,2.220867412598077806e+01,1.228575108423655138e-01,9.924051807027790550e-01,6.163549618728583063e-03,1.903721016201889826e+00,-1.949399933336834131e-02,-3.796181038195000149e-03,9.998027670493395691e-01,7.621110907370975962e-02,0.000000000000000000e+00,0.000000000000000000e+00,0.000000000000000000e+00,1.000000000000000056e-01
9.921377563321235327e-01,-1.232906599191891106e-01,2.149617726365938772e-02,2.315327508027917958e+01,1.231812270091916239e-01,9.923638904911727954e-01,6.347768248261711696e-03,2.022901426783056067e+00,-2.211465063639518266e-02,-3.649935056202018718e-03,9.997487785445480224e-01,7.537058536731570946e-02,0.000000000000000000e+00,0.000000000000000000e+00,0.000000000000000000e+00,1.000000000000000056e-01
9.923906501157438997e-01,-1.212057123170192929e-01,2.167885754773684476e-02,2.407071327183949094e+01,1.211433973521347796e-01,9.926262587239658153e-01,4.169864463668403708e-03,2.133677188929088420e+00,-2.202441465360418377e-02,-1.511884051948615129e-03,9.997562899856041740e-01,6.512650841628120357e-02,0.000000000000000000e+00,0.000000000000000000e+00,0.000000000000000000e+00,1.000000000000000056e-01
9.925863237085067459e-01,-1.198776483583672836e-01,2.004343810076500074e-02,2.501876004577880863e+01,1.198256099152044951e-01,9.927877524958904631e-01,3.781759194837074848e-03,2.246627391593777112e+00,-2.035222826328368304e-02,-1.352005261132359967e-03,9.997919578024685450e-01,5.273920090925892507e-02,0.000000000000000000e+00,0.000000000000000000e+00,0.000000000000000000e+00,1.000000000000000056e-01
9.926592382293732975e-01,-1.198142660621817623e-01,1.649783033798505119e-02,2.594180337086962140e+01,1.197805777299902896e-01,9.927957998794535444e-01,3.018764711886271455e-03,2.363635554652886661e+00,-1.674066774504445396e-02,-1.020485030119529278e-03,9.998593444348826687e-01,4.232321221746437184e-02,0.000000000000000000e+00,0.000000000000000000e+00,0.000000000000000000e+00,1.000000000000000056e-01
9.928408284296902364e-01,-1.185044646741405389e-01,1.495932001601993355e-02,2.687826771674324888e+01,1.184716678803483941e-01,9.929527088291439929e-01,3.062995023446154087e-03,2.475345525108082700e+00,-1.521687591770206835e-02,-1.268810923900536795e-03,9.998834116066456223e-01,3.629381464015641462e-02,0.000000000000000000e+00,0.000000000000000000e+00,0.000000000000000000e+00,1.000000000000000056e-01
9.929536415201561939e-01,-1.172790012881186755e-01,1.699122269651925227e-02,2.782904562793243031e+01,1.172898440319823793e-01,9.930976601435541617e-01,3.604224619293180379e-04,2.586241237925316128e+00,-1.691621348926819479e-02,1.635015063929045730e-03,9.998555737939985866e-01,3.050662938027665777e-02,0.000000000000000000e+00,0.000000000000000000e+00,0.000000000000000000e+00,1.000000000000000056e-01
9.928962153611747832e-01,-1.168994976431241978e-01,2.217234701696877211e-02,2.882367183452098303e+01,1.169265630928517236e-01,9.931405605598753183e-01,7.625031201235294917e-05,2.687277178564714930e+00,-2.202917076852982034e-02,2.516827686179027353e-03,9.997541603882671435e-01,2.356885912867627206e-02,0.000000000000000000e+00,0.000000000000000000e+00,0.000000000000000000e+00,1.000000000000000056e-01
9.926946934731287753e-01,-1.178395478731336377e-01,2.590533742969422168e-02,2.976450720477192391e+01,1.179637542251844584e-01,9.930123697846280351e-01,-3.314535234002370830e-03,2.799187360236217170e+00,-2.533373717774667008e-02,6.346212395800789226e-03,9.996589055016896763e-01,1.087744095342469026e-02,0.000000000000000000e+00,0.000000000000000000e+00,0.000000000000000000e+00,1.000000000000000056e-01
9.926501986237473707e-01,-1.182245591257208017e-01,2.585607842971965678e-02,3.066168467571412748e+01,1.185376307592924117e-01,9.928894543201008949e-01,-1.092527317305399051e-02,2.897557502476206803e+00,-2.438059199872970664e-02,1.390989286303615652e-02,9.996059731785972291e-01,6.097544722640063121e-03,0.000000000000000000e+00,0.000000000000000000e+00,0.000000000000000000e+00,1.000000000000000056e-01
9.925176329054444802e-01,-1.199852165182903607e-01,2.263396096206433256e-02,3.158397862517108834e+01,1.203055627729165411e-01,9.926469843485672406e-01,-1.336173752126551886e-02,2.993731123235531033e+00,-2.086432212330674441e-02,1.598475150743168885e-02,9.996545242140308929e-01,-1.134068059755765235e-03,0.000000000000000000e+00,0.000000000000000000e+00,0.000000000000000000e+00,1.000000000000000056e-01
9.925231863257122367e-01,-1.205390177030620236e-01,1.918514573925211159e-02,3.254389111737144447e+01,1.208028654274321267e-01,9.925881989544019790e-01,-1.324141234832057305e-02,3.120160818570013372e+00,-1.744684241853421830e-02,1.546002935435231325e-02,9.997282606698609797e-01,-1.194182509762136031e-02,0.000000000000000000e+00,0.000000000000000000e+00,0.000000000000000000e+00,1.000000000000000056e-01
9.921455241473734477e-01,-1.234767039503093938e-01,2.001905332180195507e-02,3.349705973309460205e+01,1.237577419761830694e-01,9.922211448331224037e-01,-1.346183668762906613e-02,3.244307578196977015e+00,-1.820110478212787208e-02,1.583361385204110072e-02,9.997089658781171950e-01,-2.448648479578859061e-02,0.000000000000000000e+00,0.000000000000000000e+00,0.000000000000000000e+00,1.000000000000000056e-01
9.923903227126389393e-01,-1.212673445401740296e-01,2.134662817587618111e-02,3.446726335018221477e+01,1.215775122420671289e-01,9.924848541090922627e-01,-1.388246667865168302e-02,3.368560838405734614e+00,-1.950271528106797131e-02,1.637209553565404166e-02,9.996757467221244475e-01,-2.737103224478278432e-02,0.000000000000000000e+00,0.000000000000000000e+00,0.000000000000000000e+00,1.000000000000000056e-01
9.920109359624115219e-01,-1.240799486536604962e-01,2.276992035746491783e-02,3.543060462012623901e+01,1.243981126705870216e-01,9.921455378755961174e-01,-1.312788016169799676e-02,3.504278460101993176e+00,-2.096216818404662147e-02,1.585553580453661834e-02,9.996545350716790068e-01,-4.253988110529868805e-02,0.000000000000000000e+00,0.000000000000000000e+00,0.000000000000000000e+00,1.000000000000000056e-01
9.916531802914851923e-01,-1.267016880931607636e-01,2.388832878471509186e-02,3.639933902851703351e+01,1.270079304937208609e-01,9.918319303815055221e-01,-1.176467030556581188e-02,3.631010803976467916e+00,-2.220260366455738266e-02,1.470047992549538239e-02,9.996454072722360529e-01,-4.805746280062286879e-02,0.000000000000000000e+00,0.000000000000000000e+00,0.000000000000000000e+00,1.000000000000000056e-01
9.915500972593286333e-01,-1.273902405228236612e-01,2.449757629956791569e-02,3.739130663601829951e+01,1.277182846127399296e-01,9.917339438488361747e-01,-1.232170416836176480e-02,3.769138285467851013e+00,-2.272541310064958228e-02,1.534637538869031148e-02,9.996239514746704247e-01,-5.561762715291201919e-02,0.000000000000000000e+00,0.000000000000000000e+00,0.000000000000000000e+00,1.000000000000000056e-01
9.914309261536937701e-01,-1.277469449396775036e-01,2.730268713163489652e-02,3.837681750635021416e+01,1.280554452263956422e-01,9.917180035351041978e-01,-9.859229798348077486e-03,3.898699507264069553e+00,-2.581707988713134033e-02,1.327100308665681884e-02,9.995785906386628339e-01,-4.763231840174850934e-02,0.000000000000000000e+00,0.000000000000000000e+00,0.000000000000000000e+00,1.000000000000000056e-01
9.914067900139391654e-01,-1.277300560324514944e-01,2.824198116641268505e-02,3.938577277155165746e+01,1.280424699808358768e-01,9.917228236716485457e-01,-9.537656417543786264e-03,4.035384647393549074e+00,-2.678997191980516876e-02,1.307187035887266008e-02,9.995556130650544713e-01,-6.668412176774385358e-02,0.000000000000000000e+00,0.000000000000000000e+00,0.000000000000000000e+00,1.000000000000000056e-01
9.910417425769850741e-01,-1.308670120001800552e-01,2.664750720269149636e-02,4.039032395025096633e+01,1.312145911003577414e-01,9.912845383009892819e-01,-1.173436013425687569e-02,4.172932189424085614e+00,-2.487962122578810109e-02,1.512578247692484071e-02,9.995760176955638121e-01,-7.155436751837739029e-02,0.000000000000000000e+00,0.000000000000000000e+00,0.000000000000000000e+00,1.000000000000000056e-01
9.911092516862023416e-01,-1.304147767640944922e-01,2.635217682824959884e-02,4.140671721345407263e+01,1.307784697191985701e-01,9.913318370836052829e-01,-1.257698860415225155e-02,4.319149570566302110e+00,-2.448352670512561613e-02,1.591146712329543841e-02,9.995736001586195130e-01,-6.295648801296967190e-02,0.000000000000000000e+00,0.000000000000000000e+00,0.000000000000000000e+00,1.000000000000000056e-01
9.913401514393883618e-01,-1.290486835605775262e-01,2.431339991470930426e-02,4.243292889568436266e+01,1.292628245440609613e-01,9.915824163712819717e-01,-7.445383413966175437e-03,4.465672939901731198e+00,-2.314792290945267769e-02,1.052372626837019300e-02,9.996766601508741967e-01,-6.516497490774891821e-02,0.000000000000000000e+00,0.000000000000000000e+00,0.000000000000000000e+00,1.000000000000000056e-01
9.914418379161303863e-01,-1.282787472766728498e-01,2.424139077307602488e-02,4.347516829505163116e+01,1.285016035603858964e-01,9.916781192634392950e-01,-7.864200947155373239e-03,4.596151838639491949e+00,-2.303084696434100700e-02,1.091195542766370749e-02,9.996752019115257015e-01,-6.941776736445610940e-02,0.000000000000000000e+00,0.000000000000000000e+00,0.000000000000000000e+00,1.000000000000000056e-01
9.916009068731972409e-01,-1.266027197836585294e-01,2.644603621780252864e-02,4.446155379879316172e+01,1.269386484362470535e-01,9.918447302807372745e-01,-1.142849716762269277e-02,4.722063289506376549e+00,-2.478348283498009105e-02,1.468953224959632098e-02,9.995849121614712729e-01,-7.599782692040348009e-02,0.000000000000000000e+00,0.000000000000000000e+00,0.000000000000000000e+00,1.000000000000000056e-01
9.917417140123235830e-01,-1.252964633180703447e-01,2.737095116874766268e-02,4.542862727352088825e+01,1.256373663486546055e-01,9.920140750470400892e-01,-1.110527287100911142e-02,4.861453764593973048e+00,-2.576091739190335475e-02,1.445237657096822004e-02,9.995636567755844526e-01,-8.106894678199007276e-02,0.000000000000000000e+00,0.000000000000000000e+00,0.000000000000000000e+00,1.000000000000000056e-01
9.913054250445094695e-01,-1.292415257227666758e-01,2.470186847539750097e-02,4.633573179623266469e+01,1.295490391400766217e-01,9.915088977575068352e-01,-1.127617513063895564e-02,4.980034572499320689e+00,-2.303477230639138645e-02,1.437823690670667239e-02,9.996312648013002677e-01,-8.565020387751712261e-02,0.000000000000000000e+00,0.000000000000000000e+00,0.000000000000000000e+00,1.000000000000000056e-01
9.917067842537757860e-01,-1.271294075126803147e-01,1.886180825132564159e-02,4.727981032382405857e+01,1.273096520233663043e-01,9.918250423255083881e-01,-8.679741798740226236e-03,5.117334334306527843e+00,-1.760416333496978708e-02,1.100904907238948148e-02,9.997844238993711663e-01,-9.832644923760272548e-02,0.000000000000000000e+00,0.000000000000000000e+00,0.000000000000000000e+00,1.000000000000000056e-01
9.919668778195124270e-01,-1.251623123997065157e-01,1.833327204202049587e-02,4.822142557547576303e+01,1.253308297350219369e-01,9.920798957895798909e-01,-8.346465603314021098e-03,5.244508379563559863e+00,-1.714340768165431572e-02,1.057714162213167081e-02,9.997970932385060738e-01,-9.830600663472904843e-02,0.000000000000000000e+00,0.000000000000000000e+00,0.000000000000000000e+00,1.000000000000000056e-01
9.922170266555897511e-01,-1.231871934581976330e-01,1.817381034987494010e-02,4.918070279186633798e+01,1.233912152498606446e-01,9.923018784170317685e-01,-1.056362102656832960e-02,5.386255918023561406e+00,-1.673260332115683591e-02,1.272389319048966225e-02,9.997790368517304183e-01,-1.053132937286822279e-01,0.000000000000000000e+00,0.000000000000000000e+00,0.000000000000000000e+00,1.000000000000000056e-01
9.926213535476067218e-01,-1.194721839234939298e-01,2.071824678557379965e-02,5.017582987774708414e+01,1.196931422931816758e-01,9.927628590476712533e-01,-9.770229448574059908e-03,5.525308525004474447e+00,-1.940103526364669526e-02,1.217797044028520910e-02,9.997376140101232878e-01,-9.671373450453632503e-02,0.000000000000000000e+00,0.000000000000000000e+00,0.000000000000000000e+00,1.000000000000000056e-01
9.927284500845162674e-01,-1.185818499170765983e-01,2.070191447760392697e-02,5.110779014895335592e+01,1.188021027922333550e-01,9.928700746474780070e-01,-9.750653396317377972e-03,5.652870247719432584e+00,-1.939806085508877578e-02,1.213918200520180089e-02,9.997381434632305330e-01,-1.010047932543891719e-01,0.000000000000000000e+00,0.000000000000000000e+00,0.000000000000000000e+00,1.000000000000000056e-01
9.926473829044480945e-01,-1.193098474668749936e-01,2.040425226223896091e-02,5.204986645423410607e+01,1.195819521989201911e-01,9.927434068386010724e-01,-1.267615425840795153e-02,5.770543162349669686e+00,-1.874379687377210682e-02,1.502293166857949537e-02,9.997114491706273753e-01,-1.013196128093501319e-01,0.000000000000000000e+00,0.000000000000000000e+00,0.000000000000000000e+00,1.000000000000000056e-01
9.928285005938325414e-01,-1.180085925712173328e-01,1.911911315837356087e-02,5.303149536831956112e+01,1.182787458516435658e-01,9.928863066393995851e-01,-1.367188237714508578e-02,5.895739839525346859e+00,-1.736970605291214900e-02,1.583521920696428012e-02,9.997237314099844951e-01,-9.194594814838541463e-02,0.000000000000000000e+00,0.000000000000000000e+00,0.000000000000000000e+00,1.000000000000000056e-01
9.926439612501123388e-01,-1.194968901441759573e-01,1.945403401755409559e-02,5.399546211740651103e+01,1.197638556827108763e-01,9.927148288913638652e-01,-1.318663608358522712e-02,6.026335682158951990e+00,-1.773654604753157824e-02,1.541952480009860585e-02,9.997237884482107484e-01,-9.507026963067453929e-02,0.000000000000000000e+00,0.000000000000000000e+00,0.000000000000000000e+00,1.000000000000000056e-01
9.924953051557837691e-01,-1.201167083912050293e-01,2.291387372292088415e-02,5.493354019740121430e+01,1.204729438622841597e-01,9.926054987297244780e-01,-1.485239673150294017e-02,6.144877476965314500e+00,-2.096041604746138459e-02,1.750143584901669297e-02,9.996271108280027073e-01,-9.351443444789657444e-02,0.000000000000000000e+00,0.000000000000000000e+00,0.000000000000000000e+00,1.000000000000000056e-01
9.922166756793605602e-01,-1.216169140299995372e-01,2.674686384640682577e-02,5.588242001517632929e+01,1.220020984063870523e-01,9.924411515668369876e-01,-1.326833301996672640e-02,6.260531775577066860e+00,-2.493103464031869512e-02,1.642823479592963806e-02,9.995541789284125844e-01,-8.528753082528753304e-02,0.000000000000000000e+00,0.000000000000000000e+00,0.000000000000000000e+00,1.000000000000000056e-01
9.919911717183670374e-01,-1.233966445450004612e-01,2.695891963443750386e-02,5.684367768855543090e+01,1.237289548303238673e-01,9.922548488897242613e-01,-1.102091608833985319e-02,6.386985576512246965e+00,-2.539017466298585171e-02,1.426825041360570319e-02,9.995757880524706041e-01,-9.313712297749411617e-02,0.000000000000000000e+00,0.000000000000000000e+00,0.000000000000000000e+00,1.000000000000000056e-01
9.917255184590929584e-01,-1.260104240145720755e-01,2.453302013024660777e-02,5.773531774314228926e+01,1.263208533014074098e-01,9.919223350250571114e-01,-1.153790707375900067e-02,6.506160855597417303e+00,-2.288095405020584144e-02,1.454146891156983708e-02,9.996324362602717617e-01,-9.853537154335534343e-02,0.000000000000000000e+00,0.000000000000000000e+00,0.000000000000000000e+00,1.000000000000000056e-01
9.914147876151769845e-01,-1.295101620224168582e-01,1.799546695367485599e-02,5.860583934940622441e+01,1.297475138329254041e-01,9.914655928036534283e-01,-1.271066247978437300e-02,6.629649224468856517e+00,-1.619572635383466352e-02,1.493640584034550481e-02,9.997572716556974992e-01,-1.052986460735675367e-01,0.000000000000000000e+00,0.000000000000000000e+00,0.000000000000000000e+00,1.000000000000000056e-01
9.913028022423480135e-01,-1.307541662279500250e-01,1.490309633941606059e-02,5.953557796734313001e+01,1.309627140632687314e-01,9.912884717712884264e-01,-1.399761617297980154e-02,6.740349910080686513e+00,-1.294302096308318738e-02,1.582762608154398079e-02,9.997909603817050073e-01,-1.042869516664368945e-01,0.000000000000000000e+00,0.000000000000000000e+00,0.000000000000000000e+00,1.000000000000000056e-01
9.913390119551017676e-01,-1.304232763755788227e-01,1.538610916840275379e-02,6.043171602404157738e+01,1.305969157001825032e-01,9.913759023701024242e-01,-1.087500848112496477e-02,6.872990714601807660e+00,-1.383506362406966041e-02,1.279019856470147223e-02,9.998224851618378040e-01,-1.081152117858579509e-01,0.000000000000000000e+00,0.000000000000000000e+00,0.000000000000000000e+00,1.000000000000000056e-01
9.911518357886193176e-01,-1.317079980247374826e-01,1.646334319528006823e-02,6.134862726317199844e+01,1.318565860447471483e-01,9.912341641073307841e-01,-8.286894657559560132e-03,7.001648121484659981e+00,-1.522757792539648769e-02,1.038437108143970729e-02,9.998301284257086197e-01,-1.017050945904839770e-01,0.000000000000000000e+00,0.000000000000000000e+00,0.000000000000000000e+00,1.000000000000000056e-01
9.911473402866181059e-01,-1.313157160571328252e-01,1.957377222625385563e-02,6.223329365051866802e+01,1.314663703501612324e-01,9.912985663160455152e-01,-6.614067334628720950e-03,7.124970520925902662e+00,-1.853492135718541253e-02,9.128808035840247845e-03,9.997865379940499286e-01,-9.706381840020635032e-02,0.000000000000000000e+00,0.000000000000000000e+00,0.000000000000000000e+00,1.000000000000000056e-01
9.909836951290806883e-01,-1.324523262735826934e-01,2.019151438177917840e-02,6.304201590221620677e+01,1.325835067813348200e-01,9.911576850378244208e-01,-5.296897207294880977e-03,7.241616519461599566e+00,-1.931138829491393927e-02,7.926200551166027314e-03,9.997820990730659219e-01,-9.770311488876763650e-02,0.000000000000000000e+00,0.000000000000000000e+00,0.000000000000000000e+00,1.000000000000000056e-01
9.906090109188641080e-01,-1.353255412943182301e-01,1.951372234478936443e-02,6.385127129002476210e+01,1.354314247569505802e-01,9.907778007540677390e-01,-4.204607144002227639e-03,7.360343339401698159e+00,-1.876477217160385860e-02,6.807892943688801865e-03,9.998007481088494464e-01,-1.001798191120744780e-01,0.000000000000000000e+00,0.000000000000000000e+00,0.000000000000000000e+00,1.000000000000000056e-01
9.899717223030811697e-01,-1.398321368670250309e-01,2.007392685731257051e-02,6.464251369849586126e+01,1.399403115959649002e-01,9.901515258232309602e-01,-4.082291066515184030e-03,7.477195079904484842e+00,-1.930539382388799310e-02,6.850504297427447570e-03,9.997901641645488002e-01,-1.003676254670545498e-01,0.000000000000000000e+00,0.000000000000000000e+00,0.000000000000000000e+00,1.000000000000000056e-01
9.898864964808227196e-01,-1.406805398858426703e-01,1.826772515531036381e-02,6.543176498425056309e+01,1.408071120390610442e-01,9.900198738737364668e-01,-5.831512175271847884e-03,7.580826502675536815e+00,-1.726503067305234021e-02,8.344760779007670548e-03,9.998161249366803727e-01,-9.897532552420117147e-02,0.000000000000000000e+00,0.000000000000000000e+00,0.000000000000000000e+00,1.000000000000000056e-01
9.898805099002871977e-01,-1.404675597102382489e-01,2.013556030007817091e-02,6.618254887059730152e+01,1.405958940339732399e-01,9.900539342846340629e-01,-5.099194868327836319e-03,7.694232390344097006e+00,-1.921901923447690355e-02,7.878570718605756168e-03,9.997842554386905389e-01,-9.441719268148955624e-02,0.000000000000000000e+00,0.000000000000000000e+00,0.000000000000000000e+00,1.000000000000000056e-01
9.896662850154256397e-01,-1.415777117986524170e-01,2.272434433870417977e-02,6.697240304161846325e+01,1.416913013198501936e-01,9.899048433970155658e-01,-3.460657367819649968e-03,7.819961723823769972e+00,-2.200498657244976883e-02,6.644737841912698798e-03,9.997357791061388665e-01,-9.416951206007313779e-02,0.000000000000000000e+00,0.000000000000000000e+00,0.000000000000000000e+00,1.000000000000000056e-01
9.895769780614164235e-01,-1.419105398780853844e-01,2.447045488635933574e-02,6.771121945157659638e+01,1.419983843933075862e-01,9.898651013061198212e-01,-1.881500974109479203e-03,7.933509736950010272e+00,-2.395544448607590110e-02,5.336655107411215383e-03,9.996987830300380073e-01,-9.866910578935231269e-02,0.000000000000000000e+00,0.000000000000000000e+00,0.000000000000000000e+00,1.000000000000000056e-01
9.893277578758599144e-01,-1.432628542120626125e-01,2.657709727071936798e-02,6.839125693103045478e+01,1.433051368760440425e-01,9.896785020603875438e-01,3.167087712480885775e-04,8.039557118753300813e+00,-2.634815441852175408e-02,3.495305783589885019e-03,9.996467163934551481e-01,-9.853342884873012020e-02,0.000000000000000000e+00,0.000000000000000000e+00,0.000000000000000000e+00,1.000000000000000056e-01
9.894262949111793937e-01,-1.433028786038454128e-01,2.235826295102975522e-02,6.907103876857004821e+01,1.432541514920645798e-01,9.896787370045858623e-01,3.774334550130679575e-03,8.149568807255064939e+00,-2.266837044483923161e-02,-5.315118618048205682e-04,9.997428981875872145e-01,-1.011213869313535157e-01,0.000000000000000000e+00,0.000000000000000000e+00,0.000000000000000000e+00,1.000000000000000056e-01
9.896314119675888588e-01,-1.427310964539038607e-01,1.604688605626905865e-02,6.976213523719606258e+01,1.427040498158848592e-01,9.897613749518431314e-01,2.823972305521518355e-03,8.260317544196251305e+00,-1.628565667027096972e-02,-5.047360729069799191e-04,9.998672525032084035e-01,-1.043119573676671852e-01,0.000000000000000000e+00,0.000000000000000000e+00,0.000000000000000000e+00,1.000000000000000056e-01
9.899233296910018298e-01,-1.412678403553845330e-01,9.756977749571507305e-03,7.049560694930956117e+01,1.412511077932603887e-01,9.899709228240631820e-01,2.386736275640454884e-03,8.365761988701427398e+00,-9.996293345874736683e-03,-9.845020052351317191e-04,9.999495511650299262e-01,-1.023550246192054675e-01,0.000000000000000000e+00,0.000000000000000000e+00,0.000000000000000000e+00,1.000000000000000056e-01
9.898249922899792219e-01,-1.419870530503605510e-01,9.282316748348840019e-03,7.120629100671345668e+01,1.419600138286127577e-01,9.898661591074493504e-01,3.513051045138446907e-03,8.475006739535018596e+00,-9.687058992421511416e-03,-2.159587909711301653e-03,9.999507473211556308e-01,-9.810160855288721504e-02,0.000000000000000000e+00,0.000000000000000000e+00,0.000000000000000000e+00,1.000000000000000056e-01
9.895874733739852269e-01,-1.434477578500204797e-01,1.180564733905212736e-02,7.187186671464468191e+01,1.433937195148236310e-01,9.896514898972630370e-01,5.307518048168568744e-03,8.582720570033069762e+00,-1.244482804205289568e-02,-3.559397691946995096e-03,9.999162249624087284e-01,-8.753925796886663502e-02,0.000000000000000000e+00,0.000000000000000000e+00,0.000000000000000000e+00,1.000000000000000056e-01
9.893225474094344829e-01,-1.451298336819366597e-01,1.335022706775391456e-02,7.248867471769494841e+01,1.450893223563071710e-01,9.894106372550095507e-01,3.959725346975424831e-03,8.674120131231889630e+00,-1.378353095163817148e-02,-1.980470168748188833e-03,9.999030413057137245e-01,-7.867000136858252890e-02,0.000000000000000000e+00,0.000000000000000000e+00,0.000000000000000000e+00,1.000000000000000056e-01
9.895556640217116895e-01,-1.437615173131821522e-01,1.059310824833051799e-02,7.305713522706800234e+01,1.437623727670494511e-01,9.896120004532553693e-01,6.846424570580488065e-04,8.748938708527823849e+00,-1.058149228309193494e-02,8.453985555466642533e-04,9.999436570739098640e-01,-7.614709429526703155e-02,0.000000000000000000e+00,0.000000000000000000e+00,0.000000000000000000e+00,1.000000000000000056e-01
9.897887837966987679e-01,-1.423188142170762616e-01,7.969855086340833436e-03,7.368700852237186893e+01,1.423718081247835054e-01,9.897917153603431606e-01,-6.529047044491333857e-03,8.828202452456498150e+00,-6.959290303743136466e-03,7.597060212653354225e-03,9.999469250688226563e-01,-6.054353131621732775e-02,0.000000000000000000e+00,0.000000000000000000e+00,0.000000000000000000e+00,1.000000000000000056e-01
9.902458958325015548e-01,-1.392765037704339626e-01,3.888609567803845944e-03,7.428967932116229633e+01,1.393101159759846108e-01,9.901939964026149621e-01,-1.041830480336770545e-02,8.911984421306392790e+00,-2.399452780165363570e-03,1.085840622294298452e-02,9.999381669086611080e-01,-5.010246681243743505e-02,0.000000000000000000e+00,0.000000000000000000e+00,0.000000000000000000e+00,1.000000000000000056e-01
9.909613634399710991e-01,-1.341111847217264785e-01,3.125108274697401683e-03,7.486752200748479424e+01,1.341339183747561059e-01,9.909240518848794199e-01,-8.809956724477542925e-03,8.985717734084852637e+00,-1.915231220475290463e-03,9.149509745765943905e-03,9.999563082259065316e-01,-4.041998797343111793e-02,0.000000000000000000e+00,0.000000000000000000e+00,0.000000000000000000e+00,1.000000000000000056e-01
9.917485221702897480e-01,-1.281220490972390380e-01,4.428239850212199735e-03,7.544179793447710836e+01,1.281558785968530956e-01,9.917179432748610690e-01,-8.461191863327081550e-03,9.078359751409175615e+00,-3.307499677245869830e-03,8.958879494895455667e-03,9.999543984222885040e-01,-4.472620876957380393e-02,0.000000000000000000e+00,0.000000000000000000e+00,0.000000000000000000e+00,1.000000000000000056e-01
9.925918599113403573e-01,-1.213600263715557265e-01,5.757051054267904415e-03,7.599478307042241454e+01,1.214106441686429588e-01,9.925573323031584572e-01,-9.455029021251148622e-03,9.130061913492715675e+00,-4.566740664994372624e-03,1.008395211872980916e-02,9.999387275175243284e-01,-3.587474849887442585e-02,0.000000000000000000e+00,0.000000000000000000e+00,0.000000000000000000e+00,1.000000000000000056e-01
9.937557557046667878e-01,-1.112069615579176496e-01,9.083485283885129463e-03,7.656801692667146142e+01,1.113243667290574612e-01,9.936904608246591719e-01,-1.364380586386589912e-02,9.191326228929055375e+00,-7.508886483431197190e-03,1.456982385385504307e-02,9.998656594046254620e-01,-2.345875018585020025e-02,0.000000000000000000e+00,0.000000000000000000e+00,0.000000000000000000e+00,1.000000000000000056e-01
9.947355838516415139e-01,-1.017440117482982104e-01,1.221778591627627544e-02,7.712173621599339413e+01,1.019475281487205315e-01,9.946378853305298806e-01,-1.738328419999030094e-02,9.229388156453156355e+00,-1.038362767531834582e-02,1.853734443155098666e-02,9.997742480869000747e-01,-1.413412150772368030e-02,0.000000000000000000e+00,0.000000000000000000e+00,0.000000000000000000e+00,1.000000000000000056e-01
9.958892606143410209e-01,-8.978760412988628925e-02,1.194850357308690700e-02,7.761157849711801759e+01,8.994441982766412935e-02,9.958578969560170080e-01,-1.330602916740546322e-02,9.275071009419798784e+00,-1.070429516064206124e-02,1.432603277093035497e-02,9.998400786376590021e-01,-1.764436407239400057e-03,0.000000000000000000e+00,0.000000000000000000e+00,0.000000000000000000e+00,1.000000000000000056e-01
9.970834596780719927e-01,-7.576684320901527769e-02,9.162963851668553053e-03,7.810418252190083876e+01,7.584922135260546705e-02,9.970786453061568633e-01,-9.003926623564546122e-03,9.315135369608492866e+00,-8.453996487457872758e-03,9.672669981942369488e-03,9.999174812947368984e-01,-5.085950984817501526e-03,0.000000000000000000e+00,0.000000000000000000e+00,0.000000000000000000e+00,1.000000000000000056e-01
9.981526133244905674e-01,-5.998070350683804702e-02,9.678621818983892955e-03,7.860348246652661430e+01,6.001478832051557882e-02,9.981921311195894875e-01,-3.270252861182848525e-03,9.341327795297797110e+00,-9.464972072533092695e-03,3.845071879322194304e-03,9.999478135012391800e-01,2.487590452727760147e-04,0.000000000000000000e+00,0.000000000000000000e+00,0.000000000000000000e+00,1.000000000000000056e-01
9.992866910793448687e-01,-3.606639593826081736e-02,1.119482539920444927e-02,7.909932337064812202e+01,3.611290840653383349e-02,9.993397876241039146e-01,-3.980793618399033201e-03,9.360162488770031430e+00,-1.104386155814021664e-02,4.382231787068350051e-03,9.999294120918981177e-01,1.044083183327640905e-02,0.000000000000000000e+00,0.000000000000000000e+00,0.000000000000000000e+00,1.000000000000000056e-01
9.998764705876846959e-01,-1.089358820922338433e-02,1.133019421911183287e-02,7.960001140608393655e+01,1.098872343659184486e-02,9.999046033264726852e-01,-8.368524587004813262e-03,9.383088307111908222e+00,-1.123795009550331882e-02,8.491995198837325523e-03,9.999007923265157416e-01,1.252834143203109506e-02,0.000000000000000000e+00,0.000000000000000000e+00,0.000000000000000000e+00,1.000000000000000056e-01
9.997807015791053686e-01,1.686058481104859424e-02,1.242052453889890690e-02,8.007933483050570089e+01,-1.677462696501130085e-02,9.998348440181470398e-01,-6.992608768714425431e-03,9.383287374938744207e+00,-1.253637268816894940e-02,6.782725634803713800e-03,9.998984118363156703e-01,2.231188237971646476e-02,0.000000000000000000e+00,0.000000000000000000e+00,0.000000000000000000e+00,1.000000000000000056e-01
9.987299596781445965e-01,4.884214446495573070e-02,1.236578203576693853e-02,8.056935050850282209e+01,-4.874205662825814578e-02,9.987771610900462171e-01,-8.270090722326152791e-03,9.355212308817167255e+00,-1.275458964213973916e-02,7.656853725403347556e-03,9.998893403942700209e-01,2.263060321891947196e-02,0.000000000000000000e+00,0.000000000000000000e+00,0.000000000000000000e+00,1.000000000000000056e-01
