9.999727508556095490e-01,-7.332216696613808211e-03,-8.579886822675824492e-04,6.411881358467618197e-01,7.331004546264625020e-03,9.999721372710065337e-01,-1.407499199944072356e-03,9.839077952042763961e-03,8.682848654957495962e-04,1.401170927864796257e-03,9.999986413997887791e-01,7.919747836398885465e-03,0.000000000000000000e+00,0.000000000000000000e+00,0.000000000000000000e+00,1.000000000000000056e-01
9.999004003305675958e-01,-1.405830067055650889e-02,-1.246435327987776209e-03,1.304476079790578114e+00,1.405938691179086514e-02,9.999007860177956397e-01,8.670413248127145211e-04,2.256531017748310622e-02,1.234122536537311582e-03,-8.844790843200839824e-04,9.999988473184927562e-01,1.257342728329224196e-02,0.000000000000000000e+00,0.000000000000000000e+00,0.000000000000000000e+00,1.000000000000000056e-01
9.997286877338846800e-01,-2.321527359074750801e-02,-1.897891986290299506e-03,2.030579744440444756e+00,2.322017144660222521e-02,9.997269926908644022e-01,2.600715915060573726e-03,3.435541150828820556e-02,1.836997516406149982e-03,-2.644079686240929667e-03,9.999948171279376963e-01,1.765464252806877438e-02,0.000000000000000000e+00,0.000000000000000000e+00,0.000000000000000000e+00,1.000000000000000056e-01
9.994756893298237799e-01,-3.234895703213667290e-02,-1.375288190368270311e-03,2.748253998944810039e+00,3.235525811152221293e-02,9.994647266023793941e-01,4.837101422110128869e-03,5.963779701229163926e-02,1.218076849121976519e-03,-4.879063082598886388e-03,9.999873554361703443e-01,2.318644841389176647e-02,0.000000000000000000e+00,0.000000000000000000e+00,0.000000000000000000e+00,1.000000000000000056e-01
9.992057379989326416e-01,-3.981664203403238039e-02,-1.590021113744395902e-03,3.446425959020841034e+00,3.982140060707401591e-02,9.992020586676864102e-01,3.082532716503575895e-03,8.304489728101448198e-02,1.466016268447271897e-03,-3.143401245643931939e-03,9.999939848943639742e-01,2.855700822222343588e-02,0.000000000000000000e+00,0.000000000000000000e+00,0.000000000000000000e+00,1.000000000000000056e-01
9.987879451037375844e-01,-4.919515019712120824e-02,-1.574138664793927906e-03,4.184992511505116752e+00,4.920294893468624836e-02,9.987743480468227464e-01,5.373220614758698541e-03,1.282490410369978018e-01,1.307872923479529246e-03,-5.444160240743853643e-03,9.999843251709944481e-01,4.189218713658170862e-02,0.000000000000000000e+00,0.000000000000000000e+00,0.000000000000000000e+00,1.000000000000000056e-01
9.984541570386870069e-01,-5.552363323441977111e-02,-2.534254252158910613e-03,4.955533892786918138e+00,5.554156601841527680e-02,9.984269887402662524e-01,7.660456857540108751e-03,1.767745474169348241e-01,2.104931444719083597e-03,-7.789371444080172603e-03,9.999674469482090489e-01,4.946079151663389240e-02,0.000000000000000000e+00,0.000000000000000000e+00,0.000000000000000000e+00,1.000000000000000056e-01
9.979868770441521209e-01,-6.340678025576028387e-02,-1.331715156545494258e-03,5.741195053551894745e+00,6.341504580477234920e-02,9.979588383797491913e-01,7.529200842073880025e-03,2.388582931301062584e-01,8.515945273839834948e-04,-7.598494412670753380e-03,9.999707684074677916e-01,5.156334766025556793e-02,0.000000000000000000e+00,0.000000000000000000e+00,0.000000000000000000e+00,1.000000000000000056e-01
9.973971575584658078e-01,-7.206560168665192279e-02,2.336481935264441041e-03,6.549712593170562869e+00,7.204894467353008258e-02,9.973794880144568609e-01,6.565550963208130301e-03,2.986190201166359914e-01,-2.803509536917046449e-03,-6.380120810824465270e-03,9.999757169015234259e-01,5.316628544313518889e-02,0.000000000000000000e+00,0.000000000000000000e+00,0.000000000000000000e+00,1.000000000000000056e-01
9.971177500959232942e-01,-7.575983120593424158e-02,4.079267004268963791e-03,7.373824765553530725e+00,7.572651466746044280e-02,9.970982594877768612e-01,7.781767329146965090e-03,3.773808038001957854e-01,-4.656975409282529572e-03,-7.450429658377723599e-03,9.999614010940336417e-01,6.249995979348296066e-02,0.000000000000000000e+00,0.000000000000000000e+00,0.000000000000000000e+00,1.000000000000000056e-01
9.966863143808495362e-01,-8.126402442485267108e-02,3.542465270859837447e-03,8.190534317472014436e+00,8.123418776033000666e-02,9.966638895002474241e-01,7.880235095359927611e-03,4.495620432970282576e-01,-4.171026832537623463e-03,-7.566353184701433456e-03,9.999626757207723537e-01,6.691857276933843579e-02,0.000000000000000000e+00,0.000000000000000000e+00,0.000000000000000000e+00,1.000000000000000056e-01
9.963162767559120558e-01,-8.567061318544735848e-02,3.797724011352976436e-03,9.023115118544440705e+00,8.563589656802661487e-02,9.962900942654042691e-01,8.517117330536337280e-03,5.359047197290227604e-01,-4.513301477544294851e-03,-8.160521126823081992e-03,9.999565170569725270e-01,7.021582433810222290e-02,0.000000000000000000e+00,0.000000000000000000e+00,0.000000000000000000e+00,1.000000000000000056e-01
9.960511965967110415e-01,-8.866055299737284068e-02,4.617369430756563739e-03,9.803690195503458327e+00,8.862596465457499295e-02,9.960387872824020272e-01,7.223061542573338059e-03,6.312260330859921220e-01,-5.239479678944211627e-03,-6.785320272604512815e-03,9.999632529655737567e-01,8.031172744459055823e-02,0.000000000000000000e+00,0.000000000000000000e+00,0.000000000000000000e+00,1.000000000000000056e-01
9.957357671865310067e-01,-9.211822817866011093e-02,4.951159730284052964e-03,1.057944121005460225e+01,9.207505487261977151e-02,9.957171708574861224e-01,8.336661788015106711e-03,6.795621303032076677e-01,-5.697913271938643241e-03,-7.845234017414850353e-03,9.999529919388998600e-01,8.310000218130203509e-02,0.000000000000000000e+00,0.000000000000000000e+00,0.000000000000000000e+00,1.000000000000000056e-01
9.954521109653848843e-01,-9.509385781501290824e-02,5.679170750834863779e-03,1.137985502422717765e+01,9.505205719381602802e-02,9.954460777104511271e-01,7.225842103309311308e-03,7.737763560475759972e-01,-6.340441450132312112e-03,-6.653162912220007656e-03,9.999577662208943840e-01,9.675528744513778312e-02,0.000000000000000000e+00,0.000000000000000000e+00,0.000000000000000000e+00,1.000000000000000056e-01
9.951101876267821611e-01,-9.866398462605707742e-02,4.597022851761650014e-03,1.223796153945025544e+01,9.861447926591526691e-02,9.950757050147742699e-01,9.976260244317311857e-03,8.683522766128554116e-01,-5.558683342556620249e-03,-9.474145188836219020e-03,9.999396689863033760e-01,8.970332681212539461e-02,0.000000000000000000e+00,0.000000000000000000e+00,0.000000000000000000e+00,1.000000000000000056e-01
9.948142805866161398e-01,-1.016847445761317748e-01,2.181710663726500309e-03,1.311306005416574472e+01,1.016608575783165269e-01,9.947769954992715657e-01,9.154193677407223770e-03,9.844133737753343327e-01,-3.101157424998163183e-03,-8.884928020478221819e-03,9.999557194579649089e-01,8.921391342686517401e-02,0.000000000000000000e+00,0.000000000000000000e+00,0.000000000000000000e+00,1.000000000000000056e-01
9.951463440724577225e-01,-9.840441134063168671e-02,-5.707082664912260708e-04,1.398620431835727906e+01,9.840346827734317015e-02,9.950611943837004425e-01,1.303751750424136241e-02,1.090058434355017702e+00,-7.150595860486417838e-04,-1.303039755292375104e-02,9.999148450890211759e-01,9.729836674793976292e-02,0.000000000000000000e+00,0.000000000000000000e+00,0.000000000000000000e+00,1.000000000000000056e-01
9.934627640014996874e-01,-1.141566307664628743e-01,1.394812042307196857e-05,1.493975055962611798e+01,1.141456506338995036e-01,9.933688878411987000e-01,1.374856758007146282e-02,1.225648836553431265e+00,-1.583345781678121861e-03,-1.365709783187839255e-02,9.999054838808246748e-01,9.845539088436304487e-02,0.000000000000000000e+00,0.000000000000000000e+00,0.000000000000000000e+00,1.000000000000000056e-01
9.926737998747260372e-01,-1.208167084615612147e-01,1.431781682512125184e-03,1.591390236158387239e+01,1.207859099937901720e-01,9.925835361911242716e-01,1.373636157412812427e-02,1.368416480177727435e+00,-3.080744917105592701e-03,-1.346278718680827234e-02,9.999046266379201242e-01,1.056116926589549532e-01,0.000000000000000000e+00,0.000000000000000000e+00,0.000000000000000000e+00,1.000000000000000056e-01
9.924015905880991806e-01,-1.230207191196156929e-01,2.232860385995942814e-03,1.683686809412346364e+01,1.229790001540211203e-01,9.923142730805897260e-01,1.373131318039051522e-02,1.497216562179648491e+00,-3.904935252728307469e-03,-1.335238210332957524e-02,9.999032280040097698e-01,1.123594005789918665e-01,0.000000000000000000e+00,0.000000000000000000e+00,0.000000000000000000e+00,1.000000000000000056e-01
9.920526886441963788e-01,-1.258069487461214442e-01,2.018564096557854196e-03,1.772518127345335515e+01,1.257706350178908472e-01,9.919745053040543992e-01,1.297413557710218324e-02,1.607825664859125148e+00,-3.634600530681228112e-03,-1.261714999385014566e-02,9.999137948868467296e-01,1.219948598091310510e-01,0.000000000000000000e+00,0.000000000000000000e+00,0.000000000000000000e+00,1.000000000000000056e-01
9.917530721522433979e-01,-1.281493170647451108e-01,1.896420951833481180e-03,1.863479238085358602e+01,1.281133675265002381e-01,9.916709784219320811e-01,1.325275883383898734e-02,1.730025369261496415e+00,-3.578957614584793445e-03,-1.290050741356539923e-02,9.999103799695578942e-01,1.278415733109939112e-01,0.000000000000000000e+00,0.000000000000000000e+00,0.000000000000000000e+00,1.000000000000000056e-01
9.913048660879902885e-01,-1.315803199948266111e-01,1.132192709139492968e-03,1.955926921188420309e+01,1.315604829117405505e-01,9.912487719570300948e-01,1.084948983636742879e-02,1.851894618315881980e+00,-2.549863977003070763e-03,-1.060620024979968233e-02,9.999405015849492928e-01,1.386941410578295120e-01,0.000000000000000000e+00,0.000000000000000000e+00,0.000000000000000000e+00,1.000000000000000056e-01
9.911595252031195624e-01,-1.326448451675000528e-01,2.853182366504152662e-03,2.048237542596247351e+01,1.326133705469182134e-01,9.911242632642857098e-01,9.294553298180192880e-03,1.982055457783223451e+00,-4.060732854098267862e-03,-8.834014903592219553e-03,9.999527341976572892e-01,1.524514435517160815e-01,0.000000000000000000e+00,0.000000000000000000e+00,0.000000000000000000e+00,1.000000000000000056e-01
9.914505485194141654e-01,-1.304261064067302189e-01,3.852350987793486375e-03,2.140328861149261996e+01,1.303848165055632446e-01,9.914177841280519266e-01,9.517191782976877276e-03,2.114452344334343703e+00,-5.060579548181531363e-03,-8.933536936938405934e-03,9.999472898370358465e-01,1.544249463089323593e-01,0.000000000000000000e+00,0.000000000000000000e+00,0.000000000000000000e+00,1.000000000000000056e-01
9.915031596876404674e-01,-1.298351119988737923e-01,8.020475152086321835e-03,2.235577976308776371e+01,1.297752466908045077e-01,9.915144377668148046e-01,7.583208179792120564e-03,2.248431254727810469e+00,-8.936983594377664181e-03,-6.477915729393578410e-03,9.999390816104932744e-01,1.597940518806574839e-01,0.000000000000000000e+00,0.000000000000000000e+00,0.000000000000000000e+00,1.000000000000000056e-01
9.919153622932215253e-01,-1.264543303155500065e-01,1.064031912834172838e-02,2.331805228739081315e+01,1.263699030333222673e-01,9.919487393083731286e-01,8.267175568350855833e-03,2.386275759515190664e+00,-1.160007129529423003e-02,-6.855722352530260050e-03,9.999092145874889370e-01,1.601280766234575714e-01,0.000000000000000000e+00,0.000000000000000000e+00,0.000000000000000000e+00,1.000000000000000056e-01
9.923664440057075042e-01,-1.228571360406215812e-01,1.072217027299889394e-02,2.423607447871304288e+01,1.227942063671489253e-01,9.924118730363850061e-01,6.344851383301833292e-03,2.498285201895514618e+00,-1.142031935319771929e-02,-4.979797215785598807e-03,9.999223859508099554e-01,1.578599861580959884e-01,0.000000000000000000e+00,0.000000000000000000e+00,0.000000000000000000e+00,1.000000000000000056e-01
9.925527346841960252e-01,-1.214742890249701779e-01,9.114053807285409092e-03,2.518709237644246457e+01,1.214246198883058014e-01,9.925835907409168435e-01,5.820401777251932307e-03,2.616267701227361187e+00,-9.753489421972627582e-03,-4.670385181780962666e-03,9.999415267636149185e-01,1.561338917718986807e-01,0.000000000000000000e+00,0.000000000000000000e+00,0.000000000000000000e+00,1.000000000000000056e-01
9.929025848494333895e-01,-1.188413448307674009e-01,4.603450676212934856e-03,2.612678812318547728e+01,1.188148178855470832e-01,9.929002864637430648e-01,5.662171936742359593e-03,2.743153266667095469e+00,-5.243667622759027105e-03,-5.075026998114072138e-03,9.999733736709345289e-01,1.537889676386628990e-01,0.000000000000000000e+00,0.000000000000000000e+00,0.000000000000000000e+00,1.000000000000000056e-01
9.929911447159556204e-01,-1.181417809963166282e-01,3.332581389015153682e-03,2.706644710395914544e+01,1.181265723161739195e-01,9.929886116597540502e-01,4.441849487093360756e-03,2.862006247236231093e+00,-3.833983376044076963e-03,-4.017050790395782119e-03,9.999845818183495938e-01,1.572648750157340791e-01,0.000000000000000000e+00,0.000000000000000000e+00,0.000000000000000000e+00,1.000000000000000056e-01
9.932624387406004951e-01,-1.158207640800648641e-01,3.908758752440149274e-03,2.801967414649841359e+01,1.158083813868822920e-01,9.932662274850894146e-01,3.258855334154589153e-03,2.978464093287881198e+00,-4.259881175013731890e-03,-2.784231572353299163e-03,9.999870506496203459e-01,1.616643038099432605e-01,0.000000000000000000e+00,0.000000000000000000e+00,0.000000000000000000e+00,1.000000000000000056e-01
9.934053188468709994e-01,-1.144716498709545810e-01,6.489519440464225873e-03,2.902600934878613259e+01,1.144716321522770280e-01,9.934264464534978689e-01,3.753920208219384659e-04,3.099552112413656690e+00,-6.489831980903147494e-03,3.699494520966825238e-04,9.999788723859431849e-01,1.689913290781169253e-01,0.000000000000000000e+00,0.000000000000000000e+00,0.000000000000000000e+00,1.000000000000000056e-01
9.936967866150826501e-01,-1.116100357569174417e-01,1.048313832774042109e-02,2.998030981194996869e+01,1.116395444786938140e-01,9.937461713495006066e-01,-2.271351315573907296e-03,3.207781941167042739e+00,-1.016407297537152282e-02,3.427367291175808465e-03,9.999424707321930006e-01,1.706140033232532438e-01,0.000000000000000000e+00,0.000000000000000000e+00,0.000000000000000000e+00,1.000000000000000056e-01
9.937577356449796007e-01,-1.110325279465279036e-01,1.083238586675592564e-02,3.090857362898466931e+01,1.111339265407415289e-01,9.937623432230274778e-01,-9.255029093140534902e-03,3.294324230199502157e+00,-9.737207885213318773e-03,1.040110233010476531e-02,9.998984967750070840e-01,1.775455472513808031e-01,0.000000000000000000e+00,0.000000000000000000e+00,0.000000000000000000e+00,1.000000000000000056e-01
9.940658801384251175e-01,-1.085704367450415625e-01,6.744346492369794263e-03,3.186031126554464521e+01,1.086473283191274480e-01,9.940038694550155096e-01,-1.233148642995318157e-02,3.393196596135789722e+00,-5.365071642945366120e-03,1.299106513906091338e-02,9.999012192375899000e-01,1.824802187014938626e-01,0.000000000000000000e+00,0.000000000000000000e+00,0.000000000000000000e+00,1.000000000000000056e-01
9.940612259016902152e-01,-1.087878602380755733e-01,2.735072878306168964e-03,3.285990899098413820e+01,1.088126934911979593e-01,9.939929068385154887e-01,-1.174303580462809568e-02,3.504271299207990076e+00,-1.441143302838136060e-03,1.197090721453926421e-02,9.999273076011283568e-01,1.814789803786646949e-01,0.000000000000000000e+00,0.000000000000000000e+00,0.000000000000000000e+00,1.000000000000000056e-01
9.941764804286145063e-01,-1.077624481675455853e-01,6.168691188721566170e-04,3.383023829983395814e+01,1.077623894338440441e-01,9.941100548201313725e-01,-1.150940176655340999e-02,3.618142442974314754e+00,6.270455177288236908e-04,1.150885183032855988e-02,9.999335743655506370e-01,1.870752135492318724e-01,0.000000000000000000e+00,0.000000000000000000e+00,0.000000000000000000e+00,1.000000000000000056e-01
9.942538477727000945e-01,-1.070390813012714187e-01,1.386096446993127264e-03,3.479665183525462879e+01,1.070479831792296582e-01,9.941848768318460872e-01,-1.171153175747996662e-02,3.728668582557764566e+00,-1.244445254796012687e-04,1.179261434232913887e-02,9.999304569621495498e-01,2.022900707911949592e-01,0.000000000000000000e+00,0.000000000000000000e+00,0.000000000000000000e+00,1.000000000000000056e-01
9.942160647832783971e-01,-1.073581822511362055e-01,2.938916566307250844e-03,3.576234452728741076e+01,1.073844893774911075e-01,9.941554471589946207e-01,-1.111387984615892256e-02,3.845453512699614329e+00,-1.728573975099003020e-03,1.136519193991826666e-02,9.999339200388100979e-01,2.044156805528467569e-01,0.000000000000000000e+00,0.000000000000000000e+00,0.000000000000000000e+00,1.000000000000000056e-01
9.942322874193241233e-01,-1.071509797693566135e-01,4.563571781554824104e-03,3.672262895775678260e+01,1.071969480361785465e-01,9.941721357113053603e-01,-1.142711280029621440e-02,3.943424837623246582e+00,-3.312549572053511034e-03,1.185040546516384630e-02,9.999242945871671395e-01,2.221672872718136460e-01,0.000000000000000000e+00,0.000000000000000000e+00,0.000000000000000000e+00,1.000000000000000056e-01
9.940542211237279879e-01,-1.086548523916951309e-01,7.094259498873216503e-03,3.770018086867387552e+01,1.087250895228811937e-01,9.940173916499916995e-01,-1.040576789999416406e-02,4.064292382712483054e+00,-5.921180147562025813e-03,1.111522150413653091e-02,9.999206925934547296e-01,2.301397574880783559e-01,0.000000000000000000e+00,0.000000000000000000e+00,0.000000000000000000e+00,1.000000000000000056e-01
9.941655415780819016e-01,-1.075915310827330329e-01,7.677133451513252181e-03,3.869248041657688475e+01,1.076630086096720951e-01,9.941411090597023215e-01,-9.598533984866052665e-03,4.185636384291884227e+00,-6.599432996305340006e-03,1.036907502230785538e-02,9.999244620306620979e-01,2.467177918150063598e-01,0.000000000000000000e+00,0.000000000000000000e+00,0.000000000000000000e+00,1.000000000000000056e-01
9.942777153689301706e-01,-1.064416129236043368e-01,9.055813545029206893e-03,3.970910185056310127e+01,1.064958624665372083e-01,9.942966107852417856e-01,-5.734200771673813452e-03,4.309163073336756078e+00,-8.393807136760888729e-03,6.665794716540629841e-03,9.999425539412490904e-01,2.526379578229574485e-01,0.000000000000000000e+00,0.000000000000000000e+00,0.000000000000000000e+00,1.000000000000000056e-01
9.938975197032046127e-01,-1.099898396301975251e-01,8.363940814082699085e-03,4.069897405302136661e+01,1.100619855362405669e-01,9.938864881421003439e-01,-8.718258334262558168e-03,4.410597494837437793e+00,-7.353887926696863267e-03,9.585607267460889702e-03,9.999270155694742757e-01,2.722842928732105983e-01,0.000000000000000000e+00,0.000000000000000000e+00,0.000000000000000000e+00,1.000000000000000056e-01
9.940581296959428714e-01,-1.085741159661160887e-01,7.752169217735967004e-03,4.169534627078960654e+01,1.086296117974440562e-01,9.940566769375183132e-01,-7.136559162161674498e-03,4.511642637396309219e+00,-6.931249969568345319e-03,7.936269785913632052e-03,9.999444851569233572e-01,3.001282507917608089e-01,0.000000000000000000e+00,0.000000000000000000e+00,0.000000000000000000e+00,1.000000000000000056e-01
9.942139491179737831e-01,-1.073435539855008697e-01,3.998099173983194789e-03,4.269429876285975922e+01,1.073650320859435153e-01,9.942038253336011877e-01,-5.612804755070146048e-03,4.599972273615287044e+00,-3.372427082601255153e-03,6.009584827263920667e-03,9.999762555309883449e-01,3.133420592722010456e-01,0.000000000000000000e+00,0.000000000000000000e+00,0.000000000000000000e+00,1.000000000000000056e-01
9.944183058674105347e-01,-1.054646395139942211e-01,3.072908715259212165e-03,4.371932971791112266e+01,1.054814191008278251e-01,9.944035554412142819e-01,-5.936257267623794992e-03,4.713014928364002820e+00,-2.429646119207783117e-03,6.227257667316401721e-03,9.999776587912753145e-01,3.274515856760225607e-01,0.000000000000000000e+00,0.000000000000000000e+00,0.000000000000000000e+00,1.000000000000000056e-01
9.943610441414113543e-01,-1.058913164149951208e-01,5.756995909469798944e-03,4.469486449409075135e+01,1.059356105642694917e-01,9.943405946471078893e-01,-8.026721074721217611e-03,4.816690926848226084e+00,-4.874454674904953391e-03,8.591329625577346848e-03,9.999512131833667716e-01,3.438048452318736570e-01,0.000000000000000000e+00,0.000000000000000000e+00,0.000000000000000000e+00,1.000000000000000056e-01
9.941497929301349457e-01,-1.078963118541847038e-01,4.957328437198445410e-03,4.564309306216425455e+01,1.079290439598946799e-01,9.941347066455515913e-01,-6.892496838312715812e-03,4.919860956336003177e+00,-4.184577263339356486e-03,7.387214023402224189e-03,9.999639585415563969e-01,3.515421710427420465e-01,0.000000000000000000e+00,0.000000000000000000e+00,0.000000000000000000e+00,1.000000000000000056e-01
9.936586925703103645e-01,-1.124321478872606361e-01,1.189454042278495103e-03,4.653758580582218229e+01,1.124379613956502377e-01,9.936297162710717723e-01,-7.595510533177221753e-03,5.023632260280614936e+00,-3.278973190012331521e-04,7.681084853488507648e-03,9.999704462726994869e-01,3.701900902745449140e-01,0.000000000000000000e+00,0.000000000000000000e+00,0.000000000000000000e+00,1.000000000000000056e-01
9.938558599044683417e-01,-1.106820604092652871e-01,1.060052333842161402e-04,4.748151622255540616e+01,1.106800646881430650e-01,9.938312038571626150e-01,-7.032888485635241382e-03,5.128576256288721602e+00,6.730632795093110989e-04,7.001410099591494351e-03,9.999752633152677594e-01,3.767513414516616699e-01,0.000000000000000000e+00,0.000000000000000000e+00,0.000000000000000000e+00,1.000000000000000056e-01
9.937911429258676765e-01,-1.112616052235790715e-01,1.394459399168590291e-04,4.842283355254060240e+01,1.112604259529193645e-01,9.937730682227424728e-01,-6.017183056170996407e-03,5.242872123813659968e+00,5.309038261913250935e-04,5.995338041258894100e-03,9.999818868674064110e-01,3.923996947470256846e-01,0.000000000000000000e+00,0.000000000000000000e+00,0.000000000000000000e+00,1.000000000000000056e-01
9.940745352174770177e-01,-1.086472636291484078e-01,3.404487928494401901e-03,4.938371348816470885e+01,1.086723178970174647e-01,9.940427160553534369e-01,-8.331025158136389983e-03,5.361730297519332389e+00,-2.479063340561127576e-03,8.651633556401442868e-03,9.999595009207918883e-01,3.974205810355656010e-01,0.000000000000000000e+00,0.000000000000000000e+00,0.000000000000000000e+00,1.000000000000000056e-01
9.942572635357621591e-01,-1.068520678321577821e-01,5.927014962866281912e-03,5.037083221244045461e+01,1.069129810571723405e-01,9.942059316135304359e-01,-1.114360919723924800e-02,5.477431680262633940e+00,-4.701955747005341114e-03,1.171328922480954424e-02,9.999203420611509907e-01,4.225840112274860672e-01,0.000000000000000000e+00,0.000000000000000000e+00,0.000000000000000000e+00,1.000000000000000056e-01
9.943108378126186420e-01,-1.063496038296506963e-01,5.976585450303418222e-03,5.128891248014788573e+01,1.064096530519124950e-01,9.942633335053933097e-01,-1.083556108905897597e-02,5.593905103406944690e+00,-4.789942143705107867e-03,1.140988220883393592e-02,9.999234325898360698e-01,4.290260161551394669e-01,0.000000000000000000e+00,0.000000000000000000e+00,0.000000000000000000e+00,1.000000000000000056e-01
9.941941284156343706e-01,-1.074143933609825324e-01,6.339015914881475193e-03,5.222521494773055650e+01,1.074944172926135949e-01,9.941066447259134797e-01,-1.403314514668725470e-02,5.704662433637579966e+00,-4.794296069128962078e-03,1.463307933001961429e-02,9.998814368286486065e-01,4.442901077583566449e-01,0.000000000000000000e+00,0.000000000000000000e+00,0.000000000000000000e+00,1.000000000000000056e-01
9.942419754862446002e-01,-1.071005977653945868e-01,3.515130083653373282e-03,5.319146044369269788e+01,1.071454155611934883e-01,9.940957505813108330e-01,-1.713180085103460995e-02,5.816339511285842256e+00,-1.659549766956843917e-03,1.740978559533426853e-02,9.998470609348689697e-01,4.703940997178974737e-01,0.000000000000000000e+00,0.000000000000000000e+00,0.000000000000000000e+00,1.000000000000000056e-01
9.939554141689664890e-01,-1.096498964805988074e-01,5.434597132462938400e-03,5.412639201491586505e+01,1.097406227673473345e-01,9.937394251044474602e-01,-2.095115051058320937e-02,5.928763837753697530e+00,-3.103281945453104963e-03,2.142090555686921444e-02,9.997657297818778321e-01,4.728102467362561012e-01,0.000000000000000000e+00,0.000000000000000000e+00,0.000000000000000000e+00,1.000000000000000056e-01
9.938849828718989698e-01,-1.099780954713087538e-01,9.872149625526311506e-03,5.506417048539029224e+01,1.101756875289291865e-01,9.936595994904916518e-01,-2.240353137171780668e-02,6.031687879617603443e+00,-7.345658530917439921e-03,2.335420426603062455e-02,9.997002663017788837e-01,4.871941363736511099e-01,0.000000000000000000e+00,0.000000000000000000e+00,0.000000000000000000e+00,1.000000000000000056e-01
9.935780451033102700e-01,-1.121005450121623365e-01,1.536672042631222375e-02,5.600425999976806679e+01,1.124050552301689571e-01,9.934481558929427747e-01,-2.063649950001017475e-02,6.146003150131789106e+00,-1.295267722854793850e-02,2.223126988922174280e-02,9.996689445970229349e-01,5.101838383453932702e-01,0.000000000000000000e+00,0.000000000000000000e+00,0.000000000000000000e+00,1.000000000000000056e-01
9.935064735130945124e-01,-1.125558625028570403e-01,1.661520098622708969e-02,5.695632064434354902e+01,1.128466545402770083e-01,9.934539740010395192e-01,-1.774356504790462405e-02,6.264565491627815064e+00,-1.450929518075084156e-02,1.950331658410396282e-02,9.997045068396851475e-01,5.076895342544890388e-01,0.000000000000000000e+00,0.000000000000000000e+00,0.000000000000000000e+00,1.000000000000000056e-01
9.935041865575159337e-01,-1.132246118501791937e-01,1.138501489084694195e-02,5.783737484896852976e+01,1.134338060587491565e-01,9.933480928577858027e-01,-1.980752530796977759e-02,6.364789106500971627e+00,-9.066583464272822898e-03,2.097030488991622962e-02,9.997389876248247154e-01,5.198110236453991062e-01,0.000000000000000000e+00,0.000000000000000000e+00,0.000000000000000000e+00,1.000000000000000056e-01
9.934568830202836764e-01,-1.140448942978507796e-01,6.097840946955815182e-03,5.874931222505200878e+01,1.141437232104328403e-01,9.932715161109469948e-01,-1.956797726697749942e-02,6.465543231427116844e+00,-3.825183823351019537e-03,2.013597197189380753e-02,9.997899332367098379e-01,5.278802538599085548e-01,0.000000000000000000e+00,0.000000000000000000e+00,0.000000000000000000e+00,1.000000000000000056e-01
9.935543346054530600e-01,-1.133176379339353862e-01,2.982804014518432821e-03,5.970232272315752908e+01,1.133545000126366525e-01,9.933601991683971288e-01,-1.965380459370449917e-02,6.588036029983928898e+00,-7.358760769686021729e-04,1.986523700326509045e-02,9.998023958989112892e-01,5.392687326499604472e-01,0.000000000000000000e+00,0.000000000000000000e+00,0.000000000000000000e+00,1.000000000000000056e-01
9.932892854528113658e-01,-1.156560613137746080e-01,2.662443010205274140e-04,6.061486957270823694e+01,1.156440420217238058e-01,9.931471894215814222e-01,-1.688536907773473955e-02,6.701839246567210751e+00,1.688475502102152219e-03,1.680284575296539518e-02,9.998573965446676537e-01,5.442267954454690360e-01,0.000000000000000000e+00,0.000000000000000000e+00,0.000000000000000000e+00,1.000000000000000056e-01
9.929947042742954810e-01,-1.181353353875162493e-01,2.357926225206610077e-03,6.154250582812150583e+01,1.181570531605257990e-01,9.928922455056731211e-01,-1.427934183087058162e-02,6.828080575449166467e+00,-6.542718281792204039e-04,1.445791643291724493e-02,9.998952648056663728e-01,5.655538206956920444e-01,0.000000000000000000e+00,0.000000000000000000e+00,0.000000000000000000e+00,1.000000000000000056e-01
9.926892915561531527e-01,-1.206377691972215782e-01,3.807764811616323568e-03,6.241194147726969987e+01,1.206771690940937336e-01,9.926091358212285609e-01,-1.281110235964552993e-02,6.950884062142951514e+00,-2.234119329444064599e-03,1.317695440349184524e-02,9.999106843030881597e-01,5.790213358480250649e-01,0.000000000000000000e+00,0.000000000000000000e+00,0.000000000000000000e+00,1.000000000000000056e-01
9.925798387989557270e-01,-1.215228226119781790e-01,4.179377257045209515e-03,6.321695025616522656e+01,1.215652156460871464e-01,9.925095449917222812e-01,-1.211203720456569335e-02,7.059401712356929259e+00,-2.676182871058576437e-03,1.253023083355382303e-02,9.999179123110548684e-01,5.923246464163373082e-01,0.000000000000000000e+00,0.000000000000000000e+00,0.000000000000000000e+00,1.000000000000000056e-01
9.923475623511124333e-01,-1.233403670056992113e-01,5.785271186764466556e-03,6.402326196767742772e+01,1.234013302752242774e-01,9.922874050803969226e-01,-1.173956579765129786e-02,7.166465774931017663e+00,-4.292689379631035515e-03,1.236363966280941938e-02,9.999143529483803805e-01,6.013320508715087609e-01,0.000000000000000000e+00,0.000000000000000000e+00,0.000000000000000000e+00,1.000000000000000056e-01
9.924004463644219287e-01,-1.228196970072980149e-01,7.528351926663987698e-03,6.481646608897941064e+01,1.229084014270417496e-01,9.923362319871338322e-01,-1.274078271640047277e-02,7.279147113485985088e+00,-5.905837311114695357e-03,1.356925615547440248e-02,9.998904921905407139e-01,6.215067664382780688e-01,0.000000000000000000e+00,0.000000000000000000e+00,0.000000000000000000e+00,1.000000000000000056e-01
9.923673901930070151e-01,-1.230076031910515566e-01,8.723097999731904001e-03,6.561469249597681141e+01,1.231213977177398611e-01,9.922929206740542796e-01,-1.399574950422711149e-02,7.388535238303873598e+00,-6.934284790102646263e-03,1.496292542746074407e-02,9.998640040310992072e-01,6.316523040526327293e-01,0.000000000000000000e+00,0.000000000000000000e+00,0.000000000000000000e+00,1.000000000000000056e-01
9.922865680847829939e-01,-1.236001439596825652e-01,9.506377420923048036e-03,6.635554137012597664e+01,1.237326846275404874e-01,9.922034916103320557e-01,-1.491489158952902933e-02,7.484601779523728737e+00,-7.588778121996623757e-03,1.597609618810379856e-02,9.998435751642371638e-01,6.409100649610675049e-01,0.000000000000000000e+00,0.000000000000000000e+00,0.000000000000000000e+00,1.000000000000000056e-01
9.920053483908982672e-01,-1.256659064503629353e-01,1.155286630499975306e-02,6.713331687342717657e+01,1.258209693294125298e-01,9.919563051674389342e-01,-1.384818816921104187e-02,7.599496329590971655e+00,-9.719693455021858469e-03,1.519106956640909126e-02,9.998373662574173704e-01,6.450297979850755370e-01,0.000000000000000000e+00,0.000000000000000000e+00,0.000000000000000000e+00,1.000000000000000056e-01
9.921898411264424844e-01,-1.239340516961536104e-01,1.413046339155412875e-02,6.787440304476990605e+01,1.241179292424643837e-01,9.921826480696931405e-01,-1.297430190699960795e-02,7.708339040747907767e+00,-1.241204278302044176e-02,1.462681440322858781e-02,9.998159818158369738e-01,6.548752679154186129e-01,0.000000000000000000e+00,0.000000000000000000e+00,0.000000000000000000e+00,1.000000000000000056e-01
9.919438537356050078e-01,-1.257047445010391340e-01,1.567508360695597791e-02,6.858591505776128372e+01,1.258777673737579983e-01,9.919892891679682467e-01,-1.058479366955459092e-02,7.807416918657714255e+00,-1.421895626108515831e-02,1.247266555141483130e-02,9.998211109477974645e-01,6.704334761606649540e-01,0.000000000000000000e+00,0.000000000000000000e+00,0.000000000000000000e+00,1.000000000000000056e-01
9.915805431707106488e-01,-1.288142866562643207e-01,1.322520164368867074e-02,6.925046810190916347e+01,1.289446491208208201e-01,9.916060389845426926e-01,-9.525802459323468030e-03,7.905988120198355951e+00,-1.188713036804374401e-02,1.115091936225039507e-02,9.998671677422905635e-01,6.771192497142897171e-01,0.000000000000000000e+00,0.000000000000000000e+00,0.000000000000000000e+00,1.000000000000000056e-01
9.918409553748123164e-01,-1.272598015554348705e-01,7.514129972977678928e-03,6.994662762434268188e+01,1.273335281158285426e-01,9.918062770581648202e-01,-1.031898277924692998e-02,8.010830578577545324e+00,-6.139369573089246621e-03,1.119159041844465345e-02,9.999185249034797662e-01,6.808018555671800920e-01,0.000000000000000000e+00,0.000000000000000000e+00,0.000000000000000000e+00,1.000000000000000056e-01
9.920731300725108559e-01,-1.256380198006863402e-01,2.447972363664365630e-03,7.069967253977519306e+01,1.256590698120262362e-01,9.919927552447410646e-01,-1.265589648833576053e-02,8.112314430897319184e+00,-8.383090761974302824e-04,1.286318477320056927e-02,9.999169144060836567e-01,6.937787659868001056e-01,0.000000000000000000e+00,0.000000000000000000e+00,0.000000000000000000e+00,1.000000000000000056e-01
9.919680189113092572e-01,-1.264491279418566705e-01,3.172932384457061942e-03,7.141922012127963626e+01,1.264767198682550664e-01,9.919086872685808354e-01,-1.099069845312704470e-02,8.220537012868208038e+00,-1.757494961388944652e-03,1.130372345134991567e-02,9.999345663830189190e-01,7.044735194027897940e-01,0.000000000000000000e+00,0.000000000000000000e+00,0.000000000000000000e+00,1.000000000000000056e-01
9.921730750404570420e-01,-1.247131912494602451e-01,6.261716469084432392e-03,7.209060952052297466e+01,1.247665378091354776e-01,9.921452427495994764e-01,-9.007126759394553164e-03,8.323903631359740984e+00,-5.089224684096434713e-03,9.717881338737790684e-03,9.999398294769545892e-01,7.137353235948561414e-01,0.000000000000000000e+00,0.000000000000000000e+00,0.000000000000000000e+00,1.000000000000000056e-01
9.920870295806735184e-01,-1.252520331412390608e-01,8.674902407628285253e-03,7.271336892680339758e+01,1.253335835585664970e-01,9.920682314607390806e-01,-9.597758005353385774e-03,8.410856371691567190e+00,-7.403956385862186552e-03,1.060906783593405789e-02,9.999163110528244136e-01,7.257850342261409349e-01,0.000000000000000000e+00,0.000000000000000000e+00,0.000000000000000000e+00,1.000000000000000056e-01
9.921329865200395615e-01,-1.250497162864173673e-01,5.891138728085018247e-03,7.329215899262246126e+01,1.251164796638855603e-01,9.920594191448119936e-01,-1.280528807074470150e-02,8.466146334067740753e+00,-4.243062024473059565e-03,1.344162723574695260e-02,9.999006546062022549e-01,7.346522689419542340e-01,0.000000000000000000e+00,0.000000000000000000e+00,0.000000000000000000e+00,1.000000000000000056e-01
9.921923848995715112e-01,-1.246916801581792467e-01,2.501249014151722856e-03,7.393763985293219321e+01,1.247167629089817042e-01,9.919896088360798947e-01,-2.005853959654110841e-02,8.530367459052213164e+00,1.991997266207910441e-05,2.021387792016889756e-02,9.997956784976734790e-01,7.538955000186486899e-01,0.000000000000000000e+00,0.000000000000000000e+00,0.000000000000000000e+00,1.000000000000000056e-01
9.924905635111138658e-01,-1.223093859267410793e-01,-1.701603836143784952e-03,7.455869784542723266e+01,1.222370722746899535e-01,9.922277282006251031e-01,-2.328590886219925049e-02,8.603838905414685101e+00,4.536463722316064727e-03,2.290304573741097638e-02,9.997273983405907671e-01,7.614226065163230972e-01,0.000000000000000000e+00,0.000000000000000000e+00,0.000000000000000000e+00,1.000000000000000056e-01
9.929850356364172681e-01,-1.182152135025243272e-01,-2.425345067337719360e-03,7.515057386022813546e+01,1.181406134256317991e-01,9.927821046518710002e-01,-2.065158934360241533e-02,8.672116602712486966e+00,4.849171223878991077e-03,2.022018742628159393e-02,9.997837914063657516e-01,7.717051885030876690e-01,0.000000000000000000e+00,0.000000000000000000e+00,0.000000000000000000e+00,1.000000000000000056e-01
9.936417606761096533e-01,-1.125878110555207368e-01,1.903738613478934841e-04,7.572795780340862848e+01,1.125744971640296466e-01,9.934952588406745777e-01,-1.715089645956828154e-02,8.756536687802574548e+00,1.741846361366348756e-03,1.706327819697349771e-02,9.998528944341893432e-01,7.764816936087086674e-01,0.000000000000000000e+00,0.000000000000000000e+00,0.000000000000000000e+00,1.000000000000000056e-01
9.944638165498242977e-01,-1.049978271211338271e-01,4.144137183762264080e-03,7.628009177797812868e+01,1.050563559611099457e-01,9.942996164839843498e-01,-1.820534899347601640e-02,8.795930422088270362e+00,-2.208991926174935783e-03,1.853992879280266445e-02,9.998256805038705508e-01,7.884347116964872670e-01,0.000000000000000000e+00,0.000000000000000000e+00,0.000000000000000000e+00,1.000000000000000056e-01
9.953620948998264106e-01,-9.578814597338718151e-02,8.884319197889940442e-03,7.685852833829540032e+01,9.595945871701815066e-02,9.951544992011015500e-01,-2.143140225327586773e-02,8.851140544984943404e+00,-6.788395934667728650e-03,2.218453990476026289e-02,9.997308457129090442e-01,7.992720457845494675e-01,0.000000000000000000e+00,0.000000000000000000e+00,0.000000000000000000e+00,1.000000000000000056e-01
9.963052242778044354e-01,-8.496765004529914511e-02,1.250593949023723686e-02,7.739186239561524872e+01,8.525098224903794597e-02,9.960655657601729107e-01,-2.420038703080609060e-02,8.895402796789083411e+00,-1.040048567751131192e-02,2.517711565382668715e-02,9.996289025158414665e-01,8.136896186818337595e-01,0.000000000000000000e+00,0.000000000000000000e+00,0.000000000000000000e+00,1.000000000000000056e-01
9.972985229486632797e-01,-7.239598447006344306e-02,1.242890007301015662e-02,7.787573120787116920e+01,7.265331140678225885e-02,9.971216301347715083e-01,-2.167835461941313574e-02,8.936422353750744563e+00,-1.082369927721850769e-02,2.252279178934623455e-02,9.996877369378750489e-01,8.228276722899460216e-01,0.000000000000000000e+00,0.000000000000000000e+00,0.000000000000000000e+00,1.000000000000000056e-01
9.984123365778089232e-01,-5.505690248008361654e-02,1.189721221709141678e-02,7.836895434783939152e+01,5.527096921428567566e-02,9.983003068724812801e-01,-1.848289101907833049e-02,8.979278667574035921e+00,-1.085937987886198726e-02,1.911111685925767634e-02,9.997583903529083660e-01,8.230751968932358276e-01,0.000000000000000000e+00,0.000000000000000000e+00,0.000000000000000000e+00,1.000000000000000056e-01
9.993006201056483517e-01,-3.495560882534329977e-02,1.328066519855762746e-02,7.885482476000076701e+01,3.513577874062311784e-02,9.992902211874654661e-01,-1.358421478762276112e-02,8.994830173410445440e+00,-1.279639436546774027e-02,1.404134077486455905e-02,9.998195302355757930e-01,8.259690616904078464e-01,0.000000000000000000e+00,0.000000000000000000e+00,0.000000000000000000e+00,1.000000000000000056e-01
9.998194044414534520e-01,-1.289259087876673711e-02,1.396207730855246291e-02,7.933172713081329164e+01,1.308608255323368864e-02,9.998183547237778912e-01,-1.385683949708169278e-02,9.003313907643486047e+00,-1.378089060065450407e-02,1.403704590968737724e-02,9.998065054781261063e-01,8.306580747687344335e-01,0.000000000000000000e+00,0.000000000000000000e+00,0.000000000000000000e+00,1.000000000000000056e-01
9.997828609780442521e-01,1.386477870502376107e-02,1.555631080999920687e-02,7.982050334430657301e+01,-1.361152755744814667e-02,9.997749961049843259e-01,-1.626909588241974222e-02,9.010461073394576914e+00,-1.577837799361544655e-02,1.605381807356920029e-02,9.997466267575756405e-01,8.387087966422324126e-01,0.000000000000000000e+00,0.000000000000000000e+00,0.000000000000000000e+00,1.000000000000000056e-01
9.989129225728249351e-01,4.307458947972699070e-02,1.782001285550540576e-02,8.029998422553826742e+01,-4.276841245597255703e-02,9.989365985536489134e-01,-1.722019065114767031e-02,8.993040141801042608e+00,-1.854281567112168322e-02,1.643933731082416680e-02,9.996929089354229525e-01,8.367980958189326079e-01,0.000000000000000000e+00,0.000000000000000000e+00,0.000000000000000000e+00,1.000000000000000056e-01
9.969111154838651290e-01,7.597490790319913478e-02,1.990078374879136053e-02,8.077438340785724336e+01,-7.560845115504152836e-02,9.969647963729927342e-01,-1.856224412329784620e-02,8.944859564387137141e+00,-2.125064560552099302e-02,1.700024005882313713e-02,9.996296323635524006e-01,8.330265396190037475e-01,0.000000000000000000e+00,0.000000000000000000e+00,0.000000000000000000e+00,1.000000000000000056e-01
9.933236458524128398e-01,1.130447814604219336e-01,2.300026032539236043e-02,8.125453982844535972e+01,-1.126042319464153896e-01,9.934460411164802718e-01,-1.962779503027587205e-02,8.890825581450586768e+00,-2.506833736465698126e-02,1.690682627100907956e-02,9.995427643113693472e-01,8.371249793153483498e-01,0.000000000000000000e+00,0.000000000000000000e+00,0.000000000000000000e+00,1.000000000000000056e-01
