1.000000000000000000e+00,-2.629265281262913455e-13,1.161306536588145806e-13,1.865560223203622317e-20,2.629265281262942737e-13,1.000000000000000000e+00,-2.544801782941764089e-14,6.004790112264623593e-20,-1.161306536588078658e-13,2.544801782944817296e-14,1.000000000000000000e+00,-3.572496373751331118e-20,0.000000000000000000e+00,0.000000000000000000e+00,0.000000000000000000e+00,1.000000000000000056e-01
9.999966547790994920e-01,-2.141256063737238379e-03,-1.451017946155657703e-03,6.253726555398099185e-01,2.138486412980817718e-03,9.999958938943502851e-01,-1.907634739858444541e-03,-3.159555688654456466e-03,1.455096722576788891e-03,1.904525376235997013e-03,9.999971277341846987e-01,1.251645139983142106e-02,0.000000000000000000e+00,0.000000000000000000e+00,0.000000000000000000e+00,1.000000000000000056e-01
9.999870154096501818e-01,-4.287169624360117823e-03,-2.754848219400912214e-03,1.256102165504166424e+00,4.287210055952292778e-03,9.999908098342702445e-01,8.771345384336569893e-06,-8.434388464679866762e-03,2.754785297643718746e-03,-2.058184448084779403e-05,9.999962053599761314e-01,1.951476431112561180e-02,0.000000000000000000e+00,0.000000000000000000e+00,0.000000000000000000e+00,1.000000000000000056e-01
9.999636802885172315e-01,-8.375473849190760711e-03,-1.577828141993627663e-03,1.986087812241469575e+00,8.376304774523939123e-03,9.999647825457023131e-01,5.207558454008435382e-04,-6.773009970152437526e-03,1.573410997938179488e-03,-5.339533010979450678e-04,9.999986196348992218e-01,2.649729560431672223e-02,0.000000000000000000e+00,0.000000000000000000e+00,0.000000000000000000e+00,1.000000000000000056e-01
9.999079051787653771e-01,-1.332921682716984961e-02,-2.552085380109274295e-03,2.702565057515853297e+00,1.332526311673886375e-02,9.999099978394012656e-01,-1.559994768639933697e-03,-9.023641288696194335e-03,2.572649195431484567e-03,1.525843892014250476e-03,9.999955266282617439e-01,2.484955247520098318e-02,0.000000000000000000e+00,0.000000000000000000e+00,0.000000000000000000e+00,1.000000000000000056e-01
9.997970501274823230e-01,-1.995136850688708843e-02,-2.793107782913072448e-03,3.449169383018162449e+00,1.995130440175712019e-02,9.998009516251140649e-01,-5.081520222424022927e-05,-4.966326234130767799e-03,2.793565652173329687e-03,-4.921254318388772339e-06,9.999960979757511748e-01,3.524842151407252266e-02,0.000000000000000000e+00,0.000000000000000000e+00,0.000000000000000000e+00,1.000000000000000056e-01
9.997039696901564021e-01,-2.419748459649105274e-02,-2.540615072278742427e-03,4.197349311522721393e+00,2.419909499907785602e-02,9.997069759302954495e-01,6.050434110001556625e-04,1.548904858774362119e-02,2.525230082292826035e-03,-6.663448853018908531e-04,9.999965895929472381e-01,5.164970335801011975e-02,0.000000000000000000e+00,0.000000000000000000e+00,0.000000000000000000e+00,1.000000000000000056e-01
9.995417800974399913e-01,-3.005998888468239955e-02,-3.553436068605512858e-03,4.965402352203701852e+00,3.006941774202243761e-02,9.995443515404276447e-01,2.630479097373114149e-03,3.828165925823790589e-02,3.472744778506238472e-03,-2.736123513063899119e-03,9.999902267881545237e-01,6.653595081729889171e-02,0.000000000000000000e+00,0.000000000000000000e+00,0.000000000000000000e+00,1.000000000000000056e-01
9.994200681435725375e-01,-3.387976924885317126e-02,-3.418863486788321741e-03,5.750957234962731590e+00,3.388533517566780923e-02,9.994244728173959924e-01,1.583412044539971508e-03,8.700772084844558829e-02,3.363250203223193402e-03,-1.698343108623166396e-03,9.999929020641875610e-01,6.355255097135617537e-02,0.000000000000000000e+00,0.000000000000000000e+00,0.000000000000000000e+00,1.000000000000000056e-01
9.993532947173738856e-01,-3.590998915119174295e-02,-1.861455530185207076e-03,6.539539714656273262e+00,3.591260163785726933e-02,9.993539684042027638e-01,1.389560496044653457e-03,1.235812231798271293e-01,1.810353868760647845e-03,-1.455511570853460467e-03,9.999973020488289732e-01,6.699794117909291247e-02,0.000000000000000000e+00,0.000000000000000000e+00,0.000000000000000000e+00,1.000000000000000056e-01
9.993124928836120136e-01,-3.700012447682940464e-02,2.352095967452749650e-03,7.326187372754422000e+00,3.700044981431245550e-02,9.993152444048876148e-01,-9.493965577994707586e-05,1.664313134070252442e-01,-2.346972577497149614e-03,1.819029928931530928e-04,9.999972293116724531e-01,8.163112617225977419e-02,0.000000000000000000e+00,0.000000000000000000e+00,0.000000000000000000e+00,1.000000000000000056e-01
9.990735795363030469e-01,-4.292469202038690784e-02,3.074652415043892251e-03,8.128389919220651905e+00,4.292230582297073410e-02,9.990780617716188416e-01,8.379436166341639337e-04,2.084175865187155585e-01,-3.107786247117949770e-03,-7.051961572624402142e-04,9.999949221686188494e-01,7.316995148738306143e-02,0.000000000000000000e+00,0.000000000000000000e+00,0.000000000000000000e+00,1.000000000000000056e-01
9.989546440555004958e-01,-4.557807640347824596e-02,3.501152853998005122e-03,8.962528214626228618e+00,4.556196696394287926e-02,9.989511483546057447e-01,4.550864466349086902e-03,2.615129909393684171e-01,-3.704900312415445197e-03,-4.386587782457005390e-03,9.999835156447839379e-01,7.871745324759335527e-02,0.000000000000000000e+00,0.000000000000000000e+00,0.000000000000000000e+00,1.000000000000000056e-01
9.989601381222577015e-01,-4.553247528749647388e-02,2.331552477059086435e-03,9.743209891500846709e+00,4.552832350431541830e-02,9.989614195840528232e-01,1.803868482011467770e-03,3.073166547849379704e-01,-2.411265569396740804e-03,-1.695841032501729188e-03,9.999956549513334680e-01,9.732399582821329997e-02,0.000000000000000000e+00,0.000000000000000000e+00,0.000000000000000000e+00,1.000000000000000056e-01
9.988962994780270499e-01,-4.685597151691269641e-02,3.271211138096698570e-03,1.052503483802238726e+01,4.685453721375492514e-02,9.989015909391789627e-01,5.137719941312331694e-04,3.587482949385817355e-01,-3.291691296065954973e-03,-3.599338597091341209e-04,9.999945175929856322e-01,9.738074031223156735e-02,0.000000000000000000e+00,0.000000000000000000e+00,0.000000000000000000e+00,1.000000000000000056e-01
9.987210403552824189e-01,-5.050249334060906425e-02,2.404520335541662866e-03,1.128528065904841249e+01,5.050752121599261235e-02,9.987215182301134586e-01,-2.078298523618697137e-03,4.059729439313051746e-01,-2.296486942778500160e-03,2.197086825538968786e-03,9.999949494658474380e-01,1.080433936626693930e-01,0.000000000000000000e+00,0.000000000000000000e+00,0.000000000000000000e+00,1.000000000000000056e-01
9.984740470537285528e-01,-5.520840381232412081e-02,1.268664117873769199e-03,1.211387840918060022e+01,5.520628928601303137e-02,9.984736142829575556e-01,1.645358318674044378e-03,4.688553723893167935e-01,-1.357565253557845757e-03,-1.572809341001867684e-03,9.999978416413503046e-01,1.192604236262116424e-01,0.000000000000000000e+00,0.000000000000000000e+00,0.000000000000000000e+00,1.000000000000000056e-01
9.983695612436929157e-01,-5.705426609240719232e-02,-1.740661579108686687e-03,1.295744183553540374e+01,5.705824561403417122e-02,9.983681340766401568e-01,2.329263354882494738e-03,5.344502002521900330e-01,1.604926641544878645e-03,-2.424784729546744337e-03,9.999957723058086057e-01,1.218330766528482462e-01,0.000000000000000000e+00,0.000000000000000000e+00,0.000000000000000000e+00,1.000000000000000056e-01
9.983439348875025043e-01,-5.746157769410466243e-02,-2.748592774966708650e-03,1.384465823052135924e+01,5.747294796698919350e-02,9.983380008929659821e-01,4.253965799108657027e-03,5.860906210574589048e-01,2.499585029955567455e-03,-4.404890684297098867e-03,9.999871744241209948e-01,1.322078632119260411e-01,0.000000000000000000e+00,0.000000000000000000e+00,0.000000000000000000e+00,1.000000000000000056e-01
9.977891483915537485e-01,-6.632404930374274921e-02,-4.235072137820195676e-03,1.477050909110189991e+01,6.635679627712404161e-02,9.977628622000275227e-01,8.126893763619372213e-03,6.801328396150706501e-01,3.686589195190497544e-03,-8.389952226538661961e-03,9.999580079992070880e-01,1.474615907130171766e-01,0.000000000000000000e+00,0.000000000000000000e+00,0.000000000000000000e+00,1.000000000000000056e-01
9.974656139658847342e-01,-7.107400278099357260e-02,-3.291668930494649845e-03,1.572568589203213918e+01,7.108980708922515990e-02,9.974575732369975745e-01,4.962753285872109274e-03,7.490623156851617948e-01,2.930577362469357228e-03,-5.184179862524096113e-03,9.999822678405230203e-01,1.383692020169652037e-01,0.000000000000000000e+00,0.000000000000000000e+00,0.000000000000000000e+00,1.000000000000000056e-01
9.970447043323050762e-01,-7.680464254068242180e-02,-1.704243851207438553e-03,1.665074141229485605e+01,7.680774521681116296e-02,9.970442304177085102e-01,1.836536269373073918e-03,8.457741739972406414e-01,1.558151987389034925e-03,-1.962007889203489040e-03,9.999968613387878458e-01,1.485786814146924095e-01,0.000000000000000000e+00,0.000000000000000000e+00,0.000000000000000000e+00,1.000000000000000056e-01
9.968945899211749673e-01,-7.874589473639162507e-02,5.105370286252034796e-04,1.754606939009021005e+01,7.874326296552647264e-02,9.968870189545386840e-01,3.971143094258001473e-03,9.441235092698377906e-01,-8.216589526156760793e-04,-3.918609714969962556e-03,9.999919846551107439e-01,1.770060621911553334e-01,0.000000000000000000e+00,0.000000000000000000e+00,0.000000000000000000e+00,1.000000000000000056e-01
9.967840111897412481e-01,-8.012551315887239678e-02,1.239829632308923771e-03,1.848064256621383805e+01,8.011695451723044314e-02,9.967682365220755791e-01,5.861421291434846213e-03,1.022457525728336369e+00,-1.705472185000937073e-03,-5.743239651888570711e-03,9.999820531204183238e-01,1.932569081433259672e-01,0.000000000000000000e+00,0.000000000000000000e+00,0.000000000000000000e+00,1.000000000000000056e-01
9.964794698840040432e-01,-8.382741365853006721e-02,1.277035244601717502e-03,1.941941727811839868e+01,8.382137837839521988e-02,9.964718937775951524e-01,4.212058646191851191e-03,1.107898867695810141e+00,-1.625615711097320309e-03,-4.090187112437283778e-03,9.999903138245614942e-01,2.111546274804012024e-01,0.000000000000000000e+00,0.000000000000000000e+00,0.000000000000000000e+00,1.000000000000000056e-01
9.963777766250074830e-01,-8.503124594506128453e-02,1.006707920493839052e-03,2.035590978862003908e+01,8.502517822105942757e-02,9.963661427609582510e-01,5.022810779511008641e-03,1.182727650211913062e+00,-1.430145546357457394e-03,-4.919021516540758934e-03,9.999868788694359356e-01,2.191027898439252275e-01,0.000000000000000000e+00,0.000000000000000000e+00,0.000000000000000000e+00,1.000000000000000056e-01
9.966167419271932948e-01,-8.208510958634331056e-02,4.135758047120120968e-03,2.128379656573838830e+01,8.205962673110013539e-02,9.966093915538053460e-01,5.994858422549705773e-03,1.275342725233891583e+00,-4.613823921523743134e-03,-5.635197507799460243e-03,9.999734782372327047e-01,2.326369860994888517e-01,0.000000000000000000e+00,0.000000000000000000e+00,0.000000000000000000e+00,1.000000000000000056e-01
9.967594977154169422e-01,-8.005251031860266542e-02,7.880311275561142567e-03,2.222843256016187041e+01,8.000603871162248470e-02,9.967760420538698263e-01,6.046135715993144338e-03,1.363235044514716776e+00,-8.338913825198532651e-03,-5.396070710420388522e-03,9.999506712518893004e-01,2.239730518702552631e-01,0.000000000000000000e+00,0.000000000000000000e+00,0.000000000000000000e+00,1.000000000000000056e-01
9.967956451657845607e-01,-7.911279492332586039e-02,1.181555999295213696e-02,2.318951439250950131e+01,7.904507988816482367e-02,9.968524229177706530e-01,6.092804645129051150e-03,1.450572424534032789e+00,-1.226038841150259642e-02,-5.139319253544195887e-03,9.999116312322851030e-01,2.336563802849482563e-01,0.000000000000000000e+00,0.000000000000000000e+00,0.000000000000000000e+00,1.000000000000000056e-01
9.968916912598071445e-01,-7.723549869541454505e-02,1.554456941931601360e-02,2.412015989301846730e+01,7.716043932793065219e-02,9.970042128360416811e-01,5.372726487141514171e-03,1.527267291436691599e+00,-1.591296640736880597e-02,-4.156600588884926811e-03,9.998647409383243367e-01,2.398252449124906593e-01,0.000000000000000000e+00,0.000000000000000000e+00,0.000000000000000000e+00,1.000000000000000056e-01
9.971158210665500565e-01,-7.495636211933749682e-02,1.189887207320592180e-02,2.507936388958338725e+01,7.491366926608879206e-02,9.971820219416202002e-01,3.994655618842424954e-03,1.591795175813108809e+00,-1.216476616589215812e-02,-3.091746150128523579e-03,9.999212266823184203e-01,2.425611827833714651e-01,0.000000000000000000e+00,0.000000000000000000e+00,0.000000000000000000e+00,1.000000000000000056e-01
9.971834866479858395e-01,-7.446484658490540309e-02,8.948775315806475547e-03,2.604290030532816758e+01,7.442996145414237930e-02,9.972175225659462017e-01,4.170554564021662636e-03,1.665288974811026890e+00,-9.234435256211677781e-03,-3.492751139589534912e-03,9.999512617597798858e-01,2.358775693704990017e-01,0.000000000000000000e+00,0.000000000000000000e+00,0.000000000000000000e+00,1.000000000000000056e-01
9.973398374427488999e-01,-7.246716061753233351e-02,7.858707381244802587e-03,2.698520225276243067e+01,7.243604438371456511e-02,9.973643222474771752e-01,4.174707399448393357e-03,1.741595059001221246e+00,-8.140523552683496394e-03,-3.594348322470427778e-03,9.999604054843496126e-01,2.494704216978904376e-01,0.000000000000000000e+00,0.000000000000000000e+00,0.000000000000000000e+00,1.000000000000000056e-01
9.973782238681067058e-01,-7.185399320119036093e-02,8.583834501205436784e-03,2.794056243616774893e+01,7.184909961868184147e-02,9.974151276438969482e-01,8.775141557516592111e-04,1.810553285513609945e+00,-8.624699280875235824e-03,-2.584727298953236395e-04,9.999627731841632672e-01,2.592690480928059871e-01,0.000000000000000000e+00,0.000000000000000000e+00,0.000000000000000000e+00,1.000000000000000056e-01
9.975017026226536965e-01,-6.921854514099207156e-02,1.411191955304078906e-02,2.894415141605586683e+01,6.928416765581840719e-02,9.975880604362848958e-01,-4.214948067480799206e-03,1.897418812016538503e+00,-1.378612988287498779e-02,5.182150474036460210e-03,9.998915380876652881e-01,2.643738098666919556e-01,0.000000000000000000e+00,0.000000000000000000e+00,0.000000000000000000e+00,1.000000000000000056e-01
9.974040940691569768e-01,-6.983198839593522667e-02,1.756606190226263353e-02,2.992378850228297793e+01,6.999272092254917033e-02,9.975094988392195772e-01,-8.707395901596007640e-03,1.931653254280973675e+00,-1.691425883514564160e-02,9.914288789366147367e-03,9.998077888903740273e-01,2.602554113029336147e-01,0.000000000000000000e+00,0.000000000000000000e+00,0.000000000000000000e+00,1.000000000000000056e-01
9.972294255420245390e-01,-7.159868191455176500e-02,2.017675844189230350e-02,3.083923194180988503e+01,7.189785047337574064e-02,9.973064063182449646e-01,-1.451313246324747314e-02,1.986592418541514915e+00,-1.908328929801511586e-02,1.592358831063217864e-02,9.996910859885076439e-01,2.685817044847557677e-01,0.000000000000000000e+00,0.000000000000000000e+00,0.000000000000000000e+00,1.000000000000000056e-01
9.974455165371084453e-01,-7.010929054577810793e-02,1.367950727141056116e-02,3.175429598924123908e+01,7.029599958309815100e-02,9.974323490047033447e-01,-1.368143273099768978e-02,2.052221944411310339e+00,-1.268518752852991829e-02,1.460809837478575790e-02,9.998128272227950752e-01,2.541313816584102048e-01,0.000000000000000000e+00,0.000000000000000000e+00,0.000000000000000000e+00,1.000000000000000056e-01
9.974860519207922049e-01,-6.988689466733548350e-02,1.172169685785338228e-02,3.274052152347752553e+01,7.005784492415480236e-02,9.974321078433944221e-01,-1.486904864697881010e-02,2.101432388676137464e+00,-1.065244516783509648e-02,1.565286545140853400e-02,9.998207405405762360e-01,2.584196426404668512e-01,0.000000000000000000e+00,0.000000000000000000e+00,0.000000000000000000e+00,1.000000000000000056e-01
9.973004200327102442e-01,-7.277885268610867486e-02,9.752476827630847042e-03,3.368969301351011580e+01,7.287346105668426888e-02,9.972937868210204337e-01,-9.724270759746802065e-03,2.182924690898313091e+00,-9.018363277208773024e-03,1.040871605351185829e-02,9.999051593795872384e-01,2.473461631197496902e-01,0.000000000000000000e+00,0.000000000000000000e+00,0.000000000000000000e+00,1.000000000000000056e-01
9.969802581012482401e-01,-7.682774243719781015e-02,1.130764999335040141e-02,3.464337532880342252e+01,7.696059999377086180e-02,9.969640184752132095e-01,-1.182420882569187003e-02,2.261856747261443257e+00,-1.036489290669793603e-02,1.265874629488914459e-02,9.998661536112092296e-01,2.598464863672051983e-01,0.000000000000000000e+00,0.000000000000000000e+00,0.000000000000000000e+00,1.000000000000000056e-01
9.969435611421649801e-01,-7.723321439778026154e-02,1.177142688737867378e-02,3.562120164283901858e+01,7.736994169400739085e-02,9.969345137872119844e-01,-1.163904386627292835e-02,2.338202946047732933e+00,-1.083642097024154795e-02,1.251422445226376377e-02,9.998629736953529301e-01,2.520831592288103051e-01,0.000000000000000000e+00,0.000000000000000000e+00,0.000000000000000000e+00,1.000000000000000056e-01
9.969753911798311385e-01,-7.673934761510177449e-02,1.229397858429707828e-02,3.659869034237199514e+01,7.687240203969779306e-02,9.969830699857737955e-01,-1.074206527576035408e-02,2.412002069427972017e+00,-1.143254943001117095e-02,1.165464239477997932e-02,9.998667241808680828e-01,2.541354162339140577e-01,0.000000000000000000e+00,0.000000000000000000e+00,0.000000000000000000e+00,1.000000000000000056e-01
9.969038745059040085e-01,-7.760509057853069714e-02,1.265365209790835291e-02,3.759642293473736174e+01,7.771869575823119047e-02,9.969369526310128959e-01,-8.747388663420544233e-03,2.495846802868253000e+00,-1.193605147259141352e-02,9.703730988000805122e-03,9.998816771399284820e-01,2.566657985020528443e-01,0.000000000000000000e+00,0.000000000000000000e+00,0.000000000000000000e+00,1.000000000000000056e-01
9.967885552506596802e-01,-7.858421299007872785e-02,1.539797356902588427e-02,3.858811042023948801e+01,7.874892758566617856e-02,9.968402413013217611e-01,-1.039902526346605897e-02,2.576757647726851452e+00,-1.453212047190571149e-02,1.157820327393866387e-02,9.998273664405957772e-01,2.733661171872250328e-01,0.000000000000000000e+00,0.000000000000000000e+00,0.000000000000000000e+00,1.000000000000000056e-01
9.966538130836487541e-01,-8.031517062741903856e-02,1.518717330222628739e-02,3.960841209827679421e+01,8.043031256286072017e-02,9.967347461876278070e-01,-7.128152869134056838e-03,2.632645413099500065e+00,-1.456508451275920560e-02,8.325809832910003108e-03,9.998592596979648528e-01,2.657559234757215783e-01,0.000000000000000000e+00,0.000000000000000000e+00,0.000000000000000000e+00,1.000000000000000056e-01
9.963242112836786513e-01,-8.395998271850098338e-02,1.699374331525415130e-02,4.062479732416420575e+01,8.416269864087010111e-02,9.963846631406799714e-01,-1.158633745062954967e-02,2.724897532707243109e+00,-1.595951651654311035e-02,1.297398781958706768e-02,9.997884623622216305e-01,2.769219183204145174e-01,0.000000000000000000e+00,0.000000000000000000e+00,0.000000000000000000e+00,1.000000000000000056e-01
9.964296132851460097e-01,-8.296715288364628349e-02,1.563577023353614204e-02,4.164706647846547583e+01,8.316907777215387654e-02,9.964540289937730000e-01,-1.273862648036725061e-02,2.818221114800954830e+00,-1.452343867490370373e-02,1.399355724819675677e-02,9.997966043574051387e-01,2.894509163585682332e-01,0.000000000000000000e+00,0.000000000000000000e+00,0.000000000000000000e+00,1.000000000000000056e-01
9.962905374790158586e-01,-8.471731693315709411e-02,1.510434180693525329e-02,4.270444467609645045e+01,8.491533849489019126e-02,9.963035051586356383e-01,-1.298887589111566605e-02,2.908164754419793052e+00,-1.394812596989062313e-02,1.422328444008628782e-02,9.998015542904824526e-01,2.982938772910601610e-01,0.000000000000000000e+00,0.000000000000000000e+00,0.000000000000000000e+00,1.000000000000000056e-01
9.964111692530767117e-01,-8.385603313698646033e-02,1.153028595677981633e-02,4.377773777648633313e+01,8.401027454721755883e-02,9.963718732096551456e-01,-1.361484657218180183e-02,2.988412540578182952e+00,-1.034676559208782404e-02,1.453464768102591051e-02,9.998408315619895514e-01,3.049068807384202051e-01,0.000000000000000000e+00,0.000000000000000000e+00,0.000000000000000000e+00,1.000000000000000056e-01
9.964435024805011754e-01,-8.333736337228757340e-02,1.245914244828827920e-02,4.481116669768189098e+01,8.351559917105781661e-02,9.964003372872359821e-01,-1.454347100872175821e-02,3.065125022533766064e+00,-1.120227920963598640e-02,1.553227993688069061e-02,9.998166117946188924e-01,3.125685946785131675e-01,0.000000000000000000e+00,0.000000000000000000e+00,0.000000000000000000e+00,1.000000000000000056e-01
9.964138670756451654e-01,-8.334663492731414491e-02,1.458574460394936739e-02,4.581820154487218133e+01,8.355383818726833112e-02,9.964017399974833822e-01,-1.422422771763980597e-02,3.163033862564116117e+00,-1.334771978782894539e-02,1.539191269077726416e-02,9.997924421599641009e-01,3.250903493183546766e-01,0.000000000000000000e+00,0.000000000000000000e+00,0.000000000000000000e+00,1.000000000000000056e-01
9.959980927660035954e-01,-8.851200746371587491e-02,1.238643375739511936e-02,4.676449105763078506e+01,8.865815976951932353e-02,9.959922895769820483e-01,-1.179363427801632253e-02,3.240675884280384444e+00,-1.129291427248147080e-02,1.284459567072172501e-02,9.998537325275582699e-01,3.385058826940007259e-01,0.000000000000000000e+00,0.000000000000000000e+00,0.000000000000000000e+00,1.000000000000000056e-01
9.962152240084445332e-01,-8.664865164854802793e-02,6.873035813475687414e-03,4.772094428711135095e+01,8.672854512718410069e-02,9.961556623485808837e-01,-1.233109204337353229e-02,3.343973155512408368e+00,-5.778141044205934579e-03,1.288051001896789102e-02,9.999003478085826124e-01,3.323378271628383285e-01,0.000000000000000000e+00,0.000000000000000000e+00,0.000000000000000000e+00,1.000000000000000056e-01
9.962784326615775621e-01,-8.605148097159179277e-02,4.942391727324382984e-03,4.866921948755818050e+01,8.610855921089921594e-02,9.962033686805648047e-01,-1.281266014993541827e-02,3.429523006470927449e+00,-3.821078907011866109e-03,1.319055920309888247e-02,9.999056998056846668e-01,3.398179917175969122e-01,0.000000000000000000e+00,0.000000000000000000e+00,0.000000000000000000e+00,1.000000000000000056e-01
9.963513735404198046e-01,-8.515467113104691066e-02,5.711604737906136701e-03,4.963554161975301326e+01,8.522803789416116826e-02,9.962610635553134086e-01,-1.414477996814343837e-02,3.534297990141578083e+00,-4.485755324385660818e-03,1.457995981472546589e-02,9.998836446161977198e-01,3.465929294853699050e-01,0.000000000000000000e+00,0.000000000000000000e+00,0.000000000000000000e+00,1.000000000000000056e-01
9.967571825308308986e-01,-7.994733007501225730e-02,9.140212638495480435e-03,5.064447872075819390e+01,8.009003261290337239e-02,9.966512502642689286e-01,-1.648854216520509106e-02,3.613511478751628925e+00,-7.791389430900384078e-03,1.716711276093660712e-02,9.998222764522649575e-01,3.622719704911868677e-01,0.000000000000000000e+00,0.000000000000000000e+00,0.000000000000000000e+00,1.000000000000000056e-01
9.968107631366968091e-01,-7.932545116144142094e-02,8.704900508907030890e-03,5.158882042262164447e+01,7.945544177365386485e-02,9.967136662988320683e-01,-1.577023099685093827e-02,3.698425950880523949e+00,-7.425312612253947078e-03,1.641158771034388619e-02,9.998377490980403515e-01,3.662089029702851883e-01,0.000000000000000000e+00,0.000000000000000000e+00,0.000000000000000000e+00,1.000000000000000056e-01
9.968819331209773926e-01,-7.774228195674541542e-02,1.351107002206095205e-02,5.253751434616562932e+01,7.797980208725154017e-02,9.967916269009774455e-01,-1.804447301906434223e-02,3.780614972615642166e+00,-1.206490295925417670e-02,1.904179971170149102e-02,9.997458917046487814e-01,3.927447037472988067e-01,0.000000000000000000e+00,0.000000000000000000e+00,0.000000000000000000e+00,1.000000000000000056e-01
9.970589487734629053e-01,-7.533178562203371453e-02,1.409165518145860489e-02,5.353560043710318439e+01,7.557332463996618843e-02,9.969871252047239896e-01,-1.747411739923620394e-02,3.876626280709873029e+00,-1.273284232288515554e-02,1.848767835656935782e-02,9.997480084878211937e-01,4.201417981790552258e-01,0.000000000000000000e+00,0.000000000000000000e+00,0.000000000000000000e+00,1.000000000000000056e-01
9.970657528008897152e-01,-7.495894808386877051e-02,1.552548529853053742e-02,5.450318769999189783e+01,7.526224668214304137e-02,9.969637760484645339e-01,-1.997056512828927766e-02,3.939549708024347119e+00,-1.398137389355097286e-02,2.108044945789493835e-02,9.996800167227020140e-01,4.148703689283778639e-01,0.000000000000000000e+00,0.000000000000000000e+00,0.000000000000000000e+00,1.000000000000000056e-01
9.969686413716581930e-01,-7.551257280609199873e-02,1.874511855803380825e-02,5.543916869645416057e+01,7.585283534990108767e-02,9.969536905730098653e-01,-1.815726362192428972e-02,4.014783486977604454e+00,-1.731691343545046016e-02,1.952409283577380417e-02,9.996594091529420467e-01,4.239981079382507123e-01,0.000000000000000000e+00,0.000000000000000000e+00,0.000000000000000000e+00,1.000000000000000056e-01
9.969646268643794773e-01,-7.424644507080101208e-02,2.343071009417201783e-02,5.638334830006796494e+01,7.462839926266380541e-02,9.970851222069035957e-01,-1.587013223437333184e-02,4.099441612065014340e+00,-2.218411153643629063e-02,1.757055684924596281e-02,9.995994901596070292e-01,4.350249813034195445e-01,0.000000000000000000e+00,0.000000000000000000e+00,0.000000000000000000e+00,1.000000000000000056e-01
9.968883455258407134e-01,-7.461247246548433076e-02,2.542843894814228109e-02,5.734083597730582937e+01,7.498767130924891000e-02,9.970842854350897566e-01,-1.413424529334752523e-02,4.165604821819293591e+00,-2.429970589056796096e-02,1.599708382749221239e-02,9.995767192180138316e-01,4.196047332073604696e-01,0.000000000000000000e+00,0.000000000000000000e+00,0.000000000000000000e+00,1.000000000000000056e-01
9.969097966913842424e-01,-7.533231652543265211e-02,2.226879762481479355e-02,5.822622128666990449e+01,7.558678548077854553e-02,9.970805852073939546e-01,-1.081408633050064648e-02,4.233123666829929910e+00,-2.138913559323273386e-02,1.246389543412422356e-02,9.996935311330075180e-01,4.211079396615781123e-01,0.000000000000000000e+00,0.000000000000000000e+00,0.000000000000000000e+00,1.000000000000000056e-01
9.970620503848758309e-01,-7.486680505427900645e-02,1.619349200364080671e-02,5.912724669386162901e+01,7.498114110247083852e-02,9.971632966153692879e-01,-6.571785308460979108e-03,4.312013449564272349e+00,-1.565554730051796350e-02,7.766684243210031369e-03,9.998472795655282130e-01,4.249228900859376989e-01,0.000000000000000000e+00,0.000000000000000000e+00,0.000000000000000000e+00,1.000000000000000056e-01
9.971462233087894367e-01,-7.489597240230050357e-02,9.486973117476243250e-03,6.011341362911296926e+01,7.496261231577239226e-02,9.971626476881497725e-01,-6.874649835012232139e-03,4.375276367083246853e+00,-8.945171648050354724e-03,7.566199407408365739e-03,9.999313659100379503e-01,4.286014757018212773e-01,0.000000000000000000e+00,0.000000000000000000e+00,0.000000000000000000e+00,1.000000000000000056e-01
9.972947322466527709e-01,-7.289010211275322171e-02,9.500002477346504784e-03,6.103626476225987574e+01,7.292849669526564604e-02,9.973300866518297614e-01,-3.759338881030665613e-03,4.456470086154094012e+00,-9.200619699009817201e-03,4.441989762056088725e-03,9.999478073000149791e-01,4.357435646389682948e-01,0.000000000000000000e+00,0.000000000000000000e+00,0.000000000000000000e+00,1.000000000000000056e-01
9.970865309846104196e-01,-7.547840277291152644e-02,1.102090939649466757e-02,6.197976492817718963e+01,7.551083196553599886e-02,9.971417054537973224e-01,-2.556071314535877416e-03,4.536252128016390550e+00,-1.079648021107765081e-02,3.380822317505956763e-03,9.999360009798173854e-01,4.370118784317061911e-01,0.000000000000000000e+00,0.000000000000000000e+00,0.000000000000000000e+00,1.000000000000000056e-01
9.971929914502799530e-01,-7.387167203574597496e-02,1.221121914818537428e-02,6.285390644878814470e+01,7.391934986463115365e-02,9.972580818335949893e-01,-3.499704725985865357e-03,4.605125417145128353e+00,-1.191920794482903383e-02,4.392526405386925313e-03,9.999193158419062977e-01,4.475875588621884837e-01,0.000000000000000000e+00,0.000000000000000000e+00,0.000000000000000000e+00,1.000000000000000056e-01
9.973706766031448234e-01,-7.108045144264039938e-02,1.411746701415106733e-02,6.365878621027364659e+01,7.112478705080034491e-02,9.974638705820658702e-01,-2.662996511836121169e-03,4.680244118875810599e+00,-1.389237629649827527e-02,3.660096467879999337e-03,9.998967974619592525e-01,4.488865626905175765e-01,0.000000000000000000e+00,0.000000000000000000e+00,0.000000000000000000e+00,1.000000000000000056e-01
9.972715739543090985e-01,-7.249375797002842459e-02,1.393064385008323941e-02,6.446305652679322407e+01,7.251087513345209901e-02,9.973673568649940036e-01,-7.269439570266757579e-04,4.752583593604453149e+00,-1.384127053690663647e-02,1.735083720942544924e-03,9.999026996235210740e-01,4.600973395393005427e-01,0.000000000000000000e+00,0.000000000000000000e+00,0.000000000000000000e+00,1.000000000000000056e-01
9.971770353370402740e-01,-7.334463736489249541e-02,1.607869292708584766e-02,6.524460589335302529e+01,7.334985721306958029e-02,9.973062357598438954e-01,2.656338700636675797e-04,4.816626286604067886e+00,-1.605486353892206577e-02,9.144858353393459094e-04,9.998706941762037781e-01,4.606867095561371084e-01,0.000000000000000000e+00,0.000000000000000000e+00,0.000000000000000000e+00,1.000000000000000056e-01
9.965991240589343603e-01,-8.121364453260836169e-02,1.394739641280358725e-02,6.605787631885395683e+01,8.122445135483273571e-02,9.966958135481521763e-01,-2.091833965961380302e-04,4.882883036174566094e+00,-1.388432306852456846e-02,1.341341611273717425e-03,9.999027084549829691e-01,4.655227621216395106e-01,0.000000000000000000e+00,0.000000000000000000e+00,0.000000000000000000e+00,1.000000000000000056e-01
9.965085897134490223e-01,-8.242036462564175658e-02,1.332344258400372343e-02,6.680495099785575519e+01,8.240143220991935635e-02,9.965972827402703738e-01,1.964689406415516190e-03,4.946552239848032606e+00,-1.344003709321702107e-02,-8.599591187235433500e-04,9.999093088241788330e-01,4.695881800360293123e-01,0.000000000000000000e+00,0.000000000000000000e+00,0.000000000000000000e+00,1.000000000000000056e-01
9.963624126141720216e-01,-8.360581968163305344e-02,1.649271490776061527e-02,6.758805840076392712e+01,8.355184188752654006e-02,9.964956571365277682e-01,3.936372091331334470e-03,5.032556726881956877e+00,-1.676402239524198146e-02,-2.544056485596715884e-03,9.998562373310124762e-01,4.795175164908653254e-01,0.000000000000000000e+00,0.000000000000000000e+00,0.000000000000000000e+00,1.000000000000000056e-01
9.966737055568767323e-01,-7.920186835497623756e-02,1.919866403177995437e-02,6.832529609679197335e+01,7.908180496723031527e-02,9.968440034688910156e-01,6.935479164306049271e-03,5.113580554115550569e+00,-1.968737602244377896e-02,-5.394144713908819236e-03,9.997916335057801529e-01,4.766884435929923391e-01,0.000000000000000000e+00,0.000000000000000000e+00,0.000000000000000000e+00,1.000000000000000056e-01
9.962056326297803466e-01,-8.437634463225195114e-02,2.133002539141929527e-02,6.904812362062239117e+01,8.418343105427010531e-02,9.964022053021640568e-01,9.787502486077371069e-03,5.203358364825237281e+00,-2.207911802201562718e-02,-7.954730384083877684e-03,9.997245794777112060e-01,4.845862699173790755e-01,0.000000000000000000e+00,0.000000000000000000e+00,0.000000000000000000e+00,1.000000000000000056e-01
9.963390349592254891e-01,-8.413159647396671603e-02,1.517899506755622345e-02,6.972809395284134837e+01,8.391997259599694170e-02,9.963730287955588905e-01,1.407926447835293644e-02,5.278217794743425451e+00,-1.630845228727688737e-02,-1.275389993319377656e-02,9.997856632401205257e-01,4.809040762197146490e-01,0.000000000000000000e+00,0.000000000000000000e+00,0.000000000000000000e+00,1.000000000000000056e-01
9.963100196817430421e-01,-8.529690915605001034e-02,9.527957293639808742e-03,7.041620722771342855e+01,8.516458840369542371e-02,9.962751114164919430e-01,1.352387718391778910e-02,5.353275289186718133e+00,-1.064601163788679063e-02,-1.266252978204178599e-02,9.998631520241781923e-01,4.880545753034220557e-01,0.000000000000000000e+00,0.000000000000000000e+00,0.000000000000000000e+00,1.000000000000000056e-01
9.966493895287779070e-01,-8.149909984119610429e-02,6.920337924483640178e-03,7.115576620845055800e+01,8.141388809011063099e-02,9.966103766615926896e-01,1.181253387251233848e-02,5.428453777513610135e+00,-7.859591462998539654e-03,-1.120954305549777368e-02,9.999062820917377081e-01,4.978608436832443473e-01,0.000000000000000000e+00,0.000000000000000000e+00,0.000000000000000000e+00,1.000000000000000056e-01
9.968366962461858716e-01,-7.930145311716625678e-02,5.280203641448833959e-03,7.186572659907430705e+01,7.924388337955330652e-02,9.968016145932195871e-01,1.034157102563853722e-02,5.494003393875143360e+00,-6.083417125024715225e-03,-9.890433653609535108e-03,9.999325834066147278e-01,5.006366348273174616e-01,0.000000000000000000e+00,0.000000000000000000e+00,0.000000000000000000e+00,1.000000000000000056e-01
9.968885435372473180e-01,-7.834105869999088978e-02,8.712650914058036461e-03,7.254148523649209324e+01,7.823013320524385694e-02,9.968579931988377218e-01,1.241723215035377657e-02,5.565590112975144166e+00,-9.658054818412191433e-03,-1.169700463155251037e-02,9.998849444109927376e-01,5.096740314634458091e-01,0.000000000000000000e+00,0.000000000000000000e+00,0.000000000000000000e+00,1.000000000000000056e-01
9.968544107728544157e-01,-7.835257982292295753e-02,1.192295927182643496e-02,7.312970701894754200e+01,7.818586025150198182e-02,9.968424445429016068e-01,1.386044784503182546e-02,5.602744581617084663e+00,-1.297131371287223341e-02,-1.288464174219570817e-02,9.998328515445656928e-01,5.323325646170956604e-01,0.000000000000000000e+00,0.000000000000000000e+00,0.000000000000000000e+00,1.000000000000000056e-01
9.968337294060197751e-01,-7.899733651695302339e-02,9.051891609678680214e-03,7.371459465243293607e+01,7.890651550100548361e-02,9.968319977605145654e-01,9.986493492262870156e-03,5.631545822688910796e+00,-9.812121583820289025e-03,-9.240620325968810708e-03,9.999091624772800113e-01,5.402016472579826978e-01,0.000000000000000000e+00,0.000000000000000000e+00,0.000000000000000000e+00,1.000000000000000056e-01
9.967992634154609899e-01,-7.963390425726073196e-02,7.047676719309213002e-03,7.434094115330502461e+01,7.958834860803155886e-02,9.968064629405168908e-01,6.524584727201923617e-03,5.668499335620897028e+00,-7.544747858007226117e-03,-5.942788298553554338e-03,9.999538789599237143e-01,5.524080672078403031e-01,0.000000000000000000e+00,0.000000000000000000e+00,0.000000000000000000e+00,1.000000000000000056e-01
9.969414329216137460e-01,-7.813057422674793417e-02,1.841927033881678860e-03,7.496151660331983635e+01,7.812037292967244362e-02,9.969309972508808571e-01,5.078784666941643655e-03,5.685721541126403267e+00,-2.233082517153172665e-03,-4.919358836565041609e-03,9.999854065190695307e-01,5.658841965461490764e-01,0.000000000000000000e+00,0.000000000000000000e+00,0.000000000000000000e+00,1.000000000000000056e-01
9.974233557608489509e-01,-7.169392524431268676e-02,2.574969092998822488e-03,7.557295901708678798e+01,7.168446415613373424e-02,9.974208779825679549e-01,3.595797982558191462e-03,5.741676189247350237e+00,-2.826124805272039759e-03,-3.401947610751055416e-03,9.999902198376935392e-01,5.871996899224329880e-01,0.000000000000000000e+00,0.000000000000000000e+00,0.000000000000000000e+00,1.000000000000000056e-01
9.977159175775063282e-01,-6.736288226207731711e-02,5.018954654109007360e-03,7.614422987505163576e+01,6.733056487257077505e-02,9.977105045241578818e-01,6.351708123871449736e-03,5.800103888916265049e+00,-5.435333146646400410e-03,-5.999271247061927805e-03,9.999672324121872125e-01,5.817210539191107754e-01,0.000000000000000000e+00,0.000000000000000000e+00,0.000000000000000000e+00,1.000000000000000056e-01
9.979089687078588344e-01,-6.413133789519773198e-02,8.053674452672970538e-03,7.669319434962297066e+01,6.409709167310526090e-02,9.979337856744475710e-01,4.440973825109317645e-03,5.818536999174590107e+00,-8.321839428107337053e-03,-3.915470500175109551e-03,9.999577071453047417e-01,5.917358508415809792e-01,0.000000000000000000e+00,0.000000000000000000e+00,0.000000000000000000e+00,1.000000000000000056e-01
9.983144358208463354e-01,-5.690366049490410555e-02,1.141317896057186983e-02,7.726152639618069884e+01,5.691076478292838442e-02,9.983792244502793789e-01,-2.983921595770460474e-04,5.810828072624195428e+00,-1.137770115302507400e-02,9.474219436920953280e-04,9.999348230300477702e-01,6.083266973100340813e-01,0.000000000000000000e+00,0.000000000000000000e+00,0.000000000000000000e+00,1.000000000000000056e-01
9.987984827444225111e-01,-4.682074281110802649e-02,1.447096783409960140e-02,7.781190231621437192e+01,4.691143871355855921e-02,9.988810763756880151e-01,-5.992676895256498007e-03,5.826484911964041835e+00,-1.417419434266049653e-02,6.664330511234987930e-03,9.998773319330593878e-01,6.119996229004386334e-01,0.000000000000000000e+00,0.000000000000000000e+00,0.000000000000000000e+00,1.000000000000000056e-01
9.993010737561609513e-01,-3.451384674180297402e-02,1.435821621466607662e-02,7.831548164541740675e+01,3.452151276030970134e-02,9.994039139253821924e-01,-2.863343624544956298e-04,5.862580744125893695e+00,-1.433977498162149547e-02,7.818015801239439370e-04,9.998968745024487959e-01,6.142125089520502623e-01,0.000000000000000000e+00,0.000000000000000000e+00,0.000000000000000000e+00,1.000000000000000056e-01
9.997559911215088135e-01,-1.562501224898741811e-02,1.561464725405397637e-02,7.882766091242379503e+01,1.559233530013946593e-02,9.998759847720006810e-01,2.212273968089777023e-03,5.876993416919422231e+00,-1.564727760786415595e-02,-1.968265338021296575e-03,9.998756365843811666e-01,6.155312627438030981e-01,0.000000000000000000e+00,0.000000000000000000e+00,0.000000000000000000e+00,1.000000000000000056e-01
9.999022677543415449e-01,8.280691357090999528e-04,1.395597510859216198e-02,7.932742167579682757e+01,-9.053541079765871228e-04,9.999842865306661777e-01,5.532361674164485918e-03,5.883020505437152714e+00,-1.395117463385531220e-02,-5.544456083429656970e-03,9.998873055165139467e-01,6.249229315702048426e-01,0.000000000000000000e+00,0.000000000000000000e+00,0.000000000000000000e+00,1.000000000000000056e-01
9.996456223685903364e-01,2.309353071879124975e-02,1.324078994070552844e-02,7.984966180402093983e+01,-2.315566029256641706e-02,9.997214797765328065e-01,4.558318750896943154e-03,5.871116989237655126e+00,-1.313183443883248099e-02,-4.863302618566998740e-03,9.999019467987405596e-01,6.355883947143702306e-01,0.000000000000000000e+00,0.000000000000000000e+00,0.000000000000000000e+00,1.000000000000000056e-01
9.987130873739629155e-01,4.855409627246372317e-02,1.465158159146438301e-02,8.035934406663378127e+01,-4.862971967901728865e-02,9.988051006037750312e-01,4.849883691710521472e-03,5.833130202106766582e+00,-1.439859270578943730e-02,-5.556144620800011064e-03,9.998808977998557834e-01,6.532305324321012741e-01,0.000000000000000000e+00,0.000000000000000000e+00,0.000000000000000000e+00,1.000000000000000056e-01
9.973308268074512206e-01,7.142182171925896828e-02,1.517053993331149431e-02,8.081634165849983731e+01,-7.152086574231474037e-02,9.974205179220977380e-01,6.089022210845944361e-03,5.836763572302570147e+00,-1.469651873865376879e-02,-7.157779705800716014e-03,9.998663803362165536e-01,6.475267548619213498e-01,0.000000000000000000e+00,0.000000000000000000e+00,0.000000000000000000e+00,1.000000000000000056e-01
9.944239363624699513e-01,1.043246811072532226e-01,1.540765073722619172e-02,8.130806208908141741e+01,-1.043489471587435019e-01,9.945404431431810188e-01,7.772897960035872814e-04,5.760312723568368654e+00,-1.524244128190030065e-02,-2.380727711255459494e-03,9.998809929783307737e-01,6.446147237667200214e-01,0.000000000000000000e+00,0.000000000000000000e+00,0.000000000000000000e+00,1.000000000000000056e-01
