1.000000000000000000e+00,0.000000000000000000e+00,0.000000000000000000e+00,0.000000000000000000e+00,0.000000000000000000e+00,1.000000000000000000e+00,0.000000000000000000e+00,0.000000000000000000e+00,0.000000000000000000e+00,0.000000000000000000e+00,1.000000000000000000e+00,0.000000000000000000e+00,0.000000000000000000e+00,0.000000000000000000e+00,0.000000000000000000e+00,1.000000000000000000e+00
9.999960513188670408e-01,-2.511269825711688261e-03,-1.261297163606068346e-03,6.883104834480248124e-01,2.507810917347188303e-03,9.999931112636477604e-01,-2.736477599397900418e-03,-5.998835305739191881e-03,1.268160508486542749e-03,2.733303699123531931e-03,9.999954603996028535e-01,1.605291681577902807e-02,0.000000000000000000e+00,0.000000000000000000e+00,0.000000000000000000e+00,1.000000000000000000e+00
9.999340859848430130e-01,-1.141892638873857370e-02,-1.196580872232895758e-03,1.362878692758004551e+00,1.141590280185119863e-02,9.999317014091047007e-01,-2.503932968750469546e-03,1.273264257669414964e-02,1.225091373697917863e-03,2.490107873542867466e-03,9.999961492495385018e-01,3.137330610667175140e-02,0.000000000000000000e+00,0.000000000000000000e+00,0.000000000000000000e+00,1.000000000000000000e+00
9.998799298125563562e-01,-1.535019768663520995e-02,-2.120704839555777928e-03,2.088396235096925402e+00,1.534224396640576291e-02,9.998753912013286227e-01,-3.717205948757463119e-03,1.553463209664831743e-02,2.177500427228736945e-03,3.684223252113277662e-03,9.999908424535296492e-01,3.399058866158193026e-02,0.000000000000000000e+00,0.000000000000000000e+00,0.000000000000000000e+00,1.000000000000000000e+00
9.997714297210825718e-01,-2.128609413426258215e-02,-1.997626082942815986e-03,2.768802977406038757e+00,2.128256725199529145e-02,9.997719328333839472e-01,-1.770494214502862798e-03,3.388580524127109139e-02,2.034857396536184689e-03,1.727574920691921957e-03,9.999964374137897405e-01,3.797323562100676786e-02,0.000000000000000000e+00,0.000000000000000000e+00,0.000000000000000000e+00,1.000000000000000000e+00
9.996342981961608976e-01,-2.673909483481714047e-02,-4.036171116457805928e-03,3.492500755922915090e+00,2.671973211594810826e-02,9.996315486434230735e-01,-4.777329003153187210e-03,5.892798944480936996e-02,4.162425437006997408e-03,4.667736514313331093e-03,9.999804430339208627e-01,3.754939314933090910e-02,0.000000000000000000e+00,0.000000000000000000e+00,0.000000000000000000e+00,1.000000000000000000e+00
9.995482179882603235e-01,-2.972166588326612124e-02,-4.470178253135688624e-03,4.224408460580225011e+00,2.971164525955754046e-02,9.995558846807168774e-01,-2.291623032123597196e-03,9.784616370946164210e-02,4.536303832584709719e-03,2.157771367555844869e-03,9.999873829055374586e-01,5.136518927443863708e-02,0.000000000000000000e+00,0.000000000000000000e+00,0.000000000000000000e+00,1.000000000000000000e+00
9.994308664845145129e-01,-3.325613994813172991e-02,-5.654403041955761468e-03,4.970217036411778366e+00,3.325139083762337910e-02,9.994465851817776469e-01,-9.318668632459191359e-04,1.488470410847097247e-01,5.682264106341260688e-03,7.433197410807388652e-04,9.999835795403796412e-01,5.186965623191985841e-02,0.000000000000000000e+00,0.000000000000000000e+00,0.000000000000000000e+00,1.000000000000000000e+00
9.993193238300448478e-01,-3.676253027730746331e-02,-3.066820417297791857e-03,5.748627719674356484e+00,3.676729279497018693e-02,9.993227117955876260e-01,1.511247844376973574e-03,1.985293003814067314e-01,3.009186001368664796e-03,-1.622977858214671261e-03,9.999941553541618067e-01,6.233695873897394935e-02,0.000000000000000000e+00,0.000000000000000000e+00,0.000000000000000000e+00,1.000000000000000000e+00
9.992198451742032583e-01,-3.944043846856620794e-02,-2.037847749127671970e-03,6.552915370201336742e+00,3.944357654063714025e-02,9.992206381395476456e-01,1.523346868993705628e-03,2.606857881173095248e-01,1.976178059861750415e-03,-1.602538426253167884e-03,9.999967632901970438e-01,6.989257462056033821e-02,0.000000000000000000e+00,0.000000000000000000e+00,0.000000000000000000e+00,1.000000000000000000e+00
9.986579306389443689e-01,-5.177387862230749260e-02,-1.342782314426046661e-03,7.423838591519150931e+00,5.177440844061709929e-02,9.986587400028771322e-01,3.628312210891489241e-04,2.560985897488336493e-01,1.322196114621799990e-03,-4.318660364177798043e-04,9.999990326441137167e-01,6.882577465483355472e-02,0.000000000000000000e+00,0.000000000000000000e+00,0.000000000000000000e+00,1.000000000000000000e+00
9.987351293498624161e-01,-5.026669207654295424e-02,1.183668110219359814e-03,8.245403730209186932e+00,5.026352085886141852e-02,9.987326793356688936e-01,2.571711078391284312e-03,3.262156460524323620e-01,-1.311439432050905867e-03,-2.508962869779365716e-03,9.999959926079384775e-01,8.386784086734695720e-02,0.000000000000000000e+00,0.000000000000000000e+00,0.000000000000000000e+00,1.000000000000000000e+00
9.986073188576976012e-01,-5.275809177028750740e-02,-8.047731491961430711e-05,9.093139627404788428e+00,5.275811525379791450e-02,9.986072680753043107e-01,3.246876183231628432e-04,3.800695744388272734e-01,6.323533242973334483e-05,-3.284812634556903027e-04,9.999999440506756043e-01,8.544432055142268945e-02,0.000000000000000000e+00,0.000000000000000000e+00,0.000000000000000000e+00,1.000000000000000000e+00
9.987649751847250679e-01,-4.966254238655206515e-02,-1.468410010599835967e-03,9.885834788350374325e+00,4.966033247945388085e-02,9.987650306282758184e-01,-1.504982436531660623e-03,4.478315214334824823e-01,1.541337823256870706e-03,1.430202016533576367e-03,9.999977893975107168e-01,1.052232686842074216e-01,0.000000000000000000e+00,0.000000000000000000e+00,0.000000000000000000e+00,1.000000000000000000e+00
9.986231343690891160e-01,-5.245779038421587853e-02,-1.254227308976831761e-04,1.067955240992526633e+01,5.245774781630459932e-02,9.986230927255747014e-01,-3.215108918482918353e-04,5.270284213999483214e-01,1.421157863979429978e-04,3.144888205636297142e-04,9.999999404499415601e-01,1.099107844245551108e-01,0.000000000000000000e+00,0.000000000000000000e+00,0.000000000000000000e+00,1.000000000000000000e+00
9.986037613609167751e-01,-5.280004069605789135e-02,-1.638138676553587596e-03,1.148066135836669233e+01,5.279679882523867496e-02,9.986033472376756315e-01,-1.962885508915491496e-03,5.805840319090398438e-01,1.739491200398339543e-03,1.873656374170164923e-03,9.999967317857380023e-01,1.201968728548217374e-01,0.000000000000000000e+00,0.000000000000000000e+00,0.000000000000000000e+00,1.000000000000000000e+00
9.984443685897397280e-01,-5.569055908567293461e-02,-2.721113772208201293e-03,1.233124480595509631e+01,5.569570531710692912e-02,9.984460691670332677e-01,1.853476229521048820e-03,6.484259502626549265e-01,2.613664222143517908e-03,-2.002147254471296593e-03,9.999945800681656616e-01,1.385231071605925179e-01,0.000000000000000000e+00,0.000000000000000000e+00,0.000000000000000000e+00,1.000000000000000000e+00
9.983907073412155997e-01,-5.635773126585243153e-02,-6.308852611399888392e-03,1.320269827957318398e+01,5.639717861744807798e-02,9.983887887295872510e-01,6.259775000871345071e-03,7.135722608487353735e-01,5.945900999685212705e-03,-6.605502678512893515e-03,9.999605060179467264e-01,1.540670176877246000e-01,0.000000000000000000e+00,0.000000000000000000e+00,0.000000000000000000e+00,1.000000000000000000e+00
9.986012506163188807e-01,-5.225524216583426335e-02,-8.058035350702270894e-03,1.408700777402053994e+01,5.232812987125950999e-02,9.985883320180005684e-01,9.116467610130895086e-03,7.641115279247688852e-01,7.570276857535480040e-03,-9.525377877018440312e-03,9.999259763025472036e-01,1.733509345307341354e-01,0.000000000000000000e+00,0.000000000000000000e+00,0.000000000000000000e+00,1.000000000000000000e+00
9.974227893754941121e-01,-7.147749251822484162e-02,-6.224732742454433185e-03,1.508349279918954444e+01,7.152803066002377808e-02,9.974039351771343265e-01,8.314500770830774920e-03,8.337935342769474678e-01,5.614273266110169844e-03,-8.738315425559297842e-03,9.999460594348170694e-01,1.883279635031676613e-01,0.000000000000000000e+00,0.000000000000000000e+00,0.000000000000000000e+00,1.000000000000000000e+00
9.962177596040390215e-01,-8.669803671435953596e-02,-5.798782577682227296e-03,1.607124997378442188e+01,8.672207033178246094e-02,9.962243943172236493e-01,4.029725133530419855e-03,9.779230785985819630e-01,5.427519403653146939e-03,-4.517366174886068390e-03,9.999750674071662404e-01,1.874969218592555109e-01,0.000000000000000000e+00,0.000000000000000000e+00,0.000000000000000000e+00,1.000000000000000000e+00
9.961174982433498304e-01,-8.785348478421282914e-02,-5.629822792845470304e-03,1.699761243679670386e+01,8.787503073556006405e-02,9.961246317983230014e-01,3.700932028743388839e-03,1.076351845297240706e+00,5.282865380938387909e-03,-4.181284004597437404e-03,9.999773038411629011e-01,1.985375576699064115e-01,0.000000000000000000e+00,0.000000000000000000e+00,0.000000000000000000e+00,1.000000000000000000e+00
9.959307262242191872e-01,-8.990120258624349769e-02,-6.305738342617618272e-03,1.788644365950059978e+01,8.992772084447538117e-02,9.959400370851476669e-01,4.055558476293599952e-03,1.159611992193259500e+00,5.915537694618199990e-03,-4.606115975932929991e-03,9.999718946597455638e-01,2.167313604290059259e-01,0.000000000000000000e+00,0.000000000000000000e+00,0.000000000000000000e+00,1.000000000000000000e+00
9.959127862756547156e-01,-9.006991902704669650e-02,-6.718021965019172446e-03,1.881178900206228022e+01,9.009299115310338835e-02,9.959281715106618194e-01,3.214052973893448319e-03,1.254894605746404102e+00,6.401177840682784753e-03,-3.806163145928444669e-03,9.999722686376657510e-01,2.302989712616177465e-01,0.000000000000000000e+00,0.000000000000000000e+00,0.000000000000000000e+00,1.000000000000000000e+00
9.957553828116481043e-01,-9.168930542854256127e-02,-8.018034151802629766e-03,1.976282754150310694e+01,9.170622896804019042e-02,9.957845351692748981e-01,1.768356913970483722e-03,1.345976752899243456e+00,7.822094993632438403e-03,-2.496154591616939460e-03,9.999662914529503510e-01,2.481015585751043806e-01,0.000000000000000000e+00,0.000000000000000000e+00,0.000000000000000000e+00,1.000000000000000000e+00
9.957827928168604403e-01,-9.151910285805195389e-02,-6.394008281975812995e-03,2.070699531081815437e+01,9.151680723292819619e-02,9.958033188297202853e-01,-6.513076141360723496e-04,1.433794561623412234e+00,6.426781756346583788e-03,6.340169160008436939e-05,9.999793460149480895e-01,2.704231872020683713e-01,0.000000000000000000e+00,0.000000000000000000e+00,0.000000000000000000e+00,1.000000000000000000e+00
9.954548804660160455e-01,-9.514915385291405903e-02,-4.027341240029443624e-03,2.164680631827670254e+01,9.516421453876179604e-02,9.954546024158879014e-01,3.729182249493161964e-03,1.507810396749302395e+00,3.654206837284038230e-03,-4.095491436192076097e-03,9.999849367476931761e-01,2.811979309087294654e-01,0.000000000000000000e+00,0.000000000000000000e+00,0.000000000000000000e+00,1.000000000000000000e+00
9.959083332684888212e-01,-9.036746061827623244e-02,5.601676404988390574e-04,2.261253366739676096e+01,9.036547344978279606e-02,9.959044363605555894e-01,2.904280558661661172e-03,1.611766875528067189e+00,-8.203258972876986818e-04,-2.841777396475802468e-03,9.999956256737589921e-01,2.930842705927363401e-01,0.000000000000000000e+00,0.000000000000000000e+00,0.000000000000000000e+00,1.000000000000000000e+00
9.960216276732004603e-01,-8.907021579057698701e-02,2.722841576122894767e-03,2.359345509961915255e+01,8.905773322357647681e-02,9.960167218552387070e-01,4.405671098141722072e-03,1.703164659435059347e+00,-3.104409816194864547e-03,-4.145653599467396741e-03,9.999865880080232028e-01,3.047265654908359878e-01,0.000000000000000000e+00,0.000000000000000000e+00,0.000000000000000000e+00,1.000000000000000000e+00
9.962513537120299967e-01,-8.642551722807234604e-02,3.724271580808017918e-03,2.453683097134383928e+01,8.641559061693362964e-02,9.962553835263150415e-01,2.748907631021129099e-03,1.782304341891615573e+00,-3.947901375917240233e-03,-2.416767820360633378e-03,9.999892865966267808e-01,3.212125073639785500e-01,0.000000000000000000e+00,0.000000000000000000e+00,0.000000000000000000e+00,1.000000000000000000e+00
9.963763145657219544e-01,-8.503947559233063225e-02,1.589768350841389878e-03,2.550278200738193490e+01,8.503637215047614439e-02,9.963759836056719221e-01,1.927357080990780690e-03,1.867644503850382387e+00,-1.747908439721376338e-03,-1.785184812094449402e-03,9.999968789607669439e-01,3.353022557170356466e-01,0.000000000000000000e+00,0.000000000000000000e+00,0.000000000000000000e+00,1.000000000000000000e+00
9.965086977030601645e-01,-8.348541925660818430e-02,7.747087826082976487e-04,2.644068456382539978e+01,8.348403410597900198e-02,9.965077071918414520e-01,1.674979597702249291e-03,1.967571304700439505e+00,-9.118396466588132030e-04,-1.604455923155910946e-03,9.999982971333757353e-01,3.320069703168700981e-01,0.000000000000000000e+00,0.000000000000000000e+00,0.000000000000000000e+00,1.000000000000000000e+00
9.965647074173830111e-01,-8.281576684213821926e-02,-5.767949829763810042e-04,2.742893662286496337e+01,8.281773032623439279e-02,9.965472646141861901e-01,5.896857942511207241e-03,2.035453590403518032e+00,8.645065006008227507e-05,-5.924369361514148120e-03,9.999824470329241599e-01,3.460291691124489644e-01,0.000000000000000000e+00,0.000000000000000000e+00,0.000000000000000000e+00,1.000000000000000000e+00
9.968865147960633832e-01,-7.879594341394834112e-02,2.911343205786695674e-03,2.844183339580011705e+01,7.878477500381859955e-02,9.968845192358128937e-01,3.770216914146857883e-03,2.116753705033878941e+00,-3.199350770656549971e-03,-3.529108880142291932e-03,9.999886547082222910e-01,3.493170718744552095e-01,0.000000000000000000e+00,0.000000000000000000e+00,0.000000000000000000e+00,1.000000000000000000e+00
9.970529838202821793e-01,-7.638677790397964407e-02,7.099832147124484835e-03,2.943975519873301039e+01,7.637220679595671524e-02,9.970767214145801471e-01,2.301660762769321741e-03,2.224807034924369820e+00,-7.254893809344694668e-03,-1.752647882304473161e-03,9.999721469827136389e-01,3.580888029250350324e-01,0.000000000000000000e+00,0.000000000000000000e+00,0.000000000000000000e+00,1.000000000000000000e+00
9.970346698834553489e-01,-7.627452231448646203e-02,1.020119091490176606e-02,3.038730476790033919e+01,7.632264498360043226e-02,9.970734038327849769e-01,-4.413754865218969155e-03,2.266340409283565283e+00,-9.834679104711386080e-03,5.179248497598058255e-03,9.999382253278996657e-01,3.617449389138435722e-01,0.000000000000000000e+00,0.000000000000000000e+00,0.000000000000000000e+00,1.000000000000000000e+00
9.970613119960191062e-01,-7.588271807555313497e-02,1.051442904963415838e-02,3.133737879778722046e+01,7.597073232778230045e-02,9.970759984491854855e-01,-8.240215175543765674e-03,2.322199175337623434e+00,-9.858394917739434285e-03,9.014788628966379988e-03,9.999107688367111502e-01,3.758684163323958716e-01,0.000000000000000000e+00,0.000000000000000000e+00,0.000000000000000000e+00,1.000000000000000000e+00
9.972729799763725422e-01,-7.331945872707679168e-02,8.417860833421816902e-03,3.229616809277650447e+01,7.342173279846656020e-02,9.972218672932726680e-01,-1.256170947712136055e-02,2.384062350011541209e+00,-7.473457159370491820e-03,1.314550737269241064e-02,9.998856650007557079e-01,3.745962532682490242e-01,0.000000000000000000e+00,0.000000000000000000e+00,0.000000000000000000e+00,1.000000000000000000e+00
9.972711093700930007e-01,-7.366748647063568745e-02,4.841059061861819474e-03,3.327910892733039816e+01,7.371963399819375651e-02,9.972108451330038426e-01,-1.165958456777100444e-02,2.468194106056726511e+00,-3.968624310018506116e-03,1.198464793889939504e-02,9.999203059418630968e-01,3.809915360079293989e-01,0.000000000000000000e+00,0.000000000000000000e+00,0.000000000000000000e+00,1.000000000000000000e+00
9.971216137496762277e-01,-7.580430249207721627e-02,1.481592700233527521e-03,3.422567440659044991e+01,7.581482265030597967e-02,9.970788326156529990e-01,-9.268992195013743204e-03,2.539355635349473062e+00,-7.746352318131864570e-04,9.354639143133357260e-03,9.999559443629314481e-01,3.802862975758741770e-01,0.000000000000000000e+00,0.000000000000000000e+00,0.000000000000000000e+00,1.000000000000000000e+00
9.975176222235176970e-01,-7.032627778314710920e-02,3.578827560058860536e-03,3.514532669018115030e+01,7.035884907053069348e-02,9.974718381393455902e-01,-9.978200057465596087e-03,2.602721381044500237e+00,-2.868050035698515351e-03,1.020523258354120305e-02,9.999438121799202328e-01,3.845073225898313907e-01,0.000000000000000000e+00,0.000000000000000000e+00,0.000000000000000000e+00,1.000000000000000000e+00
9.971673956804741890e-01,-7.505556627228113231e-02,4.883335270709335957e-03,3.610705714629767726e+01,7.510702245294612056e-02,9.971105257719794501e-01,-1.138132562488675115e-02,2.677857988452257310e+00,-4.014993159592739752e-03,1.171585960458208613e-02,9.999233062908657876e-01,3.756959488465052011e-01,0.000000000000000000e+00,0.000000000000000000e+00,0.000000000000000000e+00,1.000000000000000000e+00
9.969890481643189917e-01,-7.717054780768584088e-02,7.585801965864088017e-03,3.707132505306232417e+01,7.724558999712051455e-02,9.969603853377086988e-01,-1.015425493503982826e-02,2.739212119860990668e+00,-6.779134635067489076e-03,1.070965071095764456e-02,9.999196701311817703e-01,3.833187747518099209e-01,0.000000000000000000e+00,0.000000000000000000e+00,0.000000000000000000e+00,1.000000000000000000e+00
9.971948694589035656e-01,-7.441395615813430064e-02,8.059494632670282863e-03,3.806475138482279164e+01,7.450605055630804552e-02,9.971507162485323539e-01,-1.180243684762454122e-02,2.817301963029132938e+00,-7.158264827430092445e-03,1.236981058612392735e-02,9.998978682999211109e-01,3.953896764944232478e-01,0.000000000000000000e+00,0.000000000000000000e+00,0.000000000000000000e+00,1.000000000000000000e+00
9.972770772895410696e-01,-7.282740785291996755e-02,1.160171445322921019e-02,3.902213681487518926e+01,7.295547673331331806e-02,9.972742421655693690e-01,-1.102652836149438723e-02,2.891592026180633379e+00,-1.076705751098115324e-02,1.184291258586043019e-02,9.998718997421822685e-01,4.143067438187536533e-01,0.000000000000000000e+00,0.000000000000000000e+00,0.000000000000000000e+00,1.000000000000000000e+00
9.973290623180152137e-01,-7.194117662518581535e-02,1.261778751016652718e-02,4.004326805845721537e+01,7.206374508040572224e-02,9.973543673580240743e-01,-9.543718188684704659e-03,2.976439941411178847e+00,-1.189781916378694626e-02,1.042751253475984741e-02,9.998748466090568998e-01,4.064378474589793733e-01,0.000000000000000000e+00,0.000000000000000000e+00,0.000000000000000000e+00,1.000000000000000000e+00
9.971687655037199116e-01,-7.458846894080571610e-02,9.540094593557656849e-03,4.105481462788667102e+01,7.471850960715484269e-02,9.971051180528109903e-01,-1.408999201484659528e-02,3.050854602878004140e+00,-8.461526214168707538e-03,1.476292159294371673e-02,9.998552188792982909e-01,4.281750077901370077e-01,0.000000000000000000e+00,0.000000000000000000e+00,0.000000000000000000e+00,1.000000000000000000e+00
9.971862083276431532e-01,-7.453512376444575149e-02,8.011319901077593869e-03,4.207059766643131837e+01,7.462735692990174474e-02,9.971404067734559451e-01,-1.190658546046071548e-02,3.129772165817621854e+00,-7.100951964045407183e-03,1.247094643918309105e-02,9.998970206856890863e-01,4.521547472954792202e-01,0.000000000000000000e+00,0.000000000000000000e+00,0.000000000000000000e+00,1.000000000000000000e+00
9.973937196353861445e-01,-7.183331924705177451e-02,6.763303766725833020e-03,4.310253665351950758e+01,7.188266281444126438e-02,9.973859448038472353e-01,-7.359340625773168332e-03,3.208258648501900012e+00,-6.216978252752304937e-03,7.826324404978676416e-03,9.999500476662396276e-01,4.739223547477285914e-01,0.000000000000000000e+00,0.000000000000000000e+00,0.000000000000000000e+00,1.000000000000000000e+00
9.974169177948876142e-01,-7.153532510990821824e-02,6.495333553209033974e-03,4.413122900983955077e+01,7.159783779642708845e-02,9.973838120377723770e-01,-9.963990560154544970e-03,3.261811379430166191e+00,-5.765563235643765376e-03,1.040330459162274596e-02,9.999292622651624329e-01,4.847271265259049944e-01,0.000000000000000000e+00,0.000000000000000000e+00,0.000000000000000000e+00,1.000000000000000000e+00
9.971992370513513837e-01,-7.446918574081508313e-02,6.929790711397124277e-03,4.511424976492989458e+01,7.454330857587480874e-02,9.971556063075611709e-01,-1.113516753201078228e-02,3.333544488788668492e+00,-6.080852799211308550e-03,1.162055009472564952e-02,9.999139893234482157e-01,5.025659099974725263e-01,0.000000000000000000e+00,0.000000000000000000e+00,0.000000000000000000e+00,1.000000000000000000e+00
9.970186662591791205e-01,-7.657817956810068771e-02,9.463696149232607782e-03,4.608093419774208854e+01,7.668514558462789787e-02,9.969889238081534044e-01,-1.150974589324809880e-02,3.408752595350741377e+00,-8.553804851274432811e-03,1.220115641644050654e-02,9.998889759391641485e-01,5.199863519370635512e-01,0.000000000000000000e+00,0.000000000000000000e+00,0.000000000000000000e+00,1.000000000000000000e+00
9.963537129230144451e-01,-8.493712556712354478e-02,8.059990379697668655e-03,4.689885325776273106e+01,8.498724023457170096e-02,9.963634107608498880e-01,-6.092839594162646234e-03,3.472363096071115152e+00,-7.513171223745487327e-03,6.755619690575642711e-03,9.999489556276168756e-01,5.356162932304054936e-01,0.000000000000000000e+00,0.000000000000000000e+00,0.000000000000000000e+00,1.000000000000000000e+00
9.963522317658467520e-01,-8.519789368017149922e-02,4.852748466656838650e-03,4.779560940645396272e+01,8.522533626649068939e-02,9.963450498943385858e-01,-5.760521618179847807e-03,3.510089220142184718e+00,-4.344227604767890265e-03,6.153085690296173499e-03,9.999716332091667104e-01,5.346322699377291654e-01,0.000000000000000000e+00,0.000000000000000000e+00,0.000000000000000000e+00,1.000000000000000000e+00
9.966277919512265271e-01,-8.192895934210517317e-02,4.548618641546756623e-03,4.869480802832479327e+01,8.195538663543333602e-02,9.966181544727433783e-01,-5.963956470650203998e-03,3.592354069849849285e+00,-4.044615168736679679e-03,6.316628568062134137e-03,9.999718702501949608e-01,5.479533880013985891e-01,0.000000000000000000e+00,0.000000000000000000e+00,0.000000000000000000e+00,1.000000000000000000e+00
9.968659097931896751e-01,-7.877475064709044128e-02,7.273001628575625002e-03,4.962660724883305363e+01,7.882807441169435714e-02,9.968610453505371005e-01,-7.361450073401488298e-03,3.674504115807876836e+00,-6.670275612364853952e-03,7.911695338391802265e-03,9.999464548165215572e-01,5.510812916029997899e-01,0.000000000000000000e+00,0.000000000000000000e+00,0.000000000000000000e+00,1.000000000000000000e+00
9.969337968143247020e-01,-7.760356122388037403e-02,1.003454307630336460e-02,5.062044745062247131e+01,7.767605349782334689e-02,9.969537390916456410e-01,-7.047895018731550366e-03,3.753333070760042300e+00,-9.457033487411200048e-03,7.805728445393502954e-03,9.999248147341163184e-01,5.628491219354637698e-01,0.000000000000000000e+00,0.000000000000000000e+00,0.000000000000000000e+00,1.000000000000000000e+00
9.970749813091454028e-01,-7.577010563177810631e-02,1.001861966136908567e-02,5.153524983029022621e+01,7.584723108928423385e-02,9.970908213126200570e-01,-7.555897710822177815e-03,3.820650416882105382e+00,-9.416962538881357148e-03,8.293681129442927527e-03,9.999212647353125094e-01,5.653683304199252913e-01,0.000000000000000000e+00,0.000000000000000000e+00,0.000000000000000000e+00,1.000000000000000000e+00
9.972871516182232332e-01,-7.305604552767741566e-02,9.008408798029041153e-03,5.246215261763755677e+01,7.312813048806435234e-02,9.972908662743574792e-01,-7.950130632051289475e-03,3.885760585598017069e+00,-8.403198708533791278e-03,8.587331227102914730e-03,9.999278193919116653e-01,5.723514434622628544e-01,0.000000000000000000e+00,0.000000000000000000e+00,0.000000000000000000e+00,1.000000000000000000e+00
9.974139779388464522e-01,-7.159549466472131529e-02,6.280267185667964477e-03,5.343028452726359490e+01,7.166123535349004647e-02,9.973688659288093561e-01,-1.095502731608481370e-02,3.961113437095004741e+00,-5.479412360938942274e-03,1.137674907863943374e-02,9.999202696318256756e-01,5.952974945517032213e-01,0.000000000000000000e+00,0.000000000000000000e+00,0.000000000000000000e+00,1.000000000000000000e+00
9.972264142260915953e-01,-7.404972114979500863e-02,7.491165958150715169e-03,5.439839610339203801e+01,7.415533162028095648e-02,9.971343531846996733e-01,-1.496891750334168429e-02,4.040691952346930016e+00,-6.361254755243107850e-03,1.548290982255240422e-02,9.998598971562806526e-01,5.942088715210496197e-01,0.000000000000000000e+00,0.000000000000000000e+00,0.000000000000000000e+00,1.000000000000000000e+00
9.972565849698511453e-01,-7.331518325526735491e-02,1.020723461668752302e-02,5.534537195542763044e+01,7.348801220715284188e-02,9.971384074953838494e-01,-1.773438353642728740e-02,4.123765487298162391e+00,-8.877826091723169111e-03,1.843584014419496347e-02,9.997906300831516102e-01,5.988939993905492143e-01,0.000000000000000000e+00,0.000000000000000000e+00,0.000000000000000000e+00,1.000000000000000000e+00
9.969674482843071672e-01,-7.624274876910065724e-02,1.558686375165180271e-02,5.628745342247292882e+01,7.648350010184705450e-02,9.969506558815761643e-01,-1.548108360134223434e-02,4.203901065110986934e+00,-1.435901367265541607e-02,1.662627431004266160e-02,9.997586637428645950e-01,6.201626455751100275e-01,0.000000000000000000e+00,0.000000000000000000e+00,0.000000000000000000e+00,1.000000000000000000e+00
9.966491374039281315e-01,-8.009335752471516412e-02,1.659972868533767659e-02,5.723418234812314864e+01,8.035161037593026301e-02,9.966457170979134972e-01,-1.552202629768720948e-02,4.276361526327195683e+00,-1.530083729746045500e-02,1.680382905202095628e-02,9.997417245004779351e-01,6.184806918820739963e-01,0.000000000000000000e+00,0.000000000000000000e+00,0.000000000000000000e+00,1.000000000000000000e+00
9.963323999785481666e-01,-8.427635717211907906e-02,1.480690294374048879e-02,5.810957449907585470e+01,8.448928703962406417e-02,9.963203868631491655e-01,-1.439607920255724614e-02,4.368821533082973829e+00,-1.353917015639977996e-02,1.559430481514618473e-02,9.997867315226837137e-01,6.234400967103371771e-01,0.000000000000000000e+00,0.000000000000000000e+00,0.000000000000000000e+00,1.000000000000000000e+00
9.963433324359884935e-01,-8.494186970909876899e-02,9.211008667533812644e-03,5.898357343217452353e+01,8.504462250172467597e-02,9.963118704756410704e-01,-1.140477675686605956e-02,4.466521396401651245e+00,-8.208294213174880186e-03,1.214642003461441876e-02,9.998925384192317578e-01,6.367657079357604832e-01,0.000000000000000000e+00,0.000000000000000000e+00,0.000000000000000000e+00,1.000000000000000000e+00
9.962412865520047234e-01,-8.648037910902822700e-02,4.943986080781656578e-03,5.992075662391897595e+01,8.653708165697933385e-02,9.961674576583319229e-01,-1.271730320605313040e-02,4.549496864819181141e+00,-3.825240842286519328e-03,1.309734063465326989e-02,9.999069092674579551e-01,6.396943509786161552e-01,0.000000000000000000e+00,0.000000000000000000e+00,0.000000000000000000e+00,1.000000000000000000e+00
9.962827169199435229e-01,-8.607338553439820850e-02,3.481417708917815615e-03,6.082875726752848777e+01,8.610391383252885555e-02,9.962374024752617130e-01,-9.856669420639136564e-03,4.660209703345488563e+00,-2.619921628135891706e-03,1.011979308059921152e-02,9.999453614066473595e-01,6.447042146747058444e-01,0.000000000000000000e+00,0.000000000000000000e+00,0.000000000000000000e+00,1.000000000000000000e+00
9.960129565260497086e-01,-8.901581843474641598e-02,5.862977113273402929e-03,6.177459949116497739e+01,8.906476392414182375e-02,9.959878776503546804e-01,-8.695711625985565532e-03,4.747666249863294219e+00,-5.065398244502153369e-03,9.183226118181586975e-03,9.999450035370391898e-01,6.550723956934643155e-01,0.000000000000000000e+00,0.000000000000000000e+00,0.000000000000000000e+00,1.000000000000000000e+00
9.960592112030650647e-01,-8.832821592698048008e-02,8.010870657166447792e-03,6.265850869398907719e+01,8.839906981109685313e-02,9.960447566326648960e-01,-8.969238602645156905e-03,4.840308148048388048e+00,-7.186948870138079939e-03,9.642046242112794693e-03,9.999276867404990332e-01,6.737917387071709063e-01,0.000000000000000000e+00,0.000000000000000000e+00,0.000000000000000000e+00,1.000000000000000000e+00
9.956101202111159454e-01,-9.330878649451550266e-02,7.345671931672181909e-03,6.347479951496163153e+01,9.336915027675410372e-02,9.955965071383806597e-01,-8.354444951971320282e-03,4.910499412010719489e+00,-6.533782197453617824e-03,9.003629089400881635e-03,9.999381202621586695e-01,6.865146977452130095e-01,0.000000000000000000e+00,0.000000000000000000e+00,0.000000000000000000e+00,1.000000000000000000e+00
9.954664966899723355e-01,-9.479153469781503860e-02,7.811460646137346857e-03,6.428509884730425483e+01,9.483970374754677191e-02,9.954742029350969190e-01,-6.044988321930335091e-03,4.985862388609504592e+00,-7.203093840206339221e-03,6.758419960878712419e-03,9.999512184095601386e-01,6.991479601975008062e-01,0.000000000000000000e+00,0.000000000000000000e+00,0.000000000000000000e+00,1.000000000000000000e+00
9.949417895350319840e-01,-1.000201432466632095e-01,9.316994244166676778e-03,6.508373277150970182e+01,1.000839213314594217e-01,9.949567771871437039e-01,-6.649828591208042580e-03,5.076066538334100819e+00,-8.604889757988896590e-03,7.548673677616213676e-03,9.999344845528452819e-01,7.062418359058807438e-01,0.000000000000000000e+00,0.000000000000000000e+00,0.000000000000000000e+00,1.000000000000000000e+00
9.944053180204107667e-01,-1.052902498986872520e-01,8.486858605969118535e-03,6.588248767763599290e+01,1.053576729192615413e-01,9.944027599611204860e-01,-7.931692048045477922e-03,5.168388079365751508e+00,-7.604225783317385828e-03,8.781472426595869976e-03,9.999325284699259742e-01,7.145276002160840800e-01,0.000000000000000000e+00,0.000000000000000000e+00,0.000000000000000000e+00,1.000000000000000000e+00
9.945109694628403441e-01,-1.040244888659673794e-01,1.126220823174143432e-02,6.667603865874851010e+01,1.041108374929535924e-01,9.945383800417878506e-01,-7.371847826178258567e-03,5.240110303265395508e+00,-1.043384562837358295e-02,8.503901459371259255e-03,9.999094051589745291e-01,7.309102356891326036e-01,0.000000000000000000e+00,0.000000000000000000e+00,0.000000000000000000e+00,1.000000000000000000e+00
9.945501169059104418e-01,-1.035079796366457777e-01,1.249652407589810568e-02,6.747785735898362702e+01,1.036002521162932566e-01,9.945945554665185373e-01,-6.975528496129513277e-03,5.325882507777430774e+00,-1.170695194661235464e-02,8.232155726145981567e-03,9.998975841996129432e-01,7.321842500184612135e-01,0.000000000000000000e+00,0.000000000000000000e+00,0.000000000000000000e+00,1.000000000000000000e+00
9.940530262162617925e-01,-1.076180116578936974e-01,1.664165367662309020e-02,6.822247724104566657e+01,1.076883882176652429e-01,9.941789180751890997e-01,-3.389675195143717137e-03,5.430638405712767458e+00,-1.617999114253974163e-02,5.161629747334491210e-03,9.998557723316804369e-01,7.529034248293643428e-01,0.000000000000000000e+00,0.000000000000000000e+00,0.000000000000000000e+00,1.000000000000000000e+00
9.940431775581345386e-01,-1.073908643820493392e-01,1.858395537562688646e-02,6.892075220153083137e+01,1.074324293658755064e-01,9.942116025281254599e-01,-1.250007601569442942e-03,5.511129492449063250e+00,-1.834214465849655709e-02,3.239081001466106308e-03,9.998265219944882931e-01,7.686858822315684181e-01,0.000000000000000000e+00,0.000000000000000000e+00,0.000000000000000000e+00,1.000000000000000000e+00
9.939120008987710753e-01,-1.090523283326533810e-01,1.570108768933123344e-02,6.960269947037224370e+01,1.090915913307400620e-01,9.940303097790663678e-01,-1.663713154638384603e-03,5.591716682585944120e+00,-1.542592526650328651e-02,3.366441112100433068e-03,9.998753461826697109e-01,7.795196126063903552e-01,0.000000000000000000e+00,0.000000000000000000e+00,0.000000000000000000e+00,1.000000000000000000e+00
9.941053721381931663e-01,-1.080112577535360940e-01,9.384949892405316380e-03,7.028654725433992212e+01,1.080272463254411258e-01,9.941471945686037870e-01,-1.212263468958404760e-03,5.668162891740573528e+00,-9.199083504690850135e-03,2.218947920716724843e-03,9.999552255640254961e-01,7.835589348580199731e-01,0.000000000000000000e+00,0.000000000000000000e+00,0.000000000000000000e+00,1.000000000000000000e+00
9.946721683132359049e-01,-1.025974974347003132e-01,1.005142294311738363e-02,7.100417903184863633e+01,1.026553316937590804e-01,9.947022405506334986e-01,-5.416227321199715283e-03,5.750484728720154592e+00,-9.442481553548405862e-03,6.419202729874604052e-03,9.999348145646426156e-01,7.940668486162774098e-01,0.000000000000000000e+00,0.000000000000000000e+00,0.000000000000000000e+00,1.000000000000000000e+00
9.942600914496189102e-01,-1.064219492987799193e-01,1.101086999477499800e-02,7.170269695325106341e+01,1.064522672735361275e-01,9.943153725191963277e-01,-2.203352975869845437e-03,5.840923419870068578e+00,-1.071379218192985289e-02,3.362838006881610671e-03,9.999369510012240392e-01,7.984395741315064576e-01,0.000000000000000000e+00,0.000000000000000000e+00,0.000000000000000000e+00,1.000000000000000000e+00
9.942357259923529922e-01,-1.060358258741149473e-01,1.586583725028916855e-02,7.240054817469545867e+01,1.060800999496479130e-01,9.943556301999019187e-01,-1.973090071647409620e-03,5.942040871514991274e+00,-1.556706636238926536e-02,3.644766241127700944e-03,9.998721828933531119e-01,8.011788258926170192e-01,0.000000000000000000e+00,0.000000000000000000e+00,0.000000000000000000e+00,1.000000000000000000e+00
9.941629539182412767e-01,-1.065922109837508930e-01,1.667697856783047217e-02,7.297474193753129157e+01,1.066265229355638361e-01,9.942984428795559326e-01,-1.179446464991036570e-03,5.990681417304000611e+00,-1.645617401548925968e-02,2.950770219382116335e-03,9.998602338786590771e-01,8.100796015175583120e-01,0.000000000000000000e+00,0.000000000000000000e+00,0.000000000000000000e+00,1.000000000000000000e+00
9.939797192078396737e-01,-1.084024887415816901e-01,1.591283249878248929e-02,7.351282966431089960e+01,1.084240725249202147e-01,9.941046087113541985e-01,-4.974293485507267710e-04,6.037113752825926660e+00,-1.576509754533554977e-02,2.219768789122622283e-03,9.998732591313316265e-01,8.210639991031539742e-01,0.000000000000000000e+00,0.000000000000000000e+00,0.000000000000000000e+00,1.000000000000000000e+00
9.942015269711904635e-01,-1.066960766185682530e-01,1.338921216342824419e-02,7.411568185876437553e+01,1.068097695369329830e-01,9.942466199859200104e-01,-8.082807559435651462e-03,6.105244272037694486e+00,-1.244977508310826306e-02,9.466038283261490188e-03,9.998776911300713000e-01,8.287259796857313621e-01,0.000000000000000000e+00,0.000000000000000000e+00,0.000000000000000000e+00,1.000000000000000000e+00
9.943430432874141855e-01,-1.055472047923147472e-01,1.190377362232243087e-02,7.473696211769254205e+01,1.057009902669400203e-01,9.943113056844364861e-01,-1.312737767796518483e-02,6.155117291055281825e+00,-1.045049867282117455e-02,1.431135733048352100e-02,9.998429737358014435e-01,8.420074696041749407e-01,0.000000000000000000e+00,0.000000000000000000e+00,0.000000000000000000e+00,1.000000000000000000e+00
9.948844666884386623e-01,-1.003634894436929298e-01,1.149208113206997423e-02,7.533613064526718972e+01,1.005186100701313257e-01,9.948391218099394973e-01,-1.382500437605775102e-02,6.214573447076323198e+00,-1.004524622044164137e-02,1.490945012784777174e-02,9.998383876033456463e-01,8.572203283279057340e-01,0.000000000000000000e+00,0.000000000000000000e+00,0.000000000000000000e+00,1.000000000000000000e+00
9.954127447533208661e-01,-9.460703384264310123e-02,1.424699021393739488e-02,7.590332538331338696e+01,9.473125453064082380e-02,9.954681905391401520e-01,-8.310898855219203338e-03,6.322420706723467454e+00,-1.339615607963864051e-02,9.622409897092456046e-03,9.998639668625249888e-01,8.383403264503631602e-01,0.000000000000000000e+00,0.000000000000000000e+00,0.000000000000000000e+00,1.000000000000000000e+00
9.958125396985699762e-01,-8.968303092251467268e-02,1.772962897619591652e-02,7.645918571022578192e+01,8.985995324281040308e-02,9.959096145594324989e-01,-9.446080207271573964e-03,6.348084241660687965e+00,-1.680995485663978883e-02,1.099970875221221653e-02,9.997981955500250262e-01,8.449137049191286497e-01,0.000000000000000000e+00,0.000000000000000000e+00,0.000000000000000000e+00,1.000000000000000000e+00
9.963241007784906511e-01,-8.287188327632387386e-02,2.169186875690161387e-02,7.703089434904494226e+01,8.318846055112809335e-02,9.964337704837893384e-01,-1.412165254466742938e-02,6.376725364964622500e+00,-2.044422263292856520e-02,1.587425594143519400e-02,9.996649647553140783e-01,8.561779837068314025e-01,0.000000000000000000e+00,0.000000000000000000e+00,0.000000000000000000e+00,1.000000000000000000e+00
9.969928355798396424e-01,-7.314330679357451681e-02,2.559965768854803592e-02,7.757999455077329287e+01,7.359844580178552531e-02,9.971376893823152843e-01,-1.731176446404706845e-02,6.406540730315660959e+00,-2.426014381720517296e-02,1.914380016083478547e-02,9.995223661016161554e-01,8.789049653154675790e-01,0.000000000000000000e+00,0.000000000000000000e+00,0.000000000000000000e+00,1.000000000000000000e+00
9.980949999258613703e-01,-5.723882594722914940e-02,2.302363844348820701e-02,7.805707537174886568e+01,5.754353593241789272e-02,9.982609795175609868e-01,-1.279680604815167620e-02,6.433623240053127468e+00,-2.225112571058414715e-02,1.409728969774837193e-02,9.996530167151960189e-01,8.754863166765710636e-01,0.000000000000000000e+00,0.000000000000000000e+00,0.000000000000000000e+00,1.000000000000000000e+00
9.988211054527262878e-01,-4.246789201350652937e-02,2.351334621275718781e-02,7.855696516426890241e+01,4.273750252746031514e-02,9.990248412159782321e-01,-1.108478737298378668e-02,6.476813001916594814e+00,-2.301966941350754373e-02,1.207662127078812896e-02,9.996620679203434001e-01,8.660843233549244680e-01,0.000000000000000000e+00,0.000000000000000000e+00,0.000000000000000000e+00,1.000000000000000000e+00
9.995142305386008896e-01,-1.915387425441976779e-02,2.458519985422346135e-02,7.904199931339907437e+01,1.931169478696654479e-02,9.997943003689795383e-01,-6.198015340185860679e-03,6.504551499726574981e+00,-2.446142668123200969e-02,6.669786409472934323e-03,9.996785246037713790e-01,8.659268087895233279e-01,0.000000000000000000e+00,0.000000000000000000e+00,0.000000000000000000e+00,1.000000000000000000e+00
9.997350548834114115e-01,3.154298061035465135e-03,2.280066755611614635e-02,7.953156859474856333e+01,-3.026123002100822041e-03,9.999794379686933743e-01,-5.653867648976437614e-03,6.508457100516046090e+00,-2.281803271183857965e-02,5.583372059797536355e-03,9.997240435938336001e-01,8.685275259836018336e-01,0.000000000000000000e+00,0.000000000000000000e+00,0.000000000000000000e+00,1.000000000000000000e+00
9.993075908089353865e-01,2.649740301497014935e-02,2.611946755015750674e-02,8.002180471525706196e+01,-2.628935179114636964e-02,9.996201093353507261e-01,-8.276895238118055914e-03,6.517712110272915638e+00,-2.632886123710669740e-02,7.584500368757538490e-03,9.996245627334872097e-01,8.770901387181978537e-01,0.000000000000000000e+00,0.000000000000000000e+00,0.000000000000000000e+00,1.000000000000000000e+00
9.980405882620660973e-01,5.742644594472933600e-02,2.484325839471450414e-02,8.049575260916365949e+01,-5.722038828119255932e-02,9.983216527805089946e-01,-8.927751931063003868e-03,6.465396397917464455e+00,-2.531425184474176554e-02,7.488717897619720509e-03,9.996514931503843737e-01,8.711010541531845064e-01,0.000000000000000000e+00,0.000000000000000000e+00,0.000000000000000000e+00,1.000000000000000000e+00
9.957090144516446140e-01,8.771816813189776962e-02,2.948018859029026897e-02,8.099298503878807765e+01,-8.742360332444647220e-02,9.961089470878827790e-01,-1.113908044856974817e-02,6.415388394612124401e+00,-3.034257934824859809e-02,8.514018502095004395e-03,9.995032963264519621e-01,8.725472001175934578e-01,0.000000000000000000e+00,0.000000000000000000e+00,0.000000000000000000e+00,1.000000000000000000e+00
