9.999501563557942063e-01,-9.836456919998898610e-03,-1.711408567181594209e-03,6.675798961616488114e-01,9.830373484814356952e-03,9.999454589033363039e-01,-3.527460240057547682e-03,1.841679484291626478e-02,1.746012935769835446e-03,3.510460633183885935e-03,9.999923140229484142e-01,1.149955495091743544e-02,0.000000000000000000e+00,0.000000000000000000e+00,0.000000000000000000e+00,1.000000000000000056e-01
9.998099350862238444e-01,-1.867804485142780108e-02,-5.587874677267228897e-03,1.362113903894857314e+00,1.865563096322694209e-02,9.998178194184067502e-01,-4.036756963972984620e-03,1.730469176230335290e-02,5.662255402636055292e-03,3.931744390260834103e-03,9.999762398426299548e-01,1.988968082289983147e-02,0.000000000000000000e+00,0.000000000000000000e+00,0.000000000000000000e+00,1.000000000000000056e-01
9.996562101548177592e-01,-2.452508930990090000e-02,-9.272620624620215440e-03,2.114979031362420159e+00,2.449284305337601567e-02,9.996936119772498186e-01,-3.575305727144694693e-03,3.004024024260930695e-02,9.357464296989748131e-03,3.346963731689960465e-03,9.999506166284959363e-01,2.254543756311885513e-02,0.000000000000000000e+00,0.000000000000000000e+00,0.000000000000000000e+00,1.000000000000000056e-01
9.993702459076427846e-01,-3.362632133486512243e-02,-1.133058286152695618e-02,2.867407942214521999e+00,3.359969183353588018e-02,9.994321623447509628e-01,-2.532504607450668417e-03,6.573521612783153611e-02,1.140930774363442535e-02,2.150205659868563955e-03,9.999325998848278552e-01,4.172936595943623622e-02,0.000000000000000000e+00,0.000000000000000000e+00,0.000000000000000000e+00,1.000000000000000056e-01
9.991555199636145135e-01,-3.907916356993613310e-02,-1.269117413453936354e-02,3.583126005550067994e+00,3.902012982377418143e-02,9.992265745940165367e-01,-4.866425140100718097e-03,9.754649220502376039e-02,1.287153428208279680e-02,4.367104278875488799e-03,9.999076217358494612e-01,5.590055689465628364e-02,0.000000000000000000e+00,0.000000000000000000e+00,0.000000000000000000e+00,1.000000000000000056e-01
9.988923774627271879e-01,-4.391106944158136571e-02,-1.690669179221870877e-02,4.319560369163402136e+00,4.383418928147246596e-02,9.990268448699055615e-01,-4.891531387778241119e-03,1.411924182797748561e-01,1.710503133281258970e-02,4.145022289227728515e-03,9.998451063506413883e-01,8.206010481872519358e-02,0.000000000000000000e+00,0.000000000000000000e+00,0.000000000000000000e+00,1.000000000000000056e-01
9.983398090011259551e-01,-5.396248669854164515e-02,-2.014139500891020881e-02,5.108530512091071785e+00,5.388581957430498004e-02,9.985377141178691796e-01,-4.330350224418096257e-03,1.741641248975179246e-01,2.034561899772744861e-02,3.237825438528602918e-03,9.997877636148728708e-01,1.034426337571559412e-01,0.000000000000000000e+00,0.000000000000000000e+00,0.000000000000000000e+00,1.000000000000000056e-01
9.978732694768025491e-01,-6.144446296215266140e-02,-2.176042359351529690e-02,5.892196464132954503e+00,6.135157473992648020e-02,9.981041336403743136e-01,-4.911485206034374613e-03,2.485005047418731849e-01,2.202095230928448680e-02,3.566003546062455117e-03,9.997511496758089145e-01,1.201553405686619364e-01,0.000000000000000000e+00,0.000000000000000000e+00,0.000000000000000000e+00,1.000000000000000056e-01
9.975974850655618953e-01,-6.624573988938613212e-02,-2.026720842577230119e-02,6.696868474864762000e+00,6.616369705535284085e-02,9.977977459394231641e-01,-4.692908498348041628e-03,3.160317104618721173e-01,2.053346007942634388e-02,3.340680277154316376e-03,9.997835850185040618e-01,1.550186748837455719e-01,0.000000000000000000e+00,0.000000000000000000e+00,0.000000000000000000e+00,1.000000000000000056e-01
9.972393896835507476e-01,-7.098649739859676233e-02,-2.178340769159569507e-02,7.504834152425793548e+00,7.086193300622979641e-02,9.974653514150583211e-01,-6.438880108748795683e-03,3.751734863427969024e-01,2.218526795420455722e-02,4.877490493404959201e-03,9.997419786986474488e-01,1.801862341147121016e-01,0.000000000000000000e+00,0.000000000000000000e+00,0.000000000000000000e+00,1.000000000000000056e-01
9.969487254516095076e-01,-7.463405267308806379e-02,-2.286912770531429259e-02,8.330496902441996809e+00,7.451620379332732358e-02,9.972019689658571107e-01,-5.963930151264138467e-03,4.497661653332563070e-01,2.325025145331910750e-02,4.241611982320379719e-03,9.997206782572564121e-01,2.112067469785934570e-01,0.000000000000000000e+00,0.000000000000000000e+00,0.000000000000000000e+00,1.000000000000000056e-01
9.962939395721718272e-01,-8.219965565243445016e-02,-2.532987529347134267e-02,9.185215853537023634e+00,8.206071047126739515e-02,9.966062745865738037e-01,-6.478676687517791015e-03,5.149229370952461693e-01,2.577645764476639220e-02,4.376078757490626907e-03,9.996581536535356083e-01,2.441675322573536311e-01,0.000000000000000000e+00,0.000000000000000000e+00,0.000000000000000000e+00,1.000000000000000056e-01
9.961988226678499814e-01,-8.246722766004675742e-02,-2.805462666398707630e-02,9.946835889641619133e+00,8.224697042764887722e-02,9.965720740979404635e-01,-8.918350946360812867e-03,5.936922899124040809e-01,2.869392916041871647e-02,6.577042663311672907e-03,9.995666065546316981e-01,2.846097715447170051e-01,0.000000000000000000e+00,0.000000000000000000e+00,0.000000000000000000e+00,1.000000000000000056e-01
9.961106919892310785e-01,-8.381047954440158654e-02,-2.718993974382070619e-02,1.071637851940158370e+01,8.368051351640375113e-02,9.964752568523446152e-01,-5.885077627763187630e-03,6.721247018752229963e-01,2.758733336816237072e-02,3.586920627958539720e-03,9.996129616196673950e-01,3.123895117620113515e-01,0.000000000000000000e+00,0.000000000000000000e+00,0.000000000000000000e+00,1.000000000000000056e-01
9.956144593700269052e-01,-8.904668017834350968e-02,-2.867990659930532565e-02,1.151731471875763368e+01,8.875541996222301167e-02,9.959896238722459882e-01,-1.127583993108254544e-02,7.843450120721675578e-01,2.956896549861855877e-02,8.680892122229033267e-03,9.995250464051932404e-01,3.368598923034998305e-01,0.000000000000000000e+00,0.000000000000000000e+00,0.000000000000000000e+00,1.000000000000000056e-01
9.951996202082720178e-01,-9.298889951129196696e-02,-3.050869556356107515e-02,1.236618735446145934e+01,9.269845048089536688e-02,9.956356179715364352e-01,-1.080340246764146910e-02,8.802956135464504728e-01,3.138014046737516022e-02,7.923433227818419203e-03,9.994761157677216623e-01,3.768033533772254251e-01,0.000000000000000000e+00,0.000000000000000000e+00,0.000000000000000000e+00,1.000000000000000056e-01
9.947169926212436897e-01,-9.631348839552614227e-02,-3.552205714247664431e-02,1.325274324725512898e+01,9.608887065011048612e-02,9.953407605015233139e-01,-7.981191730279044161e-03,9.831776508580171159e-01,3.612524778786797147e-02,4.525752681487440338e-03,9.993370222477155895e-01,4.279589670713517813e-01,0.000000000000000000e+00,0.000000000000000000e+00,0.000000000000000000e+00,1.000000000000000056e-01
9.947033912497262875e-01,-9.502419519809111870e-02,-3.918629560508318094e-02,1.416459034132206085e+01,9.498580715619299453e-02,9.954745628923586942e-01,-2.844481174836228227e-03,1.088072651537656643e+00,3.927925502323586365e-02,-8.927268465544009515e-04,9.992278734921264949e-01,4.717158701395103848e-01,0.000000000000000000e+00,0.000000000000000000e+00,0.000000000000000000e+00,1.000000000000000056e-01
9.925453857527274382e-01,-1.147601134367444431e-01,-4.103381026610958965e-02,1.506603828393484790e+01,1.145535617018799690e-01,9.933898246964109058e-01,-7.357831952930451135e-03,1.294060863930558858e+00,4.160695521644319078e-02,2.602413037843078099e-03,9.991306664916242974e-01,5.032700297755317020e-01,0.000000000000000000e+00,0.000000000000000000e+00,0.000000000000000000e+00,1.000000000000000056e-01
9.920366962692604984e-01,-1.196164366709500243e-01,-3.943477314903270220e-02,1.601484857912034343e+01,1.193830210437050593e-01,9.928141612444009168e-01,-8.230159114797679087e-03,1.430471725732741284e+00,4.013586353436716242e-02,3.456777505309525413e-03,9.991882521064934242e-01,5.540379577676558531e-01,0.000000000000000000e+00,0.000000000000000000e+00,0.000000000000000000e+00,1.000000000000000056e-01
9.916033114990775443e-01,-1.231052050919215074e-01,-3.959774113935490142e-02,1.693159356886840428e+01,1.228445204800769491e-01,9.923854830685746586e-01,-8.959731177425902388e-03,1.551201719872297380e+00,4.039921301316858754e-02,4.020133583318786022e-03,9.991755311825289976e-01,5.997645706379437502e-01,0.000000000000000000e+00,0.000000000000000000e+00,0.000000000000000000e+00,1.000000000000000056e-01
9.910358567200400204e-01,-1.272710227657802007e-01,-4.062040693209074266e-02,1.779410036943717444e+01,1.269718390400390307e-01,9.918571881531541568e-01,-9.872709846289509303e-03,1.693904873869511940e+00,4.154615248090746255e-02,4.626561689943587893e-03,9.991258740223687429e-01,6.557284200989811351e-01,0.000000000000000000e+00,0.000000000000000000e+00,0.000000000000000000e+00,1.000000000000000056e-01
9.908204378783993516e-01,-1.282573096810697699e-01,-4.271911042883599213e-02,1.869526224554924809e+01,1.278933415866414791e-01,9.917251585022449634e-01,-1.115809891960777879e-02,1.803884044100020567e+00,4.379672430969642344e-02,5.592182675063695277e-03,9.990248117202440437e-01,6.868535972601039763e-01,0.000000000000000000e+00,0.000000000000000000e+00,0.000000000000000000e+00,1.000000000000000056e-01
9.904745049557861503e-01,-1.309928909893273985e-01,-4.243957519637264059e-02,1.961396416276601684e+01,1.305582644774237744e-01,9.913571300123049657e-01,-1.286780285864237358e-02,1.923483955238324938e+00,4.375836616275168706e-02,7.204393383484920810e-03,9.990161670897736990e-01,7.460357658843702611e-01,0.000000000000000000e+00,0.000000000000000000e+00,0.000000000000000000e+00,1.000000000000000056e-01
9.885910857154946996e-01,-1.448500143070360069e-01,-4.130543062492848111e-02,2.053335161203057524e+01,1.444150935131502667e-01,9.894272507562954511e-01,-1.334152264274455872e-02,2.085856249042500998e+00,4.280123841020707504e-02,7.224182728188715055e-03,9.990574884231949726e-01,7.881828691489015659e-01,0.000000000000000000e+00,0.000000000000000000e+00,0.000000000000000000e+00,1.000000000000000056e-01
9.886170210153317761e-01,-1.449618818427266531e-01,-4.027950560007548947e-02,2.144826510021692556e+01,1.445157920223023307e-01,9.894064028749881556e-01,-1.378969927675685776e-02,2.220803488395619141e+00,4.185178150255759039e-02,7.811706765622967660e-03,9.990932917513108968e-01,8.326844318910596732e-01,0.000000000000000000e+00,0.000000000000000000e+00,0.000000000000000000e+00,1.000000000000000056e-01
9.885680099453945102e-01,-1.461657627801265236e-01,-3.699810135001856126e-02,2.239949497005174450e+01,1.457638776219362386e-01,9.892293211583822465e-01,-1.335073560308351615e-02,2.383509394963109429e+00,3.855102713572837458e-02,7.805123409019298214e-03,9.992261497555747773e-01,8.792865281638139185e-01,0.000000000000000000e+00,0.000000000000000000e+00,0.000000000000000000e+00,1.000000000000000056e-01
9.884173369960201905e-01,-1.472448702856730129e-01,-3.674392603208211788e-02,2.336092308394755435e+01,1.468546189236483168e-01,9.890711033348791315e-01,-1.311767695572620650e-02,2.537651975030862150e+00,3.827386610320191590e-02,7.569724068952817311e-03,9.992386153722413455e-01,9.312800909552489959e-01,0.000000000000000000e+00,0.000000000000000000e+00,0.000000000000000000e+00,1.000000000000000056e-01
9.885925674853413003e-01,-1.460809725944967608e-01,-3.667539991038646502e-02,2.430021585079281010e+01,1.456214026676503348e-01,9.892279052469447054e-01,-1.491839689268815820e-02,2.674410755137154538e+00,3.845962295508018741e-02,9.407493108560432624e-03,9.992158708084882823e-01,9.806464806096186759e-01,0.000000000000000000e+00,0.000000000000000000e+00,0.000000000000000000e+00,1.000000000000000056e-01
9.884969542290551470e-01,-1.459608544785609419e-01,-3.961313468749359107e-02,2.525096746541839821e+01,1.454349482934121363e-01,9.892406300657705653e-01,-1.586353182522160302e-02,2.825700349400298794e+00,4.150237697739358328e-02,9.919918697531636409e-03,9.990891591435975272e-01,1.030193334568794583e+00,0.000000000000000000e+00,0.000000000000000000e+00,0.000000000000000000e+00,1.000000000000000056e-01
9.887966367468639106e-01,-1.428855681879829809e-01,-4.318478391387218368e-02,2.620324318230777294e+01,1.422851961491791717e-01,9.896850488254516076e-01,-1.668613460790448894e-02,2.970202363168723547e+00,4.512354280062876727e-02,1.035463833075618914e-02,9.989277488137763283e-01,1.077231774041655932e+00,0.000000000000000000e+00,0.000000000000000000e+00,0.000000000000000000e+00,1.000000000000000056e-01
9.883898412807046174e-01,-1.436173620968984876e-01,-4.959410204280124274e-02,2.716911457467758595e+01,1.429914276231225856e-01,9.895951543686879459e-01,-1.596502666186350519e-02,3.117077882631085650e+00,5.137093808180585169e-02,8.688138715574521276e-03,9.986418491963243715e-01,1.141656002887733612e+00,0.000000000000000000e+00,0.000000000000000000e+00,0.000000000000000000e+00,1.000000000000000056e-01
9.881113948536611735e-01,-1.463346276747060359e-01,-4.713860523665476532e-02,2.812548673955708978e+01,1.455328288442913898e-01,9.891505791534856984e-01,-2.003315973335114894e-02,3.233653461877310065e+00,4.955872364105244621e-02,1.293477883958310884e-02,9.986874508110337167e-01,1.210947103680639847e+00,0.000000000000000000e+00,0.000000000000000000e+00,0.000000000000000000e+00,1.000000000000000056e-01
9.881731535757112272e-01,-1.474169913813518640e-01,-4.221432463399348717e-02,2.912494439212565212e+01,1.467330054166630926e-01,9.889958631420325830e-01,-1.888406231030444193e-02,3.380668724008655257e+00,4.453362407919741334e-02,1.246648868031323409e-02,9.989300991492630066e-01,1.285263165359767479e+00,0.000000000000000000e+00,0.000000000000000000e+00,0.000000000000000000e+00,1.000000000000000056e-01
9.883993538281822255e-01,-1.462107393723384163e-01,-4.109911245058614493e-02,3.007064144616227708e+01,1.453589981979193646e-01,9.891112262723389392e-01,-2.301616182006165079e-02,3.502097988629206515e+00,4.401680355192860716e-02,1.677503365791297579e-02,9.988899435127209792e-01,1.334699767257350844e+00,0.000000000000000000e+00,0.000000000000000000e+00,0.000000000000000000e+00,1.000000000000000056e-01
9.877978347074333199e-01,-1.496698640828028892e-01,-4.306239116376903847e-02,3.099994680129411151e+01,1.484249330541543566e-01,9.884438503622869909e-01,-3.080249874355406661e-02,3.628968773785372637e+00,4.717496152808123983e-02,2.403510903682691893e-02,9.985974346744597163e-01,1.397795309946941344e+00,0.000000000000000000e+00,0.000000000000000000e+00,0.000000000000000000e+00,1.000000000000000056e-01
9.874031062669137437e-01,-1.513318943724578369e-01,-4.619267777573864142e-02,3.196219692404288182e+01,1.499588123940262252e-01,9.881778482093982463e-01,-3.188878946615559401e-02,3.773574651329450358e+00,5.047237184661730602e-02,2.456009067342397600e-02,9.984234280235465553e-01,1.448617989978574050e+00,0.000000000000000000e+00,0.000000000000000000e+00,0.000000000000000000e+00,1.000000000000000056e-01
9.870636138602841836e-01,-1.523848678819114677e-01,-4.984249425628804742e-02,3.293813339184514177e+01,1.509215339713474435e-01,9.880298316062473551e-01,-3.193340633045398114e-02,3.922388124697644862e+00,5.411203911156126090e-02,2.399799776528971709e-02,9.982464542017898124e-01,1.499086438492315043e+00,0.000000000000000000e+00,0.000000000000000000e+00,0.000000000000000000e+00,1.000000000000000056e-01
9.870518989606745786e-01,-1.517589849893563048e-01,-5.193995796230978929e-02,3.390022223061639295e+01,1.501771169831257469e-01,9.881037066941625868e-01,-3.313454921819444787e-02,4.075382634421298000e+00,5.635053054553034596e-02,2.490532658402033750e-02,9.981003669045416249e-01,1.557670515091576169e+00,0.000000000000000000e+00,0.000000000000000000e+00,0.000000000000000000e+00,1.000000000000000056e-01
9.864317715615898985e-01,-1.562086470650298209e-01,-5.050958954472171275e-02,3.485619955144844795e+01,1.546121376677828396e-01,9.873855873605155153e-01,-3.412900172182516123e-02,4.218514808013550166e+00,5.520368592459998919e-02,2.585653601785683001e-02,9.981402669993307830e-01,1.631227907065638805e+00,0.000000000000000000e+00,0.000000000000000000e+00,0.000000000000000000e+00,1.000000000000000056e-01
9.859206588782077896e-01,-1.589276742888125760e-01,-5.198508192077523626e-02,3.584079274663003645e+01,1.572465895506103550e-01,9.869390984407594436e-01,-3.499608611891820431e-02,4.399219651250918517e+00,5.686795645934959731e-02,2.632888744497133976e-02,9.980344809745039791e-01,1.691912548533911709e+00,0.000000000000000000e+00,0.000000000000000000e+00,0.000000000000000000e+00,1.000000000000000056e-01
9.855674248769443757e-01,-1.612679403821216939e-01,-5.147331761541087958e-02,3.681792794029873761e+01,1.595237449696379206e-01,9.865231347063940781e-01,-3.639065099626140332e-02,4.550039929739823741e+00,5.664826398302467980e-02,2.765422379995898308e-02,9.980111312474081453e-01,1.769979374248815018e+00,0.000000000000000000e+00,0.000000000000000000e+00,0.000000000000000000e+00,1.000000000000000056e-01
9.853416673040475970e-01,-1.627287249247114653e-01,-5.119727296309098397e-02,3.781815150043428986e+01,1.609870596527083197e-01,9.862811316603601330e-01,-3.650610846330604176e-02,4.716055484792112118e+00,5.643549679815874909e-02,2.772889134345125906e-02,9.980211136474057554e-01,1.837508683275459243e+00,0.000000000000000000e+00,0.000000000000000000e+00,0.000000000000000000e+00,1.000000000000000056e-01
9.854598584125848770e-01,-1.628959534432557477e-01,-4.830916899782893709e-02,3.879402064012153772e+01,1.612933954110036261e-01,9.862705350363663026e-01,-3.542417699636006556e-02,4.876172024197908073e+00,5.341636504141570457e-02,2.711715455007151707e-02,9.982040632430173588e-01,1.915373239685100870e+00,0.000000000000000000e+00,0.000000000000000000e+00,0.000000000000000000e+00,1.000000000000000056e-01
9.852066611253492701e-01,-1.644124005807102717e-01,-4.833629495037147089e-02,3.979305041620685301e+01,1.630062866910214625e-01,9.861141427805045767e-01,-3.174662041029172044e-02,5.059639011886049254e+00,5.288464213215183368e-02,2.339786194417534451e-02,9.983264770018851486e-01,1.974162838304309719e+00,0.000000000000000000e+00,0.000000000000000000e+00,0.000000000000000000e+00,1.000000000000000056e-01
9.842389873476148354e-01,-1.686415865440727968e-01,-5.323186144443671497e-02,4.079194785995458972e+01,1.668572796316402096e-01,9.853095629611080541e-01,-3.638287194984585887e-02,5.246337687794158100e+00,5.858552738407604710e-02,2.692731745436712648e-02,9.979191628362696909e-01,2.059127787782647712e+00,0.000000000000000000e+00,0.000000000000000000e+00,0.000000000000000000e+00,1.000000000000000056e-01
9.840830706723198151e-01,-1.693072355071213453e-01,-5.399601856687419321e-02,4.181055348968715890e+01,1.676986872537587492e-01,9.852831743587355806e-01,-3.307894525131496039e-02,5.416556186150974561e+00,5.880187335029458950e-02,2.349736858692118985e-02,9.979930928418223601e-01,2.149713832358441934e+00,0.000000000000000000e+00,0.000000000000000000e+00,0.000000000000000000e+00,1.000000000000000056e-01
9.833440961401602731e-01,-1.724628343131243413e-01,-5.736688388761543994e-02,4.282770774050965201e+01,1.706844234394088444e-01,9.847175917276221879e-01,-3.461346757128851148e-02,5.592191528631441422e+00,6.245971646948064032e-02,2.424531548229229977e-02,9.977529496301758005e-01,2.228812716144956685e+00,0.000000000000000000e+00,0.000000000000000000e+00,0.000000000000000000e+00,1.000000000000000056e-01
9.840601791583672986e-01,-1.675812450500438755e-01,-5.951546103559270107e-02,4.383432603160933638e+01,1.657062423638372695e-01,9.855471378683176020e-01,-3.518920688541567199e-02,5.712024403479096790e+00,6.455234338472329303e-02,2.476621382134355787e-02,9.976069514676089156e-01,2.311449913479612039e+00,0.000000000000000000e+00,0.000000000000000000e+00,0.000000000000000000e+00,1.000000000000000056e-01
9.837531364804809053e-01,-1.703195230808699778e-01,-5.675408815513961758e-02,4.482756533050309855e+01,1.683653511115152657e-01,9.850060309389896407e-01,-3.763279897794322149e-02,5.892173329315735231e+00,6.231271948737714117e-02,2.746596204983711362e-02,9.976786786930771367e-01,2.405269933066825683e+00,0.000000000000000000e+00,0.000000000000000000e+00,0.000000000000000000e+00,1.000000000000000056e-01
9.837604962195103386e-01,-1.705814253695271399e-01,-5.583245827333083861e-02,4.580778361991752234e+01,1.686852525050904217e-01,9.849711638050524520e-01,-3.710919104230712279e-02,6.048311295123141029e+00,6.132350010588654560e-02,2.708844387226792480e-02,9.977502916779038555e-01,2.479295148617973066e+00,0.000000000000000000e+00,0.000000000000000000e+00,0.000000000000000000e+00,1.000000000000000056e-01
9.827929666196029146e-01,-1.748231162795003124e-01,-5.962266999526508876e-02,4.672559429618298310e+01,1.729248401990244322e-01,9.842886882430087470e-01,-3.567601209495115805e-02,6.220860840445949336e+00,6.492291125004977237e-02,2.475189308278349931e-02,9.975832593741921217e-01,2.564159012707999175e+00,0.000000000000000000e+00,0.000000000000000000e+00,0.000000000000000000e+00,1.000000000000000056e-01
9.826292596260676193e-01,-1.737815018731960759e-01,-6.511319170047276395e-02,4.768750922209247989e+01,1.716902850573939210e-01,9.844751269205072042e-01,-3.648520921910675119e-02,6.378170803366226771e+00,7.044277211777640046e-02,2.467213167822213810e-02,9.972106606804880258e-01,2.624117004602711134e+00,0.000000000000000000e+00,0.000000000000000000e+00,0.000000000000000000e+00,1.000000000000000056e-01
9.825534830628386285e-01,-1.743102483560326765e-01,-6.484281177696069043e-02,4.863947925651346083e+01,1.719874149956618081e-01,9.842919492592273611e-01,-3.987088795826485010e-02,6.549444016557188775e+00,7.077416198157451821e-02,2.802313225763159235e-02,9.970986521173705874e-01,2.709673436959335380e+00,0.000000000000000000e+00,0.000000000000000000e+00,0.000000000000000000e+00,1.000000000000000056e-01
9.830654946856141052e-01,-1.721549230155370314e-01,-6.280856342922760960e-02,4.961043474362664085e+01,1.698770910062078476e-01,9.846529876788203683e-01,-4.000334744045150326e-02,6.747102875452816839e+00,6.873141283137837454e-02,2.865617449499187341e-02,9.972235539504245017e-01,2.797110214569498599e+00,0.000000000000000000e+00,0.000000000000000000e+00,0.000000000000000000e+00,1.000000000000000056e-01
9.839265211790780841e-01,-1.675995514730689862e-01,-6.163595757724023988e-02,5.060840922843964051e+01,1.653432684973072386e-01,9.854212247575608874e-01,-4.008258175237698617e-02,6.928065372793301258e+00,6.745520352845015000e-02,2.924722454071000677e-02,9.972935352109731921e-01,2.895989793645974419e+00,0.000000000000000000e+00,0.000000000000000000e+00,0.000000000000000000e+00,1.000000000000000056e-01
9.838298363307070860e-01,-1.684166222757946807e-01,-6.094829355040635999e-02,5.154253992444291299e+01,1.658205365553638289e-01,9.851085236103066523e-01,-4.543948026565746562e-02,7.103023586444097148e+00,6.769344726031804871e-02,3.459823769405197952e-02,9.971060922221267608e-01,2.975065980717068292e+00,0.000000000000000000e+00,0.000000000000000000e+00,0.000000000000000000e+00,1.000000000000000056e-01
9.843005998944590607e-01,-1.655210538502691064e-01,-6.127895054343152070e-02,5.248012618000069551e+01,1.629068659360982108e-01,9.855926451335025318e-01,-4.548066500859296313e-02,7.265348146487676573e+00,6.792409055913911642e-02,3.478388407067339871e-02,9.970839479856606902e-01,3.051981789392584243e+00,0.000000000000000000e+00,0.000000000000000000e+00,0.000000000000000000e+00,1.000000000000000056e-01
9.845123414741216994e-01,-1.649056871515876543e-01,-5.951103956582356330e-02,5.346239039645551827e+01,1.622421347988024509e-01,9.856240964006860450e-01,-4.714478009555678889e-02,7.430950139995359471e+00,6.642995695519861299e-02,3.675941973690397685e-02,9.971137376846919143e-01,3.146810113628341288e+00,0.000000000000000000e+00,0.000000000000000000e+00,0.000000000000000000e+00,1.000000000000000056e-01
9.831602200079945231e-01,-1.730976230761655799e-01,-5.859346959528496934e-02,5.442899856215429111e+01,1.703279965801403339e-01,9.841487310908573205e-01,-4.939279981182496948e-02,7.602357639608644746e+00,6.621446499691421850e-02,3.858092764096041072e-02,9.970592543312234435e-01,3.222282135705205164e+00,0.000000000000000000e+00,0.000000000000000000e+00,0.000000000000000000e+00,1.000000000000000056e-01
9.833823876691428767e-01,-1.733332479615618538e-01,-5.398763537358725745e-02,5.534812348495715639e+01,1.707009415600149183e-01,9.840489951071680341e-01,-5.008756112147084300e-02,7.759854947695763450e+00,6.180831798924852488e-02,4.003948525728601854e-02,9.972845990226016921e-01,3.300729401037274968e+00,0.000000000000000000e+00,0.000000000000000000e+00,0.000000000000000000e+00,1.000000000000000056e-01
9.833900603918210859e-01,-1.747061551121220080e-01,-4.921126383776117802e-02,5.626661785726516030e+01,1.722783489555478331e-01,9.837830779355493105e-01,-4.991017981141131904e-02,7.942543424365970495e+00,5.713282422321740855e-02,4.060313945492507320e-02,9.975405883785796179e-01,3.385746820053376904e+00,0.000000000000000000e+00,0.000000000000000000e+00,0.000000000000000000e+00,1.000000000000000056e-01
9.834440826834862648e-01,-1.753127129123615013e-01,-4.586053778734243414e-02,5.717736575044845182e+01,1.734332838593424242e-01,9.839409797602310936e-01,-4.220242171062391773e-02,8.116232117396993573e+00,5.252268352436983978e-02,3.354997823821192354e-02,9.980559937576720664e-01,3.468961305095442427e+00,0.000000000000000000e+00,0.000000000000000000e+00,0.000000000000000000e+00,1.000000000000000056e-01
9.826970669192411911e-01,-1.788621662368668486e-01,-4.811237010765445632e-02,5.803635333082354464e+01,1.769683295719257643e-01,9.833566164941726084e-01,-4.113362524328605108e-02,8.284000032166138894e+00,5.466886679676806471e-02,3.190752710863459241e-02,9.979946015470068099e-01,3.552644944728372778e+00,0.000000000000000000e+00,0.000000000000000000e+00,0.000000000000000000e+00,1.000000000000000056e-01
9.822143376198406717e-01,-1.799881675204933751e-01,-5.347199759343695957e-02,5.894431509873978570e+01,1.779602341279271915e-01,9.832009470117225591e-01,-4.057157705075448845e-02,8.476839189010117792e+00,5.987612247925756803e-02,3.033409546808315052e-02,9.977448033485226686e-01,3.617843062532018372e+00,0.000000000000000000e+00,0.000000000000000000e+00,0.000000000000000000e+00,1.000000000000000056e-01
9.816061218790088638e-01,-1.813627824447986703e-01,-5.964027694044598399e-02,5.991550848176741084e+01,1.791898136565153454e-01,9.830007971625929208e-01,-4.000554285908542590e-02,8.652439931358351544e+00,6.588195634159459135e-02,2.858275566818983468e-02,9.974179634972576425e-01,3.691651917070282618e+00,0.000000000000000000e+00,0.000000000000000000e+00,0.000000000000000000e+00,1.000000000000000056e-01
9.821481760224366475e-01,-1.785954331324947353e-01,-5.906463916775728240e-02,6.082541352855262318e+01,1.766351918780114938e-01,9.835831652533293390e-01,-3.693461818483931292e-02,8.855062397810648633e+00,6.469133887947317585e-02,2.584237400972273779e-02,9.975706503198270569e-01,3.766677799929355253e+00,0.000000000000000000e+00,0.000000000000000000e+00,0.000000000000000000e+00,1.000000000000000056e-01
9.817905031969257346e-01,-1.815961692010999717e-01,-5.576951823185098689e-02,6.176230324812507178e+01,1.798136128044530435e-01,9.830594600508349989e-01,-3.551285196616928153e-02,9.050109615530361751e+00,6.127375035476072263e-02,2.483806224419033565e-02,9.978119052113059162e-01,3.844647733391968636e+00,0.000000000000000000e+00,0.000000000000000000e+00,0.000000000000000000e+00,1.000000000000000056e-01
9.811429679525153214e-01,-1.853406935343989703e-01,-5.483888909813444679e-02,6.265076206956180016e+01,1.834898757067471298e-01,9.823213935628689608e-01,-3.709643192849772231e-02,9.237301615946851285e+00,6.074489238159844207e-02,2.633452237826192435e-02,9.978058683835532294e-01,3.924040117375948711e+00,0.000000000000000000e+00,0.000000000000000000e+00,0.000000000000000000e+00,1.000000000000000056e-01
9.805247759936921437e-01,-1.889430105020892814e-01,-5.358826779181374150e-02,6.347845837715044581e+01,1.872026838399463156e-01,9.816662551403021464e-01,-3.586807329557056140e-02,9.401170508656489844e+00,5.938281591202015236e-02,2.513766698050337589e-02,9.979187235808016920e-01,3.990222334866652787e+00,0.000000000000000000e+00,0.000000000000000000e+00,0.000000000000000000e+00,1.000000000000000056e-01
9.797229065654542435e-01,-1.931281767640769809e-01,-5.333417001061979690e-02,6.430618269075964122e+01,1.913933590989367051e-01,9.808542858182837110e-01,-3.596459487788085385e-02,9.552044260167708245e+00,5.925882587230119070e-02,2.502753147412018278e-02,9.979288623066016051e-01,4.050472159696526298e+00,0.000000000000000000e+00,0.000000000000000000e+00,0.000000000000000000e+00,1.000000000000000056e-01
9.791426048736414645e-01,-1.961202695706888155e-01,-5.307164200192460851e-02,6.511424460232257161e+01,1.944921047536836423e-01,9.803032332210730448e-01,-3.432771656828843138e-02,9.708465567779175132e+00,5.875866327395692229e-02,2.328971446434968326e-02,9.980005053557973183e-01,4.113027989094625525e+00,0.000000000000000000e+00,0.000000000000000000e+00,0.000000000000000000e+00,1.000000000000000056e-01
9.784744839517846016e-01,-1.989494929284564562e-01,-5.483414555547335562e-02,6.591272271830293050e+01,1.971589236225109454e-01,9.796961632414636911e-01,-3.638387783027390715e-02,9.870270604500838374e+00,6.095935606042510863e-02,2.478965496866482321e-02,9.978323656382532825e-01,4.183982406554479283e+00,0.000000000000000000e+00,0.000000000000000000e+00,0.000000000000000000e+00,1.000000000000000056e-01
9.776246918088682403e-01,-2.033688905833373750e-01,-5.376854385714747997e-02,6.667038315745796240e+01,2.016557524996040740e-01,9.788083513658530910e-01,-3.562539515961937742e-02,1.002091945310344023e+01,5.987419685836188610e-02,2.398552979117099873e-02,9.979177195095810804e-01,4.249860449663318995e+00,0.000000000000000000e+00,0.000000000000000000e+00,0.000000000000000000e+00,1.000000000000000056e-01
9.768354088514741296e-01,-2.079169550809753242e-01,-5.062730294840058626e-02,6.745981606103356398e+01,2.062833216363531286e-01,9.778424398079722524e-01,-3.565605313358598261e-02,1.018738439640098647e+01,5.691902343370203871e-02,2.438652702309034026e-02,9.980809196007635054e-01,4.319649968363247439e+00,0.000000000000000000e+00,0.000000000000000000e+00,0.000000000000000000e+00,1.000000000000000056e-01
9.728738175598995452e-01,-2.259433410935294817e-01,-4.966026300695929041e-02,6.826778845196868417e+01,2.245784818404947814e-01,9.739433543819487893e-01,-3.160455583387174888e-02,1.039195454940321461e+01,5.550712207136970777e-02,1.959461841248120312e-02,9.982660017894144922e-01,4.384270181333052463e+00,0.000000000000000000e+00,0.000000000000000000e+00,0.000000000000000000e+00,1.000000000000000056e-01
9.719656699494211294e-01,-2.302670051372919524e-01,-4.753780374475997245e-02,6.900549352430341798e+01,2.290029858778480365e-01,9.729450125096329449e-01,-3.058815279908905227e-02,1.055094411198561843e+01,5.329511139685407656e-02,1.884433542825666996e-02,9.984009826334628857e-01,4.451631207599705320e+00,0.000000000000000000e+00,0.000000000000000000e+00,0.000000000000000000e+00,1.000000000000000056e-01
9.717218102661966395e-01,-2.305553325229848516e-01,-5.099962841238738637e-02,6.968126865436191508e+01,2.293960527003074679e-01,9.729416846985711187e-01,-2.760306471071449427e-02,1.072052130338842524e+01,5.598369814958154694e-02,1.512338656260634254e-02,9.983171383485182071e-01,4.506245331166203627e+00,0.000000000000000000e+00,0.000000000000000000e+00,0.000000000000000000e+00,1.000000000000000056e-01
9.707273448386336545e-01,-2.338858311643468302e-01,-5.464283999847558554e-02,7.034689032945446741e+01,2.325657539757952919e-01,9.721340271074453421e-01,-2.947207860892289699e-02,1.089989177533754372e+01,6.001326570189476767e-02,1.590129933129100226e-02,9.980709176302906549e-01,4.557904574095233308e+00,0.000000000000000000e+00,0.000000000000000000e+00,0.000000000000000000e+00,1.000000000000000056e-01
9.695101286116650785e-01,-2.375864797184240595e-01,-6.002312199810664467e-02,7.106818591010321029e+01,2.359744662751701583e-01,9.712070764750967422e-01,-3.275463128847719285e-02,1.108273312891078355e+01,6.607693837899346334e-02,1.759202261544655019e-02,9.976594403676819489e-01,4.616998227889855144e+00,0.000000000000000000e+00,0.000000000000000000e+00,0.000000000000000000e+00,1.000000000000000056e-01
9.679178872489341279e-01,-2.434613829258871764e-01,-6.214111816964770080e-02,7.178488817015707468e+01,2.418193422768537271e-01,9.697661524257726873e-01,-3.281791142201070932e-02,1.126590201279143955e+01,6.825224717435651733e-02,1.673811916338281344e-02,9.975276768704329777e-01,4.674246940585198296e+00,0.000000000000000000e+00,0.000000000000000000e+00,0.000000000000000000e+00,1.000000000000000056e-01
9.675705012502121560e-01,-2.455589977999685647e-01,-5.922924708189492016e-02,7.245501644507255889e+01,2.440444691417177070e-01,9.692461677276190679e-01,-3.168853778042307612e-02,1.142859637260108485e+01,6.518912633062604045e-02,1.620632422232556880e-02,9.977413156041251563e-01,4.745496480560142061e+00,0.000000000000000000e+00,0.000000000000000000e+00,0.000000000000000000e+00,1.000000000000000056e-01
9.658975938668213912e-01,-2.527732085544331375e-01,-5.610296961286553863e-02,7.302293586971744332e+01,2.512327019677335627e-01,9.673601870423641502e-01,-3.311190099275720944e-02,1.158700195143884493e+01,6.264158063360963924e-02,1.788780485300674530e-02,9.978757732369614164e-01,4.792555698496657079e+00,0.000000000000000000e+00,0.000000000000000000e+00,0.000000000000000000e+00,1.000000000000000056e-01
9.661546697976706177e-01,-2.510517759106100089e-01,-5.931407792660111505e-02,7.355537730229836768e+01,2.492528690101531164e-01,9.677647372203385112e-01,-3.611676457071747587e-02,1.170812964886544449e+01,6.646925092372782395e-02,2.011017665208463673e-02,9.975857955467591909e-01,4.842071548124210700e+00,0.000000000000000000e+00,0.000000000000000000e+00,0.000000000000000000e+00,1.000000000000000056e-01
9.651588752198252408e-01,-2.548315325521408603e-01,-5.940736992603778965e-02,7.417781010199225022e+01,2.524877137256945625e-01,9.665893631506790040e-01,-4.421490089931699036e-02,1.185958423807682927e+01,6.868988282107965637e-02,2.767477300885896191e-02,9.972541335772614479e-01,4.905378859853859908e+00,0.000000000000000000e+00,0.000000000000000000e+00,0.000000000000000000e+00,1.000000000000000056e-01
9.647353909714414533e-01,-2.550427696299862323e-01,-6.510615229489252753e-02,7.476378212542998369e+01,2.521468864683428790e-01,9.664213301685318225e-01,-4.951525259560084213e-02,1.200358711104730425e+01,7.554848146389545049e-02,3.135280298077575134e-02,9.966491000817430113e-01,4.960904634235245858e+00,0.000000000000000000e+00,0.000000000000000000e+00,0.000000000000000000e+00,1.000000000000000056e-01
9.655336276280525043e-01,-2.520054138502266783e-01,-6.510057841209458684e-02,7.534007062627959783e+01,2.493576400424447892e-01,9.673111444232619371e-01,-4.615102628351584052e-02,1.213350743122790121e+01,7.460282348460960111e-02,2.832704122804261676e-02,9.968109135956472189e-01,5.023144891078466401e+00,0.000000000000000000e+00,0.000000000000000000e+00,0.000000000000000000e+00,1.000000000000000056e-01
9.655952069092552659e-01,-2.525159022289822919e-01,-6.214189822781010508e-02,7.590964071084685827e+01,2.499354503462412613e-01,9.671495012377697709e-01,-4.641242199837084664e-02,1.229875560510997445e+01,7.182038049254566014e-02,2.928414890373855911e-02,9.969875985030554055e-01,5.063070292387917171e+00,0.000000000000000000e+00,0.000000000000000000e+00,0.000000000000000000e+00,1.000000000000000056e-01
9.661305978834673347e-01,-2.509121041441855771e-01,-6.028916840752737011e-02,7.649330976866683329e+01,2.481977666981085850e-01,9.674664413450663192e-01,-4.905663540424030911e-02,1.242341095052579192e+01,7.063665082239599380e-02,3.243147953841550579e-02,9.969747552950095626e-01,5.115251439935811995e+00,0.000000000000000000e+00,0.000000000000000000e+00,0.000000000000000000e+00,1.000000000000000056e-01
9.666879268980024253e-01,-2.498947318720027566e-01,-5.538117886305889137e-02,7.708594902773884883e+01,2.470592513423495451e-01,9.675329936840517675e-01,-5.330696445057134247e-02,1.255619319839072467e+01,6.690424736741321099e-02,3.784876636558424934e-02,9.970412692405482558e-01,5.175149020016624135e+00,0.000000000000000000e+00,0.000000000000000000e+00,0.000000000000000000e+00,1.000000000000000056e-01
9.683252311454556560e-01,-2.442407559528088634e-01,-5.189123103858987729e-02,7.765886822682327306e+01,2.414840911464379847e-01,9.688944336790712430e-01,-5.412032990374904262e-02,1.266991270326268371e+01,6.349551519815145595e-02,3.987517419789239626e-02,9.971851834200150533e-01,5.244853163915498939e+00,0.000000000000000000e+00,0.000000000000000000e+00,0.000000000000000000e+00,1.000000000000000056e-01
9.703999565457794851e-01,-2.362281755681474027e-01,-5.020132870446648160e-02,7.815770418446746248e+01,2.337251371916892473e-01,9.709625803274601896e-01,-5.103163576220627606e-02,1.281543056918804346e+01,6.079872186711998000e-02,3.778778468744850572e-02,9.974345085005529299e-01,5.297917067091104215e+00,0.000000000000000000e+00,0.000000000000000000e+00,0.000000000000000000e+00,1.000000000000000056e-01
9.733774175144647156e-01,-2.234187816148411054e-01,-5.119034180986953286e-02,7.866143642852486551e+01,2.209681671063807584e-01,9.740273498128418916e-01,-4.943471393887501064e-02,1.292559839618626683e+01,6.090543652678238884e-02,3.680719818611247196e-02,9.974646650198544240e-01,5.340222794906283710e+00,0.000000000000000000e+00,0.000000000000000000e+00,0.000000000000000000e+00,1.000000000000000056e-01
9.772810834430469829e-01,-2.057399751763125673e-01,-5.091901961776736096e-02,7.912969357301071227e+01,2.038468854479087156e-01,9.781857306809679242e-01,-3.998904331598934769e-02,1.303737422868506357e+01,5.803560318952044605e-02,2.870085201855816781e-02,9.979018638402462615e-01,5.380828175147651216e+00,0.000000000000000000e+00,0.000000000000000000e+00,0.000000000000000000e+00,1.000000000000000056e-01
9.816778556975931380e-01,-1.842628400186258342e-01,-4.853651636907813788e-02,7.961286753492220214e+01,1.822854761735697438e-01,9.823283188942828481e-01,-4.246267860730260774e-02,1.311340240306131477e+01,5.550308828480109841e-02,3.283716928424921383e-02,9.979183972170505568e-01,5.428833784979449462e+00,0.000000000000000000e+00,0.000000000000000000e+00,0.000000000000000000e+00,1.000000000000000056e-01
9.853279370070835430e-01,-1.637522496335657163e-01,-4.810464939391262407e-02,8.016680425237258589e+01,1.617622210627215340e-01,9.859044659235991492e-01,-4.272432455590018802e-02,1.325965718173729968e+01,5.442279292925066014e-02,3.431595564528339831e-02,9.979281410993132706e-01,5.482649229352326792e+00,0.000000000000000000e+00,0.000000000000000000e+00,0.000000000000000000e+00,1.000000000000000056e-01
9.894962471135499982e-01,-1.368407320017508699e-01,-4.660247861890488841e-02,8.066197421328450901e+01,1.349594815772341694e-01,9.899865308267654651e-01,-4.138365757143747797e-02,1.337101862924674300e+01,5.179879613084346912e-02,3.465952750414808686e-02,9.980559111956526230e-01,5.520994710331565969e+00,0.000000000000000000e+00,0.000000000000000000e+00,0.000000000000000000e+00,1.000000000000000056e-01
9.931065636214304604e-01,-1.072040696612951843e-01,-4.739874196737516726e-02,8.114145154897404666e+01,1.051605007671736619e-01,9.934948330937188876e-01,-4.369537383386226659e-02,1.340755011192074875e+01,5.177472714009134086e-02,3.840968711327751028e-02,9.979198733192105042e-01,5.547440902871791479e+00,0.000000000000000000e+00,0.000000000000000000e+00,0.000000000000000000e+00,1.000000000000000056e-01
9.962206742467538678e-01,-7.343070425449783889e-02,-4.639288604981979536e-02,8.166059120922510317e+01,7.158216773127558386e-02,9.966192098909485431e-01,-4.032547258536475776e-02,1.344825859006881430e+01,4.919716929087099289e-02,3.685216613755491755e-02,9.981089902333990516e-01,5.587336825521795447e+00,0.000000000000000000e+00,0.000000000000000000e+00,0.000000000000000000e+00,1.000000000000000056e-01
