9.999999999999998890e-01,-4.848147461672808501e-09,1.137919356626626373e-08,6.866735595480161525e-15,4.848147480171126294e-09,1.000000000000000000e+00,-1.625626356700253512e-09,6.183953900883858614e-15,-1.137919355838498611e-08,1.625626411868262101e-09,9.999999999999998890e-01,-2.160647387493809051e-14,0.000000000000000000e+00,0.000000000000000000e+00,0.000000000000000000e+00,1.000000000000000056e-01
9.998558093655590673e-01,-1.261659186447494814e-02,1.136582982751718242e-02,6.524320746228822188e-01,1.264893654082394937e-02,9.999161389233942598e-01,-2.778403303608475636e-03,4.319255895662043807e-03,-1.132982269627479284e-02,2.921768344095464730e-03,9.999315468507904425e-01,3.034629696652091108e-03,0.000000000000000000e+00,0.000000000000000000e+00,0.000000000000000000e+00,1.000000000000000056e-01
9.995390495839827638e-01,-1.945380934418409688e-02,2.330745929415362072e-02,1.336781780963270494e+00,1.953629195520600534e-02,9.998036480763912159e-01,-3.316412184976389160e-03,-1.270342874161669525e-03,-2.323836597933352094e-02,3.770224812904704025e-03,9.997228434678636644e-01,-1.261302224769285558e-02,0.000000000000000000e+00,0.000000000000000000e+00,0.000000000000000000e+00,1.000000000000000056e-01
9.990772458518220045e-01,-2.749746840865350400e-02,3.299312128691590795e-02,2.068370153213936025e+00,2.771483152028608038e-02,9.995969582830245281e-01,-6.148910889541583241e-03,2.090982523668890800e-02,-3.281074419973124823e-02,7.057635754306720854e-03,9.994366637474429993e-01,-3.649786588998688713e-02,0.000000000000000000e+00,0.000000000000000000e+00,0.000000000000000000e+00,1.000000000000000056e-01
9.983488257163802837e-01,-3.664737113233081794e-02,4.423338535330165189e-02,2.800180148271708802e+00,3.703317749214498494e-02,9.992825397048967773e-01,-7.934078759802024039e-03,7.110200749144450494e-02,-4.391088652668904968e-02,9.559081023856892678e-03,9.989897186730299916e-01,-7.815466470226578588e-02,0.000000000000000000e+00,0.000000000000000000e+00,0.000000000000000000e+00,1.000000000000000056e-01
9.975310632091761720e-01,-4.601615155310762040e-02,5.304989848257926632e-02,3.550869637173990512e+00,4.654120866469074747e-02,9.988784470595092335e-01,-8.704245861234744322e-03,9.911316418507518100e-02,-5.258986431623731417e-02,1.115176202330994855e-02,9.985539266233822708e-01,-1.141819152471812149e-01,0.000000000000000000e+00,0.000000000000000000e+00,0.000000000000000000e+00,1.000000000000000056e-01
9.964318281787090115e-01,-5.553220633818992807e-02,6.355930971658133033e-02,4.309176127635746312e+00,5.624080996238268321e-02,9.983728593206186996e-01,-9.413026439319426009e-03,1.562107972392973443e-01,-6.293316365169296378e-02,1.295406620273605383e-02,9.979336696803071671e-01,-1.475527066517386687e-01,0.000000000000000000e+00,0.000000000000000000e+00,0.000000000000000000e+00,1.000000000000000056e-01
9.950249313316009703e-01,-6.561146254710392700e-02,7.497014079600483605e-02,5.112772435847394270e+00,6.638261409251836054e-02,9.977634539306314831e-01,-7.838274469572425324e-03,2.264732144606192710e-01,-7.428818597049324790e-02,1.277599244076749879e-02,9.971549726308177597e-01,-2.005306440565424730e-01,0.000000000000000000e+00,0.000000000000000000e+00,0.000000000000000000e+00,1.000000000000000056e-01
9.936969554678840577e-01,-7.065922660005945211e-02,8.702663035036792283e-02,5.887237256766142401e+00,7.145098971251533093e-02,9.974259878076953134e-01,-6.012895720479707884e-03,2.965919761090761164e-01,-8.637775618155496549e-02,1.219313504086556518e-02,9.961878390619487433e-01,-2.523297074341013801e-01,0.000000000000000000e+00,0.000000000000000000e+00,0.000000000000000000e+00,1.000000000000000056e-01
9.919161332475090465e-01,-7.958984873226961076e-02,9.883238630167871797e-02,6.690494389879669157e+00,8.076454868183481628e-02,9.967016145762936929e-01,-7.935942113505118148e-03,3.595551178994922381e-01,-9.787477856694921929e-02,1.585394208970789670e-02,9.950724497445836425e-01,-3.204677523282400964e-01,0.000000000000000000e+00,0.000000000000000000e+00,0.000000000000000000e+00,1.000000000000000056e-01
9.900437708047531427e-01,-8.774813623469100710e-02,1.100617848212697286e-01,7.522017029127026078e+00,8.949313884380531714e-02,9.959266188135699194e-01,-1.100672696370751796e-02,4.307502020882751359e-01,-1.086476414405243979e-01,2.074691605777426173e-02,9.938638012743511441e-01,-3.959380228835344129e-01,0.000000000000000000e+00,0.000000000000000000e+00,0.000000000000000000e+00,1.000000000000000056e-01
9.881467219871290508e-01,-9.473271137219045623e-02,1.207963957333359761e-01,8.360005732474080631e+00,9.683896415715727291e-02,9.952316034030922465e-01,-1.167350027536818123e-02,5.255807684147334458e-01,-1.191145282787127724e-01,2.323292886795522150e-02,9.926086641618419026e-01,-4.901195959978155714e-01,0.000000000000000000e+00,0.000000000000000000e+00,0.000000000000000000e+00,1.000000000000000056e-01
9.863057475934422502e-01,-1.018964015178230736e-01,1.296846005578899952e-01,9.207844388780443978e+00,1.043376909508453437e-01,9.944676597126372863e-01,-1.215401302928586016e-02,6.416865403207900886e-01,-1.277286910258880748e-01,2.551856468120318119e-02,9.914808038209436125e-01,-5.885756038689454739e-01,0.000000000000000000e+00,0.000000000000000000e+00,0.000000000000000000e+00,1.000000000000000056e-01
9.844001756218032639e-01,-1.074211093609372669e-01,1.393448940558223159e-01,9.987926991975033530e+00,1.106341761901142862e-01,9.937403489510121535e-01,-1.549832008494149080e-02,7.469958487371752831e-01,-1.368077969068194066e-01,3.067285657362397652e-02,9.901226199694239671e-01,-6.817492033452389188e-01,0.000000000000000000e+00,0.000000000000000000e+00,0.000000000000000000e+00,1.000000000000000056e-01
9.820090970349119042e-01,-1.152342642808028977e-01,1.495967836430285303e-01,1.081567351112930986e+01,1.189258153782482702e-01,9.927751907556922051e-01,-1.593960653898991719e-02,8.580949243679255600e-01,-1.466791865851996834e-01,3.344375809715582903e-02,9.886185974717667246e-01,-8.029487060580546842e-01,0.000000000000000000e+00,0.000000000000000000e+00,0.000000000000000000e+00,1.000000000000000056e-01
9.799574779468697150e-01,-1.206223611740466495e-01,1.585357606371766148e-01,1.162138033558536776e+01,1.248724393645368469e-01,9.920256257595473359e-01,-1.708893570496981124e-02,9.731223952804104460e-01,-1.552102293766760011e-01,3.654317749151498457e-02,9.872053387597046203e-01,-9.014359688977506835e-01,0.000000000000000000e+00,0.000000000000000000e+00,0.000000000000000000e+00,1.000000000000000056e-01
9.779483166257153526e-01,-1.265274349890797012e-01,1.661562463587027139e-01,1.248300972833787981e+01,1.308072480428641993e-01,9.912939268816700622e-01,-1.502712171278314593e-02,1.113128786808474269e+00,-1.628083347632494349e-01,3.643018971406009054e-02,9.859849326480680798e-01,-1.034845026875133245e+00,0.000000000000000000e+00,0.000000000000000000e+00,0.000000000000000000e+00,1.000000000000000056e-01
9.758391053593300501e-01,-1.343233586334338370e-01,1.723231724897618666e-01,1.338532897585623438e+01,1.388422806975460888e-01,9.902099801191110995e-01,-1.438806321967480220e-02,1.247887697121916162e+00,-1.687034722292523603e-01,3.796617702565610597e-02,9.849353825809338270e-01,-1.183852007893368530e+00,0.000000000000000000e+00,0.000000000000000000e+00,0.000000000000000000e+00,1.000000000000000056e-01
9.748159444558353037e-01,-1.331138100527552715e-01,1.789262082756933048e-01,1.425268826471893036e+01,1.374000637508155098e-01,9.904462501793572793e-01,-1.172382134467604177e-02,1.386577777693648095e+00,-1.756561895179034882e-01,3.601304040051381272e-02,9.837926427886932723e-01,-1.324570761125629881e+00,0.000000000000000000e+00,0.000000000000000000e+00,0.000000000000000000e+00,1.000000000000000056e-01
9.699740433889062485e-01,-1.548116828846460569e-01,1.875731803702226363e-01,1.522226087240810521e+01,1.595395844408726005e-01,9.871379774227700965e-01,-1.028272950710408702e-02,1.630323227073335657e+00,-1.835687232297756322e-01,3.989932796559832184e-02,9.821968068975197586e-01,-1.496181723187078427e+00,0.000000000000000000e+00,0.000000000000000000e+00,0.000000000000000000e+00,1.000000000000000056e-01
9.681406897176814130e-01,-1.570777675312918509e-01,1.950132812409387240e-01,1.614306837145890583e+01,1.622773469706731697e-01,9.866852450300539479e-01,-1.087611604122498687e-02,1.803456845452089841e+00,-1.907083311581635743e-01,4.217584838942637498e-02,9.807402970407100851e-01,-1.666585867187702297e+00,0.000000000000000000e+00,0.000000000000000000e+00,0.000000000000000000e+00,1.000000000000000056e-01
9.646984534420276480e-01,-1.650094670147564668e-01,2.052529408365834918e-01,1.702313483529396265e+01,1.715020499789482178e-01,9.850824554350533502e-01,-1.412808716934134054e-02,1.972810220287163352e+00,-1.998598028108163616e-01,4.883064396003958252e-02,9.786069831300354682e-01,-1.834583127828084637e+00,0.000000000000000000e+00,0.000000000000000000e+00,0.000000000000000000e+00,1.000000000000000056e-01
9.617993250009549966e-01,-1.721721348927647277e-01,2.128351812886558336e-01,1.784830381924138720e+01,1.795239759920281841e-01,9.836304927758965366e-01,-1.556263876919759120e-02,2.120686990120808524e+00,-2.066717215095501825e-01,5.317715343937155087e-02,9.769641702131990346e-01,-1.996904568209966868e+00,0.000000000000000000e+00,0.000000000000000000e+00,0.000000000000000000e+00,1.000000000000000056e-01
9.591087957336518199e-01,-1.771689980128697273e-01,2.207293910865969766e-01,1.871845092948420231e+01,1.860242712193668768e-01,9.823450804501232536e-01,-1.982708835770757155e-02,2.275342738210581750e+00,-2.133196860668221395e-01,6.007735895124443476e-02,9.751335408434045338e-01,-2.181967608900296174e+00,0.000000000000000000e+00,0.000000000000000000e+00,0.000000000000000000e+00,1.000000000000000056e-01
9.555866408072481999e-01,-1.834084251487554940e-01,2.306848965475906676e-01,1.961604643651702773e+01,1.932249451657115369e-01,9.809401683083297518e-01,-2.050626160306593879e-02,2.458549245943443928e+00,-2.225270600992765302e-01,6.416958612675448259e-02,9.728124031589513443e-01,-2.375643128616534039e+00,0.000000000000000000e+00,0.000000000000000000e+00,0.000000000000000000e+00,1.000000000000000056e-01
9.525678591901483028e-01,-1.872509496045326738e-01,2.398990527494815617e-01,2.050889429251398965e+01,1.981678803993961180e-01,9.799212224130461335e-01,-2.199747809481995484e-02,2.627253060506394622e+00,-2.309631243638438358e-01,6.849437740955249820e-02,9.705485847948929212e-01,-2.581630342448720139e+00,0.000000000000000000e+00,0.000000000000000000e+00,0.000000000000000000e+00,1.000000000000000056e-01
9.503554879401364675e-01,-1.868277052066443789e-01,2.488370051043139186e-01,2.138421395880574494e+01,1.996423332627378922e-01,9.794950282900517502e-01,-2.706341302350078956e-02,2.827981762850429792e+00,-2.386784140040214275e-01,7.539826339041158509e-02,9.681671945311073335e-01,-2.786024731810649246e+00,0.000000000000000000e+00,0.000000000000000000e+00,0.000000000000000000e+00,1.000000000000000056e-01
9.471782144389869762e-01,-1.894562334710807872e-01,2.587658510915297194e-01,2.228276604178923392e+01,2.036558424832198011e-01,9.786141337886268277e-01,-2.895988555891585575e-02,3.047766989775066104e+00,-2.477452883802684358e-01,8.012935010398422597e-02,9.655058567079179976e-01,-3.004711250198371708e+00,0.000000000000000000e+00,0.000000000000000000e+00,0.000000000000000000e+00,1.000000000000000056e-01
9.453507020362614810e-01,-1.866924854184709714e-01,2.673162285530407134e-01,2.319402524680404554e+01,2.015887888600888245e-01,9.790362571437746242e-01,-2.915420044918736256e-02,3.260043254125648104e+00,-2.562694097341117194e-01,8.144889861859933022e-02,9.631677250346105668e-01,-3.229253155417505905e+00,0.000000000000000000e+00,0.000000000000000000e+00,0.000000000000000000e+00,1.000000000000000056e-01
9.449937516828758044e-01,-1.804008275754150348e-01,2.728412554772987608e-01,2.406807198300274564e+01,1.960094060599916199e-01,9.801170139455918084e-01,-3.083750493126727332e-02,3.454883498313229051e+00,-2.618532451896148361e-01,8.262070191230519445e-02,9.615647131624504018e-01,-3.458872839092543838e+00,0.000000000000000000e+00,0.000000000000000000e+00,0.000000000000000000e+00,1.000000000000000056e-01
9.433210750177729587e-01,-1.834563122733244012e-01,2.765666843898333394e-01,2.496278287348411951e+01,2.002859108810781386e-01,9.791601544724274353e-01,-3.362953755359918140e-02,3.639818104974730240e+00,-2.646335264660356623e-01,8.711586181978915600e-02,9.604061241420451811e-01,-3.686855522895744031e+00,0.000000000000000000e+00,0.000000000000000000e+00,0.000000000000000000e+00,1.000000000000000056e-01
9.435921283256355485e-01,-1.829177249941009997e-01,2.759981906550835196e-01,2.582906621646914758e+01,2.001952895865290183e-01,9.791116200969871564e-01,-3.552860000645746696e-02,3.835088565934231308e+00,-2.637342249107293424e-01,8.877804500007586974e-02,9.605012844013803841e-01,-3.927869177946581303e+00,0.000000000000000000e+00,0.000000000000000000e+00,0.000000000000000000e+00,1.000000000000000056e-01
9.413008528474975378e-01,-1.835966626918540956e-01,2.832754311213513398e-01,2.671590640567763941e+01,2.028159798474524211e-01,9.784071002867206213e-01,-3.981487695634337853e-02,4.029126908634030890e+00,-2.698488146112405506e-01,9.493056176461057982e-02,9.582117749725077571e-01,-4.165601626983572281e+00,0.000000000000000000e+00,0.000000000000000000e+00,0.000000000000000000e+00,1.000000000000000056e-01
9.393025231644345219e-01,-1.845661961284813801e-01,2.892163363705271273e-01,2.762268009461882556e+01,2.055368099888409683e-01,9.776768678802192358e-01,-4.361836484252250290e-02,4.206097924860745074e+00,-2.747096462022002861e-01,1.004154433271459840e-01,9.562694960234142671e-01,-4.418326500762315590e+00,0.000000000000000000e+00,0.000000000000000000e+00,0.000000000000000000e+00,1.000000000000000056e-01
9.356487335954105644e-01,-1.852665318042786557e-01,3.003960044916021976e-01,2.855963871077577210e+01,2.085971817992776645e-01,9.768594893518760536e-01,-4.725202438616939171e-02,4.408729028621708679e+00,-2.846904688722535770e-01,1.068730567374502199e-01,9.526434205288409895e-01,-4.685383140021098569e+00,0.000000000000000000e+00,0.000000000000000000e+00,0.000000000000000000e+00,1.000000000000000056e-01
9.322170886999811001e-01,-1.865449315309430922e-01,3.101165717207763350e-01,2.946204355989766199e+01,2.125987618597226514e-01,9.757478629832500028e-01,-5.213323641721949453e-02,4.601766047629404888e+00,-2.928703911143025751e-01,1.145298930573871027e-01,9.492680536101585353e-01,-4.952988591474114521e+00,0.000000000000000000e+00,0.000000000000000000e+00,0.000000000000000000e+00,1.000000000000000056e-01
9.289211323816438659e-01,-1.858870637905863377e-01,3.202366770532679707e-01,3.033709257632031608e+01,2.150446092782224983e-01,9.748865444010738068e-01,-5.789681827276731141e-02,4.789864140636537648e+00,-3.014321579314012123e-01,1.226467490847095859e-01,9.455667237713958340e-01,-5.208072201266134904e+00,0.000000000000000000e+00,0.000000000000000000e+00,0.000000000000000000e+00,1.000000000000000056e-01
9.281191396203805066e-01,-1.892956412554891998e-01,3.205651616629570100e-01,3.124574437453393472e+01,2.201407563898319930e-01,9.734619255174062902e-01,-6.252940863350917033e-02,4.983220475306862518e+00,-3.002214350216141359e-01,1.286041981026158354e-01,9.451603304116957815e-01,-5.489589198101255896e+00,0.000000000000000000e+00,0.000000000000000000e+00,0.000000000000000000e+00,1.000000000000000056e-01
9.268909424430801236e-01,-1.940845334288585633e-01,3.212543769362232737e-01,3.218499401210192445e+01,2.256215968721074216e-01,9.721329441550498052e-01,-6.365873006363687026e-02,5.199117428250884743e+00,-2.999467883506322652e-01,1.314866258299186297e-01,9.448508831482372861e-01,-5.791267760624009497e+00,0.000000000000000000e+00,0.000000000000000000e+00,0.000000000000000000e+00,1.000000000000000056e-01
9.238934379714529577e-01,-1.960321964550880147e-01,3.286218088111054203e-01,3.310044951439367367e+01,2.293252960361167880e-01,9.711494593968166278e-01,-6.541128428045303589e-02,5.439725581027566648e+00,-3.063181742424637144e-01,1.357943499055267456e-01,9.421937543109161206e-01,-6.094762616615170714e+00,0.000000000000000000e+00,0.000000000000000000e+00,0.000000000000000000e+00,1.000000000000000056e-01
9.219250592274261802e-01,-1.996440582793360397e-01,3.319584840944178605e-01,3.401912677954511111e+01,2.340446438390493544e-01,9.699377092919019283e-01,-6.666291910673116661e-02,5.669309905212457146e+00,-3.086701959353369551e-01,1.391513208249750277e-01,9.409355026004202482e-01,-6.376237359926408388e+00,0.000000000000000000e+00,0.000000000000000000e+00,0.000000000000000000e+00,1.000000000000000056e-01
9.202119586335606449e-01,-2.028298640809730047e-01,3.347685729346173145e-01,3.491394561478607272e+01,2.379616319208977260e-01,9.689584530271337925e-01,-6.703564753776114493e-02,5.912137414538691793e+00,-3.107800072741639386e-01,1.413490804503438059e-01,9.399128813536459237e-01,-6.665859147430900578e+00,0.000000000000000000e+00,0.000000000000000000e+00,0.000000000000000000e+00,1.000000000000000056e-01
9.175672031930788286e-01,-2.049064249032355178e-01,3.407107052292399074e-01,3.582442395810692659e+01,2.412383900324404085e-01,9.681195666805408884e-01,-6.744289276742185257e-02,6.140856600852213631e+00,-3.160292182678485218e-01,1.440758884881732094e-01,9.377460592065188782e-01,-6.969049811359274926e+00,0.000000000000000000e+00,0.000000000000000000e+00,0.000000000000000000e+00,1.000000000000000056e-01
9.151696694972240032e-01,-2.077707163024437309e-01,3.453922487252881757e-01,3.675839778420349546e+01,2.462882056328729863e-01,9.665829483795195243e-01,-7.113032875008239164e-02,6.387892380371141599e+00,-3.190714587650884670e-01,1.501623566314959635e-01,9.357588743113227636e-01,-7.290054558236494842e+00,0.000000000000000000e+00,0.000000000000000000e+00,0.000000000000000000e+00,1.000000000000000056e-01
9.118671822130456350e-01,-2.124025902043431835e-01,3.512597068798612443e-01,3.768875571771570065e+01,2.512510258808764996e-01,9.655008127651556471e-01,-6.841858332084174710e-02,6.634878537122190778e+00,-3.246092481686979059e-01,1.506430224879655999e-01,9.337748742491644993e-01,-7.581583826787370306e+00,0.000000000000000000e+00,0.000000000000000000e+00,0.000000000000000000e+00,1.000000000000000056e-01
9.094898243806095461e-01,-2.164160661776807215e-01,3.549540049757232696e-01,3.861627214102193761e+01,2.555070315647905432e-01,9.645094246065634147e-01,-6.661626427581412990e-02,6.887866265117473574e+00,-3.279396532429056377e-01,1.512800586504834122e-01,9.325073338508546028e-01,-7.905030275840173815e+00,0.000000000000000000e+00,0.000000000000000000e+00,0.000000000000000000e+00,1.000000000000000056e-01
9.066586766667450448e-01,-2.213894921576192443e-01,3.591054674981963846e-01,3.954701480629381649e+01,2.628505620084047312e-01,9.622648604211651024e-01,-7.039829863357144335e-02,7.159959971108654564e+00,-3.299691289753823309e-01,1.582183022308960296e-01,9.306381373887491204e-01,-8.214570618129412694e+00,0.000000000000000000e+00,0.000000000000000000e+00,0.000000000000000000e+00,1.000000000000000056e-01
9.045157233101256411e-01,-2.276910866766440611e-01,3.605663258441770269e-01,4.046730810989323857e+01,2.696213265901313827e-01,9.604276683438521811e-01,-6.987871011523633102e-02,7.428859483332891145e+00,-3.303871161721322336e-01,1.604227631216981753e-01,9.301122999616022735e-01,-8.520399561701182733e+00,0.000000000000000000e+00,0.000000000000000000e+00,0.000000000000000000e+00,1.000000000000000056e-01
9.039593789943012325e-01,-2.293388833270750826e-01,3.609170510276946686e-01,4.140891559561474367e+01,2.722165412517590921e-01,9.595325747150001972e-01,-7.207907275854677498e-02,7.711206171098290874e+00,-3.297811331734529228e-01,1.634041451588446603e-01,9.298083079580116150e-01,-8.851865658509140644e+00,0.000000000000000000e+00,0.000000000000000000e+00,0.000000000000000000e+00,1.000000000000000056e-01
9.024238003614019066e-01,-2.329709436824878022e-01,3.624304401412437593e-01,4.237509121860518491e+01,2.766185660517843092e-01,9.582171595823950616e-01,-7.281513577067200149e-02,7.981818919055178263e+00,-3.303232560034779497e-01,1.659651001913891866e-01,9.291620590950336878e-01,-9.185981837187185306e+00,0.000000000000000000e+00,0.000000000000000000e+00,0.000000000000000000e+00,1.000000000000000056e-01
8.996220431021588748e-01,-2.355353224328962380e-01,3.677000019732513114e-01,4.331912682130866443e+01,2.819086235416243258e-01,9.563360622377130582e-01,-7.712887939372514712e-02,8.283832103079328490e+00,-3.334781964950094824e-01,1.730446414948948464e-01,9.267404407450552384e-01,-9.508874660500978848e+00,0.000000000000000000e+00,0.000000000000000000e+00,0.000000000000000000e+00,1.000000000000000056e-01
8.983987094665641937e-01,-2.337472857401210469e-01,3.718090440507575423e-01,4.423002462852551275e+01,2.814482801044164706e-01,9.563322794708635222e-01,-7.883804201226729536e-02,8.563049968520283883e+00,-3.371448122915106094e-01,1.754730111760446354e-01,9.249554572484741666e-01,-9.834077125210253456e+00,0.000000000000000000e+00,0.000000000000000000e+00,0.000000000000000000e+00,1.000000000000000056e-01
8.946789851804275440e-01,-2.472399885836946143e-01,3.720509394177829998e-01,4.503336801844390891e+01,2.965821068133344673e-01,9.515795611818056443e-01,-8.084177545802720410e-02,8.828330989644399551e+00,-3.340487500271241972e-01,1.826710890813781074e-01,9.246851928192313386e-01,-1.011827687098847406e+01,0.000000000000000000e+00,0.000000000000000000e+00,0.000000000000000000e+00,1.000000000000000056e-01
8.950689683615921100e-01,-2.493923747619731235e-01,3.696687507576191800e-01,4.588318496058908380e+01,2.997362192021711391e-01,9.502580035010873560e-01,-8.466360304472878018e-02,9.101481286884913757e+00,-3.301662320324463273e-01,1.865828775442992249e-01,9.252983783800692308e-01,-1.042967576012185482e+01,0.000000000000000000e+00,0.000000000000000000e+00,0.000000000000000000e+00,1.000000000000000056e-01
8.943838372538958081e-01,-2.502177277849005343e-01,3.707676366151153036e-01,4.671571365694783395e+01,3.017765730300884797e-01,9.493769595375277648e-01,-8.725989152809573990e-02,9.383049661346966275e+00,-3.301642797596560652e-01,1.899328233914316100e-01,9.246172564739135735e-01,-1.073225441066631447e+01,0.000000000000000000e+00,0.000000000000000000e+00,0.000000000000000000e+00,1.000000000000000056e-01
8.915046812356874906e-01,-2.530559273812349463e-01,3.757420670514262095e-01,4.754812037409966763e+01,3.062447030918192814e-01,9.478535802086520690e-01,-8.824835587048508734e-02,9.691052265528993459e+00,-3.338166939550188950e-01,1.937428401331607875e-01,9.225129412285107966e-01,-1.103558050399499457e+01,0.000000000000000000e+00,0.000000000000000000e+00,0.000000000000000000e+00,1.000000000000000056e-01
8.905646831210535241e-01,-2.504894408407571937e-01,3.796703638747463971e-01,4.842617429129128226e+01,3.065700101198119976e-01,9.471759216962636341e-01,-9.419449163285473214e-02,1.000647807706900849e+01,-3.360199013044254945e-01,2.002818348880357202e-01,9.203139749787817570e-01,-1.134875301574427020e+01,0.000000000000000000e+00,0.000000000000000000e+00,0.000000000000000000e+00,1.000000000000000056e-01
8.876479255946967406e-01,-2.512706368019210212e-01,3.859329310496692478e-01,4.923909876142266739e+01,3.105599582098148015e-01,9.454095556597194028e-01,-9.875871821773526960e-02,1.028501414791458934e+01,-3.400495148418090641e-01,2.075182862989405075e-01,9.172254293833120853e-01,-1.165379952274673592e+01,0.000000000000000000e+00,0.000000000000000000e+00,0.000000000000000000e+00,1.000000000000000056e-01
8.863544140692583007e-01,-2.550615324966608588e-01,3.864187719306563795e-01,5.008576787934030250e+01,3.163909825395994080e-01,9.429884650785299582e-01,-1.032932761435371299e-01,1.060777948247523028e+01,-3.380423033106488284e-01,2.138138661763847037e-01,9.165211573134242062e-01,-1.195972157798318847e+01,0.000000000000000000e+00,0.000000000000000000e+00,0.000000000000000000e+00,1.000000000000000056e-01
8.858472796736065469e-01,-2.563340777245858848e-01,3.867394959038411018e-01,5.099033930283044924e+01,3.188740190207630110e-01,9.418350479771332440e-01,-1.061418974555154715e-01,1.093147810855363566e+01,-3.370370262870494016e-01,2.173466884932850063e-01,9.160602927278235219e-01,-1.226021822291948560e+01,0.000000000000000000e+00,0.000000000000000000e+00,0.000000000000000000e+00,1.000000000000000056e-01
8.831223595939953208e-01,-2.615497497586878328e-01,3.894696732562136776e-01,5.185407812551172668e+01,3.260786413795138117e-01,9.390666843152336574e-01,-1.087496300926290432e-01,1.126684714286903244e+01,-3.372945561689730254e-01,2.230369718462860140e-01,9.145965731230434326e-01,-1.258000400963270948e+01,0.000000000000000000e+00,0.000000000000000000e+00,0.000000000000000000e+00,1.000000000000000056e-01
8.809499713301164325e-01,-2.636078764736989877e-01,3.929860499744158853e-01,5.268896567458654090e+01,3.298518711730172859e-01,9.375386929787833390e-01,-1.105393244564752686e-01,1.158227150740654565e+01,-3.393005910651000212e-01,2.270067986397362458e-01,9.128762360113291674e-01,-1.288398423418370164e+01,0.000000000000000000e+00,0.000000000000000000e+00,0.000000000000000000e+00,1.000000000000000056e-01
8.774433214103378731e-01,-2.658870942292186901e-01,3.992458776678065591e-01,5.353258901186922003e+01,3.341983558675823418e-01,9.359215081402442182e-01,-1.111862830384020284e-01,1.188368976855363712e+01,-3.440998062304007621e-01,2.309869773879762167e-01,9.100771064197622495e-01,-1.318311163349100212e+01,0.000000000000000000e+00,0.000000000000000000e+00,0.000000000000000000e+00,1.000000000000000056e-01
8.762937023989312291e-01,-2.714650406399813920e-01,3.980151741407688126e-01,5.435963325617802155e+01,3.379623373885717874e-01,9.351409613034038504e-01,-1.062677796860312107e-01,1.223521897257692537e+01,-3.433523054281512055e-01,2.276359246755198795e-01,9.112030948994271906e-01,-1.348842957890915173e+01,0.000000000000000000e+00,0.000000000000000000e+00,0.000000000000000000e+00,1.000000000000000056e-01
8.762256109266244319e-01,-2.758554864888826397e-01,3.951359630940289303e-01,5.517630444717261184e+01,3.434268355440528997e-01,9.326633144539671072e-01,-1.104407103378936272e-01,1.254710193644057270e+01,-3.380631411207999926e-01,2.324712723020252170e-01,9.119596592886198838e-01,-1.379034899561034777e+01,0.000000000000000000e+00,0.000000000000000000e+00,0.000000000000000000e+00,1.000000000000000056e-01
8.762761547246071814e-01,-2.817892957565130141e-01,3.908131183290866617e-01,5.598863190856116034e+01,3.484410146867138458e-01,9.308417748529387303e-01,-1.101019957708499475e-01,1.288083841588587042e+01,-3.327596128516042140e-01,2.326550729850510590e-01,9.138613992664156305e-01,-1.407417076788043531e+01,0.000000000000000000e+00,0.000000000000000000e+00,0.000000000000000000e+00,1.000000000000000056e-01
8.771569970253872972e-01,-2.839138823987217841e-01,3.872835007467907431e-01,5.682384598959752253e+01,3.521254601380079952e-01,9.286428129151004240e-01,-1.167483890412455289e-01,1.322094601518882939e+01,-3.265015511326108122e-01,2.387790472432927968e-01,9.145388475650362281e-01,-1.438728767435009992e+01,0.000000000000000000e+00,0.000000000000000000e+00,0.000000000000000000e+00,1.000000000000000056e-01
8.771483395771554337e-01,-2.879026396754423844e-01,3.843473174681353299e-01,5.764931701787335072e+01,3.553805524221108625e-01,9.274568407849193008e-01,-1.163119574309198212e-01,1.355575555329875392e+01,-3.229790292529757245e-01,2.386124023372824809e-01,9.158322270556088496e-01,-1.469177932971122758e+01,0.000000000000000000e+00,0.000000000000000000e+00,0.000000000000000000e+00,1.000000000000000056e-01
8.740602232570747754e-01,-2.919736086659982521e-01,3.882913055456523876e-01,5.850969411287656641e+01,3.607393932882174137e-01,9.254010786071511507e-01,-1.161892156904854867e-01,1.390906665882922866e+01,-3.254010083725025204e-01,2.416283417881186224e-01,9.141826558160479621e-01,-1.497524615167741402e+01,0.000000000000000000e+00,0.000000000000000000e+00,0.000000000000000000e+00,1.000000000000000056e-01
8.730873741214451034e-01,-2.953550285890205185e-01,3.879224719411065725e-01,5.932510955938572295e+01,3.654288771053577634e-01,9.231213864294010030e-01,-1.196187347123264383e-01,1.425498586406256685e+01,-3.227695353146530777e-01,2.461956803110880720e-01,9.138968837177001703e-01,-1.525046971159479980e+01,0.000000000000000000e+00,0.000000000000000000e+00,0.000000000000000000e+00,1.000000000000000056e-01
8.724012684013784380e-01,-3.001607542355098079e-01,3.857713681812529050e-01,6.005971084607183030e+01,3.706191832231828798e-01,9.207774738126750513e-01,-1.216974311402232861e-01,1.456424460092646278e+01,-3.186807931436199670e-01,2.491432626741459377e-01,9.145327696400139539e-01,-1.551541952044088291e+01,0.000000000000000000e+00,0.000000000000000000e+00,0.000000000000000000e+00,1.000000000000000056e-01
8.707097086731904190e-01,-3.066004761904396192e-01,3.845266586623657945e-01,6.078626769016599241e+01,3.774056358725043081e-01,9.178809800046106027e-01,-1.227171241410362490e-01,1.487714543537423495e+01,-3.153245775925477279e-01,2.519735195324529498e-01,9.149206283719424349e-01,-1.577288640056938185e+01,0.000000000000000000e+00,0.000000000000000000e+00,0.000000000000000000e+00,1.000000000000000056e-01
8.710446449943310965e-01,-3.081891607340845329e-01,3.824927027182613015e-01,6.149279493865917345e+01,3.798345470999825446e-01,9.163423264682839520e-01,-1.266588234275218827e-01,1.518933380860844551e+01,-3.114593765742986742e-01,2.556094323938645219e-01,9.152359667404005306e-01,-1.602388312019303740e+01,0.000000000000000000e+00,0.000000000000000000e+00,0.000000000000000000e+00,1.000000000000000056e-01
8.709643214201205907e-01,-3.132782319343351274e-01,3.785206734239040527e-01,6.220607813385865370e+01,3.855870229787436987e-01,9.132721144927093970e-01,-1.313647311891791847e-01,1.550149189359522595e+01,-3.045386650715778964e-01,2.603666535601524279e-01,9.162234482866660201e-01,-1.627253945417406911e+01,0.000000000000000000e+00,0.000000000000000000e+00,0.000000000000000000e+00,1.000000000000000056e-01
8.693112996912049084e-01,-3.165933705320096436e-01,3.795609331377107210e-01,6.287738473469688927e+01,3.898985755737178760e-01,9.112108990596488045e-01,-1.329428380940181897e-01,1.580612573300604851e+01,-3.037712379320562373e-01,2.635589785419729658e-01,9.155652351608475348e-01,-1.649880444093204446e+01,0.000000000000000000e+00,0.000000000000000000e+00,0.000000000000000000e+00,1.000000000000000056e-01
8.676072154988545559e-01,-3.219906806332019089e-01,3.789191486315932611e-01,6.355744137463626231e+01,3.958482942269244687e-01,9.084236731047210522e-01,-1.344267759806843099e-01,1.612718949274689351e+01,-3.009349557162782629e-01,2.666241394328244807e-01,9.156143952012480991e-01,-1.672161975916635512e+01,0.000000000000000000e+00,0.000000000000000000e+00,0.000000000000000000e+00,1.000000000000000056e-01
8.638773988572675533e-01,-3.280905513306801580e-01,3.821942305570975029e-01,6.422064119985562058e+01,4.041427572071511487e-01,9.043546498028945946e-01,-1.371542896773030318e-01,1.642502389657965978e+01,-3.006401030145565145e-01,2.729455211345557242e-01,9.138469625445951872e-01,-1.693962308460480770e+01,0.000000000000000000e+00,0.000000000000000000e+00,0.000000000000000000e+00,1.000000000000000056e-01
8.635659719774297916e-01,-3.311222456898456068e-01,3.802786747268253054e-01,6.483601973247104411e+01,4.072504473414751969e-01,9.027087537629447933e-01,-1.387947370036755057e-01,1.671923607826920843e+01,-2.973228635386881979e-01,2.747270723628537081e-01,9.143982450377351467e-01,-1.713303360496568217e+01,0.000000000000000000e+00,0.000000000000000000e+00,0.000000000000000000e+00,1.000000000000000056e-01
8.642272755516434701e-01,-3.373782748941539511e-01,3.732118913191651566e-01,6.542113743826345740e+01,4.115199800470310532e-01,9.007960140503841195e-01,-1.386284497966820961e-01,1.700400553132979198e+01,-2.894175568528536968e-01,2.733906375507119124e-01,9.173303860032875345e-01,-1.731353358540065202e+01,0.000000000000000000e+00,0.000000000000000000e+00,0.000000000000000000e+00,1.000000000000000056e-01
8.664044681823791505e-01,-3.378052699929853797e-01,3.677375383049371060e-01,6.600832533440350858e+01,4.121112889486417408e-01,8.995884991237932393e-01,-1.445849845775491471e-01,1.727313313453705490e+01,-2.819708904030661656e-01,2.768178675757170804e-01,9.186208603967878084e-01,-1.750001438750034666e+01,0.000000000000000000e+00,0.000000000000000000e+00,0.000000000000000000e+00,1.000000000000000056e-01
8.678128737044814578e-01,-3.388302797414152190e-01,3.634485627473632574e-01,6.664803106627040563e+01,4.130558926349544580e-01,8.984962331823392878e-01,-1.486248583403473877e-01,1.758272692309395069e+01,-2.761985622560528819e-01,2.791031359327617034e-01,9.196824417809592589e-01,-1.769567622788908778e+01,0.000000000000000000e+00,0.000000000000000000e+00,0.000000000000000000e+00,1.000000000000000056e-01
8.680065980070615916e-01,-3.428762989218396284e-01,3.591662420855677440e-01,6.725352902555447088e+01,4.163942499977296152e-01,8.966738645215778236e-01,-1.503057192949337761e-01,1.787308193139821455e+01,-2.705187135579267266e-01,2.800211140639228269e-01,9.210905499967763088e-01,-1.788451599722312224e+01,0.000000000000000000e+00,0.000000000000000000e+00,0.000000000000000000e+00,1.000000000000000056e-01
8.665127077437290160e-01,-3.460013940334588090e-01,3.597759895345075676e-01,6.784488959958719079e+01,4.199901403607584904e-01,8.948943345712084829e-01,-1.509053078990409136e-01,1.816450314241036423e+01,-2.697480478490647537e-01,2.818637353035277071e-01,9.207544870389509084e-01,-1.805613629361817374e+01,0.000000000000000000e+00,0.000000000000000000e+00,0.000000000000000000e+00,1.000000000000000056e-01
8.647225837242029645e-01,-3.531105219035344245e-01,3.571663653234336544e-01,6.838907548793905278e+01,4.275600698170721747e-01,8.906699503897139714e-01,-1.545943924300130223e-01,1.841324621169135156e+01,-2.635284422891754352e-01,2.863913385453513705e-01,9.211583801447190689e-01,-1.822332432726501139e+01,0.000000000000000000e+00,0.000000000000000000e+00,0.000000000000000000e+00,1.000000000000000056e-01
8.638594338806232509e-01,-3.597748857533588640e-01,3.525746872318072933e-01,6.888960846634653024e+01,4.342246819276470160e-01,8.866291446547783783e-01,-1.591781563329899840e-01,1.864744439257859199e+01,-2.553346903581316107e-01,2.906041834349492037e-01,9.221460862953458903e-01,-1.835220092949000303e+01,0.000000000000000000e+00,0.000000000000000000e+00,0.000000000000000000e+00,1.000000000000000056e-01
8.651526264203918126e-01,-3.594351093561525268e-01,3.497389528777553047e-01,6.943057479570920520e+01,4.357648434951888472e-01,8.839580713670772694e-01,-1.694907939641880912e-01,1.889761436400073435e+01,-2.482336282043826337e-01,2.990393456171410169e-01,9.213878312639908197e-01,-1.850377118022975154e+01,0.000000000000000000e+00,0.000000000000000000e+00,0.000000000000000000e+00,1.000000000000000056e-01
8.674343968139337502e-01,-3.579670116064136987e-01,3.455679178187995859e-01,6.997257987030685911e+01,4.351732140858428077e-01,8.825463628076614109e-01,-1.781465442751137551e-01,1.914859689735193626e+01,-2.412091228918262775e-01,3.049123416599294201e-01,9.213287268598621127e-01,-1.864514498146905197e+01,0.000000000000000000e+00,0.000000000000000000e+00,0.000000000000000000e+00,1.000000000000000056e-01
8.692072674286522860e-01,-3.596994999313878894e-01,3.392565342013692531e-01,7.047955414329260293e+01,4.353426351198537714e-01,8.820476737615401408e-01,-1.801907080255736593e-01,1.940072406158826368e+01,-2.344259292316385468e-01,3.043159065197958979e-01,9.232747764034917592e-01,-1.877542869589067465e+01,0.000000000000000000e+00,0.000000000000000000e+00,0.000000000000000000e+00,1.000000000000000056e-01
8.712192265279178338e-01,-3.584781240830809401e-01,3.353662086167477074e-01,7.097665759651174255e+01,4.320166766562196226e-01,8.843185736138950981e-01,-1.770374295238200113e-01,1.967203727390213785e+01,-2.331065216140726370e-01,2.991222073256369907e-01,9.253038715284976901e-01,-1.890671238489812112e+01,0.000000000000000000e+00,0.000000000000000000e+00,0.000000000000000000e+00,1.000000000000000056e-01
8.717813127180141786e-01,-3.557865238167889355e-01,3.367689003842567752e-01,7.146799569547215469e+01,4.310381475752142477e-01,8.837579872466989617e-01,-1.821481136673983037e-01,1.989292185875305208e+01,-2.328163613893658168e-01,3.039535646246463996e-01,9.238012624051707977e-01,-1.903851704088892660e+01,0.000000000000000000e+00,0.000000000000000000e+00,0.000000000000000000e+00,1.000000000000000056e-01
8.732475035202875713e-01,-3.530299286028284467e-01,3.358700151937759060e-01,7.199378307177610736e+01,4.291416122425258939e-01,8.836854253907517887e-01,-1.869158783887868158e-01,2.012789973065855165e+01,-2.308165380501817632e-01,3.073596239954883846e-01,9.231759243502188905e-01,-1.916219286074582939e+01,0.000000000000000000e+00,0.000000000000000000e+00,0.000000000000000000e+00,1.000000000000000056e-01
8.747014106987091031e-01,-3.490186918602874999e-01,3.362787457658035217e-01,7.249251929486999302e+01,4.257768634809664943e-01,8.848402650750351039e-01,-1.891342587323937563e-01,2.033822653375939282e+01,-2.315415829737687003e-01,3.086157125521565847e-01,9.225751120206560074e-01,-1.928938610057806358e+01,0.000000000000000000e+00,0.000000000000000000e+00,0.000000000000000000e+00,1.000000000000000056e-01
8.790191402212341742e-01,-3.437251134105777650e-01,3.304215452049211188e-01,7.294555417586740020e+01,4.191149817696241398e-01,8.874442467579648497e-01,-1.917950493428754177e-01,2.056242879592636541e+01,-2.273059242100168853e-01,3.070761392669150713e-01,9.241408234203033478e-01,-1.939095447505709657e+01,0.000000000000000000e+00,0.000000000000000000e+00,0.000000000000000000e+00,1.000000000000000056e-01
8.844896711280705315e-01,-3.364692052286883950e-01,3.232127714069054081e-01,7.339925197296911108e+01,4.097593117334894508e-01,8.914810632177663230e-01,-1.932842993411982013e-01,2.079136916884043984e+01,-2.231038505168720654e-01,3.033974091136831253e-01,9.263771823764063162e-01,-1.950175673399763454e+01,0.000000000000000000e+00,0.000000000000000000e+00,0.000000000000000000e+00,1.000000000000000056e-01
8.925660938161238400e-01,-3.210331759654871386e-01,3.166440716314438131e-01,7.385318462752638879e+01,3.918632062945320294e-01,8.996685793641496787e-01,-1.924569428663507331e-01,2.097876432431338856e+01,-2.230896584837481766e-01,2.958617028856646569e-01,9.288147592729130153e-01,-1.961753797417457079e+01,0.000000000000000000e+00,0.000000000000000000e+00,0.000000000000000000e+00,1.000000000000000056e-01
8.978534415971715088e-01,-3.082110389444031040e-01,3.144282952994627012e-01,7.432499330064437970e+01,3.794372164102028377e-01,9.039011862466171943e-01,-1.974589686614289519e-01,2.115686984715308583e+01,-2.233530752306566169e-01,2.965950117159253940e-01,9.285175296192521577e-01,-1.971897541244839758e+01,0.000000000000000000e+00,0.000000000000000000e+00,0.000000000000000000e+00,1.000000000000000056e-01
9.049434680972864298e-01,-2.876526382868472842e-01,3.135813757777584643e-01,7.479012230894858249e+01,3.601147253710247353e-01,9.102818202680743598e-01,-2.042165327792844209e-01,2.133487750376631453e+01,-2.267040011093914564e-01,2.977296884357644169e-01,9.273415382182207400e-01,-1.983638890930775034e+01,0.000000000000000000e+00,0.000000000000000000e+00,0.000000000000000000e+00,1.000000000000000056e-01
9.124669682414625616e-01,-2.646360284903310767e-01,3.120445549806926677e-01,7.523705232898863926e+01,3.375267916688136083e-01,9.179322765798721973e-01,-2.085089938555417799e-01,2.153092265548773199e+01,-2.312567767093348936e-01,2.955809669747998525e-01,9.269046311181378117e-01,-1.993100375067378849e+01,0.000000000000000000e+00,0.000000000000000000e+00,0.000000000000000000e+00,1.000000000000000056e-01
9.212229131933606929e-01,-2.377041417665097522e-01,3.079692926163011268e-01,7.566877773793002859e+01,3.108887582338970557e-01,9.257030253082493276e-01,-2.154578588470147937e-01,2.163537903443670274e+01,-2.338728804528720229e-01,2.942289073531044186e-01,9.266783831872171806e-01,-2.005615887334931102e+01,0.000000000000000000e+00,0.000000000000000000e+00,0.000000000000000000e+00,1.000000000000000056e-01
