1.000000000000000000e+00,-1.582753459881816410e-09,-4.997137696642187910e-11,9.889069061125233808e-17,1.582753459881452037e-09,1.000000000000000000e+00,-7.291983124533316635e-12,3.238320345185365420e-15,4.997137697796328462e-11,7.291983045440946332e-12,1.000000000000000000e+00,1.026985969361685739e-16,0.000000000000000000e+00,0.000000000000000000e+00,0.000000000000000000e+00,1.000000000000000056e-01
9.999819602642450178e-01,-5.932420454746078348e-03,-9.410279623773305921e-04,6.406019032146439418e-01,5.930894986580011186e-03,9.999811068906645506e-01,-1.615656640318436981e-03,7.009190018639458244e-03,9.505949379340210585e-04,1.610046356275279420e-03,9.999982520584697054e-01,8.286196190067681225e-03,0.000000000000000000e+00,0.000000000000000000e+00,0.000000000000000000e+00,1.000000000000000056e-01
9.999348005604652423e-01,-1.133335417008200785e-02,-1.396320650134780803e-03,1.303315452765350324e+00,1.133399560306366446e-02,9.999356659056602981e-01,4.523201006520667926e-04,1.597673507251922559e-02,1.391104515211409555e-03,-4.681165017441086379e-04,9.999989228470042013e-01,1.336175989476551598e-02,0.000000000000000000e+00,0.000000000000000000e+00,0.000000000000000000e+00,1.000000000000000056e-01
9.998125443607206453e-01,-1.924747881480077388e-02,-2.100166235287112809e-03,2.028851937379239967e+00,1.925164520021991482e-02,9.998127054001959557e-01,1.981988250676794058e-03,2.295756693759046577e-02,2.061624608626467115e-03,-2.022048371025448460e-03,9.999958305034868378e-01,1.892247316716769157e-02,0.000000000000000000e+00,0.000000000000000000e+00,0.000000000000000000e+00,1.000000000000000056e-01
9.996281805705498069e-01,-2.721947500830301792e-02,-1.612696339861338776e-03,2.746019499445149670e+00,2.722575699077779687e-02,9.996212648814263302e-01,4.010605083567366121e-03,4.256064820288840700e-02,1.502918990281503072e-03,-4.053020741322425381e-03,9.999906570850445320e-01,2.498498138857947748e-02,0.000000000000000000e+00,0.000000000000000000e+00,0.000000000000000000e+00,1.000000000000000056e-01
9.994334213712644521e-01,-3.360551783831948469e-02,-1.872275873607164758e-03,3.443696711263586341e+00,3.360934649861006818e-02,9.994329389122522667e-01,2.052424214079222840e-03,5.955375143179283265e-02,1.802241400275675235e-03,-2.114187322959477748e-03,9.999961410615035851e-01,3.091845218347552549e-02,0.000000000000000000e+00,0.000000000000000000e+00,0.000000000000000000e+00,1.000000000000000056e-01
9.991164877873147665e-01,-4.198531429622854444e-02,-1.864729199484555259e-03,4.181917907778078813e+00,4.199274086112907839e-02,9.991093379453201972e-01,4.140114181291158595e-03,9.732672132874412019e-02,1.689244360820538497e-03,-4.214761429900212679e-03,9.999896910666521421e-01,4.488107138913999261e-02,0.000000000000000000e+00,0.000000000000000000e+00,0.000000000000000000e+00,1.000000000000000056e-01
9.988719576617367535e-01,-4.740119082458098265e-02,-2.817677309629923466e-03,4.952175459086220144e+00,4.741800242957655565e-02,9.988556833770817489e-01,6.233524756648472880e-03,1.374553865739228942e-01,2.518976498146850186e-03,-6.360101706320155958e-03,9.999766016581023154e-01,5.311880103333539022e-02,0.000000000000000000e+00,0.000000000000000000e+00,0.000000000000000000e+00,1.000000000000000056e-01
9.985145608896709435e-01,-5.446158574112976852e-02,-1.614735231926154018e-03,5.737700190593454153e+00,5.447021073885027070e-02,9.984980148527589083e-01,5.891559824443611676e-03,1.903202455873777288e-01,1.291446233063142917e-03,-5.970763239430004060e-03,9.999813409024019828e-01,5.593480221856272222e-02,0.000000000000000000e+00,0.000000000000000000e+00,0.000000000000000000e+00,1.000000000000000056e-01
9.980497423079798258e-01,-6.238975535945612272e-02,2.056770566293268220e-03,6.546102799875099798e+00,6.237956841540677477e-02,9.980414682432613427e-01,4.692239459230832140e-03,2.400075919833225269e-01,-2.345489987772255997e-03,-4.554787922877781385e-03,9.999868762057304572e-01,5.826819328087620015e-02,0.000000000000000000e+00,0.000000000000000000e+00,0.000000000000000000e+00,1.000000000000000056e-01
9.978490166141493756e-01,-6.544177161790616648e-02,3.835957466508526769e-03,7.370316984872042454e+00,6.541941442533054374e-02,9.978416337404637515e-01,5.689832195160932256e-03,3.079329905509905485e-01,-4.200030764399729707e-03,-5.426647369421400309e-03,9.999764553427775704e-01,6.837546690630516566e-02,0.000000000000000000e+00,0.000000000000000000e+00,0.000000000000000000e+00,1.000000000000000056e-01
9.975135025447436909e-01,-7.039659368429145025e-02,3.336441003001502578e-03,8.187106136140897661e+00,7.037726527810987676e-02,9.975047593830848047e-01,5.594241688429789534e-03,3.688305011002610545e-01,-3.721931339006988651e-03,-5.345522027154420326e-03,9.999787860856673705e-01,7.354799608782079667e-02,0.000000000000000000e+00,0.000000000000000000e+00,0.000000000000000000e+00,1.000000000000000056e-01
9.972258718713196135e-01,-7.434555129608742818e-02,3.646844247749941002e-03,9.019953905829709129e+00,7.432276248117693218e-02,9.972160051190676056e-01,6.030432118378151532e-03,4.432637736890623348e-01,-4.085027252427103281e-03,-5.742659388179095423e-03,9.999751668994076859e-01,7.762008900521308319e-02,0.000000000000000000e+00,0.000000000000000000e+00,0.000000000000000000e+00,1.000000000000000056e-01
9.970237308208950155e-01,-7.696320574562201533e-02,4.510558872295437720e-03,9.800934054296684295e+00,7.694281826996898777e-02,9.970252084899725586e-01,4.531705220030443973e-03,5.268630792536680429e-01,-4.845915461284366725e-03,-4.171162533848254625e-03,9.999795590443127935e-01,8.847795999023362612e-02,0.000000000000000000e+00,0.000000000000000000e+00,0.000000000000000000e+00,1.000000000000000056e-01
9.967717933702378019e-01,-8.013558358213759836e-02,4.927492813814929838e-03,1.057657244741754532e+01,8.010861279761588571e-02,9.967712570269192662e-01,5.447138755070836391e-03,5.632602857702985188e-01,-5.348092849007898310e-03,-5.034819651743547425e-03,9.999730238831209261e-01,9.187489581746331735e-02,0.000000000000000000e+00,0.000000000000000000e+00,0.000000000000000000e+00,1.000000000000000056e-01
9.965402768795083022e-01,-8.291392370847718019e-02,5.723444083577180173e-03,1.137743306305531199e+01,8.289097804013433046e-02,9.965500361249294281e-01,4.136575751969055574e-03,6.449793386570384923e-01,-6.046678134560951566e-03,-3.647842467354570073e-03,9.999750651535619372e-01,1.062245894737942759e-01,0.000000000000000000e+00,0.000000000000000000e+00,0.000000000000000000e+00,1.000000000000000056e-01
9.962506194867083442e-01,-8.638266251911784488e-02,4.768520573307919418e-03,1.223600513066317319e+01,8.634982144595919340e-02,9.962422807082063070e-01,6.710176269107261636e-03,7.262531355773871322e-01,-5.330244703654371356e-03,-6.273256364896597805e-03,9.999661167989540855e-01,9.981948227126856421e-02,0.000000000000000000e+00,0.000000000000000000e+00,0.000000000000000000e+00,1.000000000000000056e-01
9.959930322019653337e-01,-8.939733419200893150e-02,2.448763871225224410e-03,1.311184152192882379e+01,8.938215906796825871e-02,9.959809213515697923e-01,5.730091101074036818e-03,8.286896090070273724e-01,-2.951176965748708234e-03,-5.488255008694480942e-03,9.999805846172596935e-01,9.997986585558123196e-02,0.000000000000000000e+00,0.000000000000000000e+00,0.000000000000000000e+00,1.000000000000000056e-01
9.962777188704331488e-01,-8.620143745657722623e-02,-1.380679032704083581e-04,1.398559789924692431e+01,8.619888107575369995e-02,9.962330184911986075e-01,9.461805810905905140e-03,9.206971398658923000e-01,-6.780734578032544639e-04,-9.438487608458730194e-03,9.999552265816958885e-01,1.086058096559579383e-01,0.000000000000000000e+00,0.000000000000000000e+00,0.000000000000000000e+00,1.000000000000000056e-01
9.947673212437605494e-01,-1.021647392406746374e-01,5.853557874143167691e-04,1.494010892160586579e+01,1.021538536259735813e-01,9.947185237278443060e-01,9.982421653146167362e-03,1.041760693499501622e+00,-1.602115749896461426e-03,-9.870390497999287360e-03,9.999500030584234089e-01,1.102996257035295385e-01,0.000000000000000000e+00,0.000000000000000000e+00,0.000000000000000000e+00,1.000000000000000056e-01
9.940250232383913698e-01,-1.091313294828452907e-01,2.146182942395023080e-03,1.591529063082348117e+01,1.091055189034052797e-01,9.939821276192630783e-01,9.773214328030375986e-03,1.169911883586160162e+00,-3.199831360280722993e-03,-9.480659195942528483e-03,9.999499378371280445e-01,1.179064050130059632e-01,0.000000000000000000e+00,0.000000000000000000e+00,0.000000000000000000e+00,1.000000000000000056e-01
9.937330000373258976e-01,-1.117367303588031324e-01,3.102857640973027357e-03,1.683908862983749444e+01,1.117025928521622469e-01,9.936954842609857508e-01,9.582030548328585723e-03,1.284990042717774061e+00,-4.153960389807998324e-03,-9.175382719492038153e-03,9.999492771961139281e-01,1.249606906919700222e-01,0.000000000000000000e+00,0.000000000000000000e+00,0.000000000000000000e+00,1.000000000000000056e-01
9.933583028902872591e-01,-1.150216977107724053e-01,3.048136260087661812e-03,1.772798723444968516e+01,1.149917231606421703e-01,9.933287573955055239e-01,8.653515796897083556e-03,1.382628616357746365e+00,-4.023143481731150488e-03,-8.245531325064062861e-03,9.999579118791414034e-01,1.347271439231601253e-01,0.000000000000000000e+00,0.000000000000000000e+00,0.000000000000000000e+00,1.000000000000000056e-01
9.930131907887557174e-01,-1.179624295038417536e-01,3.109364096618862094e-03,1.863825893709892867e+01,1.179314156192307339e-01,9.929830821605075686e-01,8.762405666419132572e-03,1.492082407575643588e+00,-4.121180604928850397e-03,-8.334492700206464627e-03,9.999567751167306451e-01,1.405983117717512221e-01,0.000000000000000000e+00,0.000000000000000000e+00,0.000000000000000000e+00,1.000000000000000056e-01
9.925157922682085188e-01,-1.220904424302099028e-01,2.515147193679594193e-03,1.956333391088680074e+01,1.220730086294948696e-01,9.925017660588819624e-01,6.198784892510588590e-03,1.601573792484893177e+00,-3.253100421681357022e-03,-5.845360313611849129e-03,9.999776242998892339e-01,1.513069550574667466e-01,0.000000000000000000e+00,0.000000000000000000e+00,0.000000000000000000e+00,1.000000000000000056e-01
9.922786576987864260e-01,-1.239493468447698948e-01,4.429999125226163209e-03,2.048704773193122364e+01,1.239297031208813488e-01,9.922809573054205412e-01,4.464353638361114734e-03,1.720001313067764492e+00,-4.949157490400524911e-03,-3.880874359350618141e-03,9.999802221315889916e-01,1.647948590006849123e-01,0.000000000000000000e+00,0.000000000000000000e+00,0.000000000000000000e+00,1.000000000000000056e-01
9.924370644330706703e-01,-1.226243155411066155e-01,5.652466500941326702e-03,2.140847935303644078e+01,1.225996723248830855e-01,9.924459181910536554e-01,4.518828581368664922e-03,1.841478328664239772e+00,-6.163885568408808760e-03,-3.791662431126990342e-03,9.999738145625154395e-01,1.663365673991591409e-01,0.000000000000000000e+00,0.000000000000000000e+00,0.000000000000000000e+00,1.000000000000000056e-01
9.923524364915348173e-01,-1.230276551757679693e-01,1.004180517967732771e-02,2.236139773323748869e+01,1.230095833592950438e-01,9.924025802464054857e-01,2.400233748902289889e-03,1.965102902275535302e+00,-1.026080850064469037e-02,-1.146639537545079057e-03,9.999466990928486121e-01,1.710380215092980605e-01,0.000000000000000000e+00,0.000000000000000000e+00,0.000000000000000000e+00,1.000000000000000056e-01
9.925990113645931645e-01,-1.207492927097400109e-01,1.291553127555686124e-02,2.332399127193013300e+01,1.207214013858521756e-01,9.926821309699548346e-01,2.920633558902643954e-03,2.093510280264838208e+00,-1.317368154573070847e-02,-1.339836947896990132e-03,9.999123256323450004e-01,1.704967276230010542e-01,0.000000000000000000e+00,0.000000000000000000e+00,0.000000000000000000e+00,1.000000000000000056e-01
9.928834963865862395e-01,-1.183502527643009727e-01,1.325067069147341930e-02,2.424203829923517617e+01,1.183493485916034538e-01,9.929716513873185768e-01,8.551193394049058693e-04,2.197422674732935732e+00,-1.325874394846411619e-02,7.191743652015996973e-04,9.999118403625099072e-01,1.670943489734969534e-01,0.000000000000000000e+00,0.000000000000000000e+00,0.000000000000000000e+00,1.000000000000000056e-01
9.929093705541911508e-01,-1.182747995558155185e-01,1.191862641882752635e-02,2.519298279756998227e+01,1.182808765061979517e-01,9.929801587911610827e-01,1.962141841886381934e-04,2.308270146009828050e+00,-1.185816674724480407e-02,1.214922677452301945e-03,9.999289513981892696e-01,1.639557827409421076e-01,0.000000000000000000e+00,0.000000000000000000e+00,0.000000000000000000e+00,1.000000000000000056e-01
9.930957264492307202e-01,-1.170538161967037694e-01,7.699494922594564417e-03,2.613248591511717578e+01,1.170579938186637747e-01,9.931250764640860984e-01,-9.263559209102452136e-05,2.429314863927545698e+00,-7.635718134166673970e-03,9.932834396785979701e-04,9.999703541588540467e-01,1.600321741170664114e-01,0.000000000000000000e+00,0.000000000000000000e+00,0.000000000000000000e+00,1.000000000000000056e-01
9.930068017561844984e-01,-1.178649684402972020e-01,6.733563731141089213e-03,2.707178297242990084e+01,1.178772409381326491e-01,9.930271098466600943e-01,-1.454365292018240533e-03,2.543630329446798122e+00,-6.515192611658935685e-03,2.237928541520222032e-03,9.999762716890217007e-01,1.616279090169949750e-01,0.000000000000000000e+00,0.000000000000000000e+00,0.000000000000000000e+00,1.000000000000000056e-01
9.930839742099758505e-01,-1.171578859052047061e-01,7.632164669544429757e-03,2.802447708822318262e+01,1.171818952083040488e-01,9.931065864487323980e-01,-2.776938518657698449e-03,2.656974242006199471e+00,-7.254212756051220228e-03,3.652084660764426133e-03,9.999670187935802979e-01,1.638179263041519007e-01,0.000000000000000000e+00,0.000000000000000000e+00,0.000000000000000000e+00,1.000000000000000056e-01
9.930138526212598515e-01,-1.175244353691096977e-01,1.055914738294646583e-02,2.903010001069650414e+01,1.175897135121166115e-01,9.930453967048525898e-01,-5.787863115205517731e-03,2.776555890440682628e+00,-9.805497357154852392e-03,6.989075366167609230e-03,9.999274998954198468e-01,1.684797878052807507e-01,0.000000000000000000e+00,0.000000000000000000e+00,0.000000000000000000e+00,1.000000000000000056e-01
9.930806691764426652e-01,-1.164822619379046881e-01,1.492203611770519765e-02,2.998349876509825762e+01,1.166175950377550258e-01,9.931401545453643065e-01,-8.542245443679929995e-03,2.884904266372618320e+00,-1.382465318476064874e-02,1.022331078659238432e-02,9.998521705136623750e-01,1.672521185348809780e-01,0.000000000000000000e+00,0.000000000000000000e+00,0.000000000000000000e+00,1.000000000000000056e-01
9.929128467736785257e-01,-1.178039215642509019e-01,1.569441862170752044e-02,3.091079138083220812e+01,1.180477871967867132e-01,9.928847559489463181e-01,-1.563909658974860228e-02,2.973164528505912063e+00,-1.374040209498018396e-02,1.738095130552842760e-02,9.997545218112209309e-01,1.709964277071342187e-01,0.000000000000000000e+00,0.000000000000000000e+00,0.000000000000000000e+00,1.000000000000000056e-01
9.930159466011487801e-01,-1.173644483618052209e-01,1.203810851228650884e-02,3.186129217161337479e+01,1.175775898028239980e-01,9.928845315673657801e-01,-1.886312143870645316e-02,3.075736862845046549e+00,-9.738591889143185729e-03,2.014679217596901731e-02,9.997496019469249706e-01,1.723926355727044279e-01,0.000000000000000000e+00,0.000000000000000000e+00,0.000000000000000000e+00,1.000000000000000056e-01
9.927705939149934489e-01,-1.197295207649262255e-01,8.449243461528057469e-03,3.285930064138619855e+01,1.198680954539391580e-01,9.926186445159007610e-01,-1.843546179679673644e-02,3.192931856032262150e+00,-6.179607585956239414e-03,1.931497907886308915e-02,9.997943508708512228e-01,1.673501496067611172e-01,0.000000000000000000e+00,0.000000000000000000e+00,0.000000000000000000e+00,1.000000000000000056e-01
9.926347425394221879e-01,-1.209563824755925665e-01,6.769153722082399058e-03,3.382779285179896078e+01,1.210620955827154677e-01,9.924752941280420293e-01,-1.835100974273495139e-02,3.314715286331723298e+00,-4.498546078066085682e-03,1.903533776623497070e-02,9.998086912001259430e-01,1.687170455982848483e-01,0.000000000000000000e+00,0.000000000000000000e+00,0.000000000000000000e+00,1.000000000000000056e-01
9.924257057160658091e-01,-1.225857057448650894e-01,7.997710985162042110e-03,3.479219557280154618e+01,1.227164063766390395e-01,9.922663080919080780e-01,-1.866165672329647349e-02,3.435236662111349482e+00,-5.648206792639130780e-03,1.950175819478652470e-02,9.997938683485410039e-01,1.793328381669968274e-01,0.000000000000000000e+00,0.000000000000000000e+00,0.000000000000000000e+00,1.000000000000000056e-01
9.923312622590935161e-01,-1.232370739871556237e-01,9.554555895406558960e-03,3.576815768342258650e+01,1.233929417994590189e-01,9.921957943780925770e-01,-1.793564976523615712e-02,3.570611247856600556e+00,-7.269653179446678923e-03,1.897707073049539200e-02,9.997934901414092801e-01,1.757683660702078488e-01,0.000000000000000000e+00,0.000000000000000000e+00,0.000000000000000000e+00,1.000000000000000056e-01
9.923086452965635962e-01,-1.232829620253943215e-01,1.117424466995145006e-02,3.673907055026040780e+01,1.234713818138900299e-01,9.921826418364474431e-01,-1.812244772144173954e-02,3.687305183463132074e+00,-8.852702562909575343e-03,1.936276097804704582e-02,9.997733308828754550e-01,1.877112633131555741e-01,0.000000000000000000e+00,0.000000000000000000e+00,0.000000000000000000e+00,1.000000000000000056e-01
9.920653003984518659e-01,-1.249794623090393630e-01,1.365920005976948778e-02,3.772678195288566627e+01,1.252030356870499073e-01,9.919861249963857208e-01,-1.696253723363184626e-02,3.827492038832558396e+00,-1.142976815498476448e-02,1.853811790874277873e-02,9.997628211652626051e-01,1.899266113213004536e-01,0.000000000000000000e+00,0.000000000000000000e+00,0.000000000000000000e+00,1.000000000000000056e-01
9.921750703293866769e-01,-1.240469580324990162e-01,1.417681275040739292e-02,3.872925931691654711e+01,1.242692831851437418e-01,9.921186629204242768e-01,-1.605315986465255529e-02,3.968531596880687129e+00,-1.207373486238785126e-02,1.768928737606367124e-02,9.997706307141652760e-01,2.006761377012706016e-01,0.000000000000000000e+00,0.000000000000000000e+00,0.000000000000000000e+00,1.000000000000000056e-01
9.922895829984428318e-01,-1.229779719478510669e-01,1.542082644899326650e-02,3.975593312112889777e+01,1.231684731177906111e-01,9.923122835436999356e-01,-1.207721648889555424e-02,4.112354611058091969e+00,-1.381704391715207238e-02,1.388345576148503069e-02,9.998081510737499844e-01,2.006726091086414032e-01,0.000000000000000000e+00,0.000000000000000000e+00,0.000000000000000000e+00,1.000000000000000056e-01
9.918605813332780352e-01,-1.264791025584713069e-01,1.468413474520730705e-02,4.075630928366191341e+01,1.266968702866120566e-01,9.918282431436035163e-01,-1.498796724877194363e-02,4.233607879804070606e+00,-1.266847491962247441e-02,1.672640782345573632e-02,9.997798442779961547e-01,2.144739917354552827e-01,0.000000000000000000e+00,0.000000000000000000e+00,0.000000000000000000e+00,1.000000000000000056e-01
9.920618417564783798e-01,-1.249777958975125253e-01,1.392309819486131119e-02,4.176324331314116023e+01,1.251630660474887802e-01,9.920465150713716485e-01,-1.333862183055850928e-02,4.354506094453082454e+00,-1.214532948651502429e-02,1.497539539866614075e-02,9.998140969721909244e-01,2.365149769657909351e-01,0.000000000000000000e+00,0.000000000000000000e+00,0.000000000000000000e+00,1.000000000000000056e-01
9.922844090852076526e-01,-1.235784995558189547e-01,1.000029669323403494e-02,4.277288906755289588e+01,1.236932014386055434e-01,9.922503157789849260e-01,-1.180265878407377525e-02,4.462725950716987633e+00,-8.464242688439864437e-03,1.294856301051100153e-02,9.998803384963992347e-01,2.439423907705245420e-01,0.000000000000000000e+00,0.000000000000000000e+00,0.000000000000000000e+00,1.000000000000000056e-01
9.925583076479043143e-01,-1.214435827895411490e-01,8.914152700514767561e-03,4.380822897694744711e+01,1.215463628445963007e-01,9.925123649375175994e-01,-1.207009218629418595e-02,4.595890153272250700e+00,-7.381571538498459331e-03,1.306375311217125579e-02,9.998874190408869600e-01,2.524063297071168499e-01,0.000000000000000000e+00,0.000000000000000000e+00,0.000000000000000000e+00,1.000000000000000056e-01
9.925225136034855344e-01,-1.215242510008304744e-01,1.144187086564071344e-02,4.479427740189156992e+01,1.216797917595266454e-01,9.924699538607799632e-01,-1.405058578634907004e-02,4.718604654557193356e+00,-9.648226136294455954e-03,1.533776718653914045e-02,9.998358188373501765e-01,2.634939682835562569e-01,0.000000000000000000e+00,0.000000000000000000e+00,0.000000000000000000e+00,1.000000000000000056e-01
9.923357970300070718e-01,-1.231305911059336206e-01,1.041745970590225723e-02,4.575302271503672813e+01,1.232600968558780902e-01,9.922909944823493644e-01,-1.286587705170701666e-02,4.840102872968850889e+00,-8.752968405076600594e-03,1.405132745093747894e-02,9.998629634809793609e-01,2.662857676947417707e-01,0.000000000000000000e+00,0.000000000000000000e+00,0.000000000000000000e+00,1.000000000000000056e-01
9.918572915004845170e-01,-1.271917980508028567e-01,6.431158987816381831e-03,4.665813731305158285e+01,1.272692623664108125e-01,9.917754248913630555e-01,-1.356618731501177400e-02,4.960917506267046306e+00,-4.652757680395159037e-03,1.427421066679631159e-02,9.998872930264728343e-01,2.804596393250936570e-01,0.000000000000000000e+00,0.000000000000000000e+00,0.000000000000000000e+00,1.000000000000000056e-01
9.921544384343170542e-01,-1.249145081214021041e-01,5.092735598187870909e-03,4.761265754412503526e+01,1.249711263006574452e-01,9.920757165259119770e-01,-1.296110607716413274e-02,5.083289615119995553e+00,-3.433349127310977335e-03,1.349586382513338553e-02,9.999030321853131786e-01,2.824998597852192428e-01,0.000000000000000000e+00,0.000000000000000000e+00,0.000000000000000000e+00,1.000000000000000056e-01
9.921921104038066153e-01,-1.246262979266843096e-01,4.806445415246315099e-03,4.855218659302711615e+01,1.246756071236140573e-01,9.921264010146909618e-01,-1.188265113494963755e-02,5.210344004518732142e+00,-3.287710570998800871e-03,1.238911920703021467e-02,9.999178469676772707e-01,2.944571754101833472e-01,0.000000000000000000e+00,0.000000000000000000e+00,0.000000000000000000e+00,1.000000000000000056e-01
9.926026097415496796e-01,-1.211577642046989117e-01,7.800981167997910956e-03,4.951127369512777676e+01,1.212585392442245141e-01,9.925209341295196941e-01,-1.409120204320744515e-02,5.341458999965125187e+00,-6.035378581476378429e-03,1.493289950358629714e-02,9.998702829456399543e-01,2.959946667186405533e-01,0.000000000000000000e+00,0.000000000000000000e+00,0.000000000000000000e+00,1.000000000000000056e-01
9.928991963921739439e-01,-1.185325186693342442e-01,1.006120378877293706e-02,5.049683459447560807e+01,1.186897196920314451e-01,9.927890732142137242e-01,-1.681090556423179769e-02,5.468811492366985050e+00,-7.996014207234499599e-03,1.788569608280434278e-02,9.998080643965776559e-01,3.178136204374544249e-01,0.000000000000000000e+00,0.000000000000000000e+00,0.000000000000000000e+00,1.000000000000000056e-01
9.930554704165719393e-01,-1.172368788592631494e-01,9.815646237480706027e-03,5.141337704712349677e+01,1.173869490840989127e-01,9.929501557713084070e-01,-1.644056989467191157e-02,5.595410464549861018e+00,-7.819006359383623428e-03,1.747862663577661943e-02,9.998166635691160264e-01,3.214584963810616092e-01,0.000000000000000000e+00,0.000000000000000000e+00,0.000000000000000000e+00,1.000000000000000056e-01
9.930210987164460601e-01,-1.175184798582793594e-01,9.924938074437915370e-03,5.234833637786593385e+01,1.176946588218844708e-01,9.928569658531366526e-01,-1.957070876855530883e-02,5.715706693667215177e+00,-7.554123958636982557e-03,2.060223892450967903e-02,9.997592124919454371e-01,3.340722627899296304e-01,0.000000000000000000e+00,0.000000000000000000e+00,0.000000000000000000e+00,1.000000000000000056e-01
9.931727275753946538e-01,-1.164518434234869670e-01,6.848457032258474173e-03,5.331335463225693161e+01,1.165786837023179146e-01,9.929235872885731062e-01,-2.263095915391458504e-02,5.836439835981984459e+00,-4.164577611946749386e-03,2.327483553675327096e-02,9.997204300823561152e-01,3.576762244387070577e-01,0.000000000000000000e+00,0.000000000000000000e+00,0.000000000000000000e+00,1.000000000000000056e-01
9.929451776288491516e-01,-1.182676592647029512e-01,8.522616714449423453e-03,5.424706240325821227e+01,1.184539671717623199e-01,9.926094669966867290e-01,-2.636481916919664048e-02,5.957027916677362533e+00,-5.341524584268638950e-03,2.718835781362134718e-02,9.996160569511246541e-01,3.579439709782756274e-01,0.000000000000000000e+00,0.000000000000000000e+00,0.000000000000000000e+00,1.000000000000000056e-01
9.929446001707713521e-01,-1.178974958502126830e-01,1.269651385050936561e-02,5.518382200085782330e+01,1.182111392354605467e-01,9.926016900214069683e-01,-2.771302089815030900e-02,6.067394680139448049e+00,-9.335285339059263762e-03,2.901836382182560597e-02,9.995352855245994705e-01,3.703548446956688167e-01,0.000000000000000000e+00,0.000000000000000000e+00,0.000000000000000000e+00,1.000000000000000056e-01
9.926902902765445402e-01,-1.193536258981554021e-01,1.790808687808272820e-02,5.612289771781212977e+01,1.197923867012719856e-01,9.924626679318063749e-01,-2.583866966571449209e-02,6.188465446828514516e+00,-1.468916876758885603e-02,2.779504895919712726e-02,9.995057096256494411e-01,3.916592814962296942e-01,0.000000000000000000e+00,0.000000000000000000e+00,0.000000000000000000e+00,1.000000000000000056e-01
9.926941717379926811e-01,-1.191722392527757163e-01,1.887481891038767651e-02,5.707392833534274246e+01,1.195910062099875132e-01,9.925597218280205469e-01,-2.287334340154702217e-02,6.313370577195612121e+00,-1.600851745488859196e-02,2.496349326840196364e-02,9.995601789650960800e-01,3.877014206316149458e-01,0.000000000000000000e+00,0.000000000000000000e+00,0.000000000000000000e+00,1.000000000000000056e-01
9.927777088415318252e-01,-1.192174211305424697e-01,1.340251194148337800e-02,5.795419061914993364e+01,1.195225711458248880e-01,9.925190866875746032e-01,-2.490416727284696860e-02,6.418761935725390444e+00,-1.033323831380792389e-02,2.632620481280198779e-02,9.995999975620770694e-01,3.986365089111200688e-01,0.000000000000000000e+00,0.000000000000000000e+00,0.000000000000000000e+00,1.000000000000000056e-01
9.928099280944910898e-01,-1.194428942021095869e-01,7.863949493425363355e-03,5.886538781784464902e+01,1.196026293488327424e-01,9.925164296262581898e-01,-2.462413399067319916e-02,6.524338608539805406e+00,-4.863921242909212926e-03,2.538763373314946795e-02,9.996658493334531492e-01,4.056682506821123191e-01,0.000000000000000000e+00,0.000000000000000000e+00,0.000000000000000000e+00,1.000000000000000056e-01
9.929860758039005253e-01,-1.181454790153457501e-01,4.505446460107601081e-03,5.981760589064958111e+01,1.182210616367076472e-01,9.926812746944568833e-01,-2.465091187923791269e-02,6.651309788199013084e+00,-1.560078542949602928e-03,2.501065091561347278e-02,9.996859674396341156e-01,4.162693336805425859e-01,0.000000000000000000e+00,0.000000000000000000e+00,0.000000000000000000e+00,1.000000000000000056e-01
9.927800222118953188e-01,-1.199393985452140432e-01,1.538887117661171889e-03,6.072946498172409946e+01,1.199443238435712877e-01,9.925408628475529405e-01,-2.181730403930681392e-02,6.768873525894798071e+00,1.089345976764124471e-03,2.184436436354614611e-02,9.997607899247177299e-01,4.206620822946180449e-01,0.000000000000000000e+00,0.000000000000000000e+00,0.000000000000000000e+00,1.000000000000000056e-01
9.925370405840853172e-01,-1.218963906481855680e-01,3.390135031338574814e-03,6.165644304030720235e+01,1.219391472603643251e-01,9.923533387409209094e-01,-1.912316540644529855e-02,6.898352767810919772e+00,-1.033166976317467052e-03,1.939384017393208648e-02,9.998113879774059853e-01,4.416626755523180847e-01,0.000000000000000000e+00,0.000000000000000000e+00,0.000000000000000000e+00,1.000000000000000056e-01
9.922842990327559454e-01,-1.238975525333815553e-01,4.611547387815837298e-03,6.252529017925928656e+01,1.239601444830373267e-01,9.921316402813624702e-01,-1.756960250995387787e-02,7.023719421874902835e+00,-2.398431324141315699e-03,1.800568879135775943e-02,9.998350077379427603e-01,4.550356501609835735e-01,0.000000000000000000e+00,0.000000000000000000e+00,0.000000000000000000e+00,1.000000000000000056e-01
9.922329667907366924e-01,-1.243022474104635983e-01,4.763496862682279655e-03,6.332981830695343461e+01,1.243654905420385065e-01,9.920944392616997121e-01,-1.678833965143076284e-02,7.134147743358287386e+00,-2.639010399944598934e-03,1.725035868385264848e-02,9.998477187799087451e-01,4.683999596067569549e-01,0.000000000000000000e+00,0.000000000000000000e+00,0.000000000000000000e+00,1.000000000000000056e-01
9.920542857058715080e-01,-1.256598366221359786e-01,6.156271006958549674e-03,6.413570175819872077e+01,1.257451975811859635e-01,9.919281624206528480e-01,-1.632990759482261245e-02,7.242755213878258935e+00,-4.054565066875950516e-03,1.697427632875796177e-02,9.998477056258284756e-01,4.776201230432603473e-01,0.000000000000000000e+00,0.000000000000000000e+00,0.000000000000000000e+00,1.000000000000000056e-01
9.921646190373801799e-01,-1.247003081557881282e-01,7.694275551459112301e-03,6.492851673715696847e+01,1.248171086792996959e-01,9.920298929782948028e-01,-1.724473306296093675e-02,7.356522858830209621e+00,-5.482527824843957086e-03,1.806999123752890332e-02,9.998216927559260281e-01,4.981934641579405243e-01,0.000000000000000000e+00,0.000000000000000000e+00,0.000000000000000000e+00,1.000000000000000056e-01
9.921852744279683334e-01,-1.244704383846478163e-01,8.688565855810051822e-03,6.572640504224206381e+01,1.246127854730161716e-01,9.920345584012496554e-01,-1.841435945922459405e-02,7.466700981867870901e+00,-6.327314197446530161e-03,1.935316268652424038e-02,9.997926886055307216e-01,5.088709390918518816e-01,0.000000000000000000e+00,0.000000000000000000e+00,0.000000000000000000e+00,1.000000000000000056e-01
9.921555498161936937e-01,-1.246649249918726776e-01,9.274774697915688301e-03,6.646697989872357937e+01,1.248243277095642534e-01,9.919921289868230962e-01,-1.924846071885615365e-02,7.563139591994615607e+00,-6.800895586733293405e-03,2.025518464395713661e-02,9.997717115993318693e-01,5.187442812406800607e-01,0.000000000000000000e+00,0.000000000000000000e+00,0.000000000000000000e+00,1.000000000000000056e-01
9.919230158762908367e-01,-1.263523564916022301e-01,1.112711031233319658e-02,6.724449934638084869e+01,1.265392349934663374e-01,9.917965409055673476e-01,-1.809539872508128186e-02,7.678169090723643286e+00,-8.749433247477577530e-03,1.935725850347716839e-02,9.997743465207924451e-01,5.237036504802549119e-01,0.000000000000000000e+00,0.000000000000000000e+00,0.000000000000000000e+00,1.000000000000000056e-01
9.921574365873565560e-01,-1.242615508235828531e-01,1.351621290612316575e-02,6.798537412243298661e+01,1.244844821827501974e-01,9.920735860616550772e-01,-1.713515492956834210e-02,7.786799182360837790e+00,-1.127983688259991124e-02,1.868333015513827869e-02,9.997618208624572400e-01,5.344815268369169647e-01,0.000000000000000000e+00,0.000000000000000000e+00,0.000000000000000000e+00,1.000000000000000056e-01
9.919579880464947097e-01,-1.256901221115104550e-01,1.487760580012359446e-02,6.869671174536301805e+01,1.259069200291609014e-01,9.919337367196259247e-01,-1.465979011480947336e-02,7.885362193047284585e+00,-1.291500830509866027e-02,1.641508943117183858e-02,9.997818499049909713e-01,5.510381079039207153e-01,0.000000000000000000e+00,0.000000000000000000e+00,0.000000000000000000e+00,1.000000000000000056e-01
9.916370908834715170e-01,-1.284749831980757651e-01,1.224984393450664379e-02,6.936112838784114842e+01,1.286370685456074137e-01,9.915996618117191019e-01,-1.351352251920113004e-02,7.983211532779915132e+00,-1.041079152410194324e-02,1.497629417240501498e-02,9.998336491800540182e-01,5.588002418371210700e-01,0.000000000000000000e+00,0.000000000000000000e+00,0.000000000000000000e+00,1.000000000000000056e-01
9.919315448530696688e-01,-1.266147718834366998e-01,6.364736153841121444e-03,7.005718719012577367e+01,1.266942892792233544e-01,9.918399583152311960e-01,-1.421457538137828325e-02,8.087115349010689513e+00,-4.513024422180095599e-03,1.490626144094165176e-02,9.998787106346544995e-01,5.637213329795716099e-01,0.000000000000000000e+00,0.000000000000000000e+00,0.000000000000000000e+00,1.000000000000000056e-01
9.921927421194545182e-01,-1.247088258949202583e-01,1.127488087790691875e-03,7.081014967527546844e+01,1.247104283795842788e-01,9.920567217463286402e-01,-1.645508709512178563e-02,8.187371071932501465e+00,9.335624554496215702e-04,1.646722750914458855e-02,9.998639701875969843e-01,5.780968337770014953e-01,0.000000000000000000e+00,0.000000000000000000e+00,0.000000000000000000e+00,1.000000000000000056e-01
9.921237277055167114e-01,-1.252503661952409919e-01,1.689583282267733419e-03,7.152965082649021156e+01,1.252616533631935036e-01,9.920148806557498311e-01,-1.469675999251514320e-02,8.294188977533480056e+00,1.646828128293133849e-04,1.479264430439909336e-02,9.998905692894871633e-01,5.902869326913011694e-01,0.000000000000000000e+00,0.000000000000000000e+00,0.000000000000000000e+00,1.000000000000000056e-01
9.923635015367400225e-01,-1.232612079211445472e-01,4.621194603240572421e-03,7.220101691075682027e+01,1.233105918646314608e-01,9.922878418996992078e-01,-1.262286623678952890e-02,8.396021351292597856e+00,-3.029645480074415198e-03,1.309631397981758302e-02,9.999096498226263119e-01,6.010610240076573740e-01,0.000000000000000000e+00,0.000000000000000000e+00,0.000000000000000000e+00,1.000000000000000056e-01
9.923123632233479263e-01,-1.235672657202681601e-01,6.877836615610106313e-03,7.282374831486941957e+01,1.236491121685881489e-01,9.922392357054533596e-01,-1.312235446014278599e-02,8.481332721649398110e+00,-5.202965886327945433e-03,1.387191295655952443e-02,9.998902435652181619e-01,6.145802973184202322e-01,0.000000000000000000e+00,0.000000000000000000e+00,0.000000000000000000e+00,1.000000000000000056e-01
9.923801170074509903e-01,-1.231511742806261633e-01,3.935942273544856471e-03,7.340247986389280754e+01,1.231992995004422831e-01,9.922492398449132001e-01,-1.622894419832228777e-02,8.534921900937192163e+00,-1.906822193640199002e-03,1.659018687341337270e-02,9.998605551418793258e-01,6.248147857161926444e-01,0.000000000000000000e+00,0.000000000000000000e+00,0.000000000000000000e+00,1.000000000000000056e-01
9.924554364840642018e-01,-1.226053033187561037e-01,3.823497631021020512e-04,7.404790946442584243e+01,1.225806766966146821e-01,9.921831877150018020e-01,-2.337733338722851328e-02,8.597149418646175434e+00,2.486824043948116306e-03,2.324783030335120931e-02,9.997266396832491520e-01,6.456651954435173035e-01,0.000000000000000000e+00,0.000000000000000000e+00,0.000000000000000000e+00,1.000000000000000056e-01
9.927606884666080322e-01,-1.200434359843922660e-01,-3.973526439780216378e-03,7.466897006778069112e+01,1.198977157724285258e-01,9.924326174407979151e-01,-2.649599200182655573e-02,8.668588162944507403e+00,7.124127164815531078e-03,2.582776251764807435e-02,9.996410223152466523e-01,6.548673807644200817e-01,0.000000000000000000e+00,0.000000000000000000e+00,0.000000000000000000e+00,1.000000000000000056e-01
9.932640326361609207e-01,-1.157722063624278402e-01,-4.832980997976087795e-03,7.526084267192300103e+01,1.156268138675109053e-01,9.930085133127593000e-01,-2.375989064014109170e-02,8.734776268655776832e+00,7.549926238008182813e-03,2.304102259794251623e-02,9.997060117311697969e-01,6.668245774508291257e-01,0.000000000000000000e+00,0.000000000000000000e+00,0.000000000000000000e+00,1.000000000000000056e-01
9.939310245171812941e-01,-1.099800664939968586e-01,-2.345948891660022337e-03,7.583828645398227764e+01,1.099109848922641408e-01,9.937368511855687592e-01,-2.016546542490957328e-02,8.817058852959281268e+00,4.549055092954454663e-03,1.978523615645690070e-02,9.997939040262220356e-01,6.733670580335024969e-01,0.000000000000000000e+00,0.000000000000000000e+00,0.000000000000000000e+00,1.000000000000000056e-01
9.947575821477530056e-01,-1.022506132078770114e-01,1.471345700183462196e-03,7.639035452850501429e+01,1.022588217615906236e-01,9.945333908179330162e-01,-2.112978750758543259e-02,8.854270624294704461e+00,6.972313013339048564e-04,2.116947441004622329e-02,9.997756584462910157e-01,6.869565392522324343e-01,0.000000000000000000e+00,0.000000000000000000e+00,0.000000000000000000e+00,1.000000000000000056e-01
9.956548290816015223e-01,-9.292247404036454994e-02,6.072490815517059964e-03,7.696877582186962741e+01,9.304355200383435109e-02,9.953662411022109469e-01,-2.426815824419090509e-02,8.907149858031948142e+00,-3.789295052715626819e-03,2.472771506373152087e-02,9.996870417039176449e-01,6.996137454118501742e-01,0.000000000000000000e+00,0.000000000000000000e+00,0.000000000000000000e+00,1.000000000000000056e-01
9.965868054900812734e-01,-8.199607519028366542e-02,9.559433898738561863e-03,7.750205802393593046e+01,8.222677974382382182e-02,9.962492912528310152e-01,-2.694636100093272466e-02,8.949131190621653076e+00,-7.314083403659573518e-03,2.764042929516926858e-02,9.995911718559458148e-01,7.157648481147573793e-01,0.000000000000000000e+00,0.000000000000000000e+00,0.000000000000000000e+00,1.000000000000000056e-01
9.975508984212420049e-01,-6.931427254675348593e-02,9.366786016942478879e-03,7.798588337634636503e+01,6.952409003295703660e-02,9.972837216108076941e-01,-2.432240767659014577e-02,8.987976353166065024e+00,-7.655453223820050598e-03,2.491405690391156405e-02,9.996602841988505572e-01,7.265476568133538704e-01,0.000000000000000000e+00,0.000000000000000000e+00,0.000000000000000000e+00,1.000000000000000056e-01
9.986155007716184251e-01,-5.187434311280445659e-02,8.725488253658363405e-03,7.847909793571027137e+01,5.204804851844991448e-02,9.984232723506931695e-01,-2.102307955449703863e-02,9.028603818777501289e+00,-7.621172092977354824e-03,2.144811775304920898e-02,9.997409144277233928e-01,7.285271643927181406e-01,0.000000000000000000e+00,0.000000000000000000e+00,0.000000000000000000e+00,1.000000000000000056e-01
9.994479695443184708e-01,-3.167932506198963688e-02,1.000882297554559278e-02,7.896486622442503744e+01,3.183717603179205685e-02,9.993645718144521517e-01,-1.602644141528125968e-02,9.041900541818051806e+00,-9.494756240141143111e-03,1.633624699046732145e-02,9.998214723830484152e-01,7.331154030213906658e-01,0.000000000000000000e+00,0.000000000000000000e+00,0.000000000000000000e+00,1.000000000000000056e-01
9.998984368964025649e-01,-9.552420280778364803e-03,1.057672723058252114e-02,7.944163765219234108e+01,9.723027978395595849e-03,9.998215228450794134e-01,-1.619830801897913924e-02,9.048118850706206473e+00,-1.042010648036324587e-02,1.629950068332651492e-02,9.998128563178271255e-01,7.395071639497968752e-01,0.000000000000000000e+00,0.000000000000000000e+00,0.000000000000000000e+00,1.000000000000000056e-01
9.997786029219944970e-01,1.724696665465854858e-02,1.205351735212695924e-02,7.993026660111716808e+01,-1.702214033046851524e-02,9.996837180498356901e-01,-1.851244458807426579e-02,9.052923228906150754e+00,-1.236898855665921962e-02,1.830316932309208194e-02,9.997559712824002354e-01,7.493496155612120457e-01,0.000000000000000000e+00,0.000000000000000000e+00,0.000000000000000000e+00,1.000000000000000056e-01
9.988177774400427422e-01,4.648854360731240892e-02,1.420784230642615185e-02,8.040954925795463737e+01,-4.620960804860028276e-02,9.987439902343749898e-01,-1.936786241982948673e-02,9.033190169322624641e+00,-1.509038083442548923e-02,1.868842647174234414e-02,9.997114699363423007e-01,7.491971215907597959e-01,0.000000000000000000e+00,0.000000000000000000e+00,0.000000000000000000e+00,1.000000000000000056e-01
9.967112599866904121e-01,7.940300975889008628e-02,1.618104622617814320e-02,8.088364910471005942e+01,-7.906398377655182719e-02,9.966563875518237303e-01,-2.061386963988481522e-02,8.982701515309843288e+00,-1.776374637077603874e-02,1.926673800565679648e-02,9.996565620859476642e-01,7.471537700039991847e-01,0.000000000000000000e+00,0.000000000000000000e+00,0.000000000000000000e+00,1.000000000000000056e-01
