1.000000000000000000e+00,3.335938907865619138e-13,5.058062513839247613e-13,-2.444723222134898489e-20,-3.335938907864256996e-13,1.000000000000000000e+00,-2.692959741568787148e-13,-4.631988186899705907e-20,-5.058062513840146283e-13,2.692959741567099870e-13,1.000000000000000000e+00,-1.887096353816345824e-19,0.000000000000000000e+00,0.000000000000000000e+00,0.000000000000000000e+00,1.000000000000000056e-01
9.999921180199853321e-01,-2.573234019347919732e-03,-3.023634333943622625e-03,6.404689928760255446e-01,2.562168384107583498e-03,9.999900274607024242e-01,-3.657905454635021394e-03,1.839811442512179554e-02,3.033016827386831281e-03,3.650129562801799742e-03,9.999887386181404159e-01,1.252734538069020685e-04,0.000000000000000000e+00,0.000000000000000000e+00,0.000000000000000000e+00,1.000000000000000056e-01
9.999682965624150377e-01,-6.616910525186259218e-03,-4.429713891845036243e-03,1.293088258852162831e+00,6.603201785694326822e-03,9.999733865977659120e-01,-3.102228613805125493e-03,2.833637715488468434e-02,4.450123171253672107e-03,3.072879967813147480e-03,9.999853767993130971e-01,8.882149882546515676e-03,0.000000000000000000e+00,0.000000000000000000e+00,0.000000000000000000e+00,1.000000000000000056e-01
9.999377006993517281e-01,-1.002125407840214442e-02,-4.916216715092129770e-03,1.980492476474152053e+00,9.999136248700466953e-03,9.999398679160631520e-01,-4.503090748156106035e-03,5.461348328658242185e-02,4.961047709261341178e-03,4.453652287989395137e-03,9.999777762465144049e-01,9.313966765567597075e-03,0.000000000000000000e+00,0.000000000000000000e+00,0.000000000000000000e+00,1.000000000000000056e-01
9.998014404013705336e-01,-1.947512971012963293e-02,-4.218897263314577706e-03,2.698722236746448733e+00,1.947110344211809216e-02,9.998099266533817531e-01,-9.933257802912901120e-04,4.803533929850065803e-02,4.237440511808288762e-03,9.109819608973800543e-04,9.999906070607742503e-01,1.319153910994676909e-02,0.000000000000000000e+00,0.000000000000000000e+00,0.000000000000000000e+00,1.000000000000000056e-01
9.996637925098832422e-01,-2.560981826971864966e-02,-4.054522530346374096e-03,3.415441750987153746e+00,2.560579731367077644e-02,9.996715762658323623e-01,-1.040552794087683339e-03,7.800527576021556997e-02,4.079839296873324569e-03,9.363836703286882238e-04,9.999912390100893500e-01,1.808308481454143704e-02,0.000000000000000000e+00,0.000000000000000000e+00,0.000000000000000000e+00,1.000000000000000056e-01
9.995334878799038147e-01,-3.000422383043527264e-02,-5.705537570406489511e-03,4.138816428877635012e+00,3.000387801307445590e-02,9.995497716098341590e-01,-1.462152689655546033e-04,8.432205288538997812e-02,5.707355851068605240e-03,-2.504119549105046443e-05,9.999837125984242236e-01,2.505909166181759587e-02,0.000000000000000000e+00,0.000000000000000000e+00,0.000000000000000000e+00,1.000000000000000056e-01
9.994527994755542100e-01,-3.258661380424083404e-02,-5.675757328406558049e-03,4.881638875384989085e+00,3.258389033978052046e-02,9.994688405727686353e-01,-5.716768761082341574e-04,1.105131546371357354e-01,5.691371609977451985e-03,3.864257998378092937e-04,9.999837293497821911e-01,3.970238356260100826e-02,0.000000000000000000e+00,0.000000000000000000e+00,0.000000000000000000e+00,1.000000000000000056e-01
9.992980274577232258e-01,-3.714001614691135600e-02,-4.906273505485616963e-03,5.640315536860070367e+00,3.714889658828679497e-02,9.993082415560574638e-01,1.731427276297417897e-03,1.511752078988048698e-01,4.838574312361016393e-03,-1.912474508979644400e-03,9.999864652283431132e-01,3.880456838669103792e-02,0.000000000000000000e+00,0.000000000000000000e+00,0.000000000000000000e+00,1.000000000000000056e-01
9.991602722608571296e-01,-4.093018167120120177e-02,-1.862944972944670418e-03,6.422885278648634788e+00,4.093308582898112780e-02,9.991606902275678159e-01,1.548414830587814366e-03,2.029458020984319100e-01,1.798004484705033020e-03,-1.623370670175082811e-03,9.999970659194656886e-01,4.889538731647357500e-02,0.000000000000000000e+00,0.000000000000000000e+00,0.000000000000000000e+00,1.000000000000000056e-01
9.990318172201325675e-01,-4.397977945095096070e-02,-1.098718019052564478e-03,7.215415548300133430e+00,4.397899796092535202e-02,9.990321922960421208e-01,-7.255994189458056217e-04,2.266510107891683834e-01,1.129566373704222765e-03,6.765763885637558457e-04,9.999991331617231749e-01,6.018938168173496722e-02,0.000000000000000000e+00,0.000000000000000000e+00,0.000000000000000000e+00,1.000000000000000056e-01
9.989378277392222394e-01,-4.607496454098128358e-02,5.603161529193134358e-04,8.018800515550019270e+00,4.607538141024473954e-02,9.989376800821211377e-01,-7.553410159307511612e-04,2.662903527178727692e-01,-5.249186073843998060e-04,7.803554941122803259e-04,9.999995577527813762e-01,6.174724425797849248e-02,0.000000000000000000e+00,0.000000000000000000e+00,0.000000000000000000e+00,1.000000000000000056e-01
9.988851595722516574e-01,-4.718919596981879794e-02,1.271915893162205852e-03,8.858582203927504395e+00,4.719194848670026088e-02,9.988833530348651957e-01,-2.228682986326002268e-03,3.148745413751384281e-01,-1.165325853943860977e-03,2.286222549741737022e-03,9.999967075956336382e-01,7.648173206653886835e-02,0.000000000000000000e+00,0.000000000000000000e+00,0.000000000000000000e+00,1.000000000000000056e-01
9.986777351868685315e-01,-5.137119384822273760e-02,1.944655402664950423e-03,9.666679929858775111e+00,5.138008730819088044e-02,9.986674474957023540e-01,-4.839002027410153374e-03,3.519841483308107088e-01,-1.693478736056103651e-03,4.932520149671906946e-03,9.999864010949066628e-01,8.252295505550658050e-02,0.000000000000000000e+00,0.000000000000000000e+00,0.000000000000000000e+00,1.000000000000000056e-01
9.986435846065280231e-01,-5.203808667838605295e-02,1.740246843753340614e-03,1.047789576615744700e+01,5.204779989296084985e-02,9.986259579970482303e-01,-6.101027846187829194e-03,4.148452384793255288e-01,-1.420369855607350046e-03,6.183328337589289077e-03,9.999798742975494203e-01,9.277209668107158635e-02,0.000000000000000000e+00,0.000000000000000000e+00,0.000000000000000000e+00,1.000000000000000056e-01
9.985294596109942633e-01,-5.420512523025038110e-02,8.501104331559669906e-04,1.126637587139099317e+01,5.420935342602800633e-02,9.985104942726202859e-01,-6.175664221735652389e-03,4.657503252717961062e-01,-5.140915362777182451e-04,6.212666594990757553e-03,9.999805690530551017e-01,1.078159310387164782e-01,0.000000000000000000e+00,0.000000000000000000e+00,0.000000000000000000e+00,1.000000000000000056e-01
9.984335054275143007e-01,-5.590674175604776197e-02,-2.229678440592319268e-03,1.212547161996922185e+01,5.589386112221350622e-02,9.984217194505717874e-01,-5.472332063609771854e-03,5.138556967661603858e-01,2.532099637961624829e-03,5.339134348027626403e-03,9.999825409055085323e-01,1.015172528937888785e-01,0.000000000000000000e+00,0.000000000000000000e+00,0.000000000000000000e+00,1.000000000000000056e-01
9.982080644866956343e-01,-5.973323965000096325e-02,-3.549658383614050488e-03,1.300892723984561350e+01,5.971721896719707490e-02,9.982053712102905152e-01,-4.459893020002402009e-03,5.885894350268601194e-01,3.809691923062353148e-03,4.239925452361294547e-03,9.999837545078469336e-01,1.327017334637081158e-01,0.000000000000000000e+00,0.000000000000000000e+00,0.000000000000000000e+00,1.000000000000000056e-01
9.984466290388036569e-01,-5.559107308055734331e-02,-3.736516399242057439e-03,1.390609433553304264e+01,5.559047915968846898e-02,9.984536191606354638e-01,-2.627010183175081050e-04,6.502308344140512730e-01,3.745342153383923213e-03,5.457820916227723845e-05,9.999929846920793119e-01,1.361331507162543142e-01,0.000000000000000000e+00,0.000000000000000000e+00,0.000000000000000000e+00,1.000000000000000056e-01
9.977807702814193158e-01,-6.642314381947977964e-02,-4.636854726445246988e-03,1.484789032987623614e+01,6.643608475397899671e-02,9.977870436902410711e-01,2.694825866575677187e-03,7.724916845596998538e-01,4.447594763416913913e-03,-2.996899902524176838e-03,9.999856186424855853e-01,1.556157622920268102e-01,0.000000000000000000e+00,0.000000000000000000e+00,0.000000000000000000e+00,1.000000000000000056e-01
9.974621449083591607e-01,-7.111255259389098748e-02,-3.503475188538615961e-03,1.582848982404644822e+01,7.112042556560607687e-02,9.974653624665856810e-01,2.176177099833629704e-03,8.580445774891205524e-01,3.339841640362820573e-03,-2.419822924067912759e-03,9.999914949212485027e-01,1.659751343346368146e-01,0.000000000000000000e+00,0.000000000000000000e+00,0.000000000000000000e+00,1.000000000000000056e-01
9.973755217268938100e-01,-7.238902367694299844e-02,-1.377646945105517233e-03,1.676986803886223143e+01,7.239178094619203030e-02,9.973741259568841278e-01,2.069522452176658818e-03,9.346975448256128471e-01,1.224218707961205509e-03,-2.163821351336484879e-03,9.999969095780819606e-01,1.821062447500215176e-01,0.000000000000000000e+00,0.000000000000000000e+00,0.000000000000000000e+00,1.000000000000000056e-01
9.974027404628191817e-01,-7.202580737270292133e-02,2.374648782838265277e-04,1.768325680814688283e+01,7.202551939678963899e-02,9.974022314005303036e-01,1.055155375186578965e-03,1.026443428826141702e+00,-3.128464172810044882e-04,-1.035311331628279872e-03,9.999994151286119015e-01,1.879057788731291756e-01,0.000000000000000000e+00,0.000000000000000000e+00,0.000000000000000000e+00,1.000000000000000056e-01
9.971076248507171336e-01,-7.599195649216994308e-02,-1.267680185892219565e-03,1.861685440833718985e+01,7.599440561757753176e-02,9.971062164840379660e-01,2.010811706221510460e-03,1.088095855746376683e+00,1.111206278173641889e-03,-2.101332286652607927e-03,9.999971748076234013e-01,1.872582776805596649e-01,0.000000000000000000e+00,0.000000000000000000e+00,0.000000000000000000e+00,1.000000000000000056e-01
9.970616989771949878e-01,-7.655759870140052548e-02,-2.627263554478306059e-03,1.955348739833202742e+01,7.655845006616607273e-02,9.970650696688769798e-01,2.248769969950735145e-04,1.166805727160443951e+00,2.602336676091288655e-03,-4.253554663309829799e-04,9.999965234522325552e-01,1.964908161745978210e-01,0.000000000000000000e+00,0.000000000000000000e+00,0.000000000000000000e+00,1.000000000000000056e-01
9.968646495377891936e-01,-7.905582843539463167e-02,-3.323626377042373115e-03,2.048080663381257693e+01,7.904605548495965972e-02,9.968665235165815597e-01,-2.975803124117546924e-03,1.237283159494092288e+00,3.548466453187989426e-03,2.703753383405929980e-03,9.999900490022249899e-01,2.116299202835142945e-01,0.000000000000000000e+00,0.000000000000000000e+00,0.000000000000000000e+00,1.000000000000000056e-01
9.969238811897476182e-01,-7.837383088146115950e-02,-5.636901046878239939e-04,2.139953649659359058e+01,7.836548184718200583e-02,9.968831450639323855e-01,-9.101996610724395753e-03,1.312770110826964265e+00,1.275291507455162104e-03,9.029823941072944588e-03,9.999584170910129632e-01,2.278376437732602400e-01,0.000000000000000000e+00,0.000000000000000000e+00,0.000000000000000000e+00,1.000000000000000056e-01
9.970968697520263824e-01,-7.610337166519690055e-02,2.471669860540477541e-03,2.235719125939404606e+01,7.612062011320552823e-02,9.970676540889793493e-01,-7.857758145969985508e-03,1.398614790287913134e+00,-1.866420180893546381e-03,8.023091093114619737e-03,9.999660726669780120e-01,2.535267060450218102e-01,0.000000000000000000e+00,0.000000000000000000e+00,0.000000000000000000e+00,1.000000000000000056e-01
9.973075912512553431e-01,-7.326681823512225245e-02,3.088976905166389980e-03,2.330480475776560922e+01,7.328418940339097298e-02,9.972933755857918969e-01,-5.945636734994162557e-03,1.482125314126589988e+00,-2.644998318905058578e-03,6.156001819212920077e-03,9.999775535608260713e-01,2.629129394575089318e-01,0.000000000000000000e+00,0.000000000000000000e+00,0.000000000000000000e+00,1.000000000000000056e-01
9.973954672135960653e-01,-7.209112002342667191e-02,2.269888882833830633e-03,2.422487704601138248e+01,7.210604559693671589e-02,9.973696895324148937e-01,-7.377031271919996108e-03,1.554274495269892142e+00,-1.732099923504501135e-03,7.521490263391548622e-03,9.999702130634054997e-01,2.752784878005565261e-01,0.000000000000000000e+00,0.000000000000000000e+00,0.000000000000000000e+00,1.000000000000000056e-01
9.974335010398850399e-01,-7.158513528169554996e-02,1.406915071727499709e-03,2.517195570807156813e+01,7.159421916454450363e-02,9.974010041536509608e-01,-8.093497112373468014e-03,1.624378775336596137e+00,-8.238844196086468619e-04,8.173452146442028096e-03,9.999662573779541930e-01,2.792687553822692514e-01,0.000000000000000000e+00,0.000000000000000000e+00,0.000000000000000000e+00,1.000000000000000056e-01
9.972737909755772234e-01,-7.378539617286666852e-02,-8.373439042003088606e-04,2.615309773284543837e+01,7.377325660813432995e-02,9.972241012792650849e-01,-1.007960501172366387e-02,1.746201533195369526e+00,1.578747171383866870e-03,9.990352314864258884e-03,9.999488489007793968e-01,2.881932325618125068e-01,0.000000000000000000e+00,0.000000000000000000e+00,0.000000000000000000e+00,1.000000000000000056e-01
9.976659345934696388e-01,-6.827080469957284847e-02,-1.334232892531861002e-03,2.712440533435028200e+01,6.825434541925413934e-02,9.976188507402196093e-01,-9.898130083638809196e-03,1.827824535998958666e+00,2.006809190698505621e-03,9.783960007904650424e-03,9.999501221778193116e-01,2.972224081059259837e-01,0.000000000000000000e+00,0.000000000000000000e+00,0.000000000000000000e+00,1.000000000000000056e-01
9.977761094157115984e-01,-6.665412780702591189e-02,-2.504506549898544436e-04,2.808143887577073272e+01,6.664587768928052769e-02,9.976993032174917841e-01,-1.242687999285394321e-02,1.878840772613947996e+00,1.078177291260002052e-03,1.238255246772609897e-02,9.999227519804280151e-01,3.123816165933888667e-01,0.000000000000000000e+00,0.000000000000000000e+00,0.000000000000000000e+00,1.000000000000000056e-01
9.978527741764916525e-01,-6.544535119035770065e-02,2.597513397534481541e-03,2.909468085916014957e+01,6.547413055800425929e-02,9.977665977550518317e-01,-1.322704169427616622e-02,1.927788221135579683e+00,-1.726063716389737148e-03,1.336871018009793202e-02,9.999091450187699293e-01,3.184156370989450480e-01,0.000000000000000000e+00,0.000000000000000000e+00,0.000000000000000000e+00,1.000000000000000056e-01
9.981094956294902509e-01,-6.114649852623971898e-02,6.208095700391443039e-03,3.005094119591296931e+01,6.124305481009820890e-02,9.979817954586021056e-01,-1.678166173989530455e-02,1.988506213833776792e+00,-5.169426638609118246e-03,1.713013868027702183e-02,9.998399048732864447e-01,3.304463978238804112e-01,0.000000000000000000e+00,0.000000000000000000e+00,0.000000000000000000e+00,1.000000000000000056e-01
9.982289477461425697e-01,-5.913232586204841823e-02,6.506605856620870966e-03,3.096592466310800162e+01,5.928093330208833445e-02,9.979106766743456314e-01,-2.569148353409901608e-02,2.046119801096387913e+00,-4.973814277015999562e-03,2.603170024209033179e-02,9.996487441866986901e-01,3.556777834859005116e-01,0.000000000000000000e+00,0.000000000000000000e+00,0.000000000000000000e+00,1.000000000000000056e-01
9.984053121756957250e-01,-5.635552729561187774e-02,3.299570060657860179e-03,3.190060130405495897e+01,5.642215278927156102e-02,9.980724083659547885e-01,-2.584585717686519249e-02,2.092117510293890259e+00,-1.836652927403677974e-03,2.599080994921787804e-02,9.996604946201524955e-01,3.552613327834642232e-01,0.000000000000000000e+00,0.000000000000000000e+00,0.000000000000000000e+00,1.000000000000000056e-01
9.983497835316567093e-01,-5.741228708577777312e-02,1.240569979686858724e-03,3.287665475727243347e+01,5.742430336608316671e-02,9.979426618948401551e-01,-2.851127764869054726e-02,2.159747593880237293e+00,3.988799497534092063e-04,2.853546673564156394e-02,9.995927010702733151e-01,3.624096846478249700e-01,0.000000000000000000e+00,0.000000000000000000e+00,0.000000000000000000e+00,1.000000000000000056e-01
9.983226044471701366e-01,-5.789426797921187751e-02,-4.808169820215892759e-04,3.384864485446770033e+01,5.785967904932988459e-02,9.979525359379401994e-01,-2.725790812484772327e-02,2.231175650633870244e+00,2.057909164063142973e-03,2.718436591471842453e-02,9.996283185562957474e-01,3.665090845908893780e-01,0.000000000000000000e+00,0.000000000000000000e+00,0.000000000000000000e+00,1.000000000000000056e-01
9.982129285284797593e-01,-5.967748161295601678e-02,3.089904032743298178e-03,3.484050579365915468e+01,5.974248899821794218e-02,9.977843458292238177e-01,-2.927856257478825275e-02,2.285346539170985736e+00,-1.335786994275143819e-03,2.941083824856544071e-02,9.995665151787661573e-01,3.819706935975415996e-01,0.000000000000000000e+00,0.000000000000000000e+00,0.000000000000000000e+00,1.000000000000000056e-01
9.980589389911862508e-01,-6.225893098820547283e-02,1.476418637585674102e-03,3.581886320444596095e+01,6.227523327423283711e-02,9.976119250122820192e-01,-2.987042674500774847e-02,2.352522943773073472e+00,3.868079981398290070e-04,2.990439073940245884e-02,9.995526888534079779e-01,3.914362929780431100e-01,0.000000000000000000e+00,0.000000000000000000e+00,0.000000000000000000e+00,1.000000000000000056e-01
9.978613505220746971e-01,-6.533213130211502906e-02,2.106597679751675938e-03,3.680866019006442258e+01,6.536567017698789728e-02,9.974515625319432255e-01,-2.859562142878077987e-02,2.405700706370260900e+00,-2.330162534437960672e-04,2.867216458707142271e-02,9.995888418151323007e-01,4.093624375427867279e-01,0.000000000000000000e+00,0.000000000000000000e+00,0.000000000000000000e+00,1.000000000000000056e-01
9.979513605456921121e-01,-6.386655064130326853e-02,3.761076200227015873e-03,3.780235623515746823e+01,6.394502748995407881e-02,9.975885512980899872e-01,-2.698362055557079406e-02,2.477591928267830923e+00,-2.028655789208119731e-03,2.716884296689590569e-02,9.996288003691815582e-01,4.248186231199156948e-01,0.000000000000000000e+00,0.000000000000000000e+00,0.000000000000000000e+00,1.000000000000000056e-01
9.978927931003395146e-01,-6.451991124135877942e-02,6.866915742175332821e-03,3.880919862406665288e+01,6.467801735251318962e-02,9.975662796090203344e-01,-2.604365293820652683e-02,2.534362546928911275e+00,-5.169869413336624156e-03,2.643291206857343451e-02,9.996372210006108094e-01,4.431717167687840853e-01,0.000000000000000000e+00,0.000000000000000000e+00,0.000000000000000000e+00,1.000000000000000056e-01
9.981066406773024813e-01,-6.068866152440970801e-02,1.000100986130411998e-02,3.981588838802498742e+01,6.091137181884954260e-02,9.978614230790723294e-01,-2.371466031286191545e-02,2.606315713837185299e+00,-8.540410939535135471e-03,2.427893516989983180e-02,9.996687424782270126e-01,4.508916517815081404e-01,0.000000000000000000e+00,0.000000000000000000e+00,0.000000000000000000e+00,1.000000000000000056e-01
9.980614079049260345e-01,-6.189707636234003524e-02,6.494458301613645346e-03,4.080758636021420216e+01,6.203810079558672724e-02,9.977755603990955402e-01,-2.439682602199452766e-02,2.662841216359192131e+00,-4.969919568098992921e-03,2.475243438665163803e-02,9.996812576473669276e-01,4.855928967900661752e-01,0.000000000000000000e+00,0.000000000000000000e+00,0.000000000000000000e+00,1.000000000000000056e-01
9.979441940350185503e-01,-6.384845304297619151e-02,5.546227169543419162e-03,4.180322127332751592e+01,6.395345962639793769e-02,9.977223856162853455e-01,-2.144752297966254218e-02,2.719351728846928662e+00,-4.164203838911581697e-03,2.175813144935310334e-02,9.997545914484317064e-01,5.146534666304590777e-01,0.000000000000000000e+00,0.000000000000000000e+00,0.000000000000000000e+00,1.000000000000000056e-01
9.978661850070487116e-01,-6.519506338425228031e-02,3.560973153766311145e-03,4.280562975528184921e+01,6.525454001137388771e-02,9.976588051643551225e-01,-2.046346710445723360e-02,2.775632271312570509e+00,-2.218519186872193027e-03,2.065217151668384543e-02,9.997842597201973547e-01,5.348046392145533456e-01,0.000000000000000000e+00,0.000000000000000000e+00,0.000000000000000000e+00,1.000000000000000056e-01
9.978612500513145411e-01,-6.516556407464281497e-02,5.135650383494037158e-03,4.386149184809300294e+01,6.526196861687168227e-02,9.976340469980866654e-01,-2.161443319797567986e-02,2.861835098838889646e+00,-3.714982944552662134e-03,2.190336798423745540e-02,9.997531902288028238e-01,5.650661235085912004e-01,0.000000000000000000e+00,0.000000000000000000e+00,0.000000000000000000e+00,1.000000000000000056e-01
9.979861619198744371e-01,-6.321994559079190112e-02,5.182576187126634003e-03,4.484475926136606461e+01,6.330845024942104160e-02,9.978092901358764921e-01,-1.920053763712968944e-02,2.926748648969653477e+00,-3.957365721618632919e-03,1.948997172998369679e-02,9.998022205709036214e-01,5.785067120013196451e-01,0.000000000000000000e+00,0.000000000000000000e+00,0.000000000000000000e+00,1.000000000000000056e-01
9.978139269185871685e-01,-6.539652973411659576e-02,9.521614676263171623e-03,4.582052713717204284e+01,6.557452367820436334e-02,9.976518928272694042e-01,-1.976569205829274700e-02,3.020545628841198038e+00,-8.206649236140325931e-03,2.034685815799197606e-02,9.997592991672613616e-01,5.863536428559593672e-01,0.000000000000000000e+00,0.000000000000000000e+00,0.000000000000000000e+00,1.000000000000000056e-01
9.977645385311245674e-01,-6.622796976619629850e-02,8.932058576826402280e-03,4.675643459919261602e+01,6.638682228656908602e-02,9.976159588620993057e-01,-1.884644397083137107e-02,3.094486271152538048e+00,-7.662602460232576136e-03,1.939728445690225983e-02,9.997824912845966194e-01,6.011888505325139187e-01,0.000000000000000000e+00,0.000000000000000000e+00,0.000000000000000000e+00,1.000000000000000056e-01
9.978327812443753553e-01,-6.574571099956083575e-02,2.691126023943769558e-03,4.772652542295482903e+01,6.578430207520383211e-02,9.976632807785184021e-01,-1.845003487047052262e-02,3.129660143931180638e+00,-1.471826957510415871e-03,1.858708345613887050e-02,9.998261619171613379e-01,6.020246705559705314e-01,0.000000000000000000e+00,0.000000000000000000e+00,0.000000000000000000e+00,1.000000000000000056e-01
9.977814642423933345e-01,-6.642127338083032850e-02,4.512655180097357131e-03,4.869082513137174573e+01,6.649924868951591350e-02,9.975826419081379459e-01,-2.016736193233461052e-02,3.196673128606471348e+00,-3.162204616304218219e-03,2.042270809782245969e-02,9.997864339227231500e-01,6.203463355760148179e-01,0.000000000000000000e+00,0.000000000000000000e+00,0.000000000000000000e+00,1.000000000000000056e-01
9.980299207672006512e-01,-6.260152387225535742e-02,4.162506731122255464e-03,4.968344304862421978e+01,6.267516268579655103e-02,9.978155298104030013e-01,-2.088043226309743358e-02,3.264382394140761257e+00,-2.846266980472816725e-03,2.110018194367784330e-02,9.997733148500311806e-01,6.288575343250466521e-01,0.000000000000000000e+00,0.000000000000000000e+00,0.000000000000000000e+00,1.000000000000000056e-01
9.981465325991487614e-01,-6.065376128774068593e-02,4.961925225790129491e-03,5.069576800904699354e+01,6.073843040957600109e-02,9.979689941524153562e-01,-1.920233792530211259e-02,3.358175691058970624e+00,-3.787153505953467624e-03,1.946812656796161056e-02,9.998033054137479558e-01,6.568095921394803138e-01,0.000000000000000000e+00,0.000000000000000000e+00,0.000000000000000000e+00,1.000000000000000056e-01
9.982390260253183323e-01,-5.915146688560398575e-02,4.466641389812692903e-03,5.163354882069236851e+01,5.922477184574050785e-02,9.980713000436916005e-01,-1.860393584474452633e-02,3.431492877900295113e+00,-3.357576483697008798e-03,1.883571061512367972e-02,9.998169545900786881e-01,6.709401892548350066e-01,0.000000000000000000e+00,0.000000000000000000e+00,0.000000000000000000e+00,1.000000000000000056e-01
9.983934356827287582e-01,-5.659020131051592517e-02,2.845470307732550930e-03,5.256504782065266568e+01,5.663454598910518112e-02,9.982103243050901575e-01,-1.920095443811577554e-02,3.517992187510600388e+00,-1.753791961675198446e-03,1.933125878886185825e-02,9.998115955755830786e-01,7.000155564715018208e-01,0.000000000000000000e+00,0.000000000000000000e+00,0.000000000000000000e+00,1.000000000000000056e-01
9.982366384489470557e-01,-5.927165283039390747e-02,3.238028551342445657e-03,5.352231135191880185e+01,5.932933348190782413e-02,9.979890195784151263e-01,-2.231472584430089362e-02,3.589462454730052432e+00,-1.908886256072341980e-03,2.246748699047130399e-02,9.997457517697159179e-01,7.201270607713581295e-01,0.000000000000000000e+00,0.000000000000000000e+00,0.000000000000000000e+00,1.000000000000000056e-01
9.983863992463626325e-01,-5.660927223118126378e-02,4.470804998947832537e-03,5.446929976481915503e+01,5.670632603180080639e-02,9.980560280856219935e-01,-2.585647675007531066e-02,3.640898028096434924e+00,-2.998397548310995434e-03,2.606827764559992155e-02,9.996556679740951079e-01,7.455634497846930220e-01,0.000000000000000000e+00,0.000000000000000000e+00,0.000000000000000000e+00,1.000000000000000056e-01
9.982414631248641701e-01,-5.871745119387172807e-02,8.138932585159883853e-03,5.541221477273423801e+01,5.893809430771393409e-02,9.978042272164531212e-01,-3.021630666299090356e-02,3.686319606269389482e+00,-6.346836826759036897e-03,3.064286334976189935e-02,9.995102463646995394e-01,7.512464910945004792e-01,0.000000000000000000e+00,0.000000000000000000e+00,0.000000000000000000e+00,1.000000000000000056e-01
9.979498837702244218e-01,-6.280056866675072513e-02,1.233361496594942430e-02,5.637103585580567255e+01,6.311198898908530752e-02,9.976483364554874500e-01,-2.673338013495524246e-02,3.738672240450155115e+00,-1.062573897840234094e-02,2.745697257039042549e-02,9.995665102075157460e-01,7.745752223213663301e-01,0.000000000000000000e+00,0.000000000000000000e+00,0.000000000000000000e+00,1.000000000000000056e-01
9.977276619437330796e-01,-6.611103787508514074e-02,1.299397026974521280e-02,5.733681523507877387e+01,6.641480670570214240e-02,9.974904979656822324e-01,-2.453120295500283918e-02,3.833565675065799816e+00,-1.133957858723982914e-02,2.533845179276694379e-02,9.996146141479772540e-01,7.792878602420968415e-01,0.000000000000000000e+00,0.000000000000000000e+00,0.000000000000000000e+00,1.000000000000000056e-01
9.977589859741829992e-01,-6.649792028656803522e-02,7.418389672379305071e-03,5.821189093304447937e+01,6.667918957154508885e-02,9.973903017054546183e-01,-2.768522605983601836e-02,3.897612791331595439e+00,-5.558019957860431577e-03,2.811783529120818331e-02,9.995891634830204042e-01,7.921721890472012140e-01,0.000000000000000000e+00,0.000000000000000000e+00,0.000000000000000000e+00,1.000000000000000056e-01
9.975818339128611489e-01,-6.944946464285023380e-02,2.693790614383596675e-03,5.909960454891086101e+01,6.949603225188091815e-02,9.972455869207694779e-01,-2.591410558548052148e-02,3.957984233082509462e+00,-8.866500426727124805e-04,2.603864873359219498e-02,9.996605436966242708e-01,7.972170286713816667e-01,0.000000000000000000e+00,0.000000000000000000e+00,0.000000000000000000e+00,1.000000000000000056e-01
9.976876764356368277e-01,-6.782882515645702326e-02,-4.307060059343136883e-03,6.006973263680222885e+01,6.769933172321962456e-02,9.973862360182410569e-01,-2.524869671082203768e-02,4.029284516043167841e+00,6.008391855519512083e-03,2.489872846673884740e-02,9.996719224565878692e-01,8.193975031259548292e-01,0.000000000000000000e+00,0.000000000000000000e+00,0.000000000000000000e+00,1.000000000000000056e-01
9.979345479598310531e-01,-6.411438249615344920e-02,-3.997992664410830732e-03,6.096011218070346160e+01,6.400677768565274373e-02,9.976869499191588497e-01,-2.288847682361721397e-02,4.116751499946118109e+00,5.456225664978950687e-03,2.258530314480569623e-02,9.997300303998825077e-01,8.362525218536908111e-01,0.000000000000000000e+00,0.000000000000000000e+00,0.000000000000000000e+00,1.000000000000000056e-01
9.977907291078317309e-01,-6.641841565388630075e-02,-1.501655249791858599e-03,6.184877176877623839e+01,6.637446457503672070e-02,9.975888121549458809e-01,-2.027294541158957200e-02,4.180603114251611352e+00,2.844531391781601921e-03,2.012848542021200213e-02,9.997933550068481834e-01,8.561927988085874519e-01,0.000000000000000000e+00,0.000000000000000000e+00,0.000000000000000000e+00,1.000000000000000056e-01
9.978206799177574693e-01,-6.596908460689847320e-02,-1.403782245209524247e-03,6.272018810988044635e+01,6.593408881598476767e-02,9.976674414601548468e-01,-1.767405393095505123e-02,4.243620949207921988e+00,2.566449000063437697e-03,1.754297940705473735e-02,9.998428162531617369e-01,8.808502236508560790e-01,0.000000000000000000e+00,0.000000000000000000e+00,0.000000000000000000e+00,1.000000000000000056e-01
9.977501251340299415e-01,-6.703749782590601169e-02,-8.134373172925373754e-04,6.352593729639131936e+01,6.701587311212084397e-02,9.976229330865169498e-01,-1.604232311340899816e-02,4.306057170122037370e+00,1.886940923197046299e-03,1.595171668180403110e-02,9.998709827717052745e-01,9.013681876164749696e-01,0.000000000000000000e+00,0.000000000000000000e+00,0.000000000000000000e+00,1.000000000000000056e-01
9.975013236674113992e-01,-7.064758609948890156e-02,-1.669133830293188531e-04,6.434720517465530065e+01,7.063690023859819922e-02,9.973863469450163777e-01,-1.519550105649196056e-02,4.364213309870460300e+00,1.240002598569236742e-03,1.514574217365475053e-02,9.998845277768652062e-01,9.232417027166126555e-01,0.000000000000000000e+00,0.000000000000000000e+00,0.000000000000000000e+00,1.000000000000000056e-01
9.974730077396860572e-01,-7.104412107124441489e-02,5.759270426585992586e-04,6.513844966685867632e+01,7.104405528060153685e-02,9.973399049429337859e-01,-1.630509790545944457e-02,4.423406911050886237e+00,5.839863276947622646e-04,1.630481124190491862e-02,9.998668971869880684e-01,9.356334976817207716e-01,0.000000000000000000e+00,0.000000000000000000e+00,0.000000000000000000e+00,1.000000000000000056e-01
9.971913205885110099e-01,-7.485683543500014359e-02,2.433994987394405909e-03,6.594615150789003621e+01,7.488775701051368638e-02,9.970432246027656209e-01,-1.722301145715372794e-02,4.487548894926806753e+00,-1.137538076555407634e-03,1.735691396465098568e-02,9.998487103280916388e-01,9.560815255114986089e-01,0.000000000000000000e+00,0.000000000000000000e+00,0.000000000000000000e+00,1.000000000000000056e-01
9.970282497977166480e-01,-7.702839976169252589e-02,1.137864427294718855e-03,6.668029766408089642e+01,7.703671308174343813e-02,9.968956749253754523e-01,-1.625909445945184287e-02,4.561106765237824767e+00,1.180799015642320076e-04,1.629843382761444678e-02,9.998671647333478019e-01,9.760457907304829206e-01,0.000000000000000000e+00,0.000000000000000000e+00,0.000000000000000000e+00,1.000000000000000056e-01
9.969603792720234114e-01,-7.768600371933084836e-02,5.906520795126049377e-03,6.745199555321003970e+01,7.778607113365373915e-02,9.967853118732435957e-01,-1.919294587473712940e-02,4.632919455251926166e+00,-4.396509908245774430e-03,1.959405164534742602e-02,9.997983515893322792e-01,9.829813191444238818e-01,0.000000000000000000e+00,0.000000000000000000e+00,0.000000000000000000e+00,1.000000000000000056e-01
9.967022303804269345e-01,-8.069934047009788558e-02,8.501788186820619445e-03,6.817889614016677058e+01,8.082881926796550709e-02,9.965966362187205219e-01,-1.618167646685250011e-02,4.688156320654858433e+00,-7.167002890253982954e-03,1.681550252661340172e-02,9.998329225147312149e-01,1.005626433262683417e+00,0.000000000000000000e+00,0.000000000000000000e+00,0.000000000000000000e+00,1.000000000000000056e-01
9.965503369278913004e-01,-8.230685582078166307e-02,1.063049640437251954e-02,6.886562854559761604e+01,8.246458247207293091e-02,9.964755422350732861e-01,-1.536510218069913995e-02,4.762501291077928300e+00,-9.328376418916721827e-03,1.618873720256465767e-02,9.998254378546153065e-01,1.022555018625431078e+00,0.000000000000000000e+00,0.000000000000000000e+00,0.000000000000000000e+00,1.000000000000000056e-01
9.965448093873152668e-01,-8.283521673659521856e-02,6.063806675739985379e-03,6.951722463551178066e+01,8.289483035793646093e-02,9.965045893996572479e-01,-1.034651658045023653e-02,4.815664365490540000e+00,-5.185555238196803106e-03,1.081342561919626521e-02,9.999280873359092103e-01,1.045501533458879084e+00,0.000000000000000000e+00,0.000000000000000000e+00,0.000000000000000000e+00,1.000000000000000056e-01
9.966999709029760179e-01,-8.117025789941516301e-02,7.464814459872136420e-04,7.019259785401571605e+01,8.117365734686930734e-02,9.966491302149620424e-01,-1.006720391631265102e-02,4.883277333494040917e+00,7.317745434833663066e-05,1.009457647957550872e-02,9.999490457872132199e-01,1.054676305691090610e+00,0.000000000000000000e+00,0.000000000000000000e+00,0.000000000000000000e+00,1.000000000000000056e-01
9.965109200289515856e-01,-8.334860186388137748e-02,-4.358535349024254130e-03,7.092491950634379805e+01,8.330360410077414235e-02,9.964774997792990030e-01,-9.648936595221743739e-03,4.945093909278059030e+00,5.147407781980355146e-03,9.252188980631095155e-03,9.999439490252404195e-01,1.082547285649728686e+00,0.000000000000000000e+00,0.000000000000000000e+00,0.000000000000000000e+00,1.000000000000000056e-01
9.965055708039251003e-01,-8.343515084793010073e-02,-3.901661149633695903e-03,7.162147966713314418e+01,8.339327948009775393e-02,9.964676933235673273e-01,-9.884184334752068798e-03,5.000291250163505730e+00,4.712567696884452893e-03,9.524272433745281305e-03,9.999435383761975382e-01,1.085227886619046789e+00,0.000000000000000000e+00,0.000000000000000000e+00,0.000000000000000000e+00,1.000000000000000056e-01
9.964663421198034499e-01,-8.399017697659598436e-02,-6.922382674688085710e-04,7.229407366466205076e+01,8.397785932774608220e-02,9.964091631087347301e-01,-1.079346170976841837e-02,5.065773414620116100e+00,1.596297311953997567e-03,1.069718862089631684e-02,9.999415092846685171e-01,1.099786731760719505e+00,0.000000000000000000e+00,0.000000000000000000e+00,0.000000000000000000e+00,1.000000000000000056e-01
9.954987817549340035e-01,-9.474714760768154775e-02,2.270141989035734213e-03,7.289339526125576185e+01,9.476492277370907047e-02,9.954519291795755898e-01,-9.750184836929262286e-03,5.154266358072693954e+00,-1.336015020550465268e-03,9.921426957324836274e-03,9.999498889199375240e-01,1.108091294346431388e+00,0.000000000000000000e+00,0.000000000000000000e+00,0.000000000000000000e+00,1.000000000000000056e-01
9.956710323086460646e-01,-9.293281304013113753e-02,-1.639415103954807188e-03,7.345491399891038498e+01,9.290816567712491258e-02,9.956088863426094671e-01,-1.144631757994091746e-02,5.214769847586071982e+00,2.695954737556314172e-03,1.124445179086056186e-02,9.999331448311812309e-01,1.120699456992885201e+00,0.000000000000000000e+00,0.000000000000000000e+00,0.000000000000000000e+00,1.000000000000000056e-01
9.956287397105975101e-01,-9.326401900457897964e-02,-5.023486976265702578e-03,7.407911043988032418e+01,9.316548906919316919e-02,9.955023708714407782e-01,-1.718200325452114499e-02,5.268279784671038968e+00,6.603355872980710278e-03,1.663888062502575857e-02,9.998397588327646579e-01,1.159306639007801953e+00,0.000000000000000000e+00,0.000000000000000000e+00,0.000000000000000000e+00,1.000000000000000056e-01
9.957905010356841169e-01,-9.129594349851455348e-02,-8.144246301356945425e-03,7.470878606523965004e+01,9.111861506498550312e-02,9.956394261066763285e-01,-1.998827582877737291e-02,5.317068171212800287e+00,9.933581214251233429e-03,1.916204275864989703e-02,9.997670429062840425e-01,1.172480264434669239e+00,0.000000000000000000e+00,0.000000000000000000e+00,0.000000000000000000e+00,1.000000000000000056e-01
9.960410091104739960e-01,-8.825882768621520769e-02,-1.061543713860585436e-02,7.529018720027548284e+01,8.802972515940712950e-02,9.959089618545159395e-01,-2.039870550352768097e-02,5.363037783062992503e+00,1.237237481439852974e-02,1.938347320052265232e-02,9.997355676918455725e-01,1.188569010834719997e+00,0.000000000000000000e+00,0.000000000000000000e+00,0.000000000000000000e+00,1.000000000000000056e-01
9.963369121916072491e-01,-8.500935547450479135e-02,-9.282612040946125812e-03,7.584793137032482946e+01,8.480133888276446263e-02,9.961790484430835813e-01,-2.088148382474471279e-02,5.437660803799222009e+00,1.102226511130886648e-02,2.001781518652364159e-02,9.997388642775543177e-01,1.193322096175698066e+00,0.000000000000000000e+00,0.000000000000000000e+00,0.000000000000000000e+00,1.000000000000000056e-01
9.969314316778563612e-01,-7.818918000998768825e-02,-3.764659626760383671e-03,7.639251908942580371e+01,7.809384757159391899e-02,9.967254866146322279e-01,-2.096795899197503518e-02,5.466542445741052525e+00,5.391799718486779691e-03,2.060962062218109694e-02,9.997730602659813393e-01,1.214457411062173531e+00,0.000000000000000000e+00,0.000000000000000000e+00,0.000000000000000000e+00,1.000000000000000056e-01
9.976076316288939871e-01,-6.911722110176722611e-02,1.350208487019175299e-03,7.698275809911930878e+01,6.912810343974175320e-02,9.972246025133434388e-01,-2.764773873083472416e-02,5.480372331017055565e+00,5.644737490451566444e-04,2.767493250711835356e-02,9.996168163251921701e-01,1.228915841955404709e+00,0.000000000000000000e+00,0.000000000000000000e+00,0.000000000000000000e+00,1.000000000000000056e-01
9.983342011993775467e-01,-5.769087637679982949e-02,7.651787226860117669e-04,7.753798385966442197e+01,5.768847657517446603e-02,9.979036224148986056e-01,-2.933257645790728757e-02,5.517466698595677954e+00,9.286474230829813020e-04,2.932785628204403333e-02,9.995694145280072940e-01,1.234299492024846012e+00,0.000000000000000000e+00,0.000000000000000000e+00,0.000000000000000000e+00,1.000000000000000056e-01
9.989522922939476635e-01,-4.576285565169922048e-02,2.806479451378429604e-04,7.805530329426983371e+01,4.575587243381230157e-02,9.986487561201365937e-01,-2.463862897006720981e-02,5.550226919405413462e+00,8.472652996933810465e-04,2.462565618020524233e-02,9.996963835081160710e-01,1.247468271550570940e+00,0.000000000000000000e+00,0.000000000000000000e+00,0.000000000000000000e+00,1.000000000000000056e-01
9.995778353141120398e-01,-2.904664954573615843e-02,6.658069699169047277e-04,7.857503375767991827e+01,2.905424197999269265e-02,9.993508115886329257e-01,-2.130273222168435274e-02,5.573607658820902699e+00,-4.660173853790038762e-05,2.131308347724336291e-02,9.997728493517765713e-01,1.260823964657910246e+00,0.000000000000000000e+00,0.000000000000000000e+00,0.000000000000000000e+00,1.000000000000000056e-01
9.998688452393045267e-01,-1.614069830655467247e-02,-1.330480363017031136e-03,7.905585446298560726e+01,1.611797939221874809e-02,9.997482332362634949e-01,-1.561028126850346094e-02,5.598674604877869498e+00,1.582106232717195131e-03,1.558678925072644154e-02,9.998772669386587486e-01,1.249150845613343774e+00,0.000000000000000000e+00,0.000000000000000000e+00,0.000000000000000000e+00,1.000000000000000056e-01
9.999409880366716408e-01,1.084853275337011036e-02,5.742659175550972415e-04,7.955274587378757190e+01,-1.083762261011877656e-02,9.998059989655807556e-01,-1.644719941502943011e-02,5.606555483164957998e+00,-7.525824909282163855e-04,1.644000515620838015e-02,9.998645707544888683e-01,1.269286581391444235e+00,0.000000000000000000e+00,0.000000000000000000e+00,0.000000000000000000e+00,1.000000000000000056e-01
9.993725099090402519e-01,3.513344392165521773e-02,4.497505565206000658e-03,8.006720284034125257e+01,-3.506230859108270398e-02,9.992722050988749327e-01,-1.502313659312783448e-02,5.599213922912782415e+00,-5.022046830609885187e-03,1.485601679576314949e-02,9.998770313446524449e-01,1.290142018683115399e+00,0.000000000000000000e+00,0.000000000000000000e+00,0.000000000000000000e+00,1.000000000000000056e-01
9.979982617188331018e-01,6.306035326434218657e-02,4.781365115104038374e-03,8.054226325428211908e+01,-6.298141100661221181e-02,9.978993560279696418e-01,-1.517290699173087613e-02,5.564854967460924229e+00,-5.728130044242475682e-03,1.484139768148189965e-02,9.998734527134203187e-01,1.297817423386382618e+00,0.000000000000000000e+00,0.000000000000000000e+00,0.000000000000000000e+00,1.000000000000000056e-01
9.952538819526710601e-01,9.715655836158000602e-02,5.505781095502524682e-03,8.101271872754378478e+01,-9.706737991442056235e-02,9.951701039399449833e-01,-1.464199374090158039e-02,5.492576998837963131e+00,-6.901754464499624923e-03,1.403806936483623265e-02,9.998776417111344683e-01,1.306455582004355742e+00,0.000000000000000000e+00,0.000000000000000000e+00,0.000000000000000000e+00,1.000000000000000056e-01
