1.000000000000000000e+00,-1.507587801948101001e-12,-6.223349277247099665e-13,-2.624238176034047343e-20,1.507587801948098577e-12,1.000000000000000000e+00,-3.903209175963995841e-15,3.976908630300255338e-19,6.223349277247158230e-13,3.903209175025772012e-15,1.000000000000000000e+00,1.840105701023400660e-19,0.000000000000000000e+00,0.000000000000000000e+00,0.000000000000000000e+00,1.000000000000000056e-01
9.999970942118143746e-01,-2.267890154678968255e-03,-8.174608088571242879e-04,6.462950256350040723e-01,2.266697708598397649e-03,9.999963700376136577e-01,-1.456706248339041058e-03,1.709484772223215585e-02,8.207614912640032569e-04,1.454849078916929227e-03,9.999986048813928052e-01,6.593533277608008142e-03,0.000000000000000000e+00,0.000000000000000000e+00,0.000000000000000000e+00,1.000000000000000056e-01
9.999758099764137764e-01,-6.898428152185002299e-03,-8.894667190467563794e-04,1.299010169963861427e+00,6.897757744809230804e-03,9.999759254718068036e-01,-7.545958504110433914e-04,1.889693765483607332e-02,8.946508308131492695e-04,7.484422707695691885e-04,9.999993197167977854e-01,1.042970182101214498e-02,0.000000000000000000e+00,0.000000000000000000e+00,0.000000000000000000e+00,1.000000000000000056e-01
9.999237233616005138e-01,-1.194058006251436620e-02,-3.157531701208283591e-03,2.001015303729681172e+00,1.194013074866675898e-02,9.999287011185165053e-01,-1.611122004735671207e-04,2.352143773468905533e-02,3.159230345858541743e-03,1.233985700210227471e-04,9.999950020057173372e-01,1.659269545060050935e-02,0.000000000000000000e+00,0.000000000000000000e+00,0.000000000000000000e+00,1.000000000000000056e-01
9.998455227121563205e-01,-1.707697180009047286e-02,-4.160257996065870080e-03,2.705494299170474903e+00,1.707348736878872356e-02,9.998538574621678165e-01,-8.716347232763044456e-04,3.302514309033087458e-02,4.174534886993657053e-03,8.004699631615294240e-04,9.999909662123530607e-01,1.898631874374924478e-02,0.000000000000000000e+00,0.000000000000000000e+00,0.000000000000000000e+00,1.000000000000000056e-01
9.997467293685700085e-01,-2.213633236731719911e-02,-4.057080991422611776e-03,3.417110182940616525e+00,2.213516407834825728e-02,9.997549319001320933e-01,-3.326448358868972920e-04,3.938033272371557064e-02,4.063450266940497185e-03,2.427564332949829601e-04,9.999917146862978834e-01,3.633971050470397729e-02,0.000000000000000000e+00,0.000000000000000000e+00,0.000000000000000000e+00,1.000000000000000056e-01
9.996151578422045603e-01,-2.739455759554679584e-02,-4.367427875626377076e-03,4.159163633522390491e+00,2.740063821982546485e-02,9.996236358255378152e-01,1.338552979434265476e-03,6.779157168741999084e-02,4.329115065549641803e-03,-1.457708158988555878e-03,9.999895668704110729e-01,4.717939342761373611e-02,0.000000000000000000e+00,0.000000000000000000e+00,0.000000000000000000e+00,1.000000000000000056e-01
9.994661297312771309e-01,-3.232939375681492811e-02,-4.718667110391521619e-03,4.927042744527105889e+00,3.234546848160692323e-02,9.994710636224090061e-01,3.371001363958670699e-03,1.001301923777435376e-01,4.607188805252912869e-03,-3.521829184848993509e-03,9.999831851238827340e-01,5.713018399449674989e-02,0.000000000000000000e+00,0.000000000000000000e+00,0.000000000000000000e+00,1.000000000000000056e-01
9.993093357428085577e-01,-3.689143172678833321e-02,-4.457999822169684580e-03,5.697601117318851216e+00,3.690883735574102681e-02,9.993110761623517080e-01,3.887259225981124985e-03,1.416371502912005531e-01,4.311522041484349733e-03,-4.049114025343684975e-03,9.999825075736552549e-01,6.518484604874516530e-02,0.000000000000000000e+00,0.000000000000000000e+00,0.000000000000000000e+00,1.000000000000000056e-01
9.991989649430214060e-01,-3.997031096232252917e-02,-1.950050863431779247e-03,6.491115017626260197e+00,3.997846200054310656e-02,9.991911285644823337e-01,4.337185044164705225e-03,1.838894902767667927e-01,1.775114888074144984e-03,-4.411670841238559196e-03,9.999886929998371699e-01,7.643172564925976298e-02,0.000000000000000000e+00,0.000000000000000000e+00,0.000000000000000000e+00,1.000000000000000056e-01
9.990586602057405230e-01,-4.337884327766389214e-02,-2.634839702551634963e-04,7.288507919542301927e+00,4.337933843730906736e-02,9.990559841675193953e-01,2.318080199359513847e-03,2.203744342913863674e-01,1.626795995425655964e-04,-2.327327858540075966e-03,9.999972785364902306e-01,8.322449016268160249e-02,0.000000000000000000e+00,0.000000000000000000e+00,0.000000000000000000e+00,1.000000000000000056e-01
9.989364475782261943e-01,-4.610575287504754122e-02,4.829613015947417610e-04,8.096945816340394231e+00,4.610429050904608222e-02,9.989329959375579104e-01,2.695185313174922308e-03,2.712912206665084036e-01,-6.067095279256384073e-04,-2.670052254154614470e-03,9.999962513552281829e-01,9.762092989778829721e-02,0.000000000000000000e+00,0.000000000000000000e+00,0.000000000000000000e+00,1.000000000000000056e-01
9.988143533075474201e-01,-4.868113899951625329e-02,-1.852904090852947560e-04,8.927474750859346386e+00,4.868139076269894366e-02,9.988127969046021182e-01,1.766050116898939442e-03,3.060271095232071636e-01,9.909710051721196187e-05,-1.772976400228394372e-03,9.999984233659815480e-01,1.010261193755282172e-01,0.000000000000000000e+00,0.000000000000000000e+00,0.000000000000000000e+00,1.000000000000000056e-01
9.987069491127490428e-01,-5.082744485949199087e-02,-1.000321428458832195e-03,9.700699834059010485e+00,5.082955662830379584e-02,9.987048908770822520e-01,2.212941744674173407e-03,3.769464200853472891e-01,8.865477285462904696e-04,-2.260926193082141329e-03,9.999970511185892752e-01,1.186029191714127878e-01,0.000000000000000000e+00,0.000000000000000000e+00,0.000000000000000000e+00,1.000000000000000056e-01
9.985760503791256681e-01,-5.333284876852397577e-02,-1.216080367281413208e-03,1.050316675409009726e+01,5.333324147407916133e-02,9.985767269593652795e-01,2.927951311740000385e-04,4.395114029649014875e-01,1.198733954428353194e-03,-3.572357135380774913e-04,9.999992177094697565e-01,1.271254746149149129e-01,0.000000000000000000e+00,0.000000000000000000e+00,0.000000000000000000e+00,1.000000000000000056e-01
9.984419533667332480e-01,-5.578981557193440910e-02,-1.078070346350834931e-03,1.131009962823853066e+01,5.578964502256483771e-02,9.984425272867812895e-01,-1.876524477457705391e-04,4.968804333539008633e-01,1.086860376654821955e-03,1.272149145490693474e-04,9.999994012752643213e-01,1.504051569254391263e-01,0.000000000000000000e+00,0.000000000000000000e+00,0.000000000000000000e+00,1.000000000000000056e-01
9.982848219984252758e-01,-5.850711374436107226e-02,-2.081299804644011573e-03,1.216417385705782550e+01,5.850770241414980644e-02,9.982869322066831863e-01,2.230327027613693768e-04,5.462994062951384011e-01,2.064685397271267663e-03,-3.444222315807012199e-04,9.999978092213686054e-01,1.549896909808125001e-01,0.000000000000000000e+00,0.000000000000000000e+00,0.000000000000000000e+00,1.000000000000000056e-01
9.981966753778694912e-01,-5.991371736550288318e-02,-3.707254511752669426e-03,1.304149601272766468e+01,5.992671135615265654e-02,9.981966465208701456e-01,3.499162832084019847e-03,6.075313263262434038e-01,3.490921168493526117e-03,-3.715016276641675518e-03,9.999870059773074971e-01,1.698080980519321159e-01,0.000000000000000000e+00,0.000000000000000000e+00,0.000000000000000000e+00,1.000000000000000056e-01
9.983654488761558587e-01,-5.700071966238579729e-02,-4.165146849978412086e-03,1.392820062209161058e+01,5.703020463124750666e-02,9.983454648116780739e-01,7.340888888440745726e-03,6.696968080920309152e-01,3.739819518347861291e-03,-7.566429007431595653e-03,9.999643808166597259e-01,1.876656180017803599e-01,0.000000000000000000e+00,0.000000000000000000e+00,0.000000000000000000e+00,1.000000000000000056e-01
9.975270669213045505e-01,-7.014557644117026813e-02,-4.398734490188444153e-03,1.488592819806145329e+01,7.016729555745056246e-02,9.975227345828509007e-01,4.994459380616328957e-03,7.613601659296108659e-01,4.037498425091336739e-03,-5.290755719855605964e-03,9.999778530099454610e-01,1.916838138345792475e-01,0.000000000000000000e+00,0.000000000000000000e+00,0.000000000000000000e+00,1.000000000000000056e-01
9.972724059895989868e-01,-7.373784607947833636e-02,-3.237021358543339632e-03,1.582625930618175758e+01,7.374127986413916980e-02,9.972769488717674324e-01,9.544071546208924769e-04,8.419521145105413051e-01,3.157830856016257369e-03,-1.190506017309004953e-03,9.999943053836394258e-01,1.891929761528764464e-01,0.000000000000000000e+00,0.000000000000000000e+00,0.000000000000000000e+00,1.000000000000000056e-01
9.970673583519114036e-01,-7.651510782977991032e-02,-1.456428143864109707e-03,1.673083287935804009e+01,7.651823633170903860e-02,9.970656894583531660e-01,2.229442446796679831e-03,9.261059891580827319e-01,1.281568502191481615e-03,-2.334347603937533735e-03,9.999964541954327046e-01,2.049418962378720677e-01,0.000000000000000000e+00,0.000000000000000000e+00,0.000000000000000000e+00,1.000000000000000056e-01
9.970239304436964156e-01,-7.708437931610340188e-02,-1.131630705751164329e-03,1.760295494690174323e+01,7.708628154712665603e-02,9.970228960257335737e-01,1.746424260149721103e-03,1.001798107814541039e+00,9.936396933634440709e-04,-1.828459983267607687e-03,9.999978347047804306e-01,2.214757805417448544e-01,0.000000000000000000e+00,0.000000000000000000e+00,0.000000000000000000e+00,1.000000000000000056e-01
9.969692097687262722e-01,-7.777392489309448154e-02,-1.900363082362351713e-03,1.850190898393527661e+01,7.777563847185028911e-02,9.969705291878205866e-01,8.449800311420233717e-04,1.075287884146902906e+00,1.828888574393587249e-03,-9.902210259770821438e-04,9.999978373121124475e-01,2.243237665025115679e-01,0.000000000000000000e+00,0.000000000000000000e+00,0.000000000000000000e+00,1.000000000000000056e-01
9.968008003755525204e-01,-7.992484327600909988e-02,-4.287166467780257153e-04,1.941983445862808466e+01,7.992485226989023972e-02,9.968008918408621799e-01,3.859792670583290358e-06,1.151306323872716586e+00,4.270366425310856786e-04,-3.811255908269753373e-05,9.999999080935652040e-01,2.343302455099725012e-01,0.000000000000000000e+00,0.000000000000000000e+00,0.000000000000000000e+00,1.000000000000000056e-01
9.966354952229347086e-01,-8.195486952863433039e-02,1.043562303019533993e-03,2.034521043456970801e+01,8.195719573498320976e-02,9.966328988030370706e-01,-2.425508341131085883e-03,1.214824569092826101e+00,-8.412663035019191451e-04,2.502875146660760684e-03,9.999965139374270562e-01,2.503628129330565111e-01,0.000000000000000000e+00,0.000000000000000000e+00,0.000000000000000000e+00,1.000000000000000056e-01
9.966599658762028691e-01,-8.156263989657946967e-02,4.055637156737171810e-03,2.127857344974483667e+01,8.156950087259717819e-02,9.966664416559386508e-01,-1.555829130953120202e-03,1.304482629824984530e+00,-3.915219922504307483e-03,1.881448907160349418e-03,9.999905655569797380e-01,2.526984636906495219e-01,0.000000000000000000e+00,0.000000000000000000e+00,0.000000000000000000e+00,1.000000000000000056e-01
9.967787692303275993e-01,-7.985525077369053093e-02,7.431294338418162164e-03,2.224173296452357818e+01,7.986967850707805960e-02,9.968039237913464135e-01,-1.664923226978547947e-03,1.394682147694550345e+00,-7.274590493574327292e-03,2.253095214751590306e-03,9.999710015270962815e-01,2.643846887534541668e-01,0.000000000000000000e+00,0.000000000000000000e+00,0.000000000000000000e+00,1.000000000000000056e-01
9.969377688003591143e-01,-7.758217264057554186e-02,9.802633713935891141e-03,2.321434843529431546e+01,7.759392492132538566e-02,9.969847061378046549e-01,-8.237369841331097916e-04,1.471903535720592071e+00,-9.709168587751469681e-03,1.581839335470393900e-03,9.999516137442108210e-01,2.671071688287166013e-01,0.000000000000000000e+00,0.000000000000000000e+00,0.000000000000000000e+00,1.000000000000000056e-01
9.970915728376965603e-01,-7.549583419120776961e-02,1.042949643186040498e-02,2.413412741935541206e+01,7.551879790483682908e-02,9.971427077507635239e-01,-1.825251348103120288e-03,1.557589937489834098e+00,-1.026189743940853979e-02,2.607565770791148846e-03,9.999439454597912613e-01,2.645779208904442403e-01,0.000000000000000000e+00,0.000000000000000000e+00,0.000000000000000000e+00,1.000000000000000056e-01
9.971740596660465528e-01,-7.466921163114641213e-02,8.270644685810816729e-03,2.507449108892957312e+01,7.469008509147391506e-02,9.972042699444908509e-01,-2.243923684847627491e-03,1.633925405106043449e+00,-8.079970183376227952e-03,2.855317645744859072e-03,9.999632799473077149e-01,2.715247021845175190e-01,0.000000000000000000e+00,0.000000000000000000e+00,0.000000000000000000e+00,1.000000000000000056e-01
9.973937755288624363e-01,-7.197231298337829208e-02,5.063862172679064327e-03,2.600541476417153319e+01,7.199262501445190254e-02,9.973973427330165009e-01,-3.950019322251530074e-03,1.708636065926629088e+00,-4.766390648044859651e-03,4.304285415754963151e-03,9.999793771109731777e-01,2.727332161755978146e-01,0.000000000000000000e+00,0.000000000000000000e+00,0.000000000000000000e+00,1.000000000000000056e-01
9.974616031539180749e-01,-7.114286974528362395e-02,3.007044732158176484e-03,2.695859054501914898e+01,7.115495966992656240e-02,9.974567426390195113e-01,-4.125321602972746755e-03,1.779535180252153737e+00,-2.705909826050623135e-03,4.328816046269066790e-03,9.999869696169300104e-01,2.801377309982693298e-01,0.000000000000000000e+00,0.000000000000000000e+00,0.000000000000000000e+00,1.000000000000000056e-01
9.973764857927200911e-01,-7.224098611203880194e-02,4.624447353387369126e-03,2.792723668895195388e+01,7.226641335773703601e-02,9.973696992901974756e-01,-5.590030249441642861e-03,1.850489952841092967e+00,-4.208454368615519546e-03,5.909556949654092180e-03,9.999736826779422882e-01,2.877502621370622293e-01,0.000000000000000000e+00,0.000000000000000000e+00,0.000000000000000000e+00,1.000000000000000056e-01
9.975202317213924808e-01,-6.992862128177844416e-02,7.960856243457948775e-03,2.892187264606646480e+01,7.000355823878735839e-02,9.975009380350593480e-01,-9.559312375133860104e-03,1.920197217862077865e+00,-7.272492035616609680e-03,1.009289575921022523e-02,9.999226191634958960e-01,2.931471205238772582e-01,0.000000000000000000e+00,0.000000000000000000e+00,0.000000000000000000e+00,1.000000000000000056e-01
9.973724864557105274e-01,-7.140068678118625944e-02,1.225010972720071666e-02,2.986646866414455204e+01,7.154702041846296157e-02,9.973655891003267993e-01,-1.195431084580133793e-02,1.973992578484657701e+00,-1.136429190022718826e-02,1.279935958292179043e-02,9.998535039013832781e-01,2.988930097271068620e-01,0.000000000000000000e+00,0.000000000000000000e+00,0.000000000000000000e+00,1.000000000000000056e-01
9.974097664093571902e-01,-7.087442592020347376e-02,1.227084437653094134e-02,3.077256443494489702e+01,7.110812233637615887e-02,9.972722830501935531e-01,-1.978960327165750488e-02,2.020177927831205089e+00,-1.083479621526933431e-02,2.061090027961475640e-02,9.997288622324741469e-01,3.135384844570880958e-01,0.000000000000000000e+00,0.000000000000000000e+00,0.000000000000000000e+00,1.000000000000000056e-01
9.973870543958124335e-01,-7.163090360483941044e-02,9.384954576287376365e-03,3.171187476745038580e+01,7.182397463375768398e-02,9.971709439416358567e-01,-2.216811282803199390e-02,2.084811266845809197e+00,-7.770482060599894457e-03,2.278425349449108434e-02,9.997102067105470002e-01,3.095306970273127845e-01,0.000000000000000000e+00,0.000000000000000000e+00,0.000000000000000000e+00,1.000000000000000056e-01
9.974336677987104549e-01,-7.123807125354189584e-02,7.156503733458180298e-03,3.269084586656569513e+01,7.138606898878069318e-02,9.971800344902482793e-01,-2.315184589522572070e-02,2.167083115993007514e+00,-5.487029792224308762e-03,2.360330523682062018e-02,9.997063451263860090e-01,3.083935685912716496e-01,0.000000000000000000e+00,0.000000000000000000e+00,0.000000000000000000e+00,1.000000000000000056e-01
9.973938765234294790e-01,-7.190907819400825518e-02,5.877035549819977812e-03,3.365751346853566162e+01,7.202616356321860092e-02,9.971372846230394105e-01,-2.301015812540684394e-02,2.245724227821437768e+00,-4.205572009884189257e-03,2.337349113589480901e-02,9.997179567639014053e-01,3.068730001496836612e-01,0.000000000000000000e+00,0.000000000000000000e+00,0.000000000000000000e+00,1.000000000000000056e-01
9.975045659349750515e-01,-7.019607472337202614e-02,7.559896315943676580e-03,3.461257008604442120e+01,7.035888449528518440e-02,9.972328630731468468e-01,-2.400508653417922009e-02,2.302448456946626365e+00,-5.853914199590391949e-03,2.447708929519777296e-02,9.996832517293559039e-01,3.194364294528043713e-01,0.000000000000000000e+00,0.000000000000000000e+00,0.000000000000000000e+00,1.000000000000000056e-01
9.973355740229390420e-01,-7.229369398467255792e-02,9.765991930434264265e-03,3.559067750381385764e+01,7.249630212272889507e-02,9.971195729272518404e-01,-2.228998573137293271e-02,2.389548770957449442e+00,-8.126436295499009713e-03,2.293859401587883956e-02,9.997038471155894612e-01,3.150185776694258144e-01,0.000000000000000000e+00,0.000000000000000000e+00,0.000000000000000000e+00,1.000000000000000056e-01
9.973373169195851595e-01,-7.203005731193680428e-02,1.139943521767737382e-02,3.657188250986853006e+01,7.225535257096189767e-02,9.971699027944661564e-01,-2.076894281664121850e-02,2.467572183749047188e+00,-9.871185566532157327e-03,2.153731191476836171e-02,9.997193125527770174e-01,3.239714764320731355e-01,0.000000000000000000e+00,0.000000000000000000e+00,0.000000000000000000e+00,1.000000000000000056e-01
9.973857064094745484e-01,-7.114510678279267752e-02,1.265410727544888196e-02,3.757149843124794586e+01,7.138866219882461506e-02,9.972487020007557712e-01,-1.996710462911091902e-02,2.545300738707507726e+00,-1.119873026443842824e-02,2.081826454517239286e-02,9.997205551061714157e-01,3.196931403257443072e-01,0.000000000000000000e+00,0.000000000000000000e+00,0.000000000000000000e+00,1.000000000000000056e-01
9.972820448862471654e-01,-7.201924766810881284e-02,1.554834115990653444e-02,3.856307853480733172e+01,7.231440930799502842e-02,9.971944012610989283e-01,-1.933784631116261532e-02,2.613928176053260000e+00,-1.411202161070485191e-02,2.040965601959005005e-02,9.996921009927111079e-01,3.366805184597850831e-01,0.000000000000000000e+00,0.000000000000000000e+00,0.000000000000000000e+00,1.000000000000000056e-01
9.974427915144955525e-01,-6.947097713544794773e-02,1.678275876060232250e-02,3.957604559626086882e+01,6.977253329957880390e-02,9.973986153830928236e-01,-1.810512714256477459e-02,2.693631086148467357e+00,-1.548131947637773273e-02,1.922980415228759191e-02,9.996952252459421207e-01,3.330973775841312712e-01,0.000000000000000000e+00,0.000000000000000000e+00,0.000000000000000000e+00,1.000000000000000056e-01
9.974040738233248549e-01,-7.031496768225396765e-02,1.552156050399270369e-02,4.058564948567845931e+01,7.062481011318964830e-02,9.972941606116884072e-01,-2.040817008709611483e-02,2.775416885771277098e+00,-1.404456183408483126e-02,2.145139924740385381e-02,9.996712398349855144e-01,3.464527416359976519e-01,0.000000000000000000e+00,0.000000000000000000e+00,0.000000000000000000e+00,1.000000000000000056e-01
9.974572307409494965e-01,-6.999698514143101735e-02,1.339757118684397653e-02,4.159344145144566340e+01,7.022098260818643300e-02,9.973857333883929810e-01,-1.705029134174031527e-02,2.848296542570642575e+00,-1.216907737410871486e-02,1.794772699836199095e-02,9.997648686823593644e-01,3.618680601963817911e-01,0.000000000000000000e+00,0.000000000000000000e+00,0.000000000000000000e+00,1.000000000000000056e-01
9.975923118594661743e-01,-6.845770768030390308e-02,1.109601631413869617e-02,4.262619693586894698e+01,6.861900570038081959e-02,9.975320634799932362e-01,-1.487327758222163100e-02,2.921767475408884707e+00,-1.005044156127869563e-02,1.559886497488745076e-02,9.998278171944999793e-01,3.703266049757841794e-01,0.000000000000000000e+00,0.000000000000000000e+00,0.000000000000000000e+00,1.000000000000000056e-01
9.975752937434052559e-01,-6.870551807101948905e-02,1.109437241810081257e-02,4.367510230952748174e+01,6.890112471970813446e-02,9.974550258125789437e-01,-1.833320740041429267e-02,2.991423779223043145e+00,-9.806545014322196052e-03,1.905316949539351615e-02,9.997703778403628228e-01,3.793122731445993656e-01,0.000000000000000000e+00,0.000000000000000000e+00,0.000000000000000000e+00,1.000000000000000056e-01
9.975797475157329730e-01,-6.836289701835925048e-02,1.269494614812321717e-02,4.468823153244845514e+01,6.861189515655326254e-02,9.974360533734080159e-01,-2.034028696715264525e-02,3.076949390542532026e+00,-1.127187604051263850e-02,2.116208265122280704e-02,9.997125142101553896e-01,3.876730009669722699e-01,0.000000000000000000e+00,0.000000000000000000e+00,0.000000000000000000e+00,1.000000000000000056e-01
9.975733749915313142e-01,-6.834583684277703575e-02,1.327433969228002282e-02,4.567498126066818287e+01,6.861346080463365249e-02,9.974248619296759433e-01,-2.087672869436047948e-02,3.141981983399446676e+00,-1.181331894162433553e-02,2.173686708859937436e-02,9.996939302130207761e-01,3.893348663494223816e-01,0.000000000000000000e+00,0.000000000000000000e+00,0.000000000000000000e+00,1.000000000000000056e-01
9.970080700484166281e-01,-7.649683345062952000e-02,1.109696942224367572e-02,4.659081160628317519e+01,7.667371133288966578e-02,9.969196874552938015e-01,-1.650087132487193867e-02,3.198367413657817959e+00,-9.800522882595120999e-03,1.730234770387884327e-02,9.998022697089469224e-01,4.019016865663791460e-01,0.000000000000000000e+00,0.000000000000000000e+00,0.000000000000000000e+00,1.000000000000000056e-01
9.970371289275229421e-01,-7.656021961658360242e-02,7.449584701339080975e-03,4.754810918401598485e+01,7.667182724019444562e-02,9.969268618810251947e-01,-1.607056214639658240e-02,3.273976671304724473e+00,-6.196325331332786651e-03,1.659412041392684459e-02,9.998431080524965431e-01,3.976079460967593127e-01,0.000000000000000000e+00,0.000000000000000000e+00,0.000000000000000000e+00,1.000000000000000056e-01
9.971315875483353075e-01,-7.534774767544298590e-02,7.163381434371300996e-03,4.849480521498420416e+01,7.545313700565266235e-02,9.970241650382812848e-01,-1.579995081398122281e-02,3.365338305834935095e+00,-5.951573686238505190e-03,1.629512963912207318e-02,9.998495124370974096e-01,4.087988840808266522e-01,0.000000000000000000e+00,0.000000000000000000e+00,0.000000000000000000e+00,1.000000000000000056e-01
9.972475874893166337e-01,-7.357587197050086125e-02,9.156435470107200658e-03,4.946592220345650048e+01,7.371680430548752105e-02,9.971485148560327305e-01,-1.614534246755453678e-02,3.452555385172917823e+00,-7.942418380079811074e-03,1.677588698664329164e-02,9.998277289643887622e-01,4.145219362014291864e-01,0.000000000000000000e+00,0.000000000000000000e+00,0.000000000000000000e+00,1.000000000000000056e-01
9.972480590531700440e-01,-7.316548328554423053e-02,1.196330933637776775e-02,5.046486578102963705e+01,7.336364351672880479e-02,9.971593112007041126e-01,-1.706118095817465985e-02,3.542522603718424978e+00,-1.068103574731643288e-02,1.789190155712895580e-02,9.997828740951879567e-01,4.305101900980888852e-01,0.000000000000000000e+00,0.000000000000000000e+00,0.000000000000000000e+00,1.000000000000000056e-01
9.973520906773292172e-01,-7.164643156430629267e-02,1.247381520071644788e-02,5.140091523188031175e+01,7.188622573456322773e-02,9.972128471974949226e-01,-1.997267968763816876e-02,3.614363839055640071e+00,-1.100807754332566203e-02,2.081648933818448094e-02,9.997227095552213560e-01,4.407186996086226993e-01,0.000000000000000000e+00,0.000000000000000000e+00,0.000000000000000000e+00,1.000000000000000056e-01
9.974075296538487123e-01,-7.098545869525237084e-02,1.180188305447629413e-02,5.233883802322668544e+01,7.124670748872309611e-02,9.971836067589132657e-01,-2.342565011480871734e-02,3.684326795807719268e+00,-1.010576379217538109e-02,2.420576512134515329e-02,9.996559180403360445e-01,4.444436518408811931e-01,0.000000000000000000e+00,0.000000000000000000e+00,0.000000000000000000e+00,1.000000000000000056e-01
9.974161016598913632e-01,-7.097051836014291182e-02,1.114924541293221133e-02,5.332307523543143191e+01,7.124243925835142821e-02,9.971134977165064806e-01,-2.625238122674686606e-02,3.761869800199054481e+00,-9.253917986738243590e-03,2.697884718157845044e-02,9.995931706482631407e-01,4.586210616305532173e-01,0.000000000000000000e+00,0.000000000000000000e+00,0.000000000000000000e+00,1.000000000000000056e-01
9.973247192908997194e-01,-7.190120087426291051e-02,1.317655509482582206e-02,5.428756307912185974e+01,7.226408108398238439e-02,9.969486278795123280e-01,-2.951840026568664996e-02,3.840706628068634831e+00,-1.101394009497536942e-02,3.039162190467241051e-02,9.994773846573956622e-01,4.496675087102869894e-01,0.000000000000000000e+00,0.000000000000000000e+00,0.000000000000000000e+00,1.000000000000000056e-01
9.971743885316826095e-01,-7.310596979479434820e-02,1.728456064895683708e-02,5.524326689584155048e+01,7.362913014834342185e-02,9.967764946853562291e-01,-3.186488406337617540e-02,3.924934582502156655e+00,-1.489933052399183833e-02,3.304749344710906922e-02,9.993427205552658510e-01,4.565206139851740175e-01,0.000000000000000000e+00,0.000000000000000000e+00,0.000000000000000000e+00,1.000000000000000056e-01
9.970272148642463916e-01,-7.395184933382287218e-02,2.162999769189733260e-02,5.620107504182642799e+01,7.458601985692442371e-02,9.967587014892208552e-01,-3.014990294220994821e-02,3.993197033519097161e+00,-1.933024733277874038e-02,3.167356919625201328e-02,9.993113261403694381e-01,4.748271328922205048e-01,0.000000000000000000e+00,0.000000000000000000e+00,0.000000000000000000e+00,1.000000000000000056e-01
9.968979134700546307e-01,-7.514017946441527152e-02,2.342015262774554962e-02,5.716762617221186105e+01,7.576277005943928000e-02,9.967619498830661007e-01,-2.693729641646609718e-02,4.067402440194320512e+00,-2.132024371277125435e-02,2.862811023039229380e-02,9.993627362037592610e-01,4.631510254411923544e-01,0.000000000000000000e+00,0.000000000000000000e+00,0.000000000000000000e+00,1.000000000000000056e-01
9.967283949675399546e-01,-7.866381900154567619e-02,1.856098719152092513e-02,5.806589055036809555e+01,7.916582251785289626e-02,9.964662124715873981e-01,-2.806884300431640791e-02,4.146954997735635473e+00,-1.628739422079415744e-02,2.944640865404824295e-02,9.994336545298417862e-01,4.666232946120126290e-01,0.000000000000000000e+00,0.000000000000000000e+00,0.000000000000000000e+00,1.000000000000000056e-01
9.964640439012826256e-01,-8.305376153098442682e-02,1.270755316561711715e-02,5.898414461569802114e+01,8.337762627301950613e-02,9.961377118709531242e-01,-2.752872001344423142e-02,4.230492726018396432e+00,-1.037210918662648945e-02,2.849090528671015948e-02,9.995402381429996375e-01,4.649975891067061329e-01,0.000000000000000000e+00,0.000000000000000000e+00,0.000000000000000000e+00,1.000000000000000056e-01
9.965229581995177499e-01,-8.294533722311070445e-02,7.878122506449472193e-03,5.993775238423492624e+01,8.314429025228217696e-02,9.960959943898280988e-01,-2.966137149532617825e-02,4.311171600544572158e+00,-5.387093810806879886e-03,3.021325857109656912e-02,9.995289581731935380e-01,4.750012778525817270e-01,0.000000000000000000e+00,0.000000000000000000e+00,0.000000000000000000e+00,1.000000000000000056e-01
9.963889281970023104e-01,-8.451265254994047571e-02,8.167944992594586284e-03,6.084960595634868241e+01,8.470339258542827765e-02,9.960450216136005341e-01,-2.682629686111729847e-02,4.399341796712490371e+00,-5.868479440862410176e-03,2.742127782826719526e-02,9.996067399089089145e-01,4.776841583001747993e-01,0.000000000000000000e+00,0.000000000000000000e+00,0.000000000000000000e+00,1.000000000000000056e-01
9.963291845814030712e-01,-8.494888699619233818e-02,1.057556378944308866e-02,6.177875828411946912e+01,8.519949163873581643e-02,9.960227682668577609e-01,-2.607089792328325106e-02,4.494160642757039525e+00,-8.318808559969590247e-03,2.687622912786336721e-02,9.996041545191822753e-01,4.983237090725231577e-01,0.000000000000000000e+00,0.000000000000000000e+00,0.000000000000000000e+00,1.000000000000000056e-01
9.961604606493851266e-01,-8.697889666639363471e-02,9.950285096495942866e-03,6.267404753150595553e+01,8.720759776571773703e-02,9.958640718046467555e-01,-2.548696491546682819e-02,4.579495841858977734e+00,-7.692303344091152434e-03,2.625684717109558891e-02,9.996256331476780499e-01,5.133522235232345077e-01,0.000000000000000000e+00,0.000000000000000000e+00,0.000000000000000000e+00,1.000000000000000056e-01
9.959635847570289524e-01,-8.921281292906148297e-02,9.879870809517856192e-03,6.348829179016644986e+01,8.942370222749397579e-02,9.957166650275550701e-01,-2.348881577117259076e-02,4.659651372152016080e+00,-7.742048686037401005e-03,2.427749978247092585e-02,9.996752791214030820e-01,5.219504350935346704e-01,0.000000000000000000e+00,0.000000000000000000e+00,0.000000000000000000e+00,1.000000000000000056e-01
9.958011065498020287e-01,-9.095421880924738078e-02,1.036755877675258827e-02,6.430851710629239903e+01,9.116831410497179544e-02,9.955814984777714427e-01,-2.249040666623112333e-02,4.741204232471851299e+00,-8.276152333486372359e-03,2.334116470004873184e-02,9.996933006342485495e-01,5.312120120875675200e-01,0.000000000000000000e+00,0.000000000000000000e+00,0.000000000000000000e+00,1.000000000000000056e-01
9.957360234064684956e-01,-9.175810337474915590e-02,9.498534399662184741e-03,6.510379601192495613e+01,9.196001191908370620e-02,9.954826743026967684e-01,-2.361358445880245432e-02,4.818899371584714153e+00,-7.288888702312705699e-03,2.438638202398750454e-02,9.996760357602183511e-01,5.343345778156231018e-01,0.000000000000000000e+00,0.000000000000000000e+00,0.000000000000000000e+00,1.000000000000000056e-01
9.957407659727761651e-01,-9.170210794138344834e-02,9.542032228820723425e-03,6.590658327720676368e+01,9.191948373773339842e-02,9.954373116583635772e-01,-2.560013804178644728e-02,4.896718421476855987e+00,-7.150908287592546222e-03,2.636819973901926087e-02,9.996267216082139750e-01,5.433450253772986738e-01,0.000000000000000000e+00,0.000000000000000000e+00,0.000000000000000000e+00,1.000000000000000056e-01
9.956103142545634777e-01,-9.295122508338637957e-02,1.096229471538778290e-02,6.666298431146535108e+01,9.320815314095304283e-02,9.953102703852974020e-01,-2.587867565388368707e-02,4.971118222239121032e+00,-8.505429911651837468e-03,2.678685164486318410e-02,9.996049831013119613e-01,5.557729237130391020e-01,0.000000000000000000e+00,0.000000000000000000e+00,0.000000000000000000e+00,1.000000000000000056e-01
9.953027398448788254e-01,-9.583935260948545087e-02,1.368482914296437029e-02,6.745960300882408944e+01,9.615453261454581790e-02,9.950621897680014261e-01,-2.460781078820702475e-02,5.063108006739014399e+00,-1.125885939852061708e-02,2.580807984923847234e-02,9.996035119483822617e-01,5.638500345485742971e-01,0.000000000000000000e+00,0.000000000000000000e+00,0.000000000000000000e+00,1.000000000000000056e-01
9.951966659219960709e-01,-9.649780762612573948e-02,1.648542571771062157e-02,6.820094874159389065e+01,9.686734893274197289e-02,9.950240976063930987e-01,-2.331870265099420664e-02,5.141929394339547876e+00,-1.415319216591577091e-02,2.480359461719811726e-02,9.995921512524897912e-01,5.713615970294753099e-01,0.000000000000000000e+00,0.000000000000000000e+00,0.000000000000000000e+00,1.000000000000000056e-01
9.949675152856281013e-01,-9.858474594634415722e-02,1.790785841574259185e-02,6.892849791524471925e+01,9.895028112764554795e-02,9.948745244946562982e-01,-2.082120016452872202e-02,5.215534914456855908e+00,-1.576341939756149835e-02,2.248840541759765388e-02,9.996228219837072215e-01,5.771951306638781753e-01,0.000000000000000000e+00,0.000000000000000000e+00,0.000000000000000000e+00,1.000000000000000056e-01
9.950839105683505492e-01,-9.790342958945573437e-02,1.493082056088819269e-02,6.959622968561836842e+01,9.818604080715372107e-02,9.949762010477956053e-01,-1.954125735751309142e-02,5.296263040291015578e+00,-1.294265500640813353e-02,2.091118894561233912e-02,9.996975591939124550e-01,5.897949593726461437e-01,0.000000000000000000e+00,0.000000000000000000e+00,0.000000000000000000e+00,1.000000000000000056e-01
9.950713393855771249e-01,-9.871837345701996169e-02,9.365483190629450561e-03,7.028700783826701581e+01,9.888157570328724721e-02,9.949187950700507654e-01,-1.894796038610641400e-02,5.371057918036286516e+00,-7.447383421625393581e-03,1.978064605513985344e-02,9.997766063085355981e-01,5.919541019127890769e-01,0.000000000000000000e+00,0.000000000000000000e+00,0.000000000000000000e+00,1.000000000000000056e-01
9.952209200281680879e-01,-9.760196012565204582e-02,3.029474858343508999e-03,7.101718193784695643e+01,9.764476890988459112e-02,9.949867139807737626e-01,-2.160875068756222886e-02,5.433175298558968969e+00,-9.052308114179735340e-04,2.180129311239624793e-02,9.997619137453703786e-01,6.098361409343607820e-01,0.000000000000000000e+00,0.000000000000000000e+00,0.000000000000000000e+00,1.000000000000000056e-01
9.950880009482940824e-01,-9.899413027024291101e-02,1.803905928510016882e-04,7.171509487045514675e+01,9.897805865872184861e-02,9.948901439929623836e-01,-1.992348588508526669e-02,5.508849940901749953e+00,1.792839334248967544e-03,1.984347645199174143e-02,9.998014913818746852e-01,6.100326920692963339e-01,0.000000000000000000e+00,0.000000000000000000e+00,0.000000000000000000e+00,1.000000000000000056e-01
9.950510533843393013e-01,-9.932394174081671245e-02,2.855828388328221935e-03,7.237388512196888257e+01,9.936055283483549716e-02,9.948671814018776871e-01,-1.915129003068228794e-02,5.583014064010941802e+00,-9.389883239945938246e-04,1.934026800616511430e-02,9.998125185925494929e-01,6.220799074753778912e-01,0.000000000000000000e+00,0.000000000000000000e+00,0.000000000000000000e+00,1.000000000000000056e-01
9.949259158824773630e-01,-1.004129359644606728e-01,6.297951763135484042e-03,7.297703944075553295e+01,1.005223098108897067e-01,9.947234544366978515e-01,-2.050644834695207822e-02,5.649365310157771880e+00,-4.205607648980800618e-03,2.103548156139595574e-02,9.997698842132538566e-01,6.374630435828547714e-01,0.000000000000000000e+00,0.000000000000000000e+00,0.000000000000000000e+00,1.000000000000000056e-01
9.949081828056300925e-01,-1.007249644996966453e-01,3.491319655057874803e-03,7.356651290283096500e+01,1.007774947942133015e-01,9.946678828406115835e-01,-2.190204073545825095e-02,5.701571739511468451e+00,-1.266621254066288950e-03,2.214236599621218285e-02,9.997540253975917279e-01,6.570784062922108149e-01,0.000000000000000000e+00,0.000000000000000000e+00,0.000000000000000000e+00,1.000000000000000056e-01
9.948924442935106471e-01,-1.009406690291808489e-01,7.499083326036612776e-05,7.420643081132274688e+01,1.008999292534886044e-01,9.944692432141943872e-01,-2.915696447897972096e-02,5.752531412366882257e+00,2.868547424167836642e-03,2.901561022844183560e-02,9.995748425199317833e-01,6.731999783612880872e-01,0.000000000000000000e+00,0.000000000000000000e+00,0.000000000000000000e+00,1.000000000000000056e-01
9.950284712393260289e-01,-9.954725053541571556e-02,-2.947258721071591234e-03,7.482965932152663413e+01,9.939686107410450333e-02,9.945014378683597611e-01,-3.297201974978554440e-02,5.822286687791611293e+00,6.213326946566337383e-03,3.251515013965418366e-02,9.994519295992433383e-01,6.992923748101229631e-01,0.000000000000000000e+00,0.000000000000000000e+00,0.000000000000000000e+00,1.000000000000000056e-01
9.954532243847369344e-01,-9.522176731056583576e-02,-2.386020176571954955e-03,7.543499568333662353e+01,9.510606607366253740e-02,9.950042658367456161e-01,-3.035370097156294897e-02,5.875324962349398383e+00,5.264433304990303632e-03,2.998876451158631259e-02,9.995363723972459091e-01,7.120560774941251392e-01,0.000000000000000000e+00,0.000000000000000000e+00,0.000000000000000000e+00,1.000000000000000056e-01
9.959190926769644348e-01,-9.025053835265639535e-02,-3.418402694276316198e-05,7.599974043688879988e+01,9.022014794396390758e-02,9.955934199293163811e-01,-2.557473554931159049e-02,5.953583905009938171e+00,2.342167043843092385e-03,2.546728333575561110e-02,9.996729123733597566e-01,7.155342573448271182e-01,0.000000000000000000e+00,0.000000000000000000e+00,0.000000000000000000e+00,1.000000000000000056e-01
9.965154591418778907e-01,-8.336550963961340821e-02,2.670485682391468205e-03,7.655818855572687198e+01,8.340722854756919824e-02,9.961522014738799502e-01,-2.690772611641701478e-02,5.992519961410184060e+00,-4.170338905804980498e-04,2.703670285500943404e-02,9.996343545424316579e-01,7.295019264131981096e-01,0.000000000000000000e+00,0.000000000000000000e+00,0.000000000000000000e+00,1.000000000000000056e-01
9.970665976035069100e-01,-7.622085122569753624e-02,6.970063256276595731e-03,7.713510486655943055e+01,7.640443329353906188e-02,9.965747827001021353e-01,-3.163961218690035382e-02,6.020820740246730196e+00,-4.534591101693316237e-03,3.207934420580312029e-02,9.994750387872955999e-01,7.417059820219974453e-01,0.000000000000000000e+00,0.000000000000000000e+00,0.000000000000000000e+00,1.000000000000000056e-01
9.977381485344305467e-01,-6.657411547965028098e-02,9.299145508534752483e-03,7.768305347229367896e+01,6.686194502970935205e-02,9.971431920439766117e-01,-3.514164007546224933e-02,6.041414203225267343e+00,-6.933056031133621663e-03,3.568391386116996633e-02,9.993390771032711895e-01,7.564166729481880402e-01,0.000000000000000000e+00,0.000000000000000000e+00,0.000000000000000000e+00,1.000000000000000056e-01
9.983715368207624064e-01,-5.635543240383350527e-02,8.850971965046940809e-03,7.817944725749207180e+01,5.661980253849228928e-02,9.978444339636742821e-01,-3.317655148168197066e-02,6.079707118638771668e+00,-6.962214206072382672e-03,3.362366497411466149e-02,9.994103144990336141e-01,7.643317310320164593e-01,0.000000000000000000e+00,0.000000000000000000e+00,0.000000000000000000e+00,1.000000000000000056e-01
9.991439155803572003e-01,-4.056901512524645204e-02,8.098825255522979980e-03,7.867130000085948893e+01,4.078240054131740400e-02,9.987700848891249983e-01,-2.819775410662468673e-02,6.120613040094217361e+00,-6.944909275111239323e-03,2.850390398414996002e-02,9.995695552050506416e-01,7.614650623753584924e-01,0.000000000000000000e+00,0.000000000000000000e+00,0.000000000000000000e+00,1.000000000000000056e-01
9.996649103825387961e-01,-2.439521912785688404e-02,8.656802733943968001e-03,7.915132255404134298e+01,2.458412235969697698e-02,9.994460889449618968e-01,-2.243069817065105123e-02,6.136579911382773034e+00,-8.104805838144499633e-03,2.263600177423670187e-02,9.997109199893751130e-01,7.653878816241015404e-01,0.000000000000000000e+00,0.000000000000000000e+00,0.000000000000000000e+00,1.000000000000000056e-01
9.999588644741503884e-01,1.489000558483009060e-03,8.947191565209140079e-03,7.964539757729006908e+01,-1.280029972911080711e-03,9.997273139485481908e-01,-2.331650206376114851e-02,6.149707435800748634e+00,-8.979470075464450474e-03,2.330409025381094054e-02,9.996880956051272804e-01,7.687963590912471057e-01,0.000000000000000000e+00,0.000000000000000000e+00,0.000000000000000000e+00,1.000000000000000056e-01
9.995980932629136007e-01,2.605258389083461162e-02,1.117652977262838764e-02,8.014295899929319944e+01,-2.577360612951404978e-02,9.993695367286593578e-01,-2.441823674685641987e-02,6.141598755925694597e+00,-1.180564154241943615e-02,2.412036341674557438e-02,9.996393524148676768e-01,7.837123052036188975e-01,0.000000000000000000e+00,0.000000000000000000e+00,0.000000000000000000e+00,1.000000000000000056e-01
9.985213636367163970e-01,5.278232136695477916e-02,1.300434205132911837e-02,8.062565873883420409e+01,-5.247782462693385830e-02,9.983631829632307886e-01,-2.273835583219207396e-02,6.121091788461123784e+00,-1.418323952759845998e-02,2.202229449085900403e-02,9.996568682612352319e-01,7.876680577724421983e-01,0.000000000000000000e+00,0.000000000000000000e+00,0.000000000000000000e+00,1.000000000000000056e-01
9.964278255403263840e-01,8.329883089453389566e-02,1.388860182238555244e-02,8.111917912181574764e+01,-8.298531743500349445e-02,9.963123006646402713e-01,-2.179992281048747857e-02,6.079563330302730328e+00,-1.565329291838075260e-02,2.056949965204196359e-02,9.996658792340948896e-01,7.859074692386217587e-01,0.000000000000000000e+00,0.000000000000000000e+00,0.000000000000000000e+00,1.000000000000000056e-01
