1.000000000000000000e+00,-1.530363173763467664e-11,1.069156994439379211e-11,9.679052800484524058e-19,1.530363173766818392e-11,1.000000000000000000e+00,-3.133799554490285310e-12,3.572486908860064892e-18,-1.069156994434583502e-11,3.133799554653905512e-12,1.000000000000000000e+00,-3.427556684063407221e-18,0.000000000000000000e+00,0.000000000000000000e+00,0.000000000000000000e+00,1.000000000000000056e-01
9.999919882996833875e-01,-3.999214163306197625e-03,-1.721119455358503466e-04,6.556253948879694482e-01,3.998692660749618086e-03,9.999877109280301823e-01,-2.930605726341988914e-03,7.033062179958423678e-03,1.838299503676178997e-04,2.929894024433721701e-03,9.999956909544934769e-01,2.038227089402923527e-03,0.000000000000000000e+00,0.000000000000000000e+00,0.000000000000000000e+00,1.000000000000000056e-01
9.999533701102247818e-01,-9.370193380074311185e-03,-2.336039645168372543e-03,1.325919667682523784e+00,9.366928408891410374e-03,9.999551427326494046e-01,-1.404697372902055262e-03,9.446489544107667530e-03,2.349097142838042253e-03,1.382750355901765172e-03,9.999962848651322567e-01,6.216147291683526283e-03,0.000000000000000000e+00,0.000000000000000000e+00,0.000000000000000000e+00,1.000000000000000056e-01
9.998853853529566793e-01,-1.496727048773602818e-02,-2.279686758357454476e-03,2.043406547534427187e+00,1.496556368092566598e-02,9.998877178532767918e-01,-7.639305453353945844e-04,3.670753165584061885e-04,2.290864745340247949e-03,7.297261903508138730e-04,9.999971097150259780e-01,4.922427690419532362e-03,0.000000000000000000e+00,0.000000000000000000e+00,0.000000000000000000e+00,1.000000000000000056e-01
9.997903099434550800e-01,-2.001671149429838995e-02,-4.320579142199987635e-03,2.738282511693222343e+00,2.001789013624588956e-02,9.997995955704460647e-01,2.297208426960719837e-04,8.674894208355460323e-03,4.315115023169177957e-03,-3.161615511130923609e-04,9.999906398682991693e-01,1.022060543903244301e-02,0.000000000000000000e+00,0.000000000000000000e+00,0.000000000000000000e+00,1.000000000000000056e-01
9.996840379044864555e-01,-2.437167136068153425e-02,-6.151909790323744492e-03,3.444251771734539780e+00,2.437124958535607025e-02,9.997029666823616934e-01,-1.435274645073622449e-04,1.038485319409108466e-02,6.153580472345118388e-03,-6.447613657662744618e-06,9.999810665236610330e-01,2.501620850836928575e-02,0.000000000000000000e+00,0.000000000000000000e+00,0.000000000000000000e+00,1.000000000000000056e-01
9.995176119233140088e-01,-3.008776542102297585e-02,-7.698689959008932042e-03,4.165172715056512764e+00,3.008896816009739433e-02,9.995472236773046415e-01,4.042342025886640580e-05,4.518514859317370597e-02,7.693987924093456492e-03,-2.720495575339958692e-04,9.999703638302798181e-01,4.332948723657695927e-02,0.000000000000000000e+00,0.000000000000000000e+00,0.000000000000000000e+00,1.000000000000000056e-01
9.993650362004947718e-01,-3.460230822238776621e-02,-8.497334032899709483e-03,4.933996563423315607e+00,3.463129652022464006e-02,9.993947470091131269e-01,3.288305326305789294e-03,7.352128529829546344e-02,8.378408041631580511e-03,-3.580491065986610589e-03,9.999584903196804264e-01,5.529469893486948368e-02,0.000000000000000000e+00,0.000000000000000000e+00,0.000000000000000000e+00,1.000000000000000056e-01
9.992671117100341283e-01,-3.764232772498338903e-02,-6.949432935941333295e-03,5.704671106140651204e+00,3.767008258813341753e-02,9.992825925800989939e-01,3.907050575445895381e-03,1.093227829061209633e-01,6.797376882989964939e-03,-4.165972856468451273e-03,9.999682196638399745e-01,6.049338169946137655e-02,0.000000000000000000e+00,0.000000000000000000e+00,0.000000000000000000e+00,1.000000000000000056e-01
9.990723321827522652e-01,-4.275708889185738520e-02,-5.128978105834828063e-03,6.498378926929576416e+00,4.277764045216209815e-02,9.990767441623060741e-01,3.966453250892557590e-03,1.637167985548643734e-01,4.954648752623401833e-03,-4.182179281161500610e-03,9.999789801951830537e-01,7.157531017797377770e-02,0.000000000000000000e+00,0.000000000000000000e+00,0.000000000000000000e+00,1.000000000000000056e-01
9.988369615429457671e-01,-4.810100072229168272e-02,-3.319335049353876101e-03,7.323906512160585081e+00,4.810985440336077584e-02,9.988385588935341231e-01,2.641055996268866675e-03,1.984698339745891160e-01,3.188442400797281747e-03,-2.797677072518359523e-03,9.999910033785577301e-01,9.183302472161022911e-02,0.000000000000000000e+00,0.000000000000000000e+00,0.000000000000000000e+00,1.000000000000000056e-01
9.987570469369373427e-01,-4.976490689171163967e-02,-2.795574335910570515e-03,8.140504153080522443e+00,4.977359272907511817e-02,9.987556270264963398e-01,3.128410099444900536e-03,2.452550725419296029e-01,2.636410561443577015e-03,-3.263667410968746924e-03,9.999911988684611064e-01,1.067289788822227969e-01,0.000000000000000000e+00,0.000000000000000000e+00,0.000000000000000000e+00,1.000000000000000056e-01
9.986000511831150117e-01,-5.277542657015831667e-02,-3.562601215116858663e-03,8.987880566747444178e+00,5.278698293115650225e-02,9.986005663038310942e-01,3.231626632781364229e-03,2.958789535705743101e-01,3.387065116869891236e-03,-3.415161490433078588e-03,9.999884321640367668e-01,1.155576064422826205e-01,0.000000000000000000e+00,0.000000000000000000e+00,0.000000000000000000e+00,1.000000000000000056e-01
9.986100450361155012e-01,-5.260277709852428235e-02,-3.305418958380768914e-03,9.668620177231261437e+00,5.261955885787113901e-02,9.986010217034793079e-01,5.213585941594208600e-03,3.780035160486831525e-01,3.026545649827405704e-03,-5.380268979365490298e-03,9.999809461820455825e-01,1.333059815704668305e-01,0.000000000000000000e+00,0.000000000000000000e+00,0.000000000000000000e+00,1.000000000000000056e-01
9.983462057799855627e-01,-5.736518930861616433e-02,-3.753459776443141341e-03,1.042325151526752158e+01,5.738540991037052036e-02,9.983368304485371603e-01,5.521566751157632076e-03,4.417536793986122645e-01,3.430471414470002631e-03,-5.727829043832421453e-03,9.999777116717747383e-01,1.400296212475388713e-01,0.000000000000000000e+00,0.000000000000000000e+00,0.000000000000000000e+00,1.000000000000000056e-01
9.982049311147115356e-01,-5.973652393479191025e-02,-4.296883342843148441e-03,1.125044774413388105e+01,5.975366109974042383e-02,9.982052313507022712e-01,3.976944715279995442e-03,4.927869217498426213e-01,4.051602578158056654e-03,-4.226560336616453327e-03,9.999828602052485138e-01,1.612319561003523749e-01,0.000000000000000000e+00,0.000000000000000000e+00,0.000000000000000000e+00,1.000000000000000056e-01
9.980014934007277461e-01,-6.295561889455468518e-02,-5.441435428334332955e-03,1.214227378985018113e+01,6.298137100654570275e-02,9.980036439280104421e-01,4.698256330691744434e-03,5.574114309284061708e-01,5.134790750652679092e-03,-5.031575897929871019e-03,9.999741582500671910e-01,1.742925106653892831e-01,0.000000000000000000e+00,0.000000000000000000e+00,0.000000000000000000e+00,1.000000000000000056e-01
9.978620177861721174e-01,-6.497591532609733878e-02,-7.037321027556193466e-03,1.304130743912329038e+01,6.502495578762548800e-02,9.978592296052816168e-01,6.979471066726125605e-03,6.352538772726524785e-01,6.568758217989728761e-03,-7.422150570403707528e-03,9.999508803418215575e-01,1.874455730288836219e-01,0.000000000000000000e+00,0.000000000000000000e+00,0.000000000000000000e+00,1.000000000000000056e-01
9.980086762818438650e-01,-6.221544178019929039e-02,-1.038849701624416921e-02,1.391663991240275955e+01,6.231959824467336873e-02,9.980059185541693134e-01,1.002268454414001995e-02,6.979785868372816449e-01,9.744215760356764178e-03,-1.065013309510600033e-02,9.998958070340490112e-01,1.933366679850487269e-01,0.000000000000000000e+00,0.000000000000000000e+00,0.000000000000000000e+00,1.000000000000000056e-01
9.970179610433024253e-01,-7.680605254421371542e-02,-7.484360335478916146e-03,1.488503592105686302e+01,7.687597679313321053e-02,9.969949123356514065e-01,9.551385707240926323e-03,7.855118439639080519e-01,6.728264944058830535e-03,-1.009827061443321385e-02,9.999263749803983803e-01,2.053767089194910855e-01,0.000000000000000000e+00,0.000000000000000000e+00,0.000000000000000000e+00,1.000000000000000056e-01
9.966506640483778767e-01,-8.148886738561562926e-02,-6.856992353572482178e-03,1.584665440042964590e+01,8.154046697868964910e-02,9.966409365163736434e-01,7.615504229069603934e-03,8.816534016629542503e-01,6.213380466752843091e-03,-8.149119705545054479e-03,9.999474914970285511e-01,2.165641664038392977e-01,0.000000000000000000e+00,0.000000000000000000e+00,0.000000000000000000e+00,1.000000000000000056e-01
9.965114441588490690e-01,-8.322938764287593494e-02,-6.149040009381435447e-03,1.675502700061241512e+01,8.327506410893900646e-02,9.964977081716290819e-01,7.588234731661174480e-03,9.745868806643680493e-01,5.495940146797690697e-03,-8.073824452053682960e-03,9.999523028628016785e-01,2.352422551322993216e-01,0.000000000000000000e+00,0.000000000000000000e+00,0.000000000000000000e+00,1.000000000000000056e-01
9.962920719402172942e-01,-8.588136272301145901e-02,-5.147710744337021492e-03,1.764696207118726079e+01,8.592182487650192046e-02,9.962678458318532382e-01,8.235251753915956430e-03,1.063366207261704055e+00,4.421244051232758009e-03,-8.647016733948048595e-03,9.999528397392760670e-01,2.579211280135586537e-01,0.000000000000000000e+00,0.000000000000000000e+00,0.000000000000000000e+00,1.000000000000000056e-01
9.962370468711226890e-01,-8.650597219533928683e-02,-5.335092880507964763e-03,1.855611681620695563e+01,8.654468957925531836e-02,9.962196483893990262e-01,7.511915104184745118e-03,1.147800821082229916e+00,4.665098834408076822e-03,-7.945372076959649615e-03,9.999575530568404202e-01,2.614269552231079929e-01,0.000000000000000000e+00,0.000000000000000000e+00,0.000000000000000000e+00,1.000000000000000056e-01
9.960399760530573854e-01,-8.873226028708708357e-02,-5.563460125622812606e-03,1.949394460009321861e+01,8.875727234117505859e-02,9.960434679644136757e-01,4.422276786733131924e-03,1.233097229160721842e+00,5.149049502505131416e-03,-4.898562010286831685e-03,9.999747453708278666e-01,2.790201705366463503e-01,0.000000000000000000e+00,0.000000000000000000e+00,0.000000000000000000e+00,1.000000000000000056e-01
9.958962262483274097e-01,-9.042178591003804944e-02,-3.821933696389078795e-03,2.042546216097385070e+01,9.043113335459759816e-02,9.958999438738022070e-01,2.347746230035518793e-03,1.316645098093550681e+00,3.593976146739906279e-03,-2.683733406451701067e-03,9.999899404046321827e-01,2.970516232820368807e-01,0.000000000000000000e+00,0.000000000000000000e+00,0.000000000000000000e+00,1.000000000000000056e-01
9.960020684765230614e-01,-8.932832483054627126e-02,5.744331604239570578e-04,2.134827493535667742e+01,8.932645862763043121e-02,9.959987065745498080e-01,2.712985600787362790e-03,1.412625573485037034e+00,-8.144811438035203443e-04,-2.650827190192286097e-03,9.999961548604444639e-01,3.046401642471533999e-01,0.000000000000000000e+00,0.000000000000000000e+00,0.000000000000000000e+00,1.000000000000000056e-01
9.958838813625651154e-01,-9.058195925793115222e-02,3.194291662784342744e-03,2.229710129570717925e+01,9.058016340047660153e-02,9.958889195687588014e-01,7.027649060754141697e-04,1.506228073533050216e+00,-3.244817494927820182e-03,-4.105327815839960020e-04,9.999946512968256318e-01,3.141205725141490435e-01,0.000000000000000000e+00,0.000000000000000000e+00,0.000000000000000000e+00,1.000000000000000056e-01
9.959437237105449592e-01,-8.971203532596548624e-02,6.917363605182304601e-03,2.327462010088771294e+01,8.971024976522103123e-02,9.959677443440151379e-01,5.686065038149599495e-04,1.599958389575466544e+00,-6.940481873417626499e-03,5.425833800224902749e-05,9.999759130936092255e-01,3.251568515841378737e-01,0.000000000000000000e+00,0.000000000000000000e+00,0.000000000000000000e+00,1.000000000000000056e-01
9.961219927243780692e-01,-8.759368112718418642e-02,8.265750867478438568e-03,2.420738468819405398e+01,8.760780823290584274e-02,9.961541128832026581e-01,-1.362102237722750357e-03,1.695542623699615836e+00,-8.114650173632834834e-03,2.080964312233746921e-03,9.999649104044054937e-01,3.357567450592996994e-01,0.000000000000000000e+00,0.000000000000000000e+00,0.000000000000000000e+00,1.000000000000000056e-01
9.961723464988351262e-01,-8.720249559106532655e-02,6.031652650389254799e-03,2.516460230220820193e+01,8.722149885984040174e-02,9.961845386950746173e-01,-2.962262905978596192e-03,1.774284379454113658e+00,-5.750322395098770092e-03,3.477014174764036201e-03,9.999774218275034876e-01,3.409216110560859825e-01,0.000000000000000000e+00,0.000000000000000000e+00,0.000000000000000000e+00,1.000000000000000056e-01
9.964667002321661027e-01,-8.398192262151131515e-02,1.073313194217551331e-03,2.610805935782265763e+01,8.398572476624162342e-02,9.964580917833730789e-01,-4.203493181627371116e-03,1.874760319488054217e+00,-7.164941782764577523e-04,4.278783966662167391e-03,9.999905892776487226e-01,3.432090469057699766e-01,0.000000000000000000e+00,0.000000000000000000e+00,0.000000000000000000e+00,1.000000000000000056e-01
9.964976453597156336e-01,-8.361714574139748890e-02,-7.846850350390387543e-04,2.706181361538319763e+01,8.361191324412341197e-02,9.964845605143081153e-01,-5.250582849870609817e-03,1.959953754413165994e+00,1.220965273667943846e-03,5.166584429588522848e-03,9.999859077252700734e-01,3.518741468068178890e-01,0.000000000000000000e+00,0.000000000000000000e+00,0.000000000000000000e+00,1.000000000000000056e-01
9.965840188748509298e-01,-8.255050314613825158e-02,2.389090532001311024e-03,2.804066121112736454e+01,8.256641550139771912e-02,9.965567338246738016e-01,-7.580455128072742348e-03,2.041041138606032757e+00,-1.755093872483550572e-03,7.751819077970882425e-03,9.999684139744020595e-01,3.592356934990018624e-01,0.000000000000000000e+00,0.000000000000000000e+00,0.000000000000000000e+00,1.000000000000000056e-01
9.965818489079494302e-01,-8.219496664021143373e-02,8.282867029455855470e-03,2.904197490992354957e+01,8.226898128787170361e-02,9.965692485552350988e-01,-9.030368315289999392e-03,2.117336210758157478e+00,-7.512199749003670504e-03,9.680924184627705958e-03,9.999249204624628407e-01,3.768735647650615639e-01,0.000000000000000000e+00,0.000000000000000000e+00,0.000000000000000000e+00,1.000000000000000056e-01
9.967170433695861087e-01,-8.026944063933116880e-02,1.058075403927191856e-02,2.998381809136605369e+01,8.038748265442480223e-02,9.967002322773429457e-01,-1.124720457603663529e-02,2.187327150381574992e+00,-9.643033188537169023e-03,1.206084067300281989e-02,9.998807669083275007e-01,3.816590658561176408e-01,0.000000000000000000e+00,0.000000000000000000e+00,0.000000000000000000e+00,1.000000000000000056e-01
9.966065232418891418e-01,-8.174633057022853699e-02,9.642368485842314416e-03,3.088775125226922924e+01,8.191846494620358410e-02,9.964567421569202610e-01,-1.906111515296126865e-02,2.251343765646316442e+00,-8.050026867747825041e-03,1.978631972651187163e-02,9.997718232772460079e-01,3.933732978645740896e-01,0.000000000000000000e+00,0.000000000000000000e+00,0.000000000000000000e+00,1.000000000000000056e-01
9.966126661232862505e-01,-8.188110648752187914e-02,7.660164685839069253e-03,3.182265513972397386e+01,8.203801184705185323e-02,9.963614848546140657e-01,-2.309883353097230696e-02,2.328258586718069179e+00,-5.740935012526408691e-03,2.364901475088750787e-02,9.997038390275863051e-01,4.015219132820209702e-01,0.000000000000000000e+00,0.000000000000000000e+00,0.000000000000000000e+00,1.000000000000000056e-01
9.967919498063330108e-01,-7.993572523010096520e-02,4.011063852228835720e-03,3.279119547837780146e+01,8.001120016468214746e-02,9.964821645434137620e-01,-2.492997382830776029e-02,2.396110809162632638e+00,-2.004158051657616360e-03,2.517092725369374576e-02,9.996811530541591662e-01,4.009429334435728465e-01,0.000000000000000000e+00,0.000000000000000000e+00,0.000000000000000000e+00,1.000000000000000056e-01
9.966498740675377999e-01,-8.165537859136856591e-02,4.629002944616925595e-03,3.373701355931934387e+01,8.174729383796330850e-02,9.963273532815826172e-01,-2.547911013136529984e-02,2.474009871419871498e+00,-2.531495868195025346e-03,2.577216036766855067e-02,9.996646374052913231e-01,4.030759809723688525e-01,0.000000000000000000e+00,0.000000000000000000e+00,0.000000000000000000e+00,1.000000000000000056e-01
9.966322707203559839e-01,-8.179961851391343020e-02,5.739283035820655007e-03,3.469884448619363582e+01,8.192206961648773600e-02,9.962992902583772681e-01,-2.600958939324152577e-02,2.563525792569036899e+00,-3.590469125109377931e-03,2.639217008189961508e-02,9.996452180097845641e-01,4.191438925991751718e-01,0.000000000000000000e+00,0.000000000000000000e+00,0.000000000000000000e+00,1.000000000000000056e-01
9.965694839080168066e-01,-8.252847710893268518e-02,6.189847283203604722e-03,3.567072520513742262e+01,8.265738675927045143e-02,9.962710532031983091e-01,-2.473347859720671088e-02,2.644755811200317108e+00,-4.125549349770361168e-03,2.516026660173684842e-02,9.996749175742543070e-01,4.215633853213130999e-01,0.000000000000000000e+00,0.000000000000000000e+00,0.000000000000000000e+00,1.000000000000000056e-01
9.966441890210575583e-01,-8.169906835459229966e-02,5.061889029811882969e-03,3.663374166408396349e+01,8.179608203754280826e-02,9.963722064465330153e-01,-2.349100219605369105e-02,2.721365556017297571e+00,-3.124332547287898658e-03,2.382621352332524312e-02,9.997112333545496998e-01,4.385459147738202113e-01,0.000000000000000000e+00,0.000000000000000000e+00,0.000000000000000000e+00,1.000000000000000056e-01
9.964582577477342218e-01,-8.377947453647813236e-02,7.206955858178071272e-03,3.762488718245726460e+01,8.392483686360877049e-02,9.962058712536747684e-01,-2.303223474010689109e-02,2.817154609133962762e+00,-5.249983215856089680e-03,2.355550309584457380e-02,9.997087455604931616e-01,4.502664777553151976e-01,0.000000000000000000e+00,0.000000000000000000e+00,0.000000000000000000e+00,1.000000000000000056e-01
9.966123551623510268e-01,-8.159493880086272910e-02,1.029949027065956389e-02,3.861057640004122504e+01,8.181195266672340594e-02,9.963873841815343857e-01,-2.278124326583544704e-02,2.903271830917177887e+00,-8.403448019102236280e-03,2.354668991520529261e-02,9.996874188742336242e-01,4.729844836712455702e-01,0.000000000000000000e+00,0.000000000000000000e+00,0.000000000000000000e+00,1.000000000000000056e-01
9.966529302276422309e-01,-8.088415724554841313e-02,1.186127207899491907e-02,3.960303012791606392e+01,8.108690108612066905e-02,9.965490800394869453e-01,-1.774388753069615701e-02,2.990568886297769957e+00,-1.038514038924028514e-02,1.864629129692307527e-02,9.997722063950198468e-01,4.782331680237501548e-01,0.000000000000000000e+00,0.000000000000000000e+00,0.000000000000000000e+00,1.000000000000000056e-01
9.965232647415616096e-01,-8.268472562176688856e-02,1.022834188286051403e-02,4.059886204758585393e+01,8.287060324940180578e-02,9.963729272660499792e-01,-1.932493022918398487e-02,3.071798229072527864e+00,-8.593366389243807177e-03,2.010537142496309285e-02,9.997609354710577101e-01,4.926075978978923797e-01,0.000000000000000000e+00,0.000000000000000000e+00,0.000000000000000000e+00,1.000000000000000056e-01
9.965095167756188310e-01,-8.300292966269273709e-02,8.904866255752603987e-03,4.160513942764348627e+01,8.313171773302638345e-02,9.964222490066044768e-01,-1.522560972101880475e-02,3.149865013775130951e+00,-7.609236648914695540e-03,1.591274181373018848e-02,9.998444299817799141e-01,5.180360538931730874e-01,0.000000000000000000e+00,0.000000000000000000e+00,0.000000000000000000e+00,1.000000000000000056e-01
9.964315169462502064e-01,-8.411153686718746136e-02,7.034301815712715004e-03,4.262982758496826108e+01,8.420317364265224314e-02,9.963510551944620985e-01,-1.394275300603097824e-02,3.208950911865415367e+00,-5.835887653144821753e-03,1.448530906544961798e-02,9.998780516825930276e-01,5.230669123365753181e-01,0.000000000000000000e+00,0.000000000000000000e+00,0.000000000000000000e+00,1.000000000000000056e-01
9.965031551754437444e-01,-8.308471994024156648e-02,8.853871347442053563e-03,4.364933228326597714e+01,8.320953560541251293e-02,9.964220279697041383e-01,-1.480929981713163812e-02,3.296615701799562981e+00,-7.591765915583616187e-03,1.549424051684152037e-02,9.998511357202577443e-01,5.358822247292083230e-01,0.000000000000000000e+00,0.000000000000000000e+00,0.000000000000000000e+00,1.000000000000000056e-01
9.965921477196404421e-01,-8.193483211612540007e-02,9.527559480613520884e-03,4.464000843522028106e+01,8.209404078830526141e-02,9.964668499546964764e-01,-1.773091673920040509e-02,3.385217493365812569e+00,-8.041117497111576265e-03,1.845264825077234591e-02,9.997973995774999123e-01,5.536825402920194650e-01,0.000000000000000000e+00,0.000000000000000000e+00,0.000000000000000000e+00,1.000000000000000056e-01
9.964360676184343957e-01,-8.366907960909045205e-02,1.070739307574710385e-02,4.562102952002744161e+01,8.383915093382457440e-02,9.963416056372098595e-01,-1.656507310463713190e-02,3.479630918699828435e+00,-9.282236788956324883e-03,1.740373504838186453e-02,9.998054561196190182e-01,5.645408859324940742e-01,0.000000000000000000e+00,0.000000000000000000e+00,0.000000000000000000e+00,1.000000000000000056e-01
9.957856356744092530e-01,-9.123939218600875256e-02,9.291991069749554535e-03,4.653328250140562972e+01,9.137750465982220904e-02,9.956922747180173561e-01,-1.571768777538621459e-02,3.552094371222626723e+00,-7.817891445702737294e-03,1.650052667001992296e-02,9.998332927008157789e-01,5.753951266908151618e-01,0.000000000000000000e+00,0.000000000000000000e+00,0.000000000000000000e+00,1.000000000000000056e-01
9.960112236968367005e-01,-8.911631847023436526e-02,4.463636661039956273e-03,4.748076607667447036e+01,8.917570744598539434e-02,9.958937898391426735e-01,-1.559655607298007785e-02,3.648990255682805550e+00,-3.055400372789458373e-03,1.593239285673529043e-02,9.998684030343296669e-01,5.741381007271957326e-01,0.000000000000000000e+00,0.000000000000000000e+00,0.000000000000000000e+00,1.000000000000000056e-01
9.961716260414470447e-01,-8.736833495227729063e-02,2.977501906978808916e-03,4.843049961989250818e+01,8.740806256232817872e-02,9.960085869154652327e-01,-1.807554673469966011e-02,3.740944708856420942e+00,-1.386387045345284594e-03,1.826660445525858656e-02,9.998321904662980097e-01,5.779987640029065066e-01,0.000000000000000000e+00,0.000000000000000000e+00,0.000000000000000000e+00,1.000000000000000056e-01
9.963283516554674035e-01,-8.548277737116888320e-02,4.744518986208957900e-03,4.940329680022527015e+01,8.555516887329381315e-02,9.961697488326340943e-01,-1.805947368526605867e-02,3.847952541427503981e+00,-3.182572318345360321e-03,1.839908377169408027e-02,9.998256572772078465e-01,5.895809923825561238e-01,0.000000000000000000e+00,0.000000000000000000e+00,0.000000000000000000e+00,1.000000000000000056e-01
9.964163822611977750e-01,-8.436165186915164926e-02,6.124120787079635232e-03,5.042036871706417855e+01,8.445580018704115788e-02,9.962784480669442111e-01,-1.721835451161851660e-02,3.946395219466323656e+00,-4.648760724457413375e-03,1.767386803247259636e-02,9.998329977613749087e-01,6.132790290821743540e-01,0.000000000000000000e+00,0.000000000000000000e+00,0.000000000000000000e+00,1.000000000000000056e-01
9.965233400184091428e-01,-8.310354886266861640e-02,5.918865177051518996e-03,5.136505775921669681e+01,8.320011732093256229e-02,9.963602131591332567e-01,-1.854901914575251068e-02,4.033289931711789400e+00,-4.355832450533603066e-03,1.897698079032817883e-02,9.998104324939535159e-01,6.206888559108048042e-01,0.000000000000000000e+00,0.000000000000000000e+00,0.000000000000000000e+00,1.000000000000000056e-01
9.966367363296381177e-01,-8.179487458687577373e-02,4.981394335396138913e-03,5.232108889857029510e+01,8.187927228369716592e-02,9.964388412376328219e-01,-2.013505508548851103e-02,4.121524883242693171e+00,-3.316710493792469645e-03,2.047520852935912072e-02,9.997848594908704811e-01,6.366150868302434818e-01,0.000000000000000000e+00,0.000000000000000000e+00,0.000000000000000000e+00,1.000000000000000056e-01
9.965980826827401939e-01,-8.229365636726497513e-02,4.473892577230770273e-03,5.330474892207029569e+01,8.237299904783272619e-02,9.963558287308785788e-01,-2.213033171622018347e-02,4.210700260001369877e+00,-2.636403032891481910e-03,2.242357410652240368e-02,9.997450838605496104e-01,6.588787373389554114e-01,0.000000000000000000e+00,0.000000000000000000e+00,0.000000000000000000e+00,1.000000000000000056e-01
9.965810799163715705e-01,-8.245403782079611943e-02,5.242404006302936459e-03,5.426204722234244571e+01,8.255679818130697012e-02,9.962974255603895823e-01,-2.399614335244304106e-02,4.290831733863803343e+00,-3.244414703691503657e-03,2.434689854553897040e-02,9.996983056424791902e-01,6.590092326790688571e-01,0.000000000000000000e+00,0.000000000000000000e+00,0.000000000000000000e+00,1.000000000000000056e-01
9.964941813876585508e-01,-8.311246143421696653e-02,9.574195260490279275e-03,5.521154890053729503e+01,8.334042640005423497e-02,9.961669154730963260e-01,-2.656783476826950902e-02,4.364386303385734855e+00,-7.329378418211292094e-03,2.727261027409593613e-02,9.996011629349177419e-01,6.761360976723942429e-01,0.000000000000000000e+00,0.000000000000000000e+00,0.000000000000000000e+00,1.000000000000000056e-01
9.962695336140203750e-01,-8.517283002142399251e-02,1.387823542976415400e-02,5.616100667181333961e+01,8.550735559621254478e-02,9.960081181719546706e-01,-2.561875630284155339e-02,4.452846806065608121e+00,-1.164081317800453805e-02,2.670987760554400028e-02,9.995754468307290752e-01,7.022689104040157337e-01,0.000000000000000000e+00,0.000000000000000000e+00,0.000000000000000000e+00,1.000000000000000056e-01
9.961080339023294927e-01,-8.691911536799717952e-02,1.462368554367884758e-02,5.711790759878187629e+01,8.723452161609665523e-02,9.959331396034513117e-01,-2.252375807948410816e-02,4.528235401974670005e+00,-1.260646792905814086e-02,2.371178658931367630e-02,9.996393490369896995e-01,6.998719673279792941e-01,0.000000000000000000e+00,0.000000000000000000e+00,0.000000000000000000e+00,1.000000000000000056e-01
9.960993114655042335e-01,-8.771706704410216215e-02,9.585293272968727421e-03,5.801311830390264390e+01,8.791742304605863756e-02,9.958624738395466247e-01,-2.298825620003811313e-02,4.611192141378765541e+00,-7.529171460970462623e-03,2.374130045635070366e-02,9.996897829975820438e-01,7.120856551892156272e-01,0.000000000000000000e+00,0.000000000000000000e+00,0.000000000000000000e+00,1.000000000000000056e-01
9.959115549146024815e-01,-9.021901964526907181e-02,4.550085914052745539e-03,5.894245978971672173e+01,9.029675987669857906e-02,9.956808604772463545e-01,-2.158979469703304829e-02,4.688988723526848368e+00,-2.582623346240485104e-03,2.191238402220879386e-02,9.997565591098238613e-01,7.268912606325492742e-01,0.000000000000000000e+00,0.000000000000000000e+00,0.000000000000000000e+00,1.000000000000000056e-01
9.959107195227272502e-01,-9.034010181302640219e-02,7.104534718349307144e-04,5.989093985811876308e+01,9.033478011740761482e-02,9.956850652697765147e-01,-2.123389507039266655e-02,4.790693621468482100e+00,1.210884331071290353e-03,2.121124237598671219e-02,9.997742830039207940e-01,7.404381273432720789e-01,0.000000000000000000e+00,0.000000000000000000e+00,0.000000000000000000e+00,1.000000000000000056e-01
9.958788788999054509e-01,-9.069179920595601962e-02,5.060808768637319131e-04,6.079606496850490771e+01,9.068681703014422335e-02,9.957269011388961699e-01,-1.743099438563804754e-02,4.882785058935326106e+00,1.076929899537253403e-03,1.740505401076235942e-02,9.998479405974060041e-01,7.500580616898028241e-01,0.000000000000000000e+00,0.000000000000000000e+00,0.000000000000000000e+00,1.000000000000000056e-01
9.957179507018089071e-01,-9.244045633672108575e-02,7.243496729536464751e-04,6.173618048514065748e+01,9.244007703892147265e-02,9.955873604073339767e-01,-1.614434743789725998e-02,4.975950244198832806e+00,7.712374655099598188e-04,1.614217548585200959e-02,9.998694091546934670e-01,7.687745558165041126e-01,0.000000000000000000e+00,0.000000000000000000e+00,0.000000000000000000e+00,1.000000000000000056e-01
9.955760172177714473e-01,-9.392785360722955001e-02,2.439724889921476673e-03,6.261982372865405466e+01,9.395217147001047597e-02,9.954874018496022714e-01,-1.333500036738887763e-02,5.063253741821777787e+00,-1.176187429535282972e-03,1.350522400656009418e-02,9.999081085318106688e-01,7.911559882961907153e-01,0.000000000000000000e+00,0.000000000000000000e+00,0.000000000000000000e+00,1.000000000000000056e-01
9.954500998196824657e-01,-9.525987994425644256e-02,2.157322875733643733e-03,6.344509559378189323e+01,9.527858243966608187e-02,9.953832924979324481e-01,-1.157984215191521123e-02,5.153843858227707742e+00,-1.044268773863979514e-03,1.173270169148472701e-02,9.999306242003724865e-01,8.077497557016478646e-01,0.000000000000000000e+00,0.000000000000000000e+00,0.000000000000000000e+00,1.000000000000000056e-01
9.952264447707800388e-01,-9.753230437440089939e-02,3.431214410792784476e-03,6.426294720637942248e+01,9.756280061456799879e-02,9.951764009759436203e-01,-1.026795387650314417e-02,5.239339239284205973e+00,-2.413206405524141382e-03,1.055369811900858101e-02,9.999413962282275303e-01,8.206176679135411822e-01,0.000000000000000000e+00,0.000000000000000000e+00,0.000000000000000000e+00,1.000000000000000056e-01
9.952652464690560086e-01,-9.710247156295058468e-02,4.266050545361869777e-03,6.505208345703273665e+01,9.714444514978697043e-02,9.952085958101836161e-01,-1.108185914287524061e-02,5.323848854612012182e+00,-3.169534260619187582e-03,1.144381238437921187e-02,9.999294941198013653e-01,8.360168311232801797e-01,0.000000000000000000e+00,0.000000000000000000e+00,0.000000000000000000e+00,1.000000000000000056e-01
9.951846079592271410e-01,-9.793306830228296067e-02,4.087812855264845620e-03,6.584747819241130173e+01,9.797553976040049295e-02,9.951169445787975132e-01,-1.196077843690045682e-02,5.403386336051013039e+00,-2.896496106931637730e-03,1.230368827054803722e-02,9.999201115915429261e-01,8.493730088870272699e-01,0.000000000000000000e+00,0.000000000000000000e+00,0.000000000000000000e+00,1.000000000000000056e-01
9.951997611953117273e-01,-9.774196778497934446e-02,4.893163630467000508e-03,6.659150122067308075e+01,9.779669943883173566e-02,9.951267819996214570e-01,-1.258941324878276244e-02,5.479809412765990650e+00,-3.638804153189895054e-03,1.300751631165150343e-02,9.999087776511099701e-01,8.669963974153842567e-01,0.000000000000000000e+00,0.000000000000000000e+00,0.000000000000000000e+00,1.000000000000000056e-01
9.952193271260919571e-01,-9.746597273917148585e-02,6.234987786336928725e-03,6.739148909185422553e+01,9.753233760133978025e-02,9.951669224714887463e-01,-1.141225396861806490e-02,5.570478041046963646e+00,-5.092547172778410722e-03,1.196580864935738869e-02,9.999154391180585799e-01,8.698027865756848831e-01,0.000000000000000000e+00,0.000000000000000000e+00,0.000000000000000000e+00,1.000000000000000056e-01
9.949700878674945237e-01,-9.967437193940960338e-02,9.977165300546767673e-03,6.813752592671137620e+01,9.978144660654052200e-02,9.949498955436134606e-01,-1.087971832625932687e-02,5.646940644978259982e+00,-8.842350482552788216e-03,1.182053028577296876e-02,9.998910380144963028e-01,8.788014139296528304e-01,0.000000000000000000e+00,0.000000000000000000e+00,0.000000000000000000e+00,1.000000000000000056e-01
9.948005501736634226e-01,-1.010059346483956760e-01,1.302561092542930260e-02,6.886613017650400081e+01,1.011442889145635210e-01,9.948169990067752266e-01,-1.043893227878142128e-02,5.726975443882955652e+00,-1.190370505951581989e-02,1.170212172888768741e-02,9.998606713702156146e-01,8.928388694745388321e-01,0.000000000000000000e+00,0.000000000000000000e+00,0.000000000000000000e+00,1.000000000000000056e-01
9.947489798840452035e-01,-1.019521965971269956e-01,8.956373634020999008e-03,6.955723094594752354e+01,1.020114032227075890e-01,9.947625004604599974e-01,-6.421938195548882074e-03,5.807920423020282996e+00,-8.254733925789667359e-03,7.301868711093979260e-03,9.999392691964549273e-01,9.069313629460855619e-01,0.000000000000000000e+00,0.000000000000000000e+00,0.000000000000000000e+00,1.000000000000000056e-01
9.947464834226148467e-01,-1.022978175416053709e-01,3.819717864690686058e-03,7.025719994677217528e+01,1.023245773807776454e-01,9.947218032215353611e-01,-7.629879392377310332e-03,5.886402460012570614e+00,-3.019036632216762998e-03,7.980646710724287676e-03,9.999635966853452906e-01,9.093704149286313543e-01,0.000000000000000000e+00,0.000000000000000000e+00,0.000000000000000000e+00,1.000000000000000056e-01
9.947903164748090887e-01,-1.019422669411907678e-01,2.142055448761372377e-05,7.100934456553754615e+01,1.019383384948131521e-01,9.947500921166785304e-01,-8.990516046175773754e-03,5.966033286235414401e+00,8.952054881685655129e-04,8.945861878581153406e-03,9.999595842644758426e-01,9.369673542154741686e-01,0.000000000000000000e+00,0.000000000000000000e+00,0.000000000000000000e+00,1.000000000000000056e-01
9.945932934698359373e-01,-1.038467505438389199e-01,-1.816213381311423090e-04,7.173947586027264833e+01,1.038420629453049443e-01,9.945622523637275281e-01,-7.921624609417608764e-03,6.048588176925699500e+00,1.003268701845149141e-03,7.859934775485938330e-03,9.999686069458565418e-01,9.469282635012615801e-01,0.000000000000000000e+00,0.000000000000000000e+00,0.000000000000000000e+00,1.000000000000000056e-01
9.944299299628909239e-01,-1.053838153461163218e-01,1.834627236091998081e-03,7.241877493990435255e+01,1.053937731909345699e-01,9.944084602673427531e-01,-6.630740630617739870e-03,6.136473599587855432e+00,-1.125596098781763994e-03,6.787165227717885732e-03,9.999763334307437690e-01,9.574373775378379747e-01,0.000000000000000000e+00,0.000000000000000000e+00,0.000000000000000000e+00,1.000000000000000056e-01
9.943364989683854960e-01,-1.061705561204774467e-01,4.768630029935621954e-03,7.303017932280172886e+01,1.061974438207838184e-01,9.943281968512693858e-01,-5.791361880827159553e-03,6.194064244556630072e+00,-4.126711187534348214e-03,6.264978816546832793e-03,9.999718597516646934e-01,9.729853479011874029e-01,0.000000000000000000e+00,0.000000000000000000e+00,0.000000000000000000e+00,1.000000000000000056e-01
9.942640026241433837e-01,-1.069416192157889300e-01,1.607222860284299691e-03,7.360076754377649877e+01,1.069503119722922391e-01,9.942398185930496624e-01,-6.986694002827841150e-03,6.249566578685625373e+00,-8.507965954200133333e-04,7.118511330678113473e-03,9.999743011405783921e-01,9.828334400621432376e-01,0.000000000000000000e+00,0.000000000000000000e+00,0.000000000000000000e+00,1.000000000000000056e-01
9.944407796776112418e-01,-1.052928826753498914e-01,-9.718909917055902539e-04,7.423440990356287728e+01,1.052743954276999239e-01,9.943742641354880174e-01,-1.171001675229217664e-02,6.307032125750840379e+00,2.199404809722638188e-03,1.154260295261388611e-02,9.999309630847328378e-01,1.001418987444488096e+00,0.000000000000000000e+00,0.000000000000000000e+00,0.000000000000000000e+00,1.000000000000000056e-01
9.945111238390075270e-01,-1.045628115806479241e-01,-3.773989245373172031e-03,7.485093924127158971e+01,1.044896273318703106e-01,9.943958064398301655e-01,-1.609030499793880076e-02,6.361558890612451833e+00,5.435286608922733527e-03,1.560764457660898663e-02,9.998634202181061470e-01,1.022485048504995220e+00,0.000000000000000000e+00,0.000000000000000000e+00,0.000000000000000000e+00,1.000000000000000056e-01
9.950647015896966208e-01,-9.913839125358811510e-02,-4.221259274009551803e-03,7.543612903421580995e+01,9.906729829961319345e-02,9.949734100865499364e-01,-1.461450061950555178e-02,6.415877274439925060e+00,5.648898815113105772e-03,1.412418494613241517e-02,9.998842919767186865e-01,1.035287687715663374e+00,0.000000000000000000e+00,0.000000000000000000e+00,0.000000000000000000e+00,1.000000000000000056e-01
9.954387720384123561e-01,-9.534007314872582073e-02,-3.452763335832140928e-03,7.599500710895019040e+01,9.529683116499988726e-02,9.953875439593512509e-01,-1.105220794592775418e-02,6.493949398741436063e+00,4.490555930746532171e-03,1.067275890134001051e-02,9.999329613153407070e-01,1.038302663302949735e+00,0.000000000000000000e+00,0.000000000000000000e+00,0.000000000000000000e+00,1.000000000000000056e-01
9.960678629463070033e-01,-8.859246487611598109e-02,-4.330966995150822537e-04,7.654245695748483058e+01,8.857645334005261051e-02,9.959600021643539858e-01,-1.476096211218570937e-02,6.532811184059374554e+00,1.739057007247907152e-03,1.466455781651989677e-02,9.998909572672269874e-01,1.055544919593888187e+00,0.000000000000000000e+00,0.000000000000000000e+00,0.000000000000000000e+00,1.000000000000000056e-01
9.967234126765470714e-01,-8.084241618546478270e-02,2.634837322044077286e-03,7.709670603081669071e+01,8.087560081314718041e-02,9.965800204931233308e-01,-1.695287430019929570e-02,6.558139101684446359e+00,-1.255314912682150555e-03,1.711042077863639266e-02,9.998528180113550601e-01,1.069772050613654546e+00,0.000000000000000000e+00,0.000000000000000000e+00,0.000000000000000000e+00,1.000000000000000056e-01
9.973560404181316397e-01,-7.256494720546328991e-02,3.906031046275690657e-03,7.762593004301298549e+01,7.262806569436876247e-02,9.971653094161926356e-01,-1.965985173909381989e-02,6.590390743853242306e+00,-2.468342553334175460e-03,1.989155936514328676e-02,9.997990963944017873e-01,1.083537854810877832e+00,0.000000000000000000e+00,0.000000000000000000e+00,0.000000000000000000e+00,1.000000000000000056e-01
9.981724191728974516e-01,-6.025511381583368437e-02,4.598136749434583032e-03,7.810380711656540598e+01,6.032331839652013000e-02,9.980423309463198889e-01,-1.651069038134373584e-02,6.622492554116845120e+00,-3.594281591309768462e-03,1.675789062732744444e-02,9.998531163333767013e-01,1.094681269909782095e+00,0.000000000000000000e+00,0.000000000000000000e+00,0.000000000000000000e+00,1.000000000000000056e-01
9.989375003504082917e-01,-4.591325412665269584e-02,3.980388068946244182e-03,7.858817200181043461e+01,4.596015048862355651e-02,9.988635203651643479e-01,-1.262268793775879125e-02,6.653409615214339823e+00,-3.396315759919391313e-03,1.279221557089990982e-02,9.999124082938697367e-01,1.099662240374155386e+00,0.000000000000000000e+00,0.000000000000000000e+00,0.000000000000000000e+00,1.000000000000000056e-01
9.995924413409501552e-01,-2.838009555214630192e-02,3.085675046121766959e-03,7.905255652070863448e+01,2.840261539693488685e-02,9.995682978397613105e-01,-7.517272932124095114e-03,6.665586952780754970e+00,-2.871002029433316564e-03,7.601850444023082465e-03,9.999669840635607709e-01,1.098939987668028584e+00,0.000000000000000000e+00,0.000000000000000000e+00,0.000000000000000000e+00,1.000000000000000056e-01
9.999706958242357002e-01,-6.169396517788801153e-03,4.532773918929418160e-03,7.953449543055133120e+01,6.202638661370953564e-03,9.999537024527315188e-01,-7.356644935733472335e-03,6.684385080305609961e+00,-4.487178002965525915e-03,7.384544514070045043e-03,9.999626661710373510e-01,1.113198857058240510e+00,0.000000000000000000e+00,0.000000000000000000e+00,0.000000000000000000e+00,1.000000000000000056e-01
9.998080969257715500e-01,1.877613714380025473e-02,5.588022514641529694e-03,8.001330601394111852e+01,-1.872157991265039484e-02,9.997780643551639201e-01,-9.660459606869292379e-03,6.670500425529523270e+00,-5.768168447712104970e-03,9.553989124910724703e-03,9.999377228230565962e-01,1.126963815478271513e+00,0.000000000000000000e+00,0.000000000000000000e+00,0.000000000000000000e+00,1.000000000000000056e-01
9.988517832663429408e-01,4.738733762737493832e-02,7.039552417289617926e-03,8.048618273842006943e+01,-4.730643032251614227e-02,9.988171078807756009e-01,-1.124662859811770450e-02,6.663235341639445863e+00,-7.564173172761032467e-03,1.090069893503391001e-02,9.999119751492829833e-01,1.133131333076783820e+00,0.000000000000000000e+00,0.000000000000000000e+00,0.000000000000000000e+00,1.000000000000000056e-01
9.968158468057003452e-01,7.909386237448830237e-02,1.011575462929728379e-02,8.098698802543634656e+01,-7.897668342619880433e-02,9.968101056447454811e-01,-1.150203284247309533e-02,6.620621005280820981e+00,-1.099322664337556120e-02,1.066649985688167789e-02,9.998826804924518807e-01,1.138351774047230203e+00,0.000000000000000000e+00,0.000000000000000000e+00,0.000000000000000000e+00,1.000000000000000056e-01
