1.000000000000000000e+00,-2.880586393053216440e-13,1.253025209027043956e-13,1.829267208616336080e-20,2.880586393053245722e-13,1.000000000000000000e+00,-2.299344562727135353e-14,6.652772701121476085e-20,-1.253025209026977817e-13,2.299344562730744549e-14,1.000000000000000000e+00,-3.822534481378896335e-20,0.000000000000000000e+00,0.000000000000000000e+00,0.000000000000000000e+00,1.000000000000000056e-01
9.999966547387643123e-01,-2.141281137818932569e-03,-1.451008742027228666e-03,6.253726554490943723e-01,2.138511508090554063e-03,9.999958938452958579e-01,-1.907632322424739069e-03,-3.159554068682782733e-03,1.455087561070758520e-03,1.904522942003113607e-03,9.999971277521515489e-01,1.251645077473069641e-02,0.000000000000000000e+00,0.000000000000000000e+00,0.000000000000000000e+00,1.000000000000000056e-01
9.999870152450818228e-01,-4.287219766642626217e-03,-2.754829923078493722e-03,1.256102165518030001e+00,4.287260211186666448e-03,9.999908096191991724e-01,8.776114618490827652e-06,-8.434369381570404334e-03,2.754766980010392354e-03,-2.058667338059422090e-05,9.999962054103379572e-01,1.951475729867841249e-02,0.000000000000000000e+00,0.000000000000000000e+00,0.000000000000000000e+00,1.000000000000000056e-01
9.999636797022114498e-01,-8.375549006983996209e-03,-1.577800762008956231e-03,1.986087812205284964e+00,8.376379929174601613e-03,9.999647819123876902e-01,5.207630872683505739e-04,-6.772952629696542791e-03,1.573383518125040514e-03,-5.339604316330719396e-04,9.999986196743285705e-01,2.649727460203081530e-02,0.000000000000000000e+00,0.000000000000000000e+00,0.000000000000000000e+00,1.000000000000000056e-01
9.999079039388257817e-01,-1.332931686524074961e-02,-2.552048700546677429e-03,2.702565057505225798e+00,1.332536323557634468e-02,9.999099965200782814e-01,-1.559985210476187104e-03,-9.023528500335966512e-03,2.572612544458225195e-03,1.525834566053147281e-03,9.999955267367814926e-01,2.484951121885090042e-02,0.000000000000000000e+00,0.000000000000000000e+00,0.000000000000000000e+00,1.000000000000000056e-01
9.997970477607452944e-01,-1.995149349365134273e-02,-2.793062167383685273e-03,3.449169382877409706e+00,1.995142942207493719e-02,9.998009491308967878e-01,-5.080328529216582181e-05,-4.966136986888329205e-03,2.793519807347771052e-03,-4.932608052368970083e-06,9.999960981037652186e-01,3.524835232359617432e-02,0.000000000000000000e+00,0.000000000000000000e+00,0.000000000000000000e+00,1.000000000000000056e-01
9.997039662014602923e-01,-2.419763446048659936e-02,-2.540560486640465205e-03,4.197349309462347300e+00,2.419924486335264455e-02,9.997069722939647685e-01,6.050577472454003129e-04,1.548933318657281719e-02,2.525175065833691525e-03,-6.663582750085182693e-04,9.999965897229531331e-01,5.164959916672744872e-02,0.000000000000000000e+00,0.000000000000000000e+00,0.000000000000000000e+00,1.000000000000000056e-01
9.995417750661452772e-01,-3.006016366112532201e-02,-3.553372804215210873e-03,4.965402347422501528e+00,3.006959240327171379e-02,9.995443462425134262e-01,2.630495642936071191e-03,3.828206080440561127e-02,3.472680567008684487e-03,-2.736138756123703952e-03,9.999902269694372903e-01,6.653580366994538142e-02,0.000000000000000000e+00,0.000000000000000000e+00,0.000000000000000000e+00,1.000000000000000056e-01
9.994200616301178730e-01,-3.387996869842426623e-02,-3.418791050230811715e-03,5.750957221351244542e+00,3.388553456676934167e-02,9.994244660270550362e-01,1.583430977369019955e-03,8.700826118368738815e-02,3.363176827885626212e-03,-1.698360247298341631e-03,9.999929022818585533e-01,6.355235230208412800e-02,0.000000000000000000e+00,0.000000000000000000e+00,0.000000000000000000e+00,1.000000000000000056e-01
9.993532868156006499e-01,-3.591021327406677954e-02,-1.861374080339082016e-03,6.539539693861344816e+00,3.591282568151493715e-02,9.993539603228892565e-01,1.389582140825468357e-03,1.235819224757118001e-01,1.810271367790360682e-03,-1.455530682609498024e-03,9.999973021703643106e-01,6.699768379413789665e-02,0.000000000000000000e+00,0.000000000000000000e+00,0.000000000000000000e+00,1.000000000000000056e-01
9.993124834646750498e-01,-3.700037309537756308e-02,2.352186741412725952e-03,7.326187343398713914e+00,3.700069839116370413e-02,9.993152352034826436e-01,-9.491456330249588205e-05,1.664321909685289036e-01,-2.347064172482994735e-03,1.818818601494886925e-04,9.999972291005406744e-01,8.163080289744618911e-02,0.000000000000000000e+00,0.000000000000000000e+00,0.000000000000000000e+00,1.000000000000000056e-01
9.990735674909642094e-01,-4.292496524868017610e-02,3.074751904999847765e-03,8.128389878484094666e+00,4.292257889595283565e-02,9.990780500165330480e-01,8.379714092292765140e-04,2.084186650809272123e-01,-3.107887031152422371e-03,-7.052188040462867681e-04,9.999949218394261763e-01,7.316955375594884348e-02,0.000000000000000000e+00,0.000000000000000000e+00,0.000000000000000000e+00,1.000000000000000056e-01
9.989546300771849907e-01,-4.557837452804580636e-02,3.501260163939275312e-03,8.962528159743319733e+00,4.556226450396243244e-02,9.989511346451543927e-01,4.550894904247143949e-03,2.615142993273867345e-01,-3.705010205838570048e-03,-4.386612193905764512e-03,9.999835151305419556e-01,7.871697027759384790e-02,0.000000000000000000e+00,0.000000000000000000e+00,0.000000000000000000e+00,1.000000000000000056e-01
9.989601231575788720e-01,-4.553279761203242459e-02,2.331669491282512257e-03,9.743209824793041207e+00,4.552864555224500620e-02,9.989614048476092023e-01,1.803901069632871633e-03,3.073181979455724133e-01,-2.411384492967611533e-03,-1.695867480870956543e-03,9.999956546197160678e-01,9.732342604888871707e-02,0.000000000000000000e+00,0.000000000000000000e+00,0.000000000000000000e+00,1.000000000000000056e-01
9.988962828072917022e-01,-4.685631809016746474e-02,3.271337464739898938e-03,1.052503475451973003e+01,4.685488362681237973e-02,9.989015746720341093e-01,5.138074041560754908e-04,3.587500918203437306e-01,-3.291819267978524869e-03,-3.599621698759482356e-04,9.999945171615408634e-01,9.738007632735992680e-02,0.000000000000000000e+00,0.000000000000000000e+00,0.000000000000000000e+00,1.000000000000000056e-01
9.987210212904185092e-01,-5.050286387651037323e-02,2.404656502311357247e-03,1.128528056027661997e+01,5.050789196487723287e-02,9.987214995587213595e-01,-2.078260917969570326e-03,4.059750065252032414e-01,-2.296624019671940006e-03,2.197056997333913554e-03,9.999949492165761677e-01,1.080426312550461787e-01,0.000000000000000000e+00,0.000000000000000000e+00,0.000000000000000000e+00,1.000000000000000056e-01
9.984740250152295271e-01,-5.520879908879014475e-02,1.268807731859962875e-03,1.211387828832189228e+01,5.520668428259695171e-02,9.984735923779084477e-01,1.645397968887730728e-03,4.688577446690264661e-01,-1.357711459952509183e-03,-1.572840464879105091e-03,9.999978413939020205e-01,1.192595460922136197e-01,0.000000000000000000e+00,0.000000000000000000e+00,0.000000000000000000e+00,1.000000000000000056e-01
9.983695375280625672e-01,-5.705468572235985331e-02,-1.740509444177662426e-03,1.295744168881486758e+01,5.705866494004844386e-02,9.983681100161287958e-01,2.329304205610666870e-03,5.344529079983358910e-01,1.604771404845987959e-03,-2.424817507718015751e-03,9.999957724754602317e-01,1.218320742244998478e-01,0.000000000000000000e+00,0.000000000000000000e+00,0.000000000000000000e+00,1.000000000000000056e-01
9.983439097640239845e-01,-5.746202184600039675e-02,-2.748432726508300873e-03,1.384465806339724558e+01,5.747339151820146652e-02,9.983379751758929554e-01,4.254008591155470156e-03,5.860937034213380414e-01,2.499420828491407016e-03,-4.404925319215949320e-03,9.999871746819827267e-01,1.322067221611375742e-01,0.000000000000000000e+00,0.000000000000000000e+00,0.000000000000000000e+00,1.000000000000000056e-01
9.977891179427329504e-01,-6.632451803777100752e-02,-4.234905207946081107e-03,1.477050888434211195e+01,6.635726376214015620e-02,9.977628307474535330e-01,8.126938219911013228e-03,6.801363354940163086e-01,3.686415747669076134e-03,-8.389987239911432526e-03,9.999580083448751378e-01,1.474602949604325308e-01,0.000000000000000000e+00,0.000000000000000000e+00,0.000000000000000000e+00,1.000000000000000056e-01
9.974655794829947464e-01,-7.107449491921637164e-02,-3.291491855052603496e-03,1.572568565107153482e+01,7.109029844393667530e-02,9.974575379824561772e-01,4.962800532869666645e-03,7.490662600977283647e-01,2.930394820771547743e-03,-5.184215847678834074e-03,9.999822681889110054e-01,1.383677393423262680e-01,0.000000000000000000e+00,0.000000000000000000e+00,0.000000000000000000e+00,1.000000000000000056e-01
9.970446649535813499e-01,-7.680515789302116980e-02,-1.704056521582008720e-03,1.665074112514384197e+01,7.680826027990403371e-02,9.970441906466003257e-01,1.836586681909837702e-03,8.457785760573951483e-01,1.557960325288489881e-03,-1.962044569764342505e-03,9.999968615654406534e-01,1.485770473144628900e-01,0.000000000000000000e+00,0.000000000000000000e+00,0.000000000000000000e+00,1.000000000000000056e-01
9.968945471982977313e-01,-7.874643432711078694e-02,5.107318933867761781e-04,1.754606905706487652e+01,7.874380174417899836e-02,9.968869761816557817e-01,3.971197082520023895e-03,9.441283768265753551e-01,-8.218595830965522500e-04,-3.918647746456722751e-03,9.999919843412070630e-01,1.770042538437698321e-01,0.000000000000000000e+00,0.000000000000000000e+00,0.000000000000000000e+00,1.000000000000000056e-01
9.967839656181252117e-01,-8.012607694836325345e-02,1.240032043631099888e-03,1.848064219358787241e+01,8.011751703836901550e-02,9.967681909741392676e-01,5.861478119767202059e-03,1.022462900885913628e+00,-1.705681743735750627e-03,-5.743279116221686360e-03,9.999820525363354307e-01,1.932549108338085242e-01,0.000000000000000000e+00,0.000000000000000000e+00,0.000000000000000000e+00,1.000000000000000056e-01
9.964794202229945164e-01,-8.382800076166731229e-02,1.277247175188416742e-03,1.941941686045000992e+01,8.382196451383068514e-02,9.964718442221546235e-01,4.212117939959511732e-03,1.107904775319211055e+00,-1.625834274066697335e-03,-4.090227475327694838e-03,9.999903133041406766e-01,2.111524316149702707e-01,0.000000000000000000e+00,0.000000000000000000e+00,0.000000000000000000e+00,1.000000000000000056e-01
9.963777242609648255e-01,-8.503185692850423472e-02,1.006927917532194445e-03,2.035590932809815001e+01,8.502578802713045558e-02,9.963660904124196360e-01,5.022872349121200973e-03,1.182734110824252616e+00,-1.430372995479285659e-03,-4.919063280796017075e-03,9.999868783386777205e-01,2.191003881710435475e-01,0.000000000000000000e+00,0.000000000000000000e+00,0.000000000000000000e+00,1.000000000000000056e-01
9.966166886795426727e-01,-8.208574459485810937e-02,4.135985944279305798e-03,2.128379605097099159e+01,8.206026014617344433e-02,9.966093390020119847e-01,5.994924412783358275e-03,1.275349756219990249e+00,-4.614060052263025194e-03,-5.635241634603825253e-03,9.999734768990394818e-01,2.326343711603370557e-01,0.000000000000000000e+00,0.000000000000000000e+00,0.000000000000000000e+00,1.000000000000000056e-01
9.967594429434439851e-01,-8.005316903451940858e-02,7.880547608255406011e-03,2.222843198688562794e+01,8.000669557132618348e-02,9.967759889004931262e-01,6.046206678670141936e-03,1.363242677182268769e+00,-8.339158640561419172e-03,-5.396117027523148445e-03,9.999506689603206988e-01,2.239702118420561772e-01,0.000000000000000000e+00,0.000000000000000000e+00,0.000000000000000000e+00,1.000000000000000056e-01
9.967955881124082040e-01,-7.911347722183288689e-02,1.181580473385921912e-02,2.318951376330103642e+01,7.904576003274589591e-02,9.968523685197266948e-01,6.092880883178978038e-03,1.450580693286948053e+00,-1.226064192788088245e-02,-5.139367517660819312e-03,9.999116278757012033e-01,2.336533028997413997e-01,0.000000000000000000e+00,0.000000000000000000e+00,0.000000000000000000e+00,1.000000000000000056e-01
9.968916326301783259e-01,-7.723620438155637258e-02,1.554482308255728841e-02,2.412015921225131621e+01,7.716114274119914573e-02,9.970041579575646962e-01,5.372808036743913218e-03,1.527276197966432880e+00,-1.591322854765316736e-02,-4.156651062798293397e-03,9.998647365564665712e-01,2.398219300029744427e-01,0.000000000000000000e+00,0.000000000000000000e+00,0.000000000000000000e+00,1.000000000000000056e-01
9.971157631253972919e-01,-7.495709111828147142e-02,1.189913517623375321e-02,2.507936316317325876e+01,7.491439650644593495e-02,9.971819669800393582e-01,3.994737274812412350e-03,1.591804762001261198e+00,-1.216503690629986041e-02,-3.091798975583874738e-03,9.999212232251913912e-01,2.425576156939703298e-01,0.000000000000000000e+00,0.000000000000000000e+00,0.000000000000000000e+00,1.000000000000000056e-01
9.971834280164063591e-01,-7.446559911943539944e-02,8.949046721967673576e-03,2.604289952268247887e+01,7.443071230801584504e-02,9.972174661802917228e-01,4.170636675628673802e-03,1.665299265678719554e+00,-9.234714655569827360e-03,-3.492805855220582154e-03,9.999512589884008706e-01,2.358737399415345715e-01,0.000000000000000000e+00,0.000000000000000000e+00,0.000000000000000000e+00,1.000000000000000056e-01
9.973397788517330831e-01,-7.246793663661958707e-02,7.858987187106657862e-03,2.698520141550271134e+01,7.243681873327963150e-02,9.973642656570673726e-01,4.174791269114096204e-03,1.741606062636685159e+00,-8.140811493838207707e-03,-3.594405370790786699e-03,9.999604029351623069e-01,2.494663271595536358e-01,0.000000000000000000e+00,0.000000000000000000e+00,0.000000000000000000e+00,1.000000000000000056e-01
9.973781638478579348e-01,-7.185479157235676040e-02,8.584125323447860251e-03,2.794056154721291207e+01,7.184989719358918225e-02,9.974150701134587571e-01,8.776011820661035016e-04,1.810565033825706216e+00,-8.624995811370477633e-03,-2.585317335731859693e-04,9.999627706112845793e-01,2.592646771285812557e-01,0.000000000000000000e+00,0.000000000000000000e+00,0.000000000000000000e+00,1.000000000000000056e-01
9.975016414232127371e-01,-6.921936521415598953e-02,1.411222297675202540e-02,2.894415045812817411e+01,6.928498807436196671e-02,9.975880038543480932e-01,-4.214853904079583075e-03,1.897431365522386892e+00,-1.378643483761472256e-02,5.182088888325421527e-03,9.998915342021962305e-01,2.643691387189101571e-01,0.000000000000000000e+00,0.000000000000000000e+00,0.000000000000000000e+00,1.000000000000000056e-01
9.974040295823792812e-01,-6.983283002952958562e-02,1.756637762599582223e-02,2.992378751393479774e+01,6.999356408783713457e-02,9.975094405472300085e-01,-8.707296103497770903e-03,1.931666615834568779e+00,-1.691457238933612509e-02,9.914225598551913363e-03,9.998077842123789249e-01,2.602504428124090552e-01,0.000000000000000000e+00,0.000000000000000000e+00,0.000000000000000000e+00,1.000000000000000056e-01
9.972293569499307564e-01,-7.159954445321134453e-02,2.017708778095256977e-02,3.083923090846818837e+01,7.189871632332484053e-02,9.973063454228278113e-01,-1.451302761043868524e-02,1.986606557541263474e+00,-1.908361151055311400e-02,1.592352390194789330e-02,9.996910808636128021e-01,2.685764483544481052e-01,0.000000000000000000e+00,0.000000000000000000e+00,0.000000000000000000e+00,1.000000000000000056e-01
9.974454496376751189e-01,-7.011017649604824042e-02,1.367984461860139063e-02,3.175429489313872722e+01,7.029688915746880318e-02,9.974322877077174132e-01,-1.368133081727824184e-02,2.052236879724456564e+00,-1.268551819511748967e-02,1.460803168952709390e-02,9.998128240017123414e-01,2.541258292513030592e-01,0.000000000000000000e+00,0.000000000000000000e+00,0.000000000000000000e+00,1.000000000000000056e-01
9.974859841945110661e-01,-6.988780309063039042e-02,1.172204396310486986e-02,3.274052038367878481e+01,7.005875763667424039e-02,9.974320452684655169e-01,-1.486894582583434682e-02,2.101448206600284863e+00,-1.065278432680539893e-02,1.565279689803484447e-02,9.998207380002454014e-01,2.584137644628626274e-01,0.000000000000000000e+00,0.000000000000000000e+00,0.000000000000000000e+00,1.000000000000000056e-01
9.973003485254298139e-01,-7.277978552409021529e-02,9.752827801392312257e-03,3.368969179416988169e+01,7.287439660725154866e-02,9.972937194692559348e-01,-9.724167126604413292e-03,2.182941378767986773e+00,-9.018711115519027072e-03,1.040864670572300144e-02,9.999051569641843606e-01,2.473399602002014086e-01,0.000000000000000000e+00,0.000000000000000000e+00,0.000000000000000000e+00,1.000000000000000056e-01
9.969801804491530417e-01,-7.682869690063919010e-02,1.130801150175871593e-02,3.464337403836647411e+01,7.696155790165966348e-02,9.969639458067798277e-01,-1.182410109588522169e-02,2.261874333283069305e+00,-1.036524948680353671e-02,1.265867662616991345e-02,9.998661507967705475e-01,2.598399493029895924e-01,0.000000000000000000e+00,0.000000000000000000e+00,0.000000000000000000e+00,1.000000000000000056e-01
9.969434810762425325e-01,-7.723419152516178277e-02,1.177179676338076242e-02,3.562120027493521945e+01,7.737092224069228030e-02,9.969344389824569275e-01,-1.163893304210323471e-02,2.338221473324160637e+00,-1.083678601839416916e-02,1.251415319502046514e-02,9.998629706307775589e-01,2.520762717045021417e-01,0.000000000000000000e+00,0.000000000000000000e+00,0.000000000000000000e+00,1.000000000000000056e-01
9.969753095466987736e-01,-7.674034768522676464e-02,1.229435607971090215e-02,3.659868890116134565e+01,7.687340521423911832e-02,9.969829938637313482e-01,-1.074195127890763615e-02,2.412021560886766558e+00,-1.143292285601580326e-02,1.165456921818825570e-02,9.998667207639760912e-01,2.541281703417138105e-01,0.000000000000000000e+00,0.000000000000000000e+00,0.000000000000000000e+00,1.000000000000000056e-01
9.969037899741044484e-01,-7.760611385498902837e-02,1.265403601990604428e-02,3.759642140855056880e+01,7.771972139768368315e-02,9.969368737010013692e-01,-8.747271639776819235e-03,2.495867301190015208e+00,-1.193643335058795947e-02,9.703656403649861539e-03,9.998816733050300831e-01,2.566581775486037054e-01,0.000000000000000000e+00,0.000000000000000000e+00,0.000000000000000000e+00,1.000000000000000056e-01
9.967884667834550072e-01,-7.858525791972947871e-02,1.539836761408743156e-02,3.858810881546695271e+01,7.874997535137323590e-02,9.968401598074002612e-01,-1.039890269763466858e-02,2.576779170794400109e+00,-1.453251078262421912e-02,1.157812734626636510e-02,9.998273616467527880e-01,2.733581153295803756e-01,0.000000000000000000e+00,0.000000000000000000e+00,0.000000000000000000e+00,1.000000000000000056e-01
9.966537209004481257e-01,-8.031623910629100138e-02,1.518757225868350505e-02,3.960841043018557173e+01,8.043138262904368785e-02,9.967346607337165265e-01,-7.128027807415608652e-03,2.632668010917836199e+00,-1.456548329689102625e-02,8.325732872487051975e-03,9.998592545295882372e-01,2.657475240778931491e-01,0.000000000000000000e+00,0.000000000000000000e+00,0.000000000000000000e+00,1.000000000000000056e-01
9.963241125185238189e-01,-8.396107130441082811e-02,1.699415545390322441e-02,4.062479555961147781e+01,8.416379057018591459e-02,9.963845724156487060e-01,-1.158620770324923777e-02,2.724921226096466587e+00,-1.595992390438220887e-02,1.297391064793457574e-02,9.997884568604828992e-01,2.769131104781931141e-01,0.000000000000000000e+00,0.000000000000000000e+00,0.000000000000000000e+00,1.000000000000000056e-01
9.964295142014079065e-01,-8.296826336815266156e-02,1.563619205622021613e-02,4.164706461476723121e+01,8.317019228540034614e-02,9.964539376446044372e-01,-1.273849550662247906e-02,2.818245933249710511e+00,-1.452385429408043459e-02,1.399347798924794120e-02,9.997965994292082881e-01,2.894416890916731711e-01,0.000000000000000000e+00,0.000000000000000000e+00,0.000000000000000000e+00,1.000000000000000056e-01
9.962904346624007479e-01,-8.471844931172231585e-02,1.510477230618723077e-02,4.270444271347332688e+01,8.491647515598460538e-02,9.963034100148683292e-01,-1.298874281168543865e-02,2.908190759783152224e+00,-1.394855000663771522e-02,1.422320424384736909e-02,9.998015495155776478e-01,2.982842081363791253e-01,0.000000000000000000e+00,0.000000000000000000e+00,0.000000000000000000e+00,1.000000000000000056e-01
9.964110670120112090e-01,-8.385718755034080041e-02,1.153072556833258967e-02,4.377773572307567918e+01,8.401143394332907799e-02,9.963717772515943150e-01,-1.361471495422976637e-02,2.988439774432544382e+00,-1.034719782215866822e-02,1.453456544401109628e-02,9.998408282844739592e-01,3.048967554180424533e-01,0.000000000000000000e+00,0.000000000000000000e+00,0.000000000000000000e+00,1.000000000000000056e-01
9.964433985073303246e-01,-8.333853940807763039e-02,1.245959150574298471e-02,4.481116455623875794e+01,8.351678061541871478e-02,9.964002402363343336e-01,-1.454333567690917033e-02,3.065153462496764458e+00,-1.120271961613390418e-02,1.553219579787515174e-02,9.998166081671672201e-01,3.125580216438416659e-01,0.000000000000000000e+00,0.000000000000000000e+00,0.000000000000000000e+00,1.000000000000000056e-01
9.964137601724968318e-01,-8.334783297366338273e-02,1.458620161317526753e-02,4.581819929062073271e+01,8.355504137845326529e-02,9.964016411086202840e-01,-1.422408718664665457e-02,3.163063500862344668e+00,-1.334816838187358884e-02,1.539182687801134673e-02,9.997924374920058588e-01,3.250793289089421445e-01,0.000000000000000000e+00,0.000000000000000000e+00,0.000000000000000000e+00,1.000000000000000056e-01
9.959979785459091017e-01,-8.851322803413667895e-02,1.238689611806497934e-02,4.676448871333364110e+01,8.865938468550969842e-02,9.959921822041620798e-01,-1.179349377317555000e-02,3.240706669903496984e+00,-1.129337149170354590e-02,1.284451054606758347e-02,9.998537284569090078e-01,3.384944358069286729e-01,0.000000000000000000e+00,0.000000000000000000e+00,0.000000000000000000e+00,1.000000000000000056e-01
9.962151126777363253e-01,-8.664989424415978081e-02,6.873507107802410282e-03,4.772094181073100572e+01,8.672979293200946960e-02,9.961555553961151110e-01,-1.233095581973205936e-02,3.344005119448221652e+00,-5.778606272782866107e-03,1.288042238955496195e-02,9.999003462488703642e-01,3.323259382745593071e-01,0.000000000000000000e+00,0.000000000000000000e+00,0.000000000000000000e+00,1.000000000000000056e-01
9.962783210782043541e-01,-8.605274526313533290e-02,4.942871864840574746e-03,4.866921690516438304e+01,8.610982921982471283e-02,9.962032606568392845e-01,-1.281252388930916378e-02,3.429556161259130320e+00,-3.821552214338574862e-03,1.319046964135221767e-02,9.999056991783343840e-01,3.398056589448332221e-01,0.000000000000000000e+00,0.000000000000000000e+00,0.000000000000000000e+00,1.000000000000000056e-01
9.963512608692771666e-01,-8.515595655699893796e-02,5.712094805246875281e-03,4.963553890460955387e+01,8.522932972212450553e-02,9.962609550248524570e-01,-1.414464026004893724e-02,3.534332379544113500e+00,-4.486236654368645424e-03,1.457986816920251935e-02,9.998836437930413990e-01,3.465801342122100670e-01,0.000000000000000000e+00,0.000000000000000000e+00,0.000000000000000000e+00,1.000000000000000056e-01
9.967570731543803353e-01,-7.994863641485602801e-02,9.140713982972351048e-03,5.064447590790520337e+01,8.009134627800193473e-02,9.966511471251966459e-01,-1.648839547702729211e-02,3.613547180399784953e+00,-7.791878341615506194e-03,1.716701690553205581e-02,9.998222742880229497e-01,3.622586880826834110e-01,0.000000000000000000e+00,0.000000000000000000e+00,0.000000000000000000e+00,1.000000000000000056e-01
9.968106529840989882e-01,-7.932677952075756211e-02,8.705409139106595057e-03,5.158881749722879562e+01,7.945677724757965743e-02,9.967135621892722064e-01,-1.577008235236180417e-02,3.698462900054515945e+00,-7.425809507563985862e-03,1.641148984208582601e-02,9.998377470141445178e-01,3.661951554795587760e-01,0.000000000000000000e+00,0.000000000000000000e+00,0.000000000000000000e+00,1.000000000000000056e-01
9.968818208966568895e-01,-7.774363063276572283e-02,1.351158990651003637e-02,5.253751132101368171e+01,7.798115863902353728e-02,9.967915236307590687e-01,-1.804431531494902000e-02,3.780653198813582527e+00,-1.206540770471757097e-02,1.904169934396479982e-02,9.997458875249315424e-01,3.927304817809612603e-01,0.000000000000000000e+00,0.000000000000000000e+00,0.000000000000000000e+00,1.000000000000000056e-01
9.970588377611326880e-01,-7.533315627775757917e-02,1.409218250131166750e-02,5.353559729213157681e+01,7.557470289539108821e-02,9.969870235537759973e-01,-1.747395626799829599e-02,3.876665872002390767e+00,-1.273335480903150727e-02,1.848757503334350072e-02,9.997480038713224548e-01,4.201270676913775315e-01,0.000000000000000000e+00,0.000000000000000000e+00,0.000000000000000000e+00,1.000000000000000056e-01
9.970656398569457401e-01,-7.496033875820268255e-02,1.552602427908844965e-02,5.450318446261718464e+01,7.526364626016190940e-02,9.969636737118978687e-01,-1.997039935758986376e-02,3.939590639234620717e+00,-1.398189430243861400e-02,2.108034421284207469e-02,9.996800116635240485e-01,4.148551419095830028e-01,0.000000000000000000e+00,0.000000000000000000e+00,0.000000000000000000e+00,1.000000000000000056e-01
9.969685241251894370e-01,-7.551398556908289761e-02,1.874566315481756076e-02,5.543916535525593048e+01,7.585425573059942361e-02,9.969535856541036356e-01,-1.815709059796583383e-02,4.014825736617257945e+00,-1.731744182026806120e-02,1.952398614264655788e-02,9.996594020834813632e-01,4.239823910629602066e-01,0.000000000000000000e+00,0.000000000000000000e+00,0.000000000000000000e+00,1.000000000000000056e-01
9.969645070660246855e-01,-7.424788029956330693e-02,2.343125949709215158e-02,5.638334484095582866e+01,7.462984027229679906e-02,9.970850172564499347e-01,-1.586994970491301463e-02,4.099485212274591284e+00,-2.218464765394801211e-02,1.757044773836793569e-02,9.995994801793083306e-01,4.350087614734126640e-01,0.000000000000000000e+00,0.000000000000000000e+00,0.000000000000000000e+00,1.000000000000000056e-01
9.968882222999396747e-01,-7.461392973671614193e-02,2.542899386351004168e-02,5.734083241133600239e+01,7.498913317210088858e-02,9.970841781608287269e-01,-1.413405700574734032e-02,4.165649808231439266e+00,-2.430024991153309152e-02,1.599697316960876567e-02,9.995767077636652509e-01,4.195879986341904955e-01,0.000000000000000000e+00,0.000000000000000000e+00,0.000000000000000000e+00,1.000000000000000056e-01
9.969096723616088784e-01,-7.533379686438018696e-02,2.226935566795661126e-02,5.822621761928426309e+01,7.558826904259627333e-02,9.970804747625313658e-01,-1.081389987326885488e-02,4.233169956450918647e+00,-2.138968758569726597e-02,1.246378342724646995e-02,9.996935207190577044e-01,4.210907211031037489e-01,0.000000000000000000e+00,0.000000000000000000e+00,0.000000000000000000e+00,1.000000000000000056e-01
9.970619283499710939e-01,-7.486830922769721619e-02,1.619405163703995995e-02,5.912724290784933601e+01,7.498264695640682875e-02,9.971631845692002782e-01,-6.571605224134273969e-03,4.312061084968753732e+00,-1.565610712942600360e-02,7.766570233824051685e-03,9.998472716852084829e-01,4.249051703295296245e-01,0.000000000000000000e+00,0.000000000000000000e+00,0.000000000000000000e+00,1.000000000000000056e-01
9.971461033316934008e-01,-7.489749778756912835e-02,9.487541071368232881e-03,6.011340974630531520e+01,7.496414048081154191e-02,9.971625339948126943e-01,-6.874477363203010567e-03,4.375325496227715050e+00,-8.945739343004216471e-03,7.566083676851334018e-03,9.999313617070932914e-01,4.285832032513665624e-01,0.000000000000000000e+00,0.000000000000000000e+00,0.000000000000000000e+00,1.000000000000000056e-01
9.972946136337769163e-01,-7.289165056675050991e-02,9.500573388504065728e-03,6.103626075568979559e+01,7.293004612998446601e-02,9.973299740098451327e-01,-3.759163869793291039e-03,4.456520633390558928e+00,-9.201194951415260156e-03,4.441871134596458125e-03,9.999478025338570664e-01,4.357247642452407033e-01,0.000000000000000000e+00,0.000000000000000000e+00,0.000000000000000000e+00,1.000000000000000056e-01
9.970864057785109313e-01,-7.547997254687321966e-02,1.102148610731791198e-02,6.197976079497629343e+01,7.551240183363461256e-02,9.971415870319014774e-01,-2.555891393735668007e-03,4.536304144052647480e+00,-1.079706353626908033e-02,3.380703451079737892e-03,9.999359950832701349e-01,4.369925314050515097e-01,0.000000000000000000e+00,0.000000000000000000e+00,0.000000000000000000e+00,1.000000000000000056e-01
9.971928664635962836e-01,-7.387326236509023092e-02,1.221180501215226796e-02,6.285390220973218334e+01,7.392094067386392742e-02,9.972579645643934176e-01,-3.499520363451006158e-03,4.605178814074045057e+00,-1.191979882411503544e-02,4.392404856301537416e-03,9.999193093322935599e-01,4.475676993193384301e-01,0.000000000000000000e+00,0.000000000000000000e+00,0.000000000000000000e+00,1.000000000000000056e-01
9.973705533367434040e-01,-7.108206343478025435e-02,1.411805916590961295e-02,6.365878184856457267e+01,7.112639872128419249e-02,9.974637561668446839e-01,-2.662806502609747425e-03,4.680298802950609627e+00,-1.389297454468090172e-02,3.659971500341729564e-03,9.998967896072661343e-01,4.488662229901316247e-01,0.000000000000000000e+00,0.000000000000000000e+00,0.000000000000000000e+00,1.000000000000000056e-01
9.972714468520025299e-01,-7.249539180712301356e-02,1.393124044890419258e-02,6.446305205111784176e+01,7.251250750070532824e-02,9.973672383269857056e-01,-7.267516506622495381e-04,4.752639582387029549e+00,-1.384187666733154021e-02,1.734957847703317343e-03,9.999026914513197140e-01,4.600765142268783969e-01,0.000000000000000000e+00,0.000000000000000000e+00,0.000000000000000000e+00,1.000000000000000056e-01
9.971769038881914682e-01,-7.334629241406205591e-02,1.607929541589053421e-02,6.524460130948736492e+01,7.335150984098930127e-02,9.973061141581445188e-01,2.658323329942850039e-04,4.816683557909601454e+00,-1.605547744565156629e-02,9.143587331662524163e-04,9.998706844347918787e-01,4.606654073171497776e-01,0.000000000000000000e+00,0.000000000000000000e+00,0.000000000000000000e+00,1.000000000000000056e-01
9.965989790498418488e-01,-8.121531906594861572e-02,1.394800723505039246e-02,6.605787162427709802e+01,8.122612412726806785e-02,9.966956772677239007e-01,-2.089858724640009666e-04,4.882941659711000248e+00,-1.388494566336122456e-02,1.341217674135699971e-03,9.999026999758906520e-01,4.655009574036301778e-01,0.000000000000000000e+00,0.000000000000000000e+00,0.000000000000000000e+00,1.000000000000000056e-01
9.965084411835912759e-01,-8.242206105826431484e-02,1.332405721830465066e-02,6.680494619503515707e+01,8.240312558923458541e-02,9.965971423330792778e-01,1.964888461222375968e-03,4.946612121160998576e+00,-1.344066750476840232e-02,-8.600839772742298415e-04,9.999093002430662347e-01,4.695659074324488036e-01,0.000000000000000000e+00,0.000000000000000000e+00,0.000000000000000000e+00,1.000000000000000056e-01
9.963622582144556761e-01,-8.360753766269723997e-02,1.649333355544041826e-02,6.758805345395147413e+01,8.355355505195338761e-02,9.964955126756044335e-01,3.936579170367509109e-03,5.032617943852131681e+00,-1.676466056830703752e-02,-2.544182258612638983e-03,9.998562263108953241e-01,4.794947440395007643e-01,0.000000000000000000e+00,0.000000000000000000e+00,0.000000000000000000e+00,1.000000000000000056e-01
9.966735552449429436e-01,-7.920360937992497463e-02,1.919928479391563858e-02,6.832529100480924455e+01,7.908353871752514530e-02,9.968438644333379450e-01,6.935693586268078942e-03,5.113643041707952364e+00,-1.968802121390871712e-02,-5.394275002366935232e-03,9.997916200978479440e-01,4.766651948171380937e-01,0.000000000000000000e+00,0.000000000000000000e+00,0.000000000000000000e+00,1.000000000000000056e-01
9.962054700092737303e-01,-8.437810713183979683e-02,2.133064838324607790e-02,6.904811837323588009e+01,8.418518406574701518e-02,9.964020550237432383e-01,9.787723344968513733e-03,5.203422115098751632e+00,-2.207977145303384112e-02,-7.954858974809801003e-03,9.997245640231476882e-01,4.845625466638571188e-01,0.000000000000000000e+00,0.000000000000000000e+00,0.000000000000000000e+00,1.000000000000000056e-01
9.963388746495834836e-01,-8.413338261033240228e-02,1.517961766794539633e-02,6.972808856708954295e+01,8.392174738229923880e-02,9.963728763072440264e-01,1.407947710431680169e-02,5.278282744915315128e+00,-1.630911335122591302e-02,-1.275403033448038043e-02,9.997856507931707215e-01,4.808799030801760299e-01,0.000000000000000000e+00,0.000000000000000000e+00,0.000000000000000000e+00,1.000000000000000056e-01
9.963098589906758118e-01,-8.529871562560116527e-02,9.528588069720414500e-03,7.041620170862702821e+01,8.516638463862565012e-02,9.962749550839425927e-01,1.352408222667339337e-02,5.353341469785436679e+00,-1.064668049512435682e-02,-1.266266105962644654e-02,9.998631432397754315e-01,4.880299417408408558e-01,0.000000000000000000e+00,0.000000000000000000e+00,0.000000000000000000e+00,1.000000000000000056e-01
9.966492357059253404e-01,-8.150092647875628593e-02,6.920978969707424107e-03,7.115576055599166239e+01,8.141570587597410369e-02,9.966102257601212600e-01,1.181273664638900558e-02,5.428521296042137401e+00,-7.860267394411427772e-03,-1.120967856204747523e-02,9.999062752593484982e-01,4.978357106897640660e-01,0.000000000000000000e+00,0.000000000000000000e+00,0.000000000000000000e+00,1.000000000000000056e-01
9.968365458955873448e-01,-7.930329969257381151e-02,5.280854554371557097e-03,7.186572082462387812e+01,7.924572222182217629e-02,9.968014663093791583e-01,1.034177320450677118e-02,5.494072210145469093e+00,-6.084100302953761308e-03,-9.890572346506497359e-03,9.999325778782097718e-01,5.006110182059431146e-01,0.000000000000000000e+00,0.000000000000000000e+00,0.000000000000000000e+00,1.000000000000000056e-01
9.968883909947966471e-01,-7.834292702322906421e-02,8.713305069742868780e-03,7.254147933171657314e+01,7.823199178104001117e-02,9.968578447142828480e-01,1.241744311708420888e-02,5.565660179582982536e+00,-9.658745352098735415e-03,-1.169714567865767253e-02,9.998849360907461348e-01,5.096479475811139803e-01,0.000000000000000000e+00,0.000000000000000000e+00,0.000000000000000000e+00,1.000000000000000056e-01
9.968542543803895484e-01,-7.835446932504390449e-02,1.192361776091583302e-02,7.312970105588195224e+01,7.818773839779892543e-02,9.968422941798631420e-01,1.386066731671042017e-02,5.602815751658805077e+00,-1.297201171580692793e-02,-1.288478447696816444e-02,9.998328406493892651e-01,5.323060743378147386e-01,0.000000000000000000e+00,0.000000000000000000e+00,0.000000000000000000e+00,1.000000000000000056e-01
9.968335721406600403e-01,-7.899924384249872034e-02,9.052564587170115404e-03,7.371458863606189027e+01,7.890841447898301608e-02,9.968318452714401978e-01,9.986710026258017667e-03,5.631618098993097732e+00,-9.812827202416362846e-03,-9.240764310865541911e-03,9.999091542221455464e-01,5.401747501027073239e-01,0.000000000000000000e+00,0.000000000000000000e+00,0.000000000000000000e+00,1.000000000000000056e-01
9.967991047486466361e-01,-7.963582952475010968e-02,7.048363512293861176e-03,7.434093507049428240e+01,7.959026818435190054e-02,9.968063082650544526e-01,6.524799869431015427e-03,5.668572810020867436e+00,-7.545461062084876137e-03,-5.942933526308654714e-03,9.999538727153680640e-01,5.523807285032974468e-01,0.000000000000000000e+00,0.000000000000000000e+00,0.000000000000000000e+00,1.000000000000000056e-01
9.969412792003542467e-01,-7.813251924629900647e-02,1.842623832466451939e-03,7.496151049226259033e+01,7.812231403770623916e-02,9.969308440853218434e-01,5.078992097023636576e-03,5.685796215493090777e+00,-2.233802980405010224e-03,-4.919506840561927927e-03,9.999854041818262429e-01,5.658564196366503429e-01,0.000000000000000000e+00,0.000000000000000000e+00,0.000000000000000000e+00,1.000000000000000056e-01
9.974232126848656677e-01,-7.169589033249199050e-02,2.575675995230674708e-03,7.557295280757912792e+01,7.168642623759835519e-02,9.974207362048114200e-01,3.596009167588630311e-03,5.741752059986872325e+00,-2.826851726302110051e-03,-3.402102009536425199e-03,9.999902172577660453e-01,5.871714687963593970e-01,0.000000000000000000e+00,0.000000000000000000e+00,0.000000000000000000e+00,1.000000000000000056e-01
9.977157798078098994e-01,-6.736486994909275661e-02,5.019663259189044088e-03,7.614422354206330112e+01,6.733254711051879504e-02,9.977103693605197110e-01,6.351926487696153353e-03,5.800180883860802439e+00,-5.436066786160780387e-03,-5.999430576075364535e-03,9.999672274683102380e-01,5.816924121663965552e-01,0.000000000000000000e+00,0.000000000000000000e+00,0.000000000000000000e+00,1.000000000000000056e-01
9.979088339326701584e-01,-6.413334465134017115e-02,8.054394016373544324e-03,7.669318798255993386e+01,6.409909377368323835e-02,9.979336560684501922e-01,4.441200653958619210e-03,5.818615088721950990e+00,-8.322579920381583535e-03,-3.915634008507137137e-03,9.999577003422596144e-01,5.917068085966131763e-01,0.000000000000000000e+00,0.000000000000000000e+00,0.000000000000000000e+00,1.000000000000000056e-01
9.983143120233277656e-01,-5.690568466801888825e-02,1.141391527276003695e-02,7.726152005197153017e+01,5.691278709883808296e-02,9.983791092403672129e-01,-2.981560888983297744e-04,5.810907308131256777e+00,-1.137844778658649025e-02,9.472512206468704319e-04,9.999348146959845529e-01,6.082972419409343745e-01,0.000000000000000000e+00,0.000000000000000000e+00,0.000000000000000000e+00,1.000000000000000056e-01
9.987983761256047366e-01,-4.682278379410367147e-02,1.447172300127292852e-02,7.781189593818365324e+01,4.691348142833379892e-02,9.988809819083090957e-01,-5.992432074338442313e-03,5.826565265723903764e+00,-1.417494652999896562e-02,6.664150333148433081e-03,9.998773224707163676e-01,6.119697585416833396e-01,0.000000000000000000e+00,0.000000000000000000e+00,0.000000000000000000e+00,1.000000000000000056e-01
9.993009915964851109e-01,-3.451591318490012522e-02,1.435896692990131819e-02,7.831547519027682824e+01,3.452357645848726925e-02,9.994038427095538468e-01,-2.860872112116182638e-04,5.862662131024057643e+00,-1.434053216573728980e-02,7.816101265161815026e-04,9.998968637928681291e-01,6.141822619585517451e-01,0.000000000000000000e+00,0.000000000000000000e+00,0.000000000000000000e+00,1.000000000000000056e-01
9.997559467067953509e-01,-1.562710174620257977e-02,1.561539994406898474e-02,7.882765442358827102e+01,1.559441961741024965e-02,9.998759517081066139e-01,2.212526294585059720e-03,5.877075864641169822e+00,-1.564803825390032044e-02,-1.968473221035067951e-03,9.998756242713303655e-01,6.155006276609240601e-01,0.000000000000000000e+00,0.000000000000000000e+00,0.000000000000000000e+00,1.000000000000000056e-01
9.999022589935252503e-01,8.259566936064963259e-04,1.395672795412080357e-02,7.932741517656073427e+01,-9.032491755900427886e-04,9.999842870432331665e-01,5.532613086367856904e-03,5.883104000070590089e+00,-1.395193895384603221e-02,-5.544678726214853810e-03,9.998872936172612524e-01,6.248919159212883434e-01,0.000000000000000000e+00,0.000000000000000000e+00,0.000000000000000000e+00,1.000000000000000056e-01
9.996456615104712951e-01,2.309139938543005102e-02,1.324155193754641448e-02,7.984965533305199870e+01,-2.315353581943468617e-02,9.997215278305054964e-01,4.558571190397394009e-03,5.871201588460111864e+00,-1.313260074586651040e-02,-4.863544660258264755e-03,9.999019355571762135e-01,6.355569816810900940e-01,0.000000000000000000e+00,0.000000000000000000e+00,0.000000000000000000e+00,1.000000000000000056e-01
9.987131806160887137e-01,4.855194643468054710e-02,1.465235001969248003e-02,8.035933768508569131e+01,-4.862757762898398811e-02,9.988052036406008805e-01,4.850141688139010705e-03,5.833215891197497172e+00,-1.439935962578917268e-02,-5.556408719829638264e-03,9.998808852880953779e-01,6.531987338292869483e-01,0.000000000000000000e+00,0.000000000000000000e+00,0.000000000000000000e+00,1.000000000000000056e-01
9.973309703056782993e-01,7.141965373388729776e-02,1.517131272058584029e-02,8.081633525961782993e+01,-7.151870694111032989e-02,9.974206711208672971e-01,6.089283888125637291e-03,5.836850242985042847e+00,-1.469728636877400824e-02,-7.158064076986593756e-03,9.998663670171449303e-01,6.474945987299274286e-01,0.000000000000000000e+00,0.000000000000000000e+00,0.000000000000000000e+00,1.000000000000000056e-01
9.944241525628680911e-01,1.043225033695818482e-01,1.540844217710374275e-02,8.130805584851273693e+01,-1.043467750870167299e-01,9.945406708314324939e-01,7.775545664381426636e-04,5.760400460835113812e+00,-1.524320598040681748e-02,-2.381040291097185051e-03,9.998809805764738989e-01,6.445821978499668425e-01,0.000000000000000000e+00,0.000000000000000000e+00,0.000000000000000000e+00,1.000000000000000056e-01
