1.000000000000000000e+00,-9.442088452007395258e-14,3.904643551377951574e-14,6.180475708031616137e-21,9.442088452007433124e-14,1.000000000000000000e+00,-9.594021903218917045e-15,2.182709747726278119e-20,-3.904643551377860697e-14,9.594021903222602603e-15,1.000000000000000000e+00,-1.227131851711418651e-20,0.000000000000000000e+00,0.000000000000000000e+00,0.000000000000000000e+00,1.000000000000000056e-01
9.999970979501020540e-01,-2.266478465658185344e-03,-8.168027539024848641e-04,6.462950337395954037e-01,2.265286974243923418e-03,9.999963732277156181e-01,-1.456710794775788968e-03,1.709475375530371960e-02,8.201013951919463880e-04,1.454856274689433557e-03,9.999986054124884172e-01,6.593484206716136546e-03,0.000000000000000000e+00,0.000000000000000000e+00,0.000000000000000000e+00,1.000000000000000056e-01
9.999758305964254745e-01,-6.895608220281482410e-03,-8.881499092717678751e-04,1.299010191274685866e+00,6.894938790212368392e-03,9.999759449060653393e-01,-7.546047315716044842e-04,1.889582889373244215e-02,8.933320033323607998e-04,7.484627539643464453e-04,9.999993208804882627e-01,1.042917282419461925e-02,0.000000000000000000e+00,0.000000000000000000e+00,0.000000000000000000e+00,1.000000000000000056e-01
9.999237800374702889e-01,-1.193635546805549633e-02,-3.155556007575893804e-03,2.001015354395898171e+00,1.193590636526946358e-02,9.999287515522785608e-01,-1.611159244773743783e-04,2.351825597962666284e-02,3.157254316054782569e-03,1.234392231908583817e-04,9.999950082415121067e-01,1.659119153065016089e-02,0.000000000000000000e+00,0.000000000000000000e+00,0.000000000000000000e+00,1.000000000000000056e-01
9.998456297655390346e-01,-1.707134287489905228e-02,-4.157630479035194157e-03,2.705494402995701986e+00,1.706786050285162559e-02,9.998539535311756765e-01,-8.716340589435482133e-04,3.301889115774577638e-02,4.171903235666719889e-03,8.005376475509280634e-04,9.999909771407275993e-01,1.898337358615066403e-02,0.000000000000000000e+00,0.000000000000000000e+00,0.000000000000000000e+00,1.000000000000000056e-01
9.997468982603382459e-01,-2.212930533889962206e-02,-4.053796251729802937e-03,3.417110376609112432e+00,2.212813779043376269e-02,9.997550874416338829e-01,-3.326447031224022562e-04,3.936998172637590221e-02,4.060164622323460780e-03,2.428575481367317463e-04,9.999917280075125703e-01,3.633484311728687327e-02,0.000000000000000000e+00,0.000000000000000000e+00,0.000000000000000000e+00,1.000000000000000056e-01
9.996154057201355192e-01,-2.738614104309121736e-02,-4.363476336209847969e-03,4.159164071044967770e+00,2.739221584802640011e-02,9.996238666515722127e-01,1.338555749644222952e-03,6.777591132545252028e-02,4.325177210690926005e-03,-1.457566234408845616e-03,9.999895841171388966e-01,4.717203854971258048e-02,0.000000000000000000e+00,0.000000000000000000e+00,0.000000000000000000e+00,1.000000000000000056e-01
9.994664684639192886e-01,-3.231959503751954954e-02,-4.714042094869793330e-03,4.927043502466634806e+00,3.233565345617356313e-02,9.994713811913872314e-01,3.371008001018628315e-03,1.001079680113203807e-01,4.602600550092692845e-03,-3.521641093499228593e-03,9.999832069150885738e-01,5.711975544536482957e-02,0.000000000000000000e+00,0.000000000000000000e+00,0.000000000000000000e+00,1.000000000000000056e-01
9.993097720821662033e-01,-3.688024888205446855e-02,-4.452714170796330181e-03,5.697602328809193040e+00,3.689763310930737478e-02,9.993114899025297149e-01,3.887263782819790937e-03,1.416072647493723802e-01,4.306285176347996943e-03,-4.048875298647561065e-03,9.999825311058168076e-01,6.517083164978444698e-02,0.000000000000000000e+00,0.000000000000000000e+00,0.000000000000000000e+00,1.000000000000000056e-01
9.991994790519407310e-01,-3.995774663432475476e-02,-1.944105510871405301e-03,6.491116771020278620e+00,3.996587149579582804e-02,9.991916323570673164e-01,4.337158424675464745e-03,1.838506136258334089e-01,1.769230881435860606e-03,-4.411384309523216050e-03,9.999887046914889277e-01,7.641350433372479101e-02,0.000000000000000000e+00,0.000000000000000000e+00,0.000000000000000000e+00,1.000000000000000056e-01
9.990592678627007173e-01,-4.336488548313446184e-02,-2.569137580725395272e-04,7.288510182193903120e+00,4.336536538175323613e-02,9.990565909079844875e-01,2.318026881456207444e-03,2.203254158776641047e-01,1.561504130361343211e-04,-2.326987398064112901e-03,9.999972803696506318e-01,8.320152433962701988e-02,0.000000000000000000e+00,0.000000000000000000e+00,0.000000000000000000e+00,1.000000000000000056e-01
9.989371516465805900e-01,-4.609041958962184493e-02,4.901859535648866355e-04,8.096948895088146969e+00,4.608893803067926065e-02,9.989337045801283121e-01,2.695115030038068051e-03,2.712308006197964860e-01,-6.138822531044657192e-04,-2.669658381428755001e-03,9.999962480293143052e-01,9.759263243756841066e-02,0.000000000000000000e+00,0.000000000000000000e+00,0.000000000000000000e+00,1.000000000000000056e-01
9.988151692466139542e-01,-4.866442437875304755e-02,-1.774337696893721946e-04,8.927478398128062764e+00,4.866466223386532036e-02,9.988136122163123742e-01,1.765984446629002618e-03,3.059538311786226261e-01,9.128264787556795686e-05,-1.772526808417449916e-03,9.999984249068553099e-01,1.009918090575472466e-01,0.000000000000000000e+00,0.000000000000000000e+00,0.000000000000000000e+00,1.000000000000000056e-01
9.987078777050991674e-01,-5.080936251101732942e-02,-9.918119785124141028e-04,9.700704817278097636e+00,5.081145503009019265e-02,9.987058121274701161e-01,2.212885115735799789e-03,3.768600965080616261e-01,8.780931054373386935e-04,-2.260421207286191989e-03,9.999970597199092648e-01,1.185625124951592002e-01,0.000000000000000000e+00,0.000000000000000000e+00,0.000000000000000000e+00,1.000000000000000056e-01
9.985771009872661530e-01,-5.331338125043524889e-02,-1.206964586466344278e-03,1.050317295448430421e+01,5.331377062078328233e-02,9.985777667095608878e-01,2.927380064110371351e-04,4.394104403530842418e-01,1.189641148308806604e-03,-3.566693029010003938e-04,9.999992287701758853e-01,1.270782270781169732e-01,0.000000000000000000e+00,0.000000000000000000e+00,0.000000000000000000e+00,1.000000000000000056e-01
9.984431279726435626e-01,-5.576897780802419352e-02,-1.068325068240547938e-03,1.131010717078034489e+01,5.576880841988168108e-02,9.984436913365702937e-01,-1.877168879951094272e-04,4.967636412041642191e-01,1.077131203642276488e-03,1.278454207622632948e-04,9.999994117217861911e-01,1.503505136438837986e-01,0.000000000000000000e+00,0.000000000000000000e+00,0.000000000000000000e+00,1.000000000000000056e-01
9.982861441369147437e-01,-5.848491911061078075e-02,-2.070908225026733135e-03,1.216418248757653053e+01,5.848550406178761041e-02,9.982882329727941206e-01,2.229858628222764697e-04,5.461646964414584859e-01,2.054322002460791906e-03,-3.437218086002837470e-04,9.999978308058615761e-01,1.549266762827021526e-01,0.000000000000000000e+00,0.000000000000000000e+00,0.000000000000000000e+00,1.000000000000000056e-01
9.981981278023608350e-01,-5.989020061031238157e-02,-3.696149715333630140e-03,1.304150617123636202e+01,5.990315330989013504e-02,9.981980605902353032e-01,3.499150957691800345e-03,6.073770131405819006e-01,3.479924624675251321e-03,-3.714256957919730498e-03,9.999870471260401406e-01,1.697359274369766025e-01,0.000000000000000000e+00,0.000000000000000000e+00,0.000000000000000000e+00,1.000000000000000056e-01
9.983669156120785759e-01,-5.697588828921445331e-02,-4.153307703483256202e-03,1.392821245764987026e+01,5.700528417241054052e-02,9.983468880863622941e-01,7.340887187460097725e-03,6.695214731837834110e-01,3.728188252701172822e-03,-7.565659385093288607e-03,9.999644300726007184e-01,1.875836307889821586e-01,0.000000000000000000e+00,0.000000000000000000e+00,0.000000000000000000e+00,1.000000000000000056e-01
9.975289627653646241e-01,-7.011938880083590231e-02,-4.386314905816347809e-03,1.488594238220213839e+01,7.014104234203535904e-02,9.975245809093580274e-01,4.994463012413039547e-03,7.611608314727306146e-01,4.025248244342138904e-03,-5.289782207876723465e-03,9.999779075463440803e-01,1.915906235086144438e-01,0.000000000000000000e+00,0.000000000000000000e+00,0.000000000000000000e+00,1.000000000000000056e-01
9.972744868319129985e-01,-7.371026553818851856e-02,-3.224076369199496694e-03,1.582627559517284865e+01,7.371368370145497950e-02,9.972789890486372100e-01,9.543779597218267092e-04,8.417279395109374951e-01,3.144956169255984195e-03,-1.189435335733779941e-03,9.999943472311608739e-01,1.890881904651703915e-01,0.000000000000000000e+00,0.000000000000000000e+00,0.000000000000000000e+00,1.000000000000000056e-01
9.970695958550223059e-01,-7.648620334673716936e-02,-1.442816379184534009e-03,1.673085171561722007e+01,7.648930002443327103e-02,9.970679098934537299e-01,2.229359206573303803e-03,9.258566883477304943e-01,1.268070689946677529e-03,-2.333186298021329950e-03,9.999964741129960810e-01,2.048253854404228913e-01,0.000000000000000000e+00,0.000000000000000000e+00,0.000000000000000000e+00,1.000000000000000056e-01
9.970262849168086694e-01,-7.705412768713869320e-02,-1.117403848589872085e-03,1.760297621971873738e+01,7.705600384854506546e-02,9.970252366993399562e-01,1.746326291991769824e-03,1.001523401694426996e+00,9.795181875425294348e-04,-1.827235890414420335e-03,9.999978508742511929e-01,2.213474152696952857e-01,0.000000000000000000e+00,0.000000000000000000e+00,0.000000000000000000e+00,1.000000000000000056e-01
9.969717025820236111e-01,-7.774232437399382356e-02,-1.885537490930805837e-03,1.850193254548974409e+01,7.774402309629692420e-02,9.969729951283033964e-01,8.449010015770659588e-04,1.074985785191420407e+00,1.814145392031475288e-03,-9.889316602994027965e-04,9.999978654430558000e-01,2.241826200616575115e-01,0.000000000000000000e+00,0.000000000000000000e+00,0.000000000000000000e+00,1.000000000000000056e-01
9.968034478948277766e-01,-7.989189854184056139e-02,-4.132945240907729269e-04,1.941986059633772044e+01,7.989190690022038299e-02,9.968035328980087151e-01,3.727599131930492822e-06,1.150975021996186509e+00,4.116756367694307680e-04,-3.673457130810899311e-05,9.999999145868669892e-01,2.341754761693679576e-01,0.000000000000000000e+00,0.000000000000000000e+00,0.000000000000000000e+00,1.000000000000000056e-01
9.966382992964216703e-01,-8.192055778789672504e-02,1.059522182962199018e-03,2.034523893714942844e+01,8.192292420157462618e-02,9.966357160371190904e-01,-2.425697722695566248e-03,1.214462587343786648e+00,-8.572431390056911181e-04,2.504342408439211385e-03,9.999964966955143808e-01,2.501937324617896641e-01,0.000000000000000000e+00,0.000000000000000000e+00,0.000000000000000000e+00,1.000000000000000056e-01
9.966628135328613469e-01,-8.152700747171762186e-02,4.072244278925676864e-03,2.127860509204752049e+01,8.153390067291702015e-02,9.966693541418606417e-01,-1.556134796647158647e-03,1.304088459038845738e+00,-3.931814062191488560e-03,1.882967645216524887e-03,9.999904975903658455e-01,2.525143734129704498e-01,0.000000000000000000e+00,0.000000000000000000e+00,0.000000000000000000e+00,1.000000000000000056e-01
9.967816017975342779e-01,-7.981828097406544476e-02,7.448512622463399416e-03,2.224176804355819215e+01,7.983274981261682945e-02,9.968068813019115293e-01,-1.665366780303661684e-03,1.394253478169196425e+00,-7.291801923940511437e-03,2.254642211516725420e-03,9.999708726823997029e-01,2.641845146719247750e-01,0.000000000000000000e+00,0.000000000000000000e+00,0.000000000000000000e+00,1.000000000000000056e-01
9.969405717896391295e-01,-7.754388531876175994e-02,9.820497411953682185e-03,2.321438644341178303e+01,7.755566943213791642e-02,9.969876823144022682e-01,-8.242889599319172186e-04,1.471438738493056286e+00,-9.726996385339805110e-03,1.583402357975058263e-03,9.999514380100127386e-01,2.668901511505574753e-01,0.000000000000000000e+00,0.000000000000000000e+00,0.000000000000000000e+00,1.000000000000000056e-01
9.970943797731898206e-01,-7.545620266388770869e-02,1.044793301395996639e-02,2.413416869244268170e+01,7.547921857370006038e-02,9.971457034151182119e-01,-1.825848918343433557e-03,1.557089751999580995e+00,-1.028033988842298567e-02,2.609145514399256478e-03,9.999437519038074651e-01,2.643444083945526435e-01,0.000000000000000000e+00,0.000000000000000000e+00,0.000000000000000000e+00,1.000000000000000056e-01
9.971769675535422373e-01,-7.462825660807417827e-02,8.289674080515429741e-03,2.507453554389873318e+01,7.464918747139723254e-02,9.972073311175433386e-01,-2.244454340451383558e-03,1.633387796696337046e+00,-8.099024051200756982e-03,2.856935607536875091e-03,9.999631211841526479e-01,2.712737481249123395e-01,0.000000000000000000e+00,0.000000000000000000e+00,0.000000000000000000e+00,1.000000000000000056e-01
9.973967278289250782e-01,-7.193000825026671374e-02,5.083426921835292392e-03,2.600546233058112833e+01,7.195040633470342617e-02,9.974003875607577729e-01,-3.950433130842065203e-03,1.708060183155146738e+00,-4.786057294281713392e-03,4.305903710807672084e-03,9.999792762096667564e-01,2.724644257829100247e-01,0.000000000000000000e+00,0.000000000000000000e+00,0.000000000000000000e+00,1.000000000000000056e-01
9.974646522427650375e-01,-7.109925143922517232e-02,3.027205146944877100e-03,2.695864128381782976e+01,7.111142978361113809e-02,9.974598455477878822e-01,-4.125660421531628791e-03,1.778918856007687177e+00,-2.726184210649768881e-03,4.330469323882342805e-03,9.999869073918340456e-01,2.798500969281369488e-01,0.000000000000000000e+00,0.000000000000000000e+00,0.000000000000000000e+00,1.000000000000000056e-01
9.973796446976777030e-01,-7.219603169197967574e-02,4.645142695859852053e-03,2.792729070538110037e+01,7.222158334974908278e-02,9.973729441503993431e-01,-5.590453936819995279e-03,1.849831262117499708e+00,-4.229331056973255343e-03,5.911284521584779864e-03,9.999735843881654151e-01,2.874428904063142109e-01,0.000000000000000000e+00,0.000000000000000000e+00,0.000000000000000000e+00,1.000000000000000056e-01
9.975233115364016134e-01,-6.988226664103849850e-02,7.981964079209358937e-03,2.892192993619232411e+01,6.995742187570117010e-02,9.975041690868546862e-01,-9.559904751034463063e-03,1.919493726372069942e+00,-7.293974633638132359e-03,1.009462547371041928e-02,9.999224452279233954e-01,2.928188795731697658e-01,0.000000000000000000e+00,0.000000000000000000e+00,0.000000000000000000e+00,1.000000000000000056e-01
9.973756355836859155e-01,-7.135297549671942852e-02,1.227169229580958414e-02,2.986652859488531320e+01,7.149959503297981245e-02,9.973689803043712665e-01,-1.195512596079765025e-02,1.973245303845605036e+00,-1.138637142193962663e-02,1.280117238315330377e-02,9.998532294949386001e-01,2.985443737435325429e-01,0.000000000000000000e+00,0.000000000000000000e+00,0.000000000000000000e+00,1.000000000000000056e-01
9.974129920283454354e-01,-7.082524030258159631e-02,1.229262661701161982e-02,3.077262691617822910e+01,7.105940164267733616e-02,9.972757390889880336e-01,-1.979044372158920984e-02,2.019387470590202405e+00,-1.085747536254895798e-02,2.061275237794057275e-02,9.997285779991273991e-01,3.131697357901696011e-01,0.000000000000000000e+00,0.000000000000000000e+00,0.000000000000000000e+00,1.000000000000000056e-01
9.973904728713042234e-01,-7.158037017834685545e-02,9.407190371569080362e-03,3.171194034574851273e+01,7.177396444341753445e-02,9.971745287909093980e-01,-2.216883304783461017e-02,2.083974833863639020e+00,-7.793757350029808205e-03,2.278617422382622076e-02,9.997099817500124663e-01,3.091405402355580923e-01,0.000000000000000000e+00,0.000000000000000000e+00,0.000000000000000000e+00,1.000000000000000056e-01
9.974372063483015749e-01,-7.118621817873763136e-02,7.179257169432942155e-03,3.269091557583037400e+01,7.133476964228591122e-02,9.971836910332795290e-01,-2.315247238043888905e-02,2.166197503172650141e+00,-5.510901212841155632e-03,2.360526802758540488e-02,9.997061674758079830e-01,3.079805196903251385e-01,0.000000000000000000e+00,0.000000000000000000e+00,0.000000000000000000e+00,1.000000000000000056e-01
9.973975687246778854e-01,-7.185593664093245514e-02,5.900361985140670229e-03,3.365758721957083566e+01,7.197358337162806929e-02,9.971410679324093085e-01,-2.301073530466849273e-02,2.244788805729198256e+00,-4.230035312937431222e-03,2.337552164270377195e-02,9.997178060778865172e-01,3.064367690525099386e-01,0.000000000000000000e+00,0.000000000000000000e+00,0.000000000000000000e+00,1.000000000000000056e-01
9.975082164460717937e-01,-7.014160772887800821e-02,7.583731784879376575e-03,3.461264717067261643e+01,7.030501982356976431e-02,9.972366455062804391e-01,-2.400577111839267974e-02,2.301462591014207693e+00,-5.878971864556938390e-03,2.447912834619308392e-02,9.996830547554691471e-01,3.189767206413425815e-01,0.000000000000000000e+00,0.000000000000000000e+00,0.000000000000000000e+00,1.000000000000000056e-01
9.973393706318003371e-01,-7.223798326079991505e-02,9.790483245316488475e-03,3.559075921697851186e+01,7.244117204678590660e-02,9.971235612157237638e-01,-2.229081113285948448e-02,2.388509996404434066e+00,-8.152078278107696696e-03,2.294073762731355451e-02,9.997035891587378043e-01,3.145342538559282586e-01,0.000000000000000000e+00,0.000000000000000000e+00,0.000000000000000000e+00,1.000000000000000056e-01
9.973411415291059123e-01,-7.197309585036472390e-02,1.142457382724259597e-02,3.657196880398262806e+01,7.219895146032910549e-02,9.971739684701953488e-01,-2.076988236439820945e-02,2.466479075088061190e+00,-9.897414887178596424e-03,2.153950043794219255e-02,9.997190060709233439e-01,3.234618776532136031e-01,0.000000000000000000e+00,0.000000000000000000e+00,0.000000000000000000e+00,1.000000000000000056e-01
9.973895311392929619e-01,-7.108687991549243745e-02,1.267985321767474416e-02,3.757158904753563178e+01,7.133099103208488667e-02,9.972528080057676547e-01,-1.996814069942761533e-02,2.544151007725710123e+00,-1.122554640639123955e-02,2.082048098608365455e-02,9.997202081979668087e-01,3.191572042206276549e-01,0.000000000000000000e+00,0.000000000000000000e+00,0.000000000000000000e+00,1.000000000000000056e-01
9.972859280544329463e-01,-7.195975914427443776e-02,1.557468357644476928e-02,3.856317361696427071e+01,7.225548120751193459e-02,9.971986489457941305e-01,-1.933907898928235308e-02,2.612721010510559161e+00,-1.413941795404811616e-02,2.041194759401518399e-02,9.996916670930792170e-01,3.361178719159203521e-01,0.000000000000000000e+00,0.000000000000000000e+00,0.000000000000000000e+00,1.000000000000000056e-01
9.974465658639092291e-01,-6.941023749145423805e-02,1.680973461045859318e-02,3.957614533159888026e+01,6.971233595615748679e-02,9.974028003710680990e-01,-1.810646369358405797e-02,2.692363971940015865e+00,-1.550930242886380296e-02,1.923207589760310768e-02,9.996947478079690752e-01,3.325068560638906878e-01,0.000000000000000000e+00,0.000000000000000000e+00,0.000000000000000000e+00,1.000000000000000056e-01
9.974080206609363675e-01,-7.025290315687970910e-02,1.554895235259169152e-02,4.058575457564872124e+01,7.056335830893017969e-02,9.972984841116266930e-01,-2.040945988547886863e-02,2.774088740667004505e+00,-1.407312280194483907e-02,2.145374528331867037e-02,9.996707878236313904e-01,3.458338498466637656e-01,0.000000000000000000e+00,0.000000000000000000e+00,0.000000000000000000e+00,1.000000000000000056e-01
9.974612874895317782e-01,-6.993375233658967460e-02,1.342573066355033651e-02,4.159355151866405720e+01,7.015827428983130443e-02,9.973901261187826384e-01,-1.705147704545259199e-02,2.846906205744869300e+00,-1.219821742708555173e-02,1.795011434179010282e-02,9.997644707063350067e-01,3.612202607134641918e-01,0.000000000000000000e+00,0.000000000000000000e+00,0.000000000000000000e+00,1.000000000000000056e-01
9.975964098444751738e-01,-6.839327641203488128e-02,1.112487334942807368e-02,4.262631191612062764e+01,6.855503925700529022e-02,9.975364457135693641e-01,-1.487434252696974608e-02,2.920312114039917528e+00,-1.008016160010776277e-02,1.560125683290127137e-02,9.998274806822172733e-01,3.696485846824121846e-01,0.000000000000000000e+00,0.000000000000000000e+00,0.000000000000000000e+00,1.000000000000000056e-01
9.975794973418548039e-01,-6.863973289998143157e-02,1.112355836013937532e-02,4.367522207240742205e+01,6.883591434801067388e-02,9.974595081902837279e-01,-1.833429618694434188e-02,2.989901064582163315e+00,-9.836837858049531785e-03,1.905561828481227432e-02,9.997700335740904443e-01,3.786029533826970606e-01,0.000000000000000000e+00,0.000000000000000000e+00,0.000000000000000000e+00,1.000000000000000056e-01
9.975839664772440107e-01,-6.829579582429708140e-02,1.272454715323596657e-02,4.468835719019455865e+01,6.854544393115220846e-02,9.974405973454427698e-01,-2.034150642030967127e-02,3.075360352597882319e+00,-1.130274054423383891e-02,2.116457039233628212e-02,9.997121130687062207e-01,3.869328717944622853e-01,0.000000000000000000e+00,0.000000000000000000e+00,0.000000000000000000e+00,1.000000000000000056e-01
9.975776555526633116e-01,-6.827746887104482743e-02,1.330444988021882956e-02,4.567511135355373142e+01,6.854577284547669347e-02,9.974294890234893796e-01,-2.087801358743834185e-02,3.140327121521173659e+00,-1.184475272295971819e-02,2.173940364647690415e-02,9.996935031108422631e-01,3.885641567785668715e-01,0.000000000000000000e+00,0.000000000000000000e+00,0.000000000000000000e+00,1.000000000000000056e-01
9.970130501932505940e-01,-7.642739650095224657e-02,1.112792920704827257e-02,4.659094597475991861e+01,7.660482771087130660e-02,9.969249637200848779e-01,-1.650203269585678867e-02,3.196650312129011073e+00,-9.832503025098346394e-03,1.730519505216963211e-02,9.998019064337033690e-01,4.011020664690264081e-01,0.000000000000000000e+00,0.000000000000000000e+00,0.000000000000000000e+00,1.000000000000000056e-01
9.970423156040667534e-01,-7.648956586225143239e-02,7.481123517557300949e-03,4.754824869339699944e+01,7.660171049567830737e-02,9.969322369728889077e-01,-1.607149132370908409e-02,3.272193338722945377e+00,-6.228871809319439130e-03,1.659702378247590940e-02,9.998428576319116079e-01,3.967775704072054044e-01,0.000000000000000000e+00,0.000000000000000000e+00,0.000000000000000000e+00,1.000000000000000056e-01
9.971367858336048773e-01,-7.527586146050119220e-02,7.195486002147294564e-03,4.849495157149075908e+01,7.538178728880792767e-02,9.970295473828713062e-01,-1.580087942652541946e-02,3.363488300977811818e+00,-5.984687341255492433e-03,1.629804671996335289e-02,9.998492672350874910e-01,4.079375626784373932e-01,0.000000000000000000e+00,0.000000000000000000e+00,0.000000000000000000e+00,1.000000000000000056e-01
9.972526811505505462e-01,-7.350272876640617792e-02,9.189058816355519591e-03,4.946607504904127950e+01,7.364422443550569519e-02,9.971538601528855406e-01,-1.614643581390385468e-02,3.450635798640754093e+00,-7.976098377727247959e-03,1.677879751626364102e-02,9.998274120109815755e-01,4.136283207107603332e-01,0.000000000000000000e+00,0.000000000000000000e+00,0.000000000000000000e+00,1.000000000000000056e-01
9.972531179967386583e-01,-7.309107261967809355e-02,1.199640567368735235e-02,5.046502577467435913e+01,7.328984590081194517e-02,9.971647152992099139e-01,-1.706250421482372742e-02,3.540530215233227640e+00,-1.071527571357702886e-02,1.789485025225363152e-02,9.997824549374886294e-01,4.295827941159691687e-01,0.000000000000000000e+00,0.000000000000000000e+00,0.000000000000000000e+00,1.000000000000000056e-01
9.973571103819470762e-01,-7.157068934265839455e-02,1.250722981276914184e-02,5.140108095432721314e+01,7.181120509431399013e-02,9.972182245978072901e-01,-1.997406700949026087e-02,3.612302084661799029e+00,-1.104287976368074214e-02,2.081943700040706641e-02,9.997222643562115874e-01,4.397591160838413282e-01,0.000000000000000000e+00,0.000000000000000000e+00,0.000000000000000000e+00,1.000000000000000056e-01
9.974126135943265359e-01,-7.090837492650779728e-02,1.183556539488024237e-02,5.233900920166725967e+01,7.117047026381694008e-02,9.971890188178851311e-01,-2.342701243118103585e-02,3.682194396687868743e+00,-1.014112446239739951e-02,2.420874045268283856e-02,9.996554878958714419e-01,4.434512907815367222e-01,0.000000000000000000e+00,0.000000000000000000e+00,0.000000000000000000e+00,1.000000000000000056e-01
9.974212965523994168e-01,-7.089211847649351528e-02,1.118323395289567458e-02,5.332325290889531288e+01,7.116499267042253329e-02,9.971189929417516584e-01,-2.625371846131092576e-02,3.759662071582619003e+00,-9.289833257335579006e-03,2.698187266929185160e-02,9.995927558487551767e-01,4.575937599619926965e-01,0.000000000000000000e+00,0.000000000000000000e+00,0.000000000000000000e+00,1.000000000000000056e-01
9.973300111456028239e-01,-7.182146971314318229e-02,1.321080453855347225e-02,5.428774661804682466e+01,7.218543787653655674e-02,9.969542801684506683e-01,-2.951992229629148493e-02,3.838423922000592015e+00,-1.105040392404223887e-02,3.039473214309453344e-02,9.994768875922369622e-01,4.486054319310595617e-01,0.000000000000000000e+00,0.000000000000000000e+00,0.000000000000000000e+00,1.000000000000000056e-01
9.971797261606358820e-01,-7.302493633791863614e-02,1.731913413084441508e-02,5.524345739587282367e+01,7.354929996351781962e-02,9.967823282572022547e-01,-3.186676244973205008e-02,3.922576419338983822e+00,-1.493633854315461543e-02,3.305069964454770970e-02,9.993420620808123322e-01,4.554235520665422254e-01,0.000000000000000000e+00,0.000000000000000000e+00,0.000000000000000000e+00,1.000000000000000056e-01
9.970325432871712801e-01,-7.386965411859393316e-02,2.166522159393396638e-02,5.620127175717158963e+01,7.450500678040587743e-02,9.967646917876469281e-01,-3.015216692261102338e-02,3.990762088345178871e+00,-1.936779778308927655e-02,3.167685915422523146e-02,9.993104947928630466e-01,4.736944724496424675e-01,0.000000000000000000e+00,0.000000000000000000e+00,0.000000000000000000e+00,1.000000000000000056e-01
9.969033413631790408e-01,-7.505688994679741988e-02,2.345615591786565091e-02,5.716782854928475643e+01,7.568057545732988223e-02,9.967681277968747366e-01,-2.693974585553210455e-02,4.064888867654018689e+00,-2.135833507968916412e-02,2.863149803673573773e-02,9.993618257882357359e-01,4.619819129904455535e-01,0.000000000000000000e+00,0.000000000000000000e+00,0.000000000000000000e+00,1.000000000000000056e-01
9.967343814423972326e-01,-7.857931705500767472e-02,1.859741330965909017e-02,5.806609969388857451e+01,7.908244977027001354e-02,9.964727739643362003e-01,-2.807092599387620360e-02,4.144367264340310442e+00,-1.632602183553680947e-02,2.944998606093957375e-02,9.994329188755171067e-01,4.654198150321312011e-01,0.000000000000000000e+00,0.000000000000000000e+00,0.000000000000000000e+00,1.000000000000000056e-01
9.964707056569458432e-01,-8.296812304426159912e-02,1.274454102981689360e-02,5.898436075977681980e+01,8.329308669417070932e-02,9.961447395070099908e-01,-2.753034074377840035e-02,4.227828090221659174e+00,-1.041126680600309648e-02,2.849471022880298299e-02,9.995397225785830342e-01,4.637584783532705535e-01,0.000000000000000000e+00,0.000000000000000000e+00,0.000000000000000000e+00,1.000000000000000056e-01
9.965298918773254355e-01,-8.285843620637570184e-02,7.915437094687364714e-03,5.993797584404032364e+01,8.305856064424094187e-02,9.961031098327929323e-01,-2.966260415313991608e-02,4.308425963864030095e+00,-5.426794511766013657e-03,3.021711652148318869e-02,9.995286267888749965e-01,4.737246436461463039e-01,0.000000000000000000e+00,0.000000000000000000e+00,0.000000000000000000e+00,1.000000000000000056e-01
9.963960737127527389e-01,-8.442467402874929971e-02,8.206016387384603566e-03,6.084983718748569714e+01,8.461649605298536547e-02,9.960523729830739192e-01,-2.682757667965158729e-02,4.396517623990209955e+00,-5.908712679231565082e-03,2.742525642408651446e-02,9.996063937493334661e-01,4.763711527980256100e-01,0.000000000000000000e+00,0.000000000000000000e+00,0.000000000000000000e+00,1.000000000000000056e-01
9.963363701840333153e-01,-8.485974308594704252e-02,1.061420990427848141e-02,6.177899869987501802e+01,8.511142660092915757e-02,9.960302577492183840e-01,-2.607241281470045607e-02,4.491255336520175057e+00,-8.359575973676567490e-03,2.688028369293318093e-02,9.996037053943566120e-01,4.969731437575781730e-01,0.000000000000000000e+00,0.000000000000000000e+00,0.000000000000000000e+00,1.000000000000000056e-01
9.961679477257142645e-01,-8.688860673138315560e-02,9.989491689648119510e-03,6.267429618861485352e+01,8.711837573597130957e-02,9.958718429484764156e-01,-2.548844898245564497e-02,4.576511302699929118e+00,-7.733597679258851464e-03,2.626104420399453729e-02,9.996252042762082679e-01,5.119649796937597586e-01,0.000000000000000000e+00,0.000000000000000000e+00,0.000000000000000000e+00,1.000000000000000056e-01
9.959713688836726586e-01,-8.912143727168710117e-02,9.919767266020687591e-03,6.348854806824584784e+01,8.933332962393257526e-02,9.957247416721057842e-01,-2.349031801232330866e-02,4.656593810151269608e+00,-7.783866795178607384e-03,2.428185002521456373e-02,9.996748487268587446e-01,5.205293927346157368e-01,0.000000000000000000e+00,0.000000000000000000e+00,0.000000000000000000e+00,1.000000000000000056e-01
9.958091286401863362e-01,-9.086171749906721273e-02,1.040805505330162986e-02,6.430878126027889152e+01,9.107679162676982076e-02,9.955898397130131805e-01,-2.249197828539505756e-02,4.738072149435015312e+00,-8.318494085278065053e-03,2.334564955910274631e-02,9.996928444791514101e-01,5.297564847023571444e-01,0.000000000000000000e+00,0.000000000000000000e+00,0.000000000000000000e+00,1.000000000000000056e-01
9.957442635920639162e-01,-9.166439196160121317e-02,9.539432362995458811e-03,6.510406752795923069e+01,9.186733293833725111e-02,9.954911954268225172e-01,-2.361510039090457952e-02,4.815694104693933220e+00,-7.331757108287229388e-03,2.439096295732799680e-02,9.996756105175915730e-01,5.328451874254582776e-01,0.000000000000000000e+00,0.000000000000000000e+00,0.000000000000000000e+00,1.000000000000000056e-01
9.957491113841508978e-01,-9.160714269978059709e-02,9.583244964821890227e-03,6.590686251457083245e+01,9.182564538063228698e-02,9.954459325912933254e-01,-2.560168232520361117e-02,4.893438340265835684e+00,-7.194305255138564587e-03,2.637284007899628677e-02,9.996262878086308312e-01,5.418210251726452986e-01,0.000000000000000000e+00,0.000000000000000000e+00,0.000000000000000000e+00,1.000000000000000056e-01
9.956188255759236272e-01,-9.285508373983540620e-02,1.100398030199135554e-02,6.666327119421578118e+01,9.311317212281371158e-02,9.953191162219245935e-01,-2.588037983558741373e-02,4.967766761872893788e+00,-8.549347112249285063e-03,2.679160888926172823e-02,9.996044809608843895e-01,5.542159099560599600e-01,0.000000000000000000e+00,0.000000000000000000e+00,0.000000000000000000e+00,1.000000000000000056e-01
9.953115159026857395e-01,-9.574211221018889828e-02,1.372713593687506159e-02,6.745989911734939426e+01,9.605843032102200085e-02,9.950714223154508709e-01,-2.460980404974791313e-02,5.059680454914988523e+00,-1.130328606022207999e-02,2.581302850572216034e-02,9.996028827907628145e-01,5.622578421079189592e-01,0.000000000000000000e+00,0.000000000000000000e+00,0.000000000000000000e+00,1.000000000000000056e-01
9.952054857352289341e-01,-9.639945326866733444e-02,1.652835660339533469e-02,6.820125289167634719e+01,9.677010936554075737e-02,9.950335054354003672e-01,-2.332099899919366781e-02,5.138430166440048907e+00,-1.419813705696140044e-02,2.480863701296654594e-02,9.995913887352524396e-01,5.697362678689722459e-01,0.000000000000000000e+00,0.000000000000000000e+00,0.000000000000000000e+00,1.000000000000000056e-01
9.949765714207928768e-01,-9.848535253906769149e-02,1.795153639606678064e-02,6.892880961792322125e+01,9.885191862016341757e-02,9.948842510344734213e-01,-2.082366991400813258e-02,5.211964503536360205e+00,-1.580887436968072407e-02,2.249360751036902709e-02,9.996219871092938414e-01,5.755368953675311650e-01,0.000000000000000000e+00,0.000000000000000000e+00,0.000000000000000000e+00,1.000000000000000056e-01
9.950931261800975980e-01,-9.780294319389871982e-02,1.497513044121737136e-02,6.959655004434546299e+01,9.808652074628833317e-02,9.949859735037011044e-01,-1.954346383781973076e-02,5.292626517456428203e+00,-1.298863645685727902e-02,2.091642496946456362e-02,9.996968532957820619e-01,5.881061781870404737e-01,0.000000000000000000e+00,0.000000000000000000e+00,0.000000000000000000e+00,1.000000000000000056e-01
9.950809882872957424e-01,-9.861679330669663457e-02,9.410357436518969679e-03,7.028733587719084142e+01,9.878091144612811958e-02,9.949287627096602415e-01,-1.894963500695681646e-02,5.367352217856784513e+00,-7.493883042253064557e-03,1.978598521501932078e-02,9.997761531993148987e-01,5.902333549328019346e-01,0.000000000000000000e+00,0.000000000000000000e+00,0.000000000000000000e+00,1.000000000000000056e-01
9.952308611308844366e-01,-9.749912837608375182e-02,3.074576163006298435e-03,7.101751719853660916e+01,9.754294572519579820e-02,9.949966784898711669e-01,-2.160980178936222629e-02,5.429395631716321446e+00,-9.522562311126481823e-04,2.180664485949079801e-02,9.997617533432864301e-01,6.080812147812278967e-01,0.000000000000000000e+00,0.000000000000000000e+00,0.000000000000000000e+00,1.000000000000000056e-01
9.950983199570629933e-01,-9.889025466947799770e-02,2.261637381396682401e-04,7.171543798518267465e+01,9.887511077087728084e-02,9.949003650299176327e-01,-1.992425992059251166e-02,5.504998785411149953e+00,1.745304752016579907e-03,1.984895953803036961e-02,9.998014666505447012e-01,6.082447433455508978e-01,0.000000000000000000e+00,0.000000000000000000e+00,0.000000000000000000e+00,1.000000000000000056e-01
9.950613938410336479e-01,-9.921894901499099528e-02,2.902179095095785370e-03,7.237423658964176809e+01,9.925647710433289916e-02,9.948775497117298139e-01,-1.915235840364390082e-02,5.579094661618285933e+00,-9.870359549855219072e-04,1.934583252137797929e-02,9.998123646585285185e-01,6.202604446949863126e-01,0.000000000000000000e+00,0.000000000000000000e+00,0.000000000000000000e+00,1.000000000000000056e-01
9.949363318490810348e-01,-1.003067342890416325e-01,6.344653100274724733e-03,7.297739869796984635e+01,1.004171184157351127e-01,9.947340491003607843e-01,-2.050789822193728115e-02,5.645382726920018968e+00,-4.254162170798863468e-03,2.104116481254561868e-02,9.997695591922950431e-01,6.356144105633521058e-01,0.000000000000000000e+00,0.000000000000000000e+00,0.000000000000000000e+00,1.000000000000000056e-01
9.949188829806950851e-01,-1.006175743378498466e-01,3.538364426301708783e-03,7.356687874572622832e+01,1.006711739038252673e-01,9.946786234963370665e-01,-2.190321219040409356e-02,5.697526732794988114e+00,-1.315687376176507108e-03,2.214813070666131478e-02,9.997538343376977110e-01,6.552009492922246103e-01,0.000000000000000000e+00,0.000000000000000000e+00,0.000000000000000000e+00,1.000000000000000056e-01
9.949034774138840742e-01,-1.008318194354608649e-01,1.217337077174833124e-04,7.420680300454270650e+01,1.007924800444799512e-01,9.944801152012164858e-01,-2.915778516723108865e-02,5.748417925130798523e+00,2.818970777445449667e-03,2.902145169887103415e-02,9.995748139809476074e-01,6.712909006724762095e-01,0.000000000000000000e+00,0.000000000000000000e+00,0.000000000000000000e+00,1.000000000000000056e-01
9.950396243506616223e-01,-9.943708221607322484e-02,-2.900457282578114068e-03,7.483004046016166910e+01,9.928826991630193555e-02,9.945122684256680889e-01,-3.297252504524762068e-02,5.818105789577522557e+00,6.163232035364330647e-03,3.252098754936266073e-02,9.994520498451601176e-01,6.973521954876199525e-01,0.000000000000000000e+00,0.000000000000000000e+00,0.000000000000000000e+00,1.000000000000000056e-01
9.954639712069800472e-01,-9.511053400965681359e-02,-2.338450176234288178e-03,7.543538336470371064e+01,9.499630664187368179e-02,9.950147332804495370e-01,-3.035427942216514102e-02,5.871077912329642601e+00,5.213804103715843040e-03,2.999444740670653003e-02,9.995364672544641005e-01,7.100853655506674800e-01,0.000000000000000000e+00,0.000000000000000000e+00,0.000000000000000000e+00,1.000000000000000056e-01
9.959292545369275995e-01,-9.013833673903161314e-02,1.440280051197674951e-05,7.600013703664954789e+01,9.010921856106375583e-02,9.956034441610949193e-01,-2.557558806518460751e-02,5.949274503658617874e+00,2.291001491523078724e-03,2.547277418120207429e-02,9.996728910437050475e-01,7.135347918525020150e-01,0.000000000000000000e+00,0.000000000000000000e+00,0.000000000000000000e+00,1.000000000000000056e-01
9.965248135425135434e-01,-8.325203207347668666e-02,2.719402451899020478e-03,7.655859032494591077e+01,8.329511554312422905e-02,9.961615506336851666e-01,-2.690889752014054628e-02,5.988148265711943807e+00,-4.687437638721358817e-04,2.704189702533184650e-02,9.996341911342144781e-01,7.274737098545881464e-01,0.000000000000000000e+00,0.000000000000000000e+00,0.000000000000000000e+00,1.000000000000000056e-01
9.970750334012705718e-01,-7.610593028053858067e-02,7.018913305419938360e-03,7.713551056914337778e+01,7.629114392463665073e-02,9.965834085254403618e-01,-3.164128964637123037e-02,6.016384046537273100e+00,-4.586842762246911252e-03,3.208422085619321712e-02,9.994746438232064989e-01,7.396477607603406668e-01,0.000000000000000000e+00,0.000000000000000000e+00,0.000000000000000000e+00,1.000000000000000056e-01
9.977454453519735145e-01,-6.645780664650648151e-02,9.348059431113399029e-03,7.768346240346680531e+01,6.674746489470677335e-02,9.971507924126886691e-01,-3.514360711248835922e-02,6.036915153834964798e+00,-6.985857822913091666e-03,3.568833319843635332e-02,9.993385515749881876e-01,7.543296665060682527e-01,0.000000000000000000e+00,0.000000000000000000e+00,0.000000000000000000e+00,1.000000000000000056e-01
9.983777164252158887e-01,-5.623802027758213057e-02,8.900585420605433215e-03,7.817986112024220802e+01,5.650413433867238627e-02,9.978509259835619538e-01,-3.317849177381552300e-02,6.075151021873173462e+00,-7.015564710591494675e-03,3.362758672587346648e-02,9.994098094689611855e-01,7.622184082749117184e-01,0.000000000000000000e+00,0.000000000000000000e+00,0.000000000000000000e+00,1.000000000000000056e-01
9.991483029548937633e-01,-4.045064111790783179e-02,8.149499095406666227e-03,7.867171856923665985e+01,4.066552846053445025e-02,9.987747972346086023e-01,-2.819963127404349554e-02,6.115999877286581565e+00,-6.998821142254754539e-03,2.850701741881766713e-02,9.995690903887044509e-01,7.593254171295130694e-01,0.000000000000000000e+00,0.000000000000000000e+00,0.000000000000000000e+00,1.000000000000000056e-01
9.996673633966008943e-01,-2.427595845671789640e-02,8.708639428520735179e-03,7.915174332273073787e+01,2.446607728848675459e-02,9.994489414632335977e-01,-2.243266524815329399e-02,6.131910511705027211e+00,-8.159266008782398508e-03,2.263826956791571005e-02,9.997104256379285570e-01,7.632222809406343789e-01,0.000000000000000000e+00,0.000000000000000000e+00,0.000000000000000000e+00,1.000000000000000056e-01
9.999582093457889398e-01,1.609453958889453789e-03,8.999401086608068562e-03,7.964582020378401239e+01,-1.399220436514691211e-03,9.997271069772449836e-01,-2.331852819279760583e-02,6.144979605675998435e+00,-9.034475310357933941e-03,2.330496155033241409e-02,9.996875797082827031e-01,7.666037918228727488e-01,0.000000000000000000e+00,0.000000000000000000e+00,0.000000000000000000e+00,1.000000000000000056e-01
9.995943282304343702e-01,2.617416077810763228e-02,1.122908175713122764e-02,8.014338160261139876e+01,-2.589386007474342097e-02,9.993663714913800789e-01,-2.442055573860777568e-02,6.136811519512265001e+00,-1.186115424299734322e-02,2.411988473676050793e-02,9.996387068237749807e-01,7.814923100082655782e-01,0.000000000000000000e+00,0.000000000000000000e+00,0.000000000000000000e+00,1.000000000000000056e-01
9.985141882915644640e-01,5.290477792111956956e-02,1.305757456632355984e-02,8.062607921869550864e+01,-5.259905285242641448e-02,9.983567448661955224e-01,-2.274092388628464606e-02,6.116246392087353101e+00,-1.423922116780738586e-02,2.202031910057521136e-02,9.996561159354966364e-01,7.854211967310529285e-01,0.000000000000000000e+00,0.000000000000000000e+00,0.000000000000000000e+00,1.000000000000000056e-01
9.964167637545046086e-01,8.342206935952641012e-02,1.394242635892485767e-02,8.111959458592215810e+01,-8.310739193694567650e-02,9.963020660456440858e-01,-2.180262825028135565e-02,6.074657930873681444e+00,-1.570968855320102261e-02,2.056578559052471555e-02,9.996650709855806616e-01,7.836328724276850899e-01,0.000000000000000000e+00,0.000000000000000000e+00,0.000000000000000000e+00,1.000000000000000056e-01
