9.999986374413801782e-01,-1.627158531427283115e-03,-2.783352235901820652e-04,6.752053376995995615e-01,1.627190404820942323e-03,9.999986695895553002e-01,1.143263135791226863e-04,-3.145039097792917682e-02,2.781488262535865806e-04,-1.147790622079682756e-04,9.999999547294976532e-01,9.749055432925637574e-03,0.000000000000000000e+00,0.000000000000000000e+00,0.000000000000000000e+00,1.000000000000000056e-01
9.999844350058216813e-01,-5.490493614497930774e-03,-9.920816280538109072e-04,1.344792488677298170e+00,5.491783849626659039e-03,9.999840717446235594e-01,1.302523394218566737e-03,-5.717559188608181686e-03,9.849143295455938668e-04,-1.307951418311975892e-03,9.999986596025270957e-01,1.987491053401962623e-02,0.000000000000000000e+00,0.000000000000000000e+00,0.000000000000000000e+00,1.000000000000000056e-01
9.999488976399562024e-01,-9.930438703820447868e-03,-1.894332543675844019e-03,2.062133658227512711e+00,9.929622054230957326e-03,9.999506032737995875e-01,-4.400207090796093789e-04,1.948239237470639771e-03,1.898608568529778140e-03,4.211882167791762273e-04,9.999981089412067758e-01,1.629788951075474349e-02,0.000000000000000000e+00,0.000000000000000000e+00,0.000000000000000000e+00,1.000000000000000056e-01
9.998898420003630161e-01,-1.441853245902443258e-02,-3.522752647738015656e-03,2.749144481451157418e+00,1.441609611398794906e-02,9.998958263179407169e-01,-7.160201078684213811e-04,1.568426531043154090e-02,3.532709628790331631e-03,6.651568917700420060e-04,9.999935387436200696e-01,2.064446865392715116e-02,0.000000000000000000e+00,0.000000000000000000e+00,0.000000000000000000e+00,1.000000000000000056e-01
9.998134738695977353e-01,-1.916171414883826793e-02,-2.417887442685601358e-03,3.450640778526380181e+00,1.915881590780123614e-02,9.998157133456009316e-01,-1.216190872430857398e-03,2.692442695231384367e-02,2.440746160146021158e-03,1.169640160653394670e-03,9.999963373433305991e-01,2.399350736711616111e-02,0.000000000000000000e+00,0.000000000000000000e+00,0.000000000000000000e+00,1.000000000000000056e-01
9.996248542244563495e-01,-2.707322155683912143e-02,-4.146262325114931889e-03,4.189394578852998485e+00,2.706774738753477474e-02,9.996326615801746085e-01,-1.370749247957920788e-03,2.275364717429668310e-02,4.181849841753077467e-03,1.258005035949556240e-03,9.999904647321545825e-01,2.542720121446707948e-02,0.000000000000000000e+00,0.000000000000000000e+00,0.000000000000000000e+00,1.000000000000000056e-01
9.996203246383116303e-01,-2.738822550498773781e-02,-3.015240236613870185e-03,4.961194062483426315e+00,2.739426310069995388e-02,9.996227466061730071e-01,1.979600136480701936e-03,6.208804756675669057e-02,2.959884992053766258e-03,-2.061448815436502189e-03,9.999934947336482916e-01,2.772399353327371571e-02,0.000000000000000000e+00,0.000000000000000000e+00,0.000000000000000000e+00,1.000000000000000056e-01
9.995866147028288351e-01,-2.856508231484223420e-02,-3.261254250239403307e-03,5.713116012331083127e+00,2.857397911762295240e-02,9.995879938509959484e-01,2.714823443062436888e-03,1.012224021274750752e-01,3.182361438313496913e-03,-2.806888185810258677e-03,9.999909969366665985e-01,4.201781393705751599e-02,0.000000000000000000e+00,0.000000000000000000e+00,0.000000000000000000e+00,1.000000000000000056e-01
9.994814114611705325e-01,-3.217908802594642709e-02,-1.189301225437710413e-03,6.476644825930532257e+00,3.218112935367693078e-02,9.994805403209310324e-01,1.739089791172692767e-03,1.496076202249489451e-01,1.132721107929657127e-03,-1.776460975715292738e-03,9.999977805621838023e-01,4.540488695902848010e-02,0.000000000000000000e+00,0.000000000000000000e+00,0.000000000000000000e+00,1.000000000000000056e-01
9.993684502214957854e-01,-3.551799775106843221e-02,1.082837772184146174e-03,7.268193515502753499e+00,3.551570363475625020e-02,9.993669767687383132e-01,2.068946456578110282e-03,1.743764552327117245e-01,-1.155637146310488188e-03,-2.029182068500309192e-03,9.999972734577424749e-01,5.653348700746695793e-02,0.000000000000000000e+00,0.000000000000000000e+00,0.000000000000000000e+00,1.000000000000000056e-01
9.993307627225348488e-01,-3.656979154711004210e-02,8.228138292855563876e-04,8.054300579145685646e+00,3.656760864517812071e-02,9.993279845137231776e-01,2.527719468779979564e-03,1.967847152913858033e-01,-9.146990597128095042e-04,-2.495939490587343289e-03,9.999964667996029677e-01,6.400998774018665238e-02,0.000000000000000000e+00,0.000000000000000000e+00,0.000000000000000000e+00,1.000000000000000056e-01
9.992881560969523180e-01,-3.772306831162379470e-02,-3.888463830867313741e-04,8.883594791274971314e+00,3.772374646701229239e-02,9.992863690356972306e-01,1.916145074073863971e-03,2.475320210545918498e-01,3.162860187431337138e-04,-1.929449820255708156e-03,9.999980885914460105e-01,8.426926983773498636e-02,0.000000000000000000e+00,0.000000000000000000e+00,0.000000000000000000e+00,1.000000000000000056e-01
9.992131411452839229e-01,-3.966201356094226776e-02,1.524561131839465412e-04,9.645619088719019629e+00,3.966163588221031239e-02,9.992112165821905867e-01,1.974663385412230108e-03,3.107303751624129196e-01,-2.306549843004394179e-04,-1.967062945193216120e-03,9.999980387289006956e-01,9.499301976603699571e-02,0.000000000000000000e+00,0.000000000000000000e+00,0.000000000000000000e+00,1.000000000000000056e-01
9.990615285988302396e-01,-4.331327094030313490e-02,-1.504467367977805996e-04,1.042247783659227700e+01,4.331349100672849534e-02,9.990593430180623180e-01,2.090604010269555852e-03,3.611689596751465614e-01,5.975432009871247378e-05,-2.095158411576029511e-03,9.999978033679132183e-01,1.020445888490442848e-01,0.000000000000000000e+00,0.000000000000000000e+00,0.000000000000000000e+00,1.000000000000000056e-01
9.990082644057921568e-01,-4.451909806963738614e-02,7.331821006975203919e-04,1.119493593801498044e+01,4.451977637928068721e-02,9.990080643773290303e-01,-9.363867797716284415e-04,3.540416731488200131e-01,-6.907677363741687900e-04,9.680992348405282515e-04,9.999992928116528956e-01,1.217499871711582304e-01,0.000000000000000000e+00,0.000000000000000000e+00,0.000000000000000000e+00,1.000000000000000056e-01
9.989743489505565899e-01,-4.525988787474739816e-02,-1.338913132723855079e-03,1.205917000596467581e+01,4.525902292267758309e-02,9.989750611096387400e-01,-6.694214502257033036e-04,4.028224463112944909e-01,1.367838768361477001e-03,6.081369572473364167e-04,9.999988795926448848e-01,1.264574810151809503e-01,0.000000000000000000e+00,0.000000000000000000e+00,0.000000000000000000e+00,1.000000000000000056e-01
9.987752359167089145e-01,-4.934941397260392271e-02,-3.558575569369423590e-03,1.294946231809800707e+01,4.935293215939014211e-02,9.987809891307837251e-01,9.076553332643875994e-04,4.921010200294887449e-01,3.509445368285728228e-03,-1.082169808271350037e-03,9.999932563281179743e-01,1.470209786699862853e-01,0.000000000000000000e+00,0.000000000000000000e+00,0.000000000000000000e+00,1.000000000000000056e-01
9.988453013497503585e-01,-4.801845134786424107e-02,-1.514034900254727575e-03,1.381426004763766535e+01,4.802265611244041499e-02,9.988421083562637470e-01,2.875252044622391302e-03,5.509914459320930380e-01,1.374216661477850078e-03,-2.944639972324504095e-03,9.999947202980626892e-01,1.444687696854182746e-01,0.000000000000000000e+00,0.000000000000000000e+00,0.000000000000000000e+00,1.000000000000000056e-01
9.982041221593894731e-01,-5.988810050293340292e-02,-1.394963136844265452e-03,1.476681446395965480e+01,5.988673781432879428e-02,9.982046787238031404e-01,-9.990034367768350129e-04,6.595265898233997337e-01,1.452287148069645543e-03,9.136695570051876162e-04,9.999985280339067639e-01,1.505426153459387129e-01,0.000000000000000000e+00,0.000000000000000000e+00,0.000000000000000000e+00,1.000000000000000056e-01
9.974509500537970252e-01,-7.131014660461042209e-02,2.542681263274651406e-03,1.575390060323236519e+01,7.131913795824289248e-02,9.974469040462714542e-01,-3.640627610903701770e-03,7.334065463953939323e-01,-2.276575865363428351e-03,3.812689305087306729e-03,9.999901402526887306e-01,1.493788472211897422e-01,0.000000000000000000e+00,0.000000000000000000e+00,0.000000000000000000e+00,1.000000000000000056e-01
9.973031893299252326e-01,-7.335209742686957246e-02,2.412126745933064562e-03,1.669255387109387812e+01,7.336045760297535412e-02,9.972990580898113411e-01,-3.582177195101868446e-03,7.960387512971682789e-01,-2.142851521096864314e-03,3.749471463298044774e-03,9.999906747820723751e-01,1.666095707555351191e-01,0.000000000000000000e+00,0.000000000000000000e+00,0.000000000000000000e+00,1.000000000000000056e-01
9.972728966755068924e-01,-7.369889066912375941e-02,3.904237516376860180e-03,1.760610640988673481e+01,7.371874419936282063e-02,9.972654532702227570e-01,-5.211762408829370523e-03,8.672569886859341493e-01,-3.509460088482413073e-03,5.485364881001124869e-03,9.999787970062213871e-01,1.703275189183198202e-01,0.000000000000000000e+00,0.000000000000000000e+00,0.000000000000000000e+00,1.000000000000000056e-01
9.971072756128310788e-01,-7.598813115970343146e-02,1.698482503119912342e-03,1.854128085118235347e+01,7.599740578454114437e-02,9.970880943696177612e-01,-6.302886670719669640e-03,9.276385472441495139e-01,-1.214592103336579326e-03,6.413734420745264078e-03,9.999786941614319247e-01,1.634616983999560014e-01,0.000000000000000000e+00,0.000000000000000000e+00,0.000000000000000000e+00,1.000000000000000056e-01
9.969638614426029610e-01,-7.781777988901886212e-02,2.729855417161025991e-03,1.948585863185198619e+01,7.784075526594225192e-02,9.969188772180689329e-01,-9.673110455927766416e-03,1.012348645491465859e+00,-1.968704417142278992e-03,9.856235559741202690e-03,9.999494881360302401e-01,1.727639935905307400e-01,0.000000000000000000e+00,0.000000000000000000e+00,0.000000000000000000e+00,1.000000000000000056e-01
9.966674218642646021e-01,-8.153373605465623342e-02,2.509995898328316356e-03,2.043168499014793227e+01,8.155122375034067062e-02,9.966377899213930691e-01,-7.906554586107183286e-03,1.089266376780405610e+00,-1.856905830096299915e-03,8.084898612281534586e-03,9.999655925656478761e-01,1.874769832382243984e-01,0.000000000000000000e+00,0.000000000000000000e+00,0.000000000000000000e+00,1.000000000000000056e-01
9.966175965536552273e-01,-8.192754873399349380e-02,6.422071165504038108e-03,2.135412117698089318e+01,8.196989286910186245e-02,9.966127312113751691e-01,-6.633298608621418166e-03,1.157501785312327280e+00,-5.856867989261836487e-03,7.137278601981097287e-03,9.999573772674084093e-01,1.899465832531391507e-01,0.000000000000000000e+00,0.000000000000000000e+00,0.000000000000000000e+00,1.000000000000000056e-01
9.968421178921808012e-01,-7.897920093530465258e-02,8.250928181257107669e-03,2.232381574191701290e+01,7.904065287790325300e-02,9.968438708779731039e-01,-7.407582983242732254e-03,1.256460537004930211e+00,-7.639842201662018668e-03,8.036349459773016457e-03,9.999385230595398966e-01,1.928502299731615077e-01,0.000000000000000000e+00,0.000000000000000000e+00,0.000000000000000000e+00,1.000000000000000056e-01
9.968724093014373899e-01,-7.819420933586845868e-02,1.144837105818334415e-02,2.330427371986696983e+01,7.826645151417971347e-02,9.969143984287487381e-01,-6.003729909363797121e-03,1.333908989412828872e+00,-1.094358903312914015e-02,6.880976077884234238e-03,9.999164415226352576e-01,2.003707756771373749e-01,0.000000000000000000e+00,0.000000000000000000e+00,0.000000000000000000e+00,1.000000000000000056e-01
9.969385380425707099e-01,-7.710432803655077605e-02,1.297975206134037093e-02,2.424578133149434578e+01,7.718670590697150613e-02,9.969987861886491221e-01,-5.969319022375488455e-03,1.397873308050615604e+00,-1.248053671812990317e-02,6.952908484380813069e-03,9.998979414254413056e-01,2.125946615072990264e-01,0.000000000000000000e+00,0.000000000000000000e+00,0.000000000000000000e+00,1.000000000000000056e-01
9.969547648732597356e-01,-7.698258941492085172e-02,1.244498788577634400e-02,2.519220680966173376e+01,7.708288704417405601e-02,9.969942512038614257e-01,-7.790480818714507448e-03,1.483744337789194345e+00,-1.180784999220879823e-02,8.726052568336573750e-03,9.998922095331757021e-01,2.008746378501914398e-01,0.000000000000000000e+00,0.000000000000000000e+00,0.000000000000000000e+00,1.000000000000000056e-01
9.976585454692381560e-01,-6.790053931672783427e-02,8.181895422304706622e-03,2.613828674225289816e+01,6.795449347505071180e-02,9.976672015255144688e-01,-6.507058997572173764e-03,1.583218728423337218e+00,-7.720975893844236188e-03,7.047819573888926270e-03,9.999453558922610785e-01,2.029853178843259442e-01,0.000000000000000000e+00,0.000000000000000000e+00,0.000000000000000000e+00,1.000000000000000056e-01
9.978955751921861905e-01,-6.470920435824921435e-02,4.140034200128671349e-03,2.708731007401888036e+01,6.474800617078914355e-02,9.978510525713211177e-01,-1.004851129342448912e-02,1.644534766686776450e+00,-3.480906313497281711e-03,1.029542391691421963e-02,9.999409420248815961e-01,2.045524840347747730e-01,0.000000000000000000e+00,0.000000000000000000e+00,0.000000000000000000e+00,1.000000000000000056e-01
9.977492129567842039e-01,-6.664638729565923458e-02,7.400480021906049102e-03,2.807400451780971551e+01,6.672535987613285868e-02,9.977108198015975926e-01,-1.099301597490748468e-02,1.703162668547069991e+00,-6.650894189370176734e-03,1.146207272970311240e-02,9.999121893922590099e-01,2.155677487945626136e-01,0.000000000000000000e+00,0.000000000000000000e+00,0.000000000000000000e+00,1.000000000000000056e-01
9.974916905190627237e-01,-6.971022855385898553e-02,1.228052850617875232e-02,2.910082359406884933e+01,6.986598371542586394e-02,9.974749499660355845e-01,-1.274631357415086270e-02,1.754153302868421305e+00,-1.136097112478391506e-02,1.357233307959532752e-02,9.998433477849809625e-01,2.119331611249098690e-01,0.000000000000000000e+00,0.000000000000000000e+00,0.000000000000000000e+00,1.000000000000000056e-01
9.975100884435679216e-01,-6.813313453422775723e-02,1.820712585352603566e-02,3.006815867308845824e+01,6.844335523710207148e-02,9.975102311862318327e-01,-1.699546417954517566e-02,1.822187729236131259e+00,-1.700384007197097355e-02,1.819930375951710547e-02,9.996897792642853720e-01,2.143009222810695613e-01,0.000000000000000000e+00,0.000000000000000000e+00,0.000000000000000000e+00,1.000000000000000056e-01
9.977522289578818482e-01,-6.523136135680895897e-02,1.534141796301594952e-02,3.100868627354612883e+01,6.559511206571375097e-02,9.975445133184775992e-01,-2.454027753078637242e-02,1.871621961238027820e+00,-1.370295160412499276e-02,2.549143863611811472e-02,9.995811201066154839e-01,2.182655880075817234e-01,0.000000000000000000e+00,0.000000000000000000e+00,0.000000000000000000e+00,1.000000000000000056e-01
9.978438863475123100e-01,-6.399821887310791491e-02,1.455357206883010901e-02,3.194753566022806979e+01,6.435205613212510722e-02,9.976063764387541610e-01,-2.530475370965802606e-02,1.952266666610811718e+00,-1.289927712938508664e-02,2.618674607140807770e-02,9.995738406839841383e-01,2.159233155468088527e-01,0.000000000000000000e+00,0.000000000000000000e+00,0.000000000000000000e+00,1.000000000000000056e-01
9.979795316441794073e-01,-6.255624532250878000e-02,1.111623094462961363e-02,3.292236633082804786e+01,6.283105793590118560e-02,9.976753862394891481e-01,-2.638336313932768129e-02,2.027138185713196705e+00,-9.439945864234093945e-03,2.702850093949542981e-02,9.995900897663221318e-01,2.144144362399448556e-01,0.000000000000000000e+00,0.000000000000000000e+00,0.000000000000000000e+00,1.000000000000000056e-01
9.978245886287235855e-01,-6.487729378046803996e-02,1.170585663851090447e-02,3.386591824265450867e+01,6.517882484540761523e-02,9.974935590583656753e-01,-2.753761843091056746e-02,2.082988422131146322e+00,-9.889950439218621325e-03,2.824068676214504595e-02,9.995522259949762844e-01,2.044346494115494295e-01,0.000000000000000000e+00,0.000000000000000000e+00,0.000000000000000000e+00,1.000000000000000056e-01
9.979250909751202769e-01,-6.304428052319041575e-02,1.307407723746084778e-02,3.480473278677641957e+01,6.342084504201059292e-02,9.975137614976196110e-01,-3.072608073001250814e-02,2.141058230956659258e+00,-1.110446831032887473e-02,3.149149593435090350e-02,9.994423327372928822e-01,2.056295210951669117e-01,0.000000000000000000e+00,0.000000000000000000e+00,0.000000000000000000e+00,1.000000000000000056e-01
9.978656034437415334e-01,-6.332421902591449381e-02,1.594618288542785922e-02,3.578686311718361424e+01,6.377585116175170377e-02,9.975247173389568678e-01,-2.961552137694450221e-02,2.220267191556856812e+00,-1.403133181318145205e-02,3.056929149640487398e-02,9.994341599850168345e-01,2.017410732895291436e-01,0.000000000000000000e+00,0.000000000000000000e+00,0.000000000000000000e+00,1.000000000000000056e-01
9.977727159084142095e-01,-6.501387714945082441e-02,1.492659260324213748e-02,3.676706222177495675e+01,6.542878932529745672e-02,9.974289729281207162e-01,-2.923213113989422615e-02,2.296208690184951884e+00,-1.298772174682257148e-02,3.014365176202525934e-02,9.994611945154633359e-01,2.011539683509212806e-01,0.000000000000000000e+00,0.000000000000000000e+00,0.000000000000000000e+00,1.000000000000000056e-01
9.974856627770656292e-01,-6.896222758521265706e-02,1.632677925015645418e-02,3.776456180256148087e+01,6.942181483840668965e-02,9.971514077862038139e-01,-2.949036409632580999e-02,2.373964954755508394e+00,-1.424654971352648514e-02,3.054965002217243167e-02,9.994317158789702837e-01,2.041234859737153795e-01,0.000000000000000000e+00,0.000000000000000000e+00,0.000000000000000000e+00,1.000000000000000056e-01
9.975166728018307616e-01,-6.739955545441145279e-02,2.043984850513813623e-02,3.873829360357242280e+01,6.800495530181577264e-02,9.972177271562369105e-01,-3.053081557618633410e-02,2.434534545755631996e+00,-1.832521587221607601e-02,3.184500855545150527e-02,9.993248130079328551e-01,2.155228070591432565e-01,0.000000000000000000e+00,0.000000000000000000e+00,0.000000000000000000e+00,1.000000000000000056e-01
9.973221839111028331e-01,-7.016393257407178841e-02,2.062726459154197445e-02,3.974968668670575056e+01,7.075273881327727443e-02,9.970618788648824005e-01,-2.935404000901185514e-02,2.513915158530811489e+00,-1.850706430551699033e-02,3.073487075247932285e-02,9.993562209195576695e-01,2.035407493251614741e-01,0.000000000000000000e+00,0.000000000000000000e+00,0.000000000000000000e+00,1.000000000000000056e-01
9.973162910121041724e-01,-7.014552198319567999e-02,2.097191997802981892e-02,4.076831091654936046e+01,7.083088632922121541e-02,9.969104215778978872e-01,-3.394991739599542008e-02,2.604454164429006902e+00,-1.852569090956717249e-02,3.534426537761082426e-02,9.992034736134778328e-01,2.078214486960422991e-01,0.000000000000000000e+00,0.000000000000000000e+00,0.000000000000000000e+00,1.000000000000000056e-01
9.973491258681053129e-01,-7.058024136234843093e-02,1.769606338592806874e-02,4.178756506141951377e+01,7.112066720594630020e-02,9.969530652379217095e-01,-3.203804627147734119e-02,2.686519702166670687e+00,-1.538089159662658564e-02,3.321167327830576443e-02,9.993299820038162862e-01,2.303314830303046512e-01,0.000000000000000000e+00,0.000000000000000000e+00,0.000000000000000000e+00,1.000000000000000056e-01
9.974879237123519538e-01,-6.889504570327162347e-02,1.647163396767902313e-02,4.280483369264200633e+01,6.937617839737031389e-02,9.971186636589105534e-01,-3.068088092028387059e-02,2.777099692629099614e+00,-1.431041295691123406e-02,3.174654722347775709e-02,9.993935004893669261e-01,2.324969261135862442e-01,0.000000000000000000e+00,0.000000000000000000e+00,0.000000000000000000e+00,1.000000000000000056e-01
9.974694371362432532e-01,-6.928237567084814807e-02,1.595852125071512556e-02,4.383473848151189145e+01,6.967766731363965460e-02,9.972381614509467918e-01,-2.571132092415802026e-02,2.819874047264038008e+00,-1.413310499627776218e-02,2.675820934477418991e-02,9.995420219159499853e-01,2.534252016909512295e-01,0.000000000000000000e+00,0.000000000000000000e+00,0.000000000000000000e+00,1.000000000000000056e-01
9.974858006664513166e-01,-6.881302119779006410e-02,1.693651624275326062e-02,4.483074819734632399e+01,6.925683084204603546e-02,9.972284150360276600e-01,-2.718417970894745558e-02,2.864643336857139566e+00,-1.501894971443643728e-02,2.828880270291808316e-02,9.994869557883737654e-01,2.536372702908773480e-01,0.000000000000000000e+00,0.000000000000000000e+00,0.000000000000000000e+00,1.000000000000000056e-01
9.977858177674274742e-01,-6.423711052891330209e-02,1.723529788202705568e-02,4.577497458633378358e+01,6.466968943531965774e-02,9.975721344607004770e-01,-2.583926887242377762e-02,2.943471088190277474e+00,-1.553361292569552590e-02,2.689665738373970411e-02,9.995175219529952582e-01,2.545314763150487991e-01,0.000000000000000000e+00,0.000000000000000000e+00,0.000000000000000000e+00,1.000000000000000056e-01
9.976561826660037546e-01,-6.690984047765814735e-02,1.432530752031818157e-02,4.667493890149690827e+01,6.720286379734281834e-02,9.975171162101102995e-01,-2.105654210218752681e-02,2.994328054157377572e+00,-1.288084957342233890e-02,2.196989110395738964e-02,9.996756511985009919e-01,2.543230997682503491e-01,0.000000000000000000e+00,0.000000000000000000e+00,0.000000000000000000e+00,1.000000000000000056e-01
9.980657546820129733e-01,-6.125180658633800485e-02,1.062852393014476239e-02,4.760793143421854268e+01,6.149966672436307097e-02,9.977985835085796396e-01,-2.481486935416597414e-02,3.081375700802877926e+00,-9.085170544138864226e-03,2.542052198877703742e-02,9.996355619614590848e-01,2.496275346944883122e-01,0.000000000000000000e+00,0.000000000000000000e+00,0.000000000000000000e+00,1.000000000000000056e-01
9.980825458418765006e-01,-6.106485205353175127e-02,1.011511391328664793e-02,4.852826599540787100e+01,6.131004941736836744e-02,9.977794491001249488e-01,-2.602400418634583101e-02,3.142162209256539995e+00,-8.503500822504462750e-03,2.659426248519361491e-02,9.996101418436240671e-01,2.531022219728037981e-01,0.000000000000000000e+00,0.000000000000000000e+00,0.000000000000000000e+00,1.000000000000000056e-01
9.982147151874284363e-01,-5.811803723793204646e-02,1.377229577417753668e-02,4.948761294477223771e+01,5.843153241227255767e-02,9.980130591288297603e-01,-2.357307422184155843e-02,3.194805225739704824e+00,-1.237491023137645384e-02,2.433572591736794105e-02,9.996272475482249620e-01,2.503690252765471413e-01,0.000000000000000000e+00,0.000000000000000000e+00,0.000000000000000000e+00,1.000000000000000056e-01
9.983519895806430844e-01,-5.497761142425678510e-02,1.645500356897647981e-02,5.046906280354748020e+01,5.542525060220346994e-02,9.980670369741757586e-01,-2.811105300895295339e-02,3.274285349620792207e+00,-1.487771810643494230e-02,2.897674839716577605e-02,9.994693599887256585e-01,2.672507898619155831e-01,0.000000000000000000e+00,0.000000000000000000e+00,0.000000000000000000e+00,1.000000000000000056e-01
9.985487244962384379e-01,-5.097883326348589400e-02,1.736673158740344516e-02,5.141691442039917348e+01,5.149941973953014313e-02,9.981924399451563845e-01,-3.097842156771594968e-02,3.328976026446662573e+00,-1.575609638923629666e-02,3.182783994287297080e-02,9.993691680410917710e-01,2.613532782519596420e-01,0.000000000000000000e+00,0.000000000000000000e+00,0.000000000000000000e+00,1.000000000000000056e-01
9.984732460226198869e-01,-5.270181630258102129e-02,1.654374611331523720e-02,5.235216888655805434e+01,5.321788104104050593e-02,9.980545578819036701e-01,-3.248009588439395440e-02,3.397076255448575832e+00,-1.479980116604575485e-02,3.331092988144835482e-02,9.993354531066526159e-01,2.671615448111372415e-01,0.000000000000000000e+00,0.000000000000000000e+00,0.000000000000000000e+00,1.000000000000000056e-01
9.985258784655650643e-01,-5.206233005870307406e-02,1.534874012517726052e-02,5.333083833158826792e+01,5.257078496552007596e-02,9.980096449225819288e-01,-3.482902826107760891e-02,3.440864170047626125e+00,-1.350491031738502296e-02,3.558458135710685505e-02,9.992754149717478773e-01,2.803963369243628878e-01,0.000000000000000000e+00,0.000000000000000000e+00,0.000000000000000000e+00,1.000000000000000056e-01
9.985546662295334830e-01,-5.129699135915072317e-02,1.603736975704432924e-02,5.427992568295344711e+01,5.186801974237781332e-02,9.979500576264811462e-01,-3.748854506788945606e-02,3.485005598225622059e+00,-1.408144450080491689e-02,3.826618821887137201e-02,9.991683600674956534e-01,2.804984864317796589e-01,0.000000000000000000e+00,0.000000000000000000e+00,0.000000000000000000e+00,1.000000000000000056e-01
9.987956427026867257e-01,-4.543467518113694648e-02,1.851902830365470543e-02,5.520509580408934625e+01,4.615999087476833906e-02,9.980994010651348392e-01,-4.082696211892746646e-02,3.538993412191191457e+00,-1.662887129567999084e-02,4.163263004667868555e-02,9.989945969597774367e-01,2.784180019571481091e-01,0.000000000000000000e+00,0.000000000000000000e+00,0.000000000000000000e+00,1.000000000000000056e-01
9.987927316280279522e-01,-4.315356780575134443e-02,2.347016899505594001e-02,5.613996668266908330e+01,4.404101149992514785e-02,9.982794992351029517e-01,-3.870956875212538950e-02,3.586863424770448727e+00,-2.175933255147144418e-02,3.969648589669472205e-02,9.989748347452842570e-01,2.893621633684800298e-01,0.000000000000000000e+00,0.000000000000000000e+00,0.000000000000000000e+00,1.000000000000000056e-01
9.986645729648385705e-01,-4.676992250920615490e-02,2.194641322493262603e-02,5.705935748351133441e+01,4.752369601306492830e-02,9.982502933712802395e-01,-3.518309397154637669e-02,3.640007460636156988e+00,-2.026250286155299729e-02,3.617908418735495818e-02,9.991398825215365154e-01,2.816501145867746358e-01,0.000000000000000000e+00,0.000000000000000000e+00,0.000000000000000000e+00,1.000000000000000056e-01
9.986363451484185916e-01,-4.868778809431181798e-02,1.884010188645683648e-02,5.789494742547211104e+01,4.931851285440787269e-02,9.981835322924204057e-01,-3.460231422977479154e-02,3.682465602529402471e+00,-1.712116930698051598e-02,3.548429442316498872e-02,9.992235637788231539e-01,2.868313927764862825e-01,0.000000000000000000e+00,0.000000000000000000e+00,0.000000000000000000e+00,1.000000000000000056e-01
9.986806015074118914e-01,-4.948600268439970473e-02,1.371829840445159231e-02,5.876457808214082235e+01,4.994070605144770858e-02,9.981364517321771324e-01,-3.506493408780379795e-02,3.733210927318428851e+00,-1.195751027082514288e-02,3.570377097476841455e-02,9.992908779160872834e-01,2.997275843555645136e-01,0.000000000000000000e+00,0.000000000000000000e+00,0.000000000000000000e+00,1.000000000000000056e-01
9.987052964068486860e-01,-4.980604361916192435e-02,1.034837899937742466e-02,5.970631293452319710e+01,5.013251862022791161e-02,9.981590096044311577e-01,-3.413681476490786765e-02,3.784832342160583618e+00,-8.629108047829613451e-03,3.461140801104845705e-02,9.993635919572974036e-01,3.178255725149075062e-01,0.000000000000000000e+00,0.000000000000000000e+00,0.000000000000000000e+00,1.000000000000000056e-01
9.991737491389525161e-01,-3.923704761483493009e-02,1.059590138123445852e-02,6.059342846257273862e+01,3.952199174164498785e-02,9.988214126918362190e-01,-2.817441600207591657e-02,3.839439627444217074e+00,-9.477932284154361176e-03,2.856990799347912391e-02,9.995468619113668796e-01,3.099847994246925920e-01,0.000000000000000000e+00,0.000000000000000000e+00,0.000000000000000000e+00,1.000000000000000056e-01
9.990998500006675886e-01,-4.111014003647402854e-02,1.046164971813666467e-02,6.151618610689745736e+01,4.137865992612638905e-02,9.987814905808563015e-01,-2.689499164901774583e-02,3.890160926717441292e+00,-9.343245226444415324e-03,2.730367116825587262e-02,9.995835199268614524e-01,3.229018063087166768e-01,0.000000000000000000e+00,0.000000000000000000e+00,0.000000000000000000e+00,1.000000000000000056e-01
9.989247919183985580e-01,-4.481917534122235175e-02,1.185333761085806750e-02,6.242203516050306433e+01,4.512440212466333617e-02,9.986197855327413331e-01,-2.687586790102446110e-02,3.947069681397100016e+00,-1.063242322689871705e-02,2.738184552352897899e-02,9.995684999598825060e-01,3.339412399268523179e-01,0.000000000000000000e+00,0.000000000000000000e+00,0.000000000000000000e+00,1.000000000000000056e-01
9.988802922615906965e-01,-4.614521907109428445e-02,1.042978850599937495e-02,6.325554244338060528e+01,4.639985928752174416e-02,9.985934051073003248e-01,-2.565666257145165705e-02,3.993076474579539514e+00,-9.231185703762115682e-03,2.611187532690563071e-02,9.996164040157677899e-01,3.452627592451607552e-01,0.000000000000000000e+00,0.000000000000000000e+00,0.000000000000000000e+00,1.000000000000000056e-01
9.987862896451574768e-01,-4.789141792326228469e-02,1.150476884422686231e-02,6.408417677351057762e+01,4.814452280460895101e-02,9.985793287896093107e-01,-2.283482073522569156e-02,4.033723039223086282e+00,-1.039483240731420115e-02,2.336099748283101268e-02,9.996730521804771952e-01,3.486294384503522137e-01,0.000000000000000000e+00,0.000000000000000000e+00,0.000000000000000000e+00,1.000000000000000056e-01
9.987012463253520655e-01,-4.974910564668223040e-02,1.099304669068620378e-02,6.489306283491764304e+01,4.998572443841470953e-02,9.984983809129482912e-01,-2.241451910230880459e-02,4.079535470040156930e+00,-9.861437043110281644e-03,2.293490356587848597e-02,9.996883225575202703e-01,3.612842958881151145e-01,0.000000000000000000e+00,0.000000000000000000e+00,0.000000000000000000e+00,1.000000000000000056e-01
9.985240345469564849e-01,-5.281515803187636360e-02,1.266141833036142118e-02,6.572558033036062852e+01,5.309730279499445815e-02,9.983223006891094320e-01,-2.309243128602913447e-02,4.116814956382460977e+00,-1.142054586984180171e-02,2.373063481812547060e-02,9.996531539004733791e-01,3.741251003214158266e-01,0.000000000000000000e+00,0.000000000000000000e+00,0.000000000000000000e+00,1.000000000000000056e-01
9.984235748341171446e-01,-5.463828538601647050e-02,1.284612725836943928e-02,6.650626713359808662e+01,5.492747881108787228e-02,9.982171811089873836e-01,-2.335447302519685214e-02,4.160554990448973811e+00,-1.154717657782613691e-02,2.402326182897262380e-02,9.996447096864851112e-01,3.803363445094825046e-01,0.000000000000000000e+00,0.000000000000000000e+00,0.000000000000000000e+00,1.000000000000000056e-01
9.983016809680045345e-01,-5.634209213710655861e-02,1.480953848269273183e-02,6.732851349489500592e+01,5.665805170798081380e-02,9.981543152267279284e-01,-2.185928111621297451e-02,4.215680928804426131e+00,-1.355060711231545305e-02,2.266123668019130385e-02,9.996513639259499984e-01,3.803124299126035557e-01,0.000000000000000000e+00,0.000000000000000000e+00,0.000000000000000000e+00,1.000000000000000056e-01
9.982484668071346379e-01,-5.610372817551124297e-02,1.877152636344117664e-02,6.805748135327294790e+01,5.653061236693567720e-02,9.981349753831578742e-01,-2.304041627840212533e-02,4.263217970532449996e+00,-1.744386375274355888e-02,2.406122610490047872e-02,9.995582869526441483e-01,3.771241151783821244e-01,0.000000000000000000e+00,0.000000000000000000e+00,0.000000000000000000e+00,1.000000000000000056e-01
9.982586289145749525e-01,-5.538234299656430437e-02,2.031024081107437110e-02,6.878790722513602418e+01,5.584216269634735552e-02,9.981788388258879818e-01,-2.281794437710643261e-02,4.328718091999109951e+00,-1.900954136710293965e-02,2.391237764031331134e-02,9.995333088659924536e-01,3.866360492999118548e-01,0.000000000000000000e+00,0.000000000000000000e+00,0.000000000000000000e+00,1.000000000000000056e-01
9.983770921394677922e-01,-5.386583548357051776e-02,1.848387564331693475e-02,6.947140627607778640e+01,5.420519045901561750e-02,9.983606883275409904e-01,-1.837752239722039577e-02,4.376104114377774579e+00,-1.746365421217825967e-02,1.934961937133159587e-02,9.996602487904288070e-01,4.039130382744484105e-01,0.000000000000000000e+00,0.000000000000000000e+00,0.000000000000000000e+00,1.000000000000000056e-01
9.982982442116941080e-01,-5.688384437891890605e-02,1.283915310772684032e-02,7.016243322428903184e+01,5.708306683038404800e-02,9.982456070963361405e-01,-1.572359354935106909e-02,4.423928140739721293e+00,-1.192220974008693229e-02,1.642973406790939825e-02,9.997939411465600612e-01,4.140981605977320235e-01,0.000000000000000000e+00,0.000000000000000000e+00,0.000000000000000000e+00,1.000000000000000056e-01
9.982811049151285587e-01,-5.784634153453031835e-02,9.414687488201288132e-03,7.088348829125270356e+01,5.799899532283744885e-02,9.981745814177296339e-01,-1.684106745671735961e-02,4.469509561779043239e+00,-8.423307602806720876e-03,1.735816184423618486e-02,9.998138537279915861e-01,4.283365169333271938e-01,0.000000000000000000e+00,0.000000000000000000e+00,0.000000000000000000e+00,1.000000000000000056e-01
9.984726264811762952e-01,-5.363309460622858044e-02,1.326293069953883054e-02,7.158872738098817479e+01,5.381679521688317175e-02,9.984540093694418417e-01,-1.390480947984223774e-02,4.508406657414305130e+00,-1.249666837062963880e-02,1.459734006749123340e-02,9.998153584250386583e-01,4.326471514437663646e-01,0.000000000000000000e+00,0.000000000000000000e+00,0.000000000000000000e+00,1.000000000000000056e-01
9.983430461062214878e-01,-5.552019422474571697e-02,1.512184924529208670e-02,7.224155678539969472e+01,5.572783125312200103e-02,9.983523580799527064e-01,-1.367398771468590103e-02,4.546693346136641445e+00,-1.433775139882076215e-02,1.449403841047536105e-02,9.997921542677664641e-01,4.470116585013089727e-01,0.000000000000000000e+00,0.000000000000000000e+00,0.000000000000000000e+00,1.000000000000000056e-01
9.984138334152846683e-01,-5.393882608410401069e-02,1.613754273937167971e-02,7.286269904707825162e+01,5.413182719192040360e-02,9.984644065693684123e-01,-1.177175003739755650e-02,4.578935548136314537e+00,-1.547780765678183346e-02,1.262663275571451228e-02,9.998004829041602370e-01,4.546381716615133239e-01,0.000000000000000000e+00,0.000000000000000000e+00,0.000000000000000000e+00,1.000000000000000056e-01
9.984362208281021278e-01,-5.425816891680283749e-02,1.345971932444608131e-02,7.343926335326121091e+01,5.441710168641507306e-02,9.984493110096261947e-01,-1.173679634538739996e-02,4.604233335467387889e+00,-1.280203040722599668e-02,1.245088150286666542e-02,9.998405290681379176e-01,4.616152655339308963e-01,0.000000000000000000e+00,0.000000000000000000e+00,0.000000000000000000e+00,1.000000000000000056e-01
9.986260688466567226e-01,-5.122934497101121198e-02,1.102401168873999235e-02,7.408053054188124520e+01,5.143097702534366045e-02,9.984984877637456124e-01,-1.885800985607287428e-02,4.624998690037781301e+00,-1.004137550791325134e-02,1.939907594073227159e-02,9.997613948490683411e-01,4.739727923411111710e-01,0.000000000000000000e+00,0.000000000000000000e+00,0.000000000000000000e+00,1.000000000000000056e-01
9.987313433835814935e-01,-4.984718607186446743e-02,7.138752267972109725e-03,7.469553994877584557e+01,5.000251719560677016e-02,9.984715087433322367e-01,-2.354558349068465103e-02,4.681210803866611592e+00,-5.954159666116220009e-03,2.387266781343621094e-02,9.996972760361707566e-01,4.783022447014363965e-01,0.000000000000000000e+00,0.000000000000000000e+00,0.000000000000000000e+00,1.000000000000000056e-01
9.988942306446884078e-01,-4.669293824811896615e-02,5.485025297427637350e-03,7.528414704188013218e+01,4.681268591293304832e-02,9.986097999803753567e-01,-2.422890465481019467e-02,4.683142872847966487e+00,-4.346081266284896813e-03,2.445888184100310919e-02,9.996913897182043707e-01,4.848512619739722140e-01,0.000000000000000000e+00,0.000000000000000000e+00,0.000000000000000000e+00,1.000000000000000056e-01
9.990550311051840104e-01,-4.279406092928561556e-02,7.596918625369225402e-03,7.584463817308595424e+01,4.296139645298015231e-02,9.988019179315097418e-01,-2.343175518708579333e-02,4.733465380964039682e+00,-6.585076934232137434e-03,2.373598714016856778e-02,9.996965738043979144e-01,4.819126417747005564e-01,0.000000000000000000e+00,0.000000000000000000e+00,0.000000000000000000e+00,1.000000000000000056e-01
9.992572917301211222e-01,-3.690685115571695069e-02,1.107922659545379669e-02,7.639343529103066999e+01,3.717801744648325385e-02,9.989868745359661295e-01,-2.535782963131640033e-02,4.732402996219037483e+00,-1.013212430503311785e-02,2.575089984120236541e-02,9.996170422789097953e-01,5.010664400102132765e-01,0.000000000000000000e+00,0.000000000000000000e+00,0.000000000000000000e+00,1.000000000000000056e-01
9.993345442604389950e-01,-3.273046916215115870e-02,1.609922470823389740e-02,7.696302178863686549e+01,3.315357731152655113e-02,9.990920448346350957e-01,-2.675679838090194718e-02,4.745469709870173247e+00,-1.520884476971767763e-02,2.727273980686716753e-02,9.995123254388600387e-01,5.039763858039645328e-01,0.000000000000000000e+00,0.000000000000000000e+00,0.000000000000000000e+00,1.000000000000000056e-01
9.995445833936429381e-01,-2.321503945510355535e-02,1.927920515806240062e-02,7.750421735018800007e+01,2.379282050818086122e-02,9.992575982394511502e-01,-3.030105696158270911e-02,4.758595790152256200e+00,-1.856145200931659175e-02,3.074596402491840824e-02,9.993548710020301318e-01,5.218935025920327098e-01,0.000000000000000000e+00,0.000000000000000000e+00,0.000000000000000000e+00,1.000000000000000056e-01
9.997597349742788353e-01,-1.323493077845855175e-02,1.747309163969304122e-02,7.800229447310704245e+01,1.368068359297196050e-02,9.995775567975437870e-01,-2.564267620748711049e-02,4.761294727075608080e+00,-1.712633120632344255e-02,2.587555900734220607e-02,9.995184561705046100e-01,5.077566235130299699e-01,0.000000000000000000e+00,0.000000000000000000e+00,0.000000000000000000e+00,1.000000000000000056e-01
9.998566441081389033e-01,2.356406878249826722e-03,1.676718758273675752e-02,7.850366701640299993e+01,-1.968588996402989479e-03,9.997310224034159365e-01,-2.310860232865578207e-02,4.761294843985425018e+00,-1.681713085439326405e-02,2.307228187338329628e-02,9.995923438677295492e-01,5.107473405855899040e-01,0.000000000000000000e+00,0.000000000000000000e+00,0.000000000000000000e+00,1.000000000000000056e-01
9.996542444830074370e-01,1.978953476558690042e-02,1.731374600914615397e-02,7.899187755573612435e+01,-1.949750506186267648e-02,9.996674651746049189e-01,-1.687620714920243931e-02,4.778369435917923624e+00,-1.764196087373045424e-02,1.653279725702155867e-02,9.997076711876267119e-01,5.085443412241152927e-01,0.000000000000000000e+00,0.000000000000000000e+00,0.000000000000000000e+00,1.000000000000000056e-01
9.989666520041866615e-01,4.029022078084184416e-02,2.103155469710393452e-02,7.949765474617747429e+01,-3.993075549058740931e-02,9.990536969878355267e-01,-1.724080337133604771e-02,4.755714253943048142e+00,-2.170628824781377711e-02,1.638318175352909342e-02,9.996301458070048218e-01,5.184238045134079709e-01,0.000000000000000000e+00,0.000000000000000000e+00,0.000000000000000000e+00,1.000000000000000056e-01
9.975739713716976764e-01,6.636144085268778914e-02,2.103166207541600982e-02,7.999914946567696461e+01,-6.590631849887267080e-02,9.975911016919494223e-01,-2.164141878361566101e-02,4.725561268248123170e+00,-2.241715467280420634e-02,2.020279666278650132e-02,9.995445553767864366e-01,5.186111040985019738e-01,0.000000000000000000e+00,0.000000000000000000e+00,0.000000000000000000e+00,1.000000000000000056e-01
9.951940106861023594e-01,9.483843766970108391e-02,2.438343361547290478e-02,8.047732117416498454e+01,-9.431245063150654750e-02,9.953020059801199748e-01,-2.188786302563138983e-02,4.685629279908726907e+00,-2.634469112344257208e-02,1.948300881074024535e-02,9.994630406459715788e-01,5.131620946693606911e-01,0.000000000000000000e+00,0.000000000000000000e+00,0.000000000000000000e+00,1.000000000000000056e-01
9.913284268161555168e-01,1.288564682275306350e-01,2.576743646802277798e-02,8.093329551200888261e+01,-1.283113298620070786e-01,9.914942649433029498e-01,-2.180195435236376156e-02,4.652133258934117777e+00,-2.835758831863893770e-02,1.830664306929961904e-02,9.994301946630809175e-01,5.202236335258337840e-01,0.000000000000000000e+00,0.000000000000000000e+00,0.000000000000000000e+00,1.000000000000000056e-01
9.860412284557166229e-01,1.645905079468247267e-01,2.515274297860131680e-02,8.138510335682272512e+01,-1.640412378394126014e-01,9.861958368000113273e-01,-2.254426238400093069e-02,4.561732169103033030e+00,-2.851610200666654382e-02,1.810348508248192656e-02,9.994293850764113252e-01,5.118899680252574358e-01,0.000000000000000000e+00,0.000000000000000000e+00,0.000000000000000000e+00,1.000000000000000056e-01
