1.000000000000000000e+00,2.105581387221785640e-13,2.942615323450430667e-13,-1.177205029828725121e-20,-2.105581387221421628e-13,1.000000000000000000e+00,-1.236750608840418984e-13,-3.541721642649325081e-20,-2.942615323450691181e-13,1.236750608839799507e-13,1.000000000000000000e+00,-1.027207641052552657e-19,0.000000000000000000e+00,0.000000000000000000e+00,0.000000000000000000e+00,1.000000000000000056e-01
9.999921170649412883e-01,-2.573357756572294038e-03,-3.023844875873926263e-03,6.404689960445764108e-01,2.562291793183734800e-03,9.999900276758523221e-01,-3.657760190979836463e-03,1.839811715101509482e-02,3.033227446671791453e-03,3.649983384184478374e-03,9.999887385128654049e-01,1.252949511708425525e-04,0.000000000000000000e+00,0.000000000000000000e+00,0.000000000000000000e+00,1.000000000000000056e-01
9.999682930633853051e-01,-6.617157680018840096e-03,-4.430134550690931726e-03,1.293088262131631083e+00,6.603448940643087336e-03,9.999733858658917951e-01,-3.101938425029850122e-03,2.833646412760169875e-02,4.450542662168014037e-03,3.072585904759159159e-03,9.999853758360019995e-01,8.882329131368521535e-03,0.000000000000000000e+00,0.000000000000000000e+00,0.000000000000000000e+00,1.000000000000000056e-01
9.999376938807155168e-01,-1.002162556031249013e-02,-4.916846310942695961e-03,1.980492476316943362e+00,9.999507086362009051e-03,9.999398661671590194e-01,-4.502655620184562932e-03,5.461374210247315480e-02,4.961674570781055352e-03,4.453209037657569411e-03,9.999777751103874346e-01,9.314449557236080882e-03,0.000000000000000000e+00,0.000000000000000000e+00,0.000000000000000000e+00,1.000000000000000056e-01
9.998014272704791594e-01,-1.947562182186871049e-02,-4.219737262485856281e-03,2.698722239813323043e+00,1.947159725329095092e-02,9.998099176129838783e-01,-9.927452462968942935e-04,4.803586730262667664e-02,4.238269495736757438e-03,9.103830896737892964e-04,9.999906040930142126e-01,1.319249968706732654e-02,0.000000000000000000e+00,0.000000000000000000e+00,0.000000000000000000e+00,1.000000000000000056e-01
9.996637725041471745e-01,-2.561043316208422641e-02,-4.055570986581017064e-03,3.415441738513400161e+00,2.560641419101463215e-02,9.996715612200391954e-01,-1.039826989280171442e-03,7.800616150103946433e-02,4.080869399403230964e-03,9.356287403919902107e-04,9.999912355134944475e-01,1.808465185652190221e-02,0.000000000000000000e+00,0.000000000000000000e+00,0.000000000000000000e+00,1.000000000000000056e-01
9.995334586001457522e-01,-3.000496017279940739e-02,-5.706794534538004414e-03,4.138816408572408179e+00,3.000461936423033313e-02,9.995497494829838070e-01,-1.453454918481890878e-04,8.432339056945338529e-02,5.708586133042523915e-03,-2.595251563972304998e-05,9.999837055526598073e-01,2.506143454019491359e-02,0.000000000000000000e+00,0.000000000000000000e+00,0.000000000000000000e+00,1.000000000000000056e-01
9.994527631426477488e-01,-3.258747313510441945e-02,-5.677221256510559845e-03,4.881638820824512059e+00,3.258475489601991848e-02,9.994688129667578247e-01,-5.706620597503075584e-04,1.105150549513024272e-01,5.692802024735591458e-03,3.853589093042487381e-04,9.999837216193162570e-01,3.970565890790234143e-02,0.000000000000000000e+00,0.000000000000000000e+00,0.000000000000000000e+00,1.000000000000000056e-01
9.992979829023461713e-01,-3.714099393103208885e-02,-4.907946323796893648e-03,5.640315452219988757e+00,3.714988319953533430e-02,9.993082028670703387e-01,1.732587904587298572e-03,1.511777617124788753e-01,4.840200983752261307e-03,-1.913701230933733365e-03,9.999864550092844029e-01,3.880893489098549698e-02,0.000000000000000000e+00,0.000000000000000000e+00,0.000000000000000000e+00,1.000000000000000056e-01
9.991602236924701508e-01,-4.093128171511507818e-02,-1.864823844483663165e-03,6.422885129979226448e+00,4.093419127991111683e-02,9.991606429096903108e-01,1.549724025066615170e-03,2.029491383793435855e-01,1.799826400716933840e-03,-1.624757659500587932e-03,9.999970603894169363e-01,4.890102288099514027e-02,0.000000000000000000e+00,0.000000000000000000e+00,0.000000000000000000e+00,1.000000000000000056e-01
9.990317609337495686e-01,-4.398100596577726729e-02,-1.100799641087338342e-03,7.215415356042994333e+00,4.398022471524898336e-02,9.990321393478294176e-01,-7.241436980422255934e-04,2.266552392738239441e-01,1.131582788732481354e-03,6.750291382427154024e-04,9.999991319276506641e-01,6.019649551816969035e-02,0.000000000000000000e+00,0.000000000000000000e+00,0.000000000000000000e+00,1.000000000000000056e-01
9.989377668043387670e-01,-4.607631337765101531e-02,5.580300035869602054e-04,8.018800275365963515e+00,4.607672762463056737e-02,9.989376191992290765e-01,-7.537373425287320324e-04,2.662955710138028564e-01,-5.227077252261035306e-04,7.786488941843365498e-04,9.999995602411700935e-01,6.175599507462815885e-02,0.000000000000000000e+00,0.000000000000000000e+00,0.000000000000000000e+00,1.000000000000000056e-01
9.988850930709958220e-01,-4.719067061305828176e-02,1.269428075086768797e-03,8.858581868618133015e+00,4.719341540387311101e-02,9.988832876342409461e-01,-2.226932313237130288e-03,3.148809179985403439e-01,-1.162920059786328245e-03,2.284358137443587549e-03,9.999967146570204468e-01,7.649234744909463868e-02,0.000000000000000000e+00,0.000000000000000000e+00,0.000000000000000000e+00,1.000000000000000056e-01
9.986776579162390810e-01,-5.137279762781858661e-02,1.941968801633068382e-03,9.666679529188362707e+00,5.138167461077075560e-02,9.986673750237864411e-01,-4.837104225947031107e-03,3.519917260914587898e-01,-1.690885309000741922e-03,4.930489528535302902e-03,9.999864154976710884e-01,8.253554035768594088e-02,0.000000000000000000e+00,0.000000000000000000e+00,0.000000000000000000e+00,1.000000000000000056e-01
9.986434994768164097e-01,-5.203981678754108359e-02,1.737360474118494974e-03,1.047789524220275048e+01,5.204950922738218327e-02,9.986258813894928199e-01,-6.098984197984835993e-03,4.148541297135703854e-01,-1.417583114504610041e-03,6.181139682758300842e-03,9.999798917829976208e-01,9.278677038397434296e-02,0.000000000000000000e+00,0.000000000000000000e+00,0.000000000000000000e+00,1.000000000000000056e-01
9.985293616467735278e-01,-5.420697815956954796e-02,8.470230780893335271e-04,1.126637522121201940e+01,5.421118602135600179e-02,9.985104083105444950e-01,-6.173475979348566102e-03,4.657606011046732108e-01,-5.111158819702597660e-04,6.210315154451295609e-03,9.999805851846512716e-01,1.078328068608612744e-01,0.000000000000000000e+00,0.000000000000000000e+00,0.000000000000000000e+00,1.000000000000000056e-01
9.984333876139637187e-01,-5.590871446937081130e-02,-2.232967551669324136e-03,1.212547090582430620e+01,5.589582215477015975e-02,9.984216224247749460e-01,-5.470003685786307274e-03,5.138675383758430915e-01,2.535263959974596183e-03,5.336620753115009844e-03,9.999825463054795582e-01,1.015367075663980156e-01,0.000000000000000000e+00,0.000000000000000000e+00,0.000000000000000000e+00,1.000000000000000056e-01
9.982079269394431575e-01,-5.973533062817294043e-02,-3.553149307603586937e-03,1.300892628155132869e+01,5.971930456285916983e-02,9.982052574775290843e-01,-4.457421535852695155e-03,5.886030811319180600e-01,3.813037868645841912e-03,4.237241905140656101e-03,9.999837531296443816e-01,1.327239510876813688e-01,0.000000000000000000e+00,0.000000000000000000e+00,0.000000000000000000e+00,1.000000000000000056e-01
9.984464927918624833e-01,-5.559327134194039233e-02,-3.740215652966156264e-03,1.390609324237913391e+01,5.559268704547265516e-02,9.984534969157471407e-01,-2.600841793229706424e-04,6.502463566643551518e-01,3.748890328275921151e-03,5.175149839774419039e-05,9.999929715468448554e-01,1.361583779071586786e-01,0.000000000000000000e+00,0.000000000000000000e+00,0.000000000000000000e+00,1.000000000000000056e-01
9.977805986024925744e-01,-6.642544996425202297e-02,-4.640759582037778594e-03,1.484788890112171522e+01,6.643841490497733038e-02,9.977868810785343046e-01,2.697586418445563003e-03,7.725093327955715461e-01,4.451300637534095009e-03,-2.999924101964242772e-03,9.999855930852288299e-01,1.556441751907727822e-01,0.000000000000000000e+00,0.000000000000000000e+00,0.000000000000000000e+00,1.000000000000000056e-01
9.974619573697576236e-01,-7.111498086299930521e-02,-3.507577076414053040e-03,1.582848816211257237e+01,7.112287349683049653e-02,9.974651815721528036e-01,2.179086227303670461e-03,8.580645336938544920e-01,3.343720330050138374e-03,-2.423024574249978916e-03,9.999914742067889106e-01,1.660071553794259525e-01,0.000000000000000000e+00,0.000000000000000000e+00,0.000000000000000000e+00,1.000000000000000056e-01
9.973753307228234721e-01,-7.239157334125316534e-02,-1.381945989019465375e-03,1.676986612973514212e+01,7.239434366960571798e-02,9.973739335896941727e-01,2.072583042307996320e-03,9.347198503790153934e-01,1.228279359763767694e-03,-2.167188270134361942e-03,9.999968973075947787e-01,1.821419209144788387e-01,0.000000000000000000e+00,0.000000000000000000e+00,0.000000000000000000e+00,1.000000000000000056e-01
9.974025483271389270e-01,-7.202848266210318262e-02,2.329719390586850087e-04,1.768325464529794644e+01,7.202819834651499886e-02,9.974020345392345943e-01,1.058366642810928439e-03,1.026468096663644580e+00,-3.085992293895382932e-04,-1.038837037568367608e-03,9.999994127918900855e-01,1.879451181842594631e-01,0.000000000000000000e+00,0.000000000000000000e+00,0.000000000000000000e+00,1.000000000000000056e-01
9.971074062330299581e-01,-7.599474656876520351e-02,-1.272371482122221925e-03,1.861685208965072036e+01,7.599720929087608323e-02,9.971059960295415303e-01,2.014165319611874779e-03,1.088123030868249685e+00,1.115623250989561648e-03,-2.105035839385302910e-03,9.999971621004115629e-01,1.873016334976181085e-01,0.000000000000000000e+00,0.000000000000000000e+00,0.000000000000000000e+00,1.000000000000000056e-01
9.970614620141837747e-01,-7.656051711479293365e-02,-2.632144611135246032e-03,1.955348482262453658e+01,7.656137968115896142e-02,9.970648439229260473e-01,2.283730906404950591e-04,1.166835564070946685e+00,2.606934493969595250e-03,-4.292226305875518387e-04,9.999965098241481165e-01,1.965383190904210764e-01,0.000000000000000000e+00,0.000000000000000000e+00,0.000000000000000000e+00,1.000000000000000056e-01
9.968643904211329509e-01,-7.905888262802401867e-02,-3.328691621547611064e-03,2.048080378540849722e+01,7.904910892458730243e-02,9.968662922510791446e-01,-2.972162817686034315e-03,1.237315766142278006e+00,3.553236346174216444e-03,2.699713168916867325e-03,9.999900429805658186e-01,2.116817246635700200e-01,0.000000000000000000e+00,0.000000000000000000e+00,0.000000000000000000e+00,1.000000000000000056e-01
9.969236259654230548e-01,-7.837703944550604429e-02,-5.689285639271416490e-04,2.139953334370152049e+01,7.836864783846926585e-02,9.968829308241106135e-01,-9.098201333315267952e-03,1.312805579098736519e+00,1.280245259021647614e-03,9.025625700700451448e-03,9.999584486631369895e-01,2.278938573762801789e-01,0.000000000000000000e+00,0.000000000000000000e+00,0.000000000000000000e+00,1.000000000000000056e-01
9.970966293604266451e-01,-7.610669745794251817e-02,2.466236022994700017e-03,2.235718770737155481e+01,7.612389485772563802e-02,9.970674352125491469e-01,-7.853806106541495746e-03,1.398653392817476915e+00,-1.861276380832227982e-03,8.018743088191646745e-03,9.999661171307354657e-01,2.535876610949426846e-01,0.000000000000000000e+00,0.000000000000000000e+00,0.000000000000000000e+00,1.000000000000000056e-01
9.973073561095247008e-01,-7.327025609277401652e-02,3.083345898370154232e-03,2.330480088840548802e+01,7.328758172251528813e-02,9.972931507449560584e-01,-5.941535362516394900e-03,1.482167072765127713e+00,-2.639661928226259054e-03,6.151507888128057711e-03,9.999775953168186238e-01,2.629787620554817074e-01,0.000000000000000000e+00,0.000000000000000000e+00,0.000000000000000000e+00,1.000000000000000056e-01
9.973952225678471839e-01,-7.209468754700702753e-02,2.264072952462532241e-03,2.422487286977889198e+01,7.210956195464755802e-02,9.973694667015706727e-01,-7.372785507081883183e-03,1.554319443731756012e+00,-1.726578565686836229e-03,7.516842350616372015e-03,9.999702575614599631e-01,2.753492381325062244e-01,0.000000000000000000e+00,0.000000000000000000e+00,0.000000000000000000e+00,1.000000000000000056e-01
9.974332444259916830e-01,-7.158882843933478402e-02,1.400912746538708273e-03,2.517195127049503967e+01,7.159785955221084630e-02,9.974007784494693940e-01,-8.089107239637597854e-03,1.624427086058516601e+00,-8.181817535316951223e-04,8.168646832613086009e-03,9.999663013259707522e-01,2.793447649088051099e-01,0.000000000000000000e+00,0.000000000000000000e+00,0.000000000000000000e+00,1.000000000000000056e-01
9.972735027268722074e-01,-7.378922158096984374e-02,-8.435267333094075958e-04,2.615309280645946899e+01,7.377702723558332565e-02,9.972238680896245988e-01,-1.007507640899378207e-02,1.746253466707900159e+00,1.584617037416256478e-03,9.985373845860796849e-03,9.999488893428519765e-01,2.882746496918980328e-01,0.000000000000000000e+00,0.000000000000000000e+00,0.000000000000000000e+00,1.000000000000000056e-01
9.976656559191735552e-01,-6.827475215411621390e-02,-1.340603468272796948e-03,2.712440005432022616e+01,6.825823976824255124e-02,9.976186306527691228e-01,-9.893456334104308580e-03,1.827880174838795169e+00,2.012884275425203852e-03,9.778854369900374238e-03,9.999501599100357740e-01,2.973095215833796434e-01,0.000000000000000000e+00,0.000000000000000000e+00,0.000000000000000000e+00,1.000000000000000056e-01
9.977758347431510133e-01,-6.665821446064867928e-02,-2.569971330913209699e-04,2.808143331095211792e+01,6.664988820127207281e-02,9.976990953956000885e-01,-1.242205496522891077e-02,1.878900207784212073e+00,1.084437811118668053e-03,1.237729743196799674e-02,9.999228102723302092e-01,3.124746491231055190e-01,0.000000000000000000e+00,0.000000000000000000e+00,0.000000000000000000e+00,1.000000000000000056e-01
9.978525151649221270e-01,-6.544956692563962120e-02,2.590785264182309238e-03,2.909467506960126570e+01,6.547824741328291120e-02,9.977663936538596623e-01,-1.322205773153624885e-02,1.927851751195381880e+00,-1.719620517379892664e-03,1.336330364159206592e-02,9.999092283907868861e-01,3.185151414782636525e-01,0.000000000000000000e+00,0.000000000000000000e+00,0.000000000000000000e+00,1.000000000000000056e-01
9.981092710785443023e-01,-6.115086358829581459e-02,6.201199034271310737e-03,3.005093508577018468e+01,6.124727459616859104e-02,9.979816230241559394e-01,-1.677651515103932220e-02,1.988573755313651770e+00,-5.162784287429727711e-03,1.712460184871952493e-02,9.998400340404079989e-01,3.305521109515720535e-01,0.000000000000000000e+00,0.000000000000000000e+00,0.000000000000000000e+00,1.000000000000000056e-01
9.982287239903744336e-01,-5.913687711038110445e-02,6.499566614822509768e-03,3.096591814456306579e+01,5.928527354277591394e-02,9.979105551392990492e-01,-2.568618855599776388e-02,2.046191362232622879e+00,-4.966985152692267834e-03,2.602601981109904997e-02,9.996489260491830953e-01,3.557896024213766939e-01,0.000000000000000000e+00,0.000000000000000000e+00,0.000000000000000000e+00,1.000000000000000056e-01
9.984050720585324612e-01,-5.636020330465667250e-02,3.292350414874221660e-03,3.190059460034343175e+01,5.642662965981237733e-02,9.980722958407637346e-01,-2.584042840940052946e-02,2.092193155231486745e+00,-1.829631938652565796e-03,2.598499102568132060e-02,9.996606587679462974e-01,3.553796204965727346e-01,0.000000000000000000e+00,0.000000000000000000e+00,0.000000000000000000e+00,1.000000000000000056e-01
9.983495155577147839e-01,-5.741710586062662852e-02,1.233182981464012911e-03,3.287664771077349712e+01,5.742891164838675316e-02,9.979425557367804789e-01,-2.850571094403027417e-02,2.159827661135878873e+00,4.060696466925096601e-04,2.852948306808966716e-02,9.995928689738186046e-01,3.625347931214385477e-01,0.000000000000000000e+00,0.000000000000000000e+00,0.000000000000000000e+00,1.000000000000000056e-01
9.983223146889685928e-01,-5.789920094496774083e-02,-4.883891831588428991e-04,3.384863746173520127e+01,5.786441613306453347e-02,9.979524171249941622e-01,-2.725220174520090466e-02,2.231260222068305765e+00,2.065269870869256268e-03,2.717822077171052481e-02,9.996284704709268443e-01,3.666411312501471342e-01,0.000000000000000000e+00,0.000000000000000000e+00,0.000000000000000000e+00,1.000000000000000056e-01
9.982126491058831430e-01,-5.968255550160956463e-02,3.082163819834350324e-03,3.484049804012678209e+01,5.974732526270124661e-02,9.977842284987382682e-01,-2.927269176434882381e-02,2.285435890247683233e+00,-1.328265398172883902e-03,2.940452223680718041e-02,9.995667110218592333e-01,3.821100970878592018e-01,0.000000000000000000e+00,0.000000000000000000e+00,0.000000000000000000e+00,1.000000000000000056e-01
9.980586261870741938e-01,-6.226413244233772876e-02,1.468504263914028902e-03,3.581885506557915022e+01,6.228019809959501468e-02,9.976117950263430068e-01,-2.986441609998328334e-02,2.352617094307452916e+00,3.944847846353288908e-04,2.989789684109512430e-02,9.995528801150211917e-01,3.915830429576344085e-01,0.000000000000000000e+00,0.000000000000000000e+00,0.000000000000000000e+00,1.000000000000000056e-01
9.978610195944510597e-01,-6.533744616026850027e-02,2.098500220781640037e-03,3.680865165808577188e+01,6.537074929593485184e-02,9.974514063042924095e-01,-2.858945956252703299e-02,2.405799881918672778e+00,-2.251897214307316568e-04,2.866548780054773218e-02,9.995890351032998833e-01,4.095168775099043423e-01,0.000000000000000000e+00,0.000000000000000000e+00,0.000000000000000000e+00,1.000000000000000056e-01
9.979510443986715496e-01,-6.387197756292206652e-02,3.752794399141352183e-03,3.780234722619330512e+01,6.395021466073780303e-02,9.975883896817688834e-01,-2.697730188474630614e-02,2.477696253853881370e+00,-2.020650500755491463e-03,2.716201859834353055e-02,9.996290020388649555e-01,4.249808405164188230e-01,0.000000000000000000e+00,0.000000000000000000e+00,0.000000000000000000e+00,1.000000000000000056e-01
9.978924928177799192e-01,-6.452545534770028068e-02,6.858453913894512616e-03,3.880918918178801391e+01,6.468330249169822188e-02,9.975661061726119883e-01,-2.603716947712626448e-02,2.534472229664474607e+00,-5.161700948771243830e-03,2.642592340458635100e-02,9.996374479857836892e-01,4.433420851780837113e-01,0.000000000000000000e+00,0.000000000000000000e+00,0.000000000000000000e+00,1.000000000000000056e-01
9.981063837344240630e-01,-6.069431170087603855e-02,9.992360869565865972e-03,3.981587851359955010e+01,6.091675385264064269e-02,9.978612525380315956e-01,-2.370801095173178177e-02,2.606430806573085235e+00,-8.532048326604819988e-03,2.427181926406722992e-02,9.996689866855753559e-01,4.510702432285644825e-01,0.000000000000000000e+00,0.000000000000000000e+00,0.000000000000000000e+00,1.000000000000000056e-01
9.980611069702980398e-01,-6.190285320796375113e-02,6.485639362200361357e-03,4.080757589148822007e+01,6.204362404917980467e-02,9.977753826985270580e-01,-2.439004706129120278e-02,2.662961935956109638e+00,-4.961397793693658742e-03,2.474514993935688148e-02,9.996814803158111662e-01,4.857798495346811185e-01,0.000000000000000000e+00,0.000000000000000000e+00,0.000000000000000000e+00,1.000000000000000056e-01
9.979438683527135368e-01,-6.385432509317673366e-02,5.537218084647930159e-03,4.180321024871963687e+01,6.395910557524231432e-02,9.977221724886736753e-01,-2.144060023637898993e-02,2.719478181820786489e+00,-4.155530199271920307e-03,2.175067105576528742e-02,9.997547898746906858e-01,5.148489829460487499e-01,0.000000000000000000e+00,0.000000000000000000e+00,0.000000000000000000e+00,1.000000000000000056e-01
9.978658267979009233e-01,-6.520104697075196354e-02,3.551785869016233117e-03,4.280561824632026457e+01,6.526031701585255362e-02,9.976585720741785179e-01,-2.045640706237505588e-02,2.775764556930404581e+00,-2.209690460669241734e-03,2.064454021839573147e-02,9.997844368798901593e-01,5.350089493019650755e-01,0.000000000000000000e+00,0.000000000000000000e+00,0.000000000000000000e+00,1.000000000000000056e-01
9.978608986344613685e-01,-6.517168125229498565e-02,5.126298779275351332e-03,4.386147957747053994e+01,6.526785281554377260e-02,9.976338184038359147e-01,-2.160721559643109455e-02,2.861973720110613684e+00,-3.705990457847168316e-03,2.189557808625752430e-02,9.997533942402970775e-01,5.652796813770362139e-01,0.000000000000000000e+00,0.000000000000000000e+00,0.000000000000000000e+00,1.000000000000000056e-01
9.979858175559649380e-01,-6.322616249518119014e-02,5.173039076320972915e-03,4.484474649987255646e+01,6.331445108267332034e-02,9.978090511127756246e-01,-1.919317070007315121e-02,2.926893184218507749e+00,-3.948194682632563679e-03,1.948204028215018077e-02,9.998024114119713479e-01,5.787291534294426443e-01,0.000000000000000000e+00,0.000000000000000000e+00,0.000000000000000000e+00,1.000000000000000056e-01
9.978136035394453707e-01,-6.540287554895944655e-02,9.511911561506667181e-03,4.582051375494295087e+01,6.558060918340095913e-02,9.976516422131626038e-01,-1.975814992639474479e-02,3.020696109786527916e+00,-8.197334369209817798e-03,2.033874773203081174e-02,9.997595406146080332e-01,5.865848442833150322e-01,0.000000000000000000e+00,0.000000000000000000e+00,0.000000000000000000e+00,1.000000000000000056e-01
9.977641982610977456e-01,-6.623442733822547390e-02,8.922180426675715634e-03,4.675642063806872528e+01,6.639302842948259509e-02,9.976156910594533578e-01,-1.883875600805834730e-02,3.094642620817636747e+00,-7.653132976156924380e-03,1.938900686333802983e-02,9.997827243799037866e-01,6.014287232378388026e-01,0.000000000000000000e+00,0.000000000000000000e+00,0.000000000000000000e+00,1.000000000000000056e-01
9.978323753331665991e-01,-6.575228182606238092e-02,2.681076581651213857e-03,4.772651125571349695e+01,6.579067359647847169e-02,9.976630048046670751e-01,-1.844223717026684251e-02,3.129822582538184239e+00,-1.462191742639106732e-03,1.857865115633555719e-02,9.998263327781075072e-01,6.022740019289269942e-01,0.000000000000000000e+00,0.000000000000000000e+00,0.000000000000000000e+00,1.000000000000000056e-01
9.977810636307362646e-01,-6.642798360455150208e-02,4.502449794292756949e-03,4.869081037291539360e+01,6.650572406493045208e-02,9.975823710829997415e-01,-2.015940403433350708e-02,3.196841869518528778e+00,-3.152415980802497804e-03,2.041411028317447612e-02,9.997866404262613083e-01,6.206049794545789311e-01,0.000000000000000000e+00,0.000000000000000000e+00,0.000000000000000000e+00,1.000000000000000056e-01
9.980295348871620620e-01,-6.260836388674810571e-02,4.152139730253009975e-03,4.968342778553515870e+01,6.268175949642949829e-02,9.978152849878004771e-01,-2.087232788038655834e-02,3.264557660177744847e+00,-2.836286189152817036e-03,2.109146311044182709e-02,9.997735271872896234e-01,6.291259319581213871e-01,0.000000000000000000e+00,0.000000000000000000e+00,0.000000000000000000e+00,1.000000000000000056e-01
9.981461629268112423e-01,-6.066070606441898577e-02,4.951381044701570061e-03,5.069575185533484074e+01,6.074513747660521129e-02,9.979687448042563469e-01,-1.919407895069472764e-02,3.358357887902982064e+00,-3.776997144823069155e-03,1.945926857780966995e-02,9.998035162765654960e-01,6.570878977590032255e-01,0.000000000000000000e+00,0.000000000000000000e+00,0.000000000000000000e+00,1.000000000000000056e-01
9.982386555692154273e-01,-5.915852629045293548e-02,4.455928018617712899e-03,5.163353204707997435e+01,5.923160013461677836e-02,9.980710514640412923e-01,-1.859553104796883571e-02,3.431681511654710359e+00,-3.347248550403664202e-03,1.882670965954741371e-02,9.998171587498070334e-01,6.712279319198127814e-01,0.000000000000000000e+00,0.000000000000000000e+00,0.000000000000000000e+00,1.000000000000000056e-01
9.983930592521884639e-01,-5.659738772370675325e-02,2.834596956982286808e-03,5.256503016423953056e+01,5.664150599805110181e-02,9.982100936797968505e-01,-1.919241188709647217e-02,3.518187452320066910e+00,-1.743282917046678473e-03,1.932212665892728276e-02,9.998117904816123946e-01,7.003127038547466432e-01,0.000000000000000000e+00,0.000000000000000000e+00,0.000000000000000000e+00,1.000000000000000056e-01
9.982362382376936960e-01,-5.927899328560103792e-02,3.227014735634280759e-03,5.352229300208414742e+01,5.933640816057695472e-02,9.979887933235561670e-01,-2.230603208089246281e-02,3.589664567667908646e+00,-1.898245416101364529e-03,2.245816901793320358e-02,9.997459813916244054e-01,7.204341670780456397e-01,0.000000000000000000e+00,0.000000000000000000e+00,0.000000000000000000e+00,1.000000000000000056e-01
9.983860236733292925e-01,-5.661677494594116733e-02,4.459655645794750010e-03,5.446928079336910855e+01,5.671350916906690853e-02,9.980558491978080982e-01,-2.584762580532716861e-02,3.641107077441300355e+00,-2.987576189586369640e-03,2.605883107053539108e-02,9.996559466695272844e-01,7.458807221196688264e-01,0.000000000000000000e+00,0.000000000000000000e+00,0.000000000000000000e+00,1.000000000000000056e-01
9.982411035272399369e-01,-5.872512610983618431e-02,8.127656002942258012e-03,5.541219543759272881e+01,5.894536308854629592e-02,9.978040711249241967e-01,-3.020728085887126185e-02,3.686535502911807427e+00,-6.335881870566259511e-03,3.063323701326915033e-02,9.995106109446818543e-01,7.515740849788054012e-01,0.000000000000000000e+00,0.000000000000000000e+00,0.000000000000000000e+00,1.000000000000000056e-01
9.979495370961923850e-01,-6.280832726843701974e-02,1.232215221608198158e-02,5.637101589759687670e+01,6.311933270382888428e-02,9.976481185391535833e-01,-2.672417284613710226e-02,3.738895370455288969e+00,-1.061467138062879498e-02,2.744714194643525784e-02,9.995668977864630156e-01,7.749134067033341955e-01,0.000000000000000000e+00,0.000000000000000000e+00,0.000000000000000000e+00,1.000000000000000056e-01
9.977272930285795427e-01,-6.611889158201787742e-02,1.298233113999095606e-02,5.733679454461238834e+01,6.642225748233211713e-02,9.974902320708984860e-01,-2.452183994108006124e-02,3.833796035988123574e+00,-1.132839162519496193e-02,2.532842472619529009e-02,9.996149951076542806e-01,7.796364772941990484e-01,0.000000000000000000e+00,0.000000000000000000e+00,0.000000000000000000e+00,1.000000000000000056e-01
9.977585397519205257e-01,-6.650592744149876057e-02,7.406616451616500688e-03,5.821186963606137255e+01,6.668681017325771287e-02,9.973900550400670584e-01,-2.767575574555857301e-02,3.897849885431992512e+00,-5.546683786835687052e-03,2.810764526455442405e-02,9.995895130385527017e-01,7.925305945985425815e-01,0.000000000000000000e+00,0.000000000000000000e+00,0.000000000000000000e+00,1.000000000000000056e-01
9.975813020230839268e-01,-6.945756661698475332e-02,2.681845181163852992e-03,5.909958275879976242e+01,6.950381206890977881e-02,9.972452937293639907e-01,-2.590452166175213553e-02,3.958228187644563523e+00,-8.751924464241527500e-04,2.602826491108540044e-02,9.996608242118424359e-01,7.975855409913464866e-01,0.000000000000000000e+00,0.000000000000000000e+00,0.000000000000000000e+00,1.000000000000000056e-01
9.976870659069808633e-01,-6.783703495378259896e-02,-4.319167813230265739e-03,6.006971005290221655e+01,6.770729585344573143e-02,9.973859403546618818e-01,-2.523901882127652443e-02,4.029536242523158229e+00,6.020017452926369923e-03,2.488820346119937840e-02,9.996721146047540252e-01,8.197771532194785271e-01,0.000000000000000000e+00,0.000000000000000000e+00,0.000000000000000000e+00,1.000000000000000056e-01
9.979339651406616829e-01,-6.412268633054750422e-02,-4.010276348444104418e-03,6.096008872930576672e+01,6.401485579426081929e-02,9.976866570902777065e-01,-2.287864728664203498e-02,4.117010430924365139e+00,5.468039527715983818e-03,2.257466194167254483e-02,9.997302061966231168e-01,8.366423156794960958e-01,0.000000000000000000e+00,0.000000000000000000e+00,0.000000000000000000e+00,1.000000000000000056e-01
9.977901516204574772e-01,-6.642680768687998782e-02,-1.514116823314998021e-03,6.184874758911088577e+01,6.638263265324335916e-02,9.975884718128068540e-01,-2.026294618788520088e-02,4.180869372379480531e+00,2.856468317509118851e-03,2.011765708821093221e-02,9.997935389179268828e-01,8.565930768816762964e-01,0.000000000000000000e+00,0.000000000000000000e+00,0.000000000000000000e+00,1.000000000000000056e-01
9.978201014372083399e-01,-6.597756375161729914e-02,-1.416421279321280254e-03,6.272016313927682774e+01,6.594237111554356046e-02,9.976670738150540396e-01,-1.766390435230867986e-02,4.243894547286637398e+00,2.578538248536753254e-03,1.753199665494083528e-02,9.998429777889086267e-01,8.812609081316588044e-01,0.000000000000000000e+00,0.000000000000000000e+00,0.000000000000000000e+00,1.000000000000000056e-01
9.977495382819427938e-01,-6.704607502892685755e-02,-8.262453543366779203e-04,6.352591158202564969e+01,6.702426449189775870e-02,9.976225349952985155e-01,-1.603201917646750532e-02,4.306337627610960617e+00,1.899164945492079655e-03,1.594056124388344362e-02,9.998711375371027721e-01,9.017885730221123497e-01,0.000000000000000000e+00,0.000000000000000000e+00,0.000000000000000000e+00,1.000000000000000056e-01
9.975007063832865839e-01,-7.065626940947082602e-02,-1.798832413866109344e-04,6.434717872507702907e+01,7.064539921888925156e-02,9.973859042824605448e-01,-1.518504224104237112e-02,4.364500867479041091e+00,1.252331444952929293e-03,1.513438243849926472e-02,9.998846844182369686e-01,9.236721515444796804e-01,0.000000000000000000e+00,0.000000000000000000e+00,0.000000000000000000e+00,1.000000000000000056e-01
9.974723872239680267e-01,-7.105293777956424306e-02,5.628131233535420145e-04,6.513842258792965367e+01,7.105266333454947347e-02,9.973394651974542002e-01,-1.629448350587462541e-02,4.423701312637027705e+00,5.964551832415150275e-04,1.629328673256023874e-02,9.998670776901622537e-01,9.360737257198278316e-01,0.000000000000000000e+00,0.000000000000000000e+00,0.000000000000000000e+00,1.000000000000000056e-01
9.971906812115185481e-01,-7.486578217521516754e-02,2.420736293125316709e-03,6.594612364200126819e+01,7.489646017321585636e-02,9.970427570269763118e-01,-1.721223151040326624e-02,4.487850461376953426e+00,-1.124970412725702883e-03,1.734518144439731527e-02,9.998489281497637826e-01,9.565318130083704240e-01,0.000000000000000000e+00,0.000000000000000000e+00,0.000000000000000000e+00,1.000000000000000056e-01
9.970275658249461159e-01,-7.703744939592414853e-02,1.124444642090895261e-03,6.668026892542229689e+01,7.704554423067579150e-02,9.968951704620243603e-01,-1.624817601118566310e-02,4.561414945050452197e+00,1.307646040854714342e-04,1.628651282693488814e-02,9.998673574032489464e-01,9.765051657412532338e-01,0.000000000000000000e+00,0.000000000000000000e+00,0.000000000000000000e+00,1.000000000000000056e-01
9.969597415437624344e-01,-7.769521586782850153e-02,5.892976518361645565e-03,6.745196612299353944e+01,7.779496756834526627e-02,9.967848314455459713e-01,-1.918183570763023690e-02,4.633234526714868018e+00,-4.383692739522121289e-03,1.958196188654091549e-02,9.997986447313476077e-01,9.834504126855918571e-01,0.000000000000000000e+00,0.000000000000000000e+00,0.000000000000000000e+00,1.000000000000000056e-01
9.967015950728733698e-01,-8.070863105672033966e-02,8.488065276625413047e-03,6.817886594281682733e+01,8.083779736725708875e-02,9.965960911713445114e-01,-1.617039204247781511e-02,4.688478145815098586e+00,-7.154082470893235839e-03,1.680321204256323211e-02,9.998332216770215997e-01,1.006104922182139427e+00,0.000000000000000000e+00,0.000000000000000000e+00,0.000000000000000000e+00,1.000000000000000056e-01
9.965497085900288932e-01,-8.231625467575709454e-02,1.061661552870627953e-02,6.886559747746821358e+01,8.247364917565427889e-02,9.964749684247810047e-01,-1.535364759536661169e-02,4.762829528155410941e+00,-9.315336858083608090e-03,1.617626406150391924e-02,9.998257613105560049e-01,1.023042234761595060e+00,0.000000000000000000e+00,0.000000000000000000e+00,0.000000000000000000e+00,1.000000000000000056e-01
9.965441101611205443e-01,-8.284465764672528654e-02,6.049727479595279692e-03,6.951719279653613626e+01,8.290405883250599739e-02,9.965039416817456086e-01,-1.033495243533374269e-02,4.815998841245234807e+00,-5.172381683216653592e-03,1.080078294111616599e-02,9.999282922067872503e-01,1.045997318457821956e+00,0.000000000000000000e+00,0.000000000000000000e+00,0.000000000000000000e+00,1.000000000000000056e-01
9.966992037472911514e-01,-8.117980697574195270e-02,7.322492042250736220e-04,7.019256529568619385e+01,8.118306329060218096e-02,9.966484818459443451e-01,-1.005553921619968885e-02,4.883618189618434080e+00,8.651167488427368183e-05,1.008179416352698865e-02,9.999491736794298147e-01,1.055180921602121735e+00,0.000000000000000000e+00,0.000000000000000000e+00,0.000000000000000000e+00,1.000000000000000056e-01
9.965100496463864532e-01,-8.335825403282813573e-02,-4.372921032317827333e-03,7.092488600689534906e+01,8.331318358402019231e-02,9.964768127659496821e-01,-9.637170793853372386e-03,4.945441980303791674e+00,5.160852143953035751e-03,9.239215573469610615e-03,9.999439996823498156e-01,1.083061708358122432e+00,0.000000000000000000e+00,0.000000000000000000e+00,0.000000000000000000e+00,1.000000000000000056e-01
9.965046954994194461e-01,-8.344492360770265627e-02,-3.916193523567367517e-03,7.162144564377830136e+01,8.340296980791185588e-02,9.964670004652107504e-01,-9.872264739469668177e-03,5.000645985582972131e+00,4.726147990690521793e-03,9.511135997886846494e-03,9.999435993180814108e-01,1.085751777859367495e+00,0.000000000000000000e+00,0.000000000000000000e+00,0.000000000000000000e+00,1.000000000000000056e-01
9.964654967963643140e-01,-8.400008316964716060e-02,-7.069100842487334706e-04,7.229403883801687414e+01,8.398762750337521177e-02,9.964084707969815824e-01,-1.078136124869897780e-02,5.066134805366611538e+00,1.610006437609970810e-03,1.068388279199163418e-02,9.999416295603248406e-01,1.100319714493587453e+00,0.000000000000000000e+00,0.000000000000000000e+00,0.000000000000000000e+00,1.000000000000000056e-01
9.954978634744945376e-01,-9.475714952252070611e-02,2.255311970282021256e-03,7.289335948940433241e+01,9.477476086115763088e-02,9.954511127673354443e-01,-9.737905010012542703e-03,5.154633691172127108e+00,-1.322316689384867797e-03,9.907810284835847150e-03,9.999500421390723481e-01,1.108632098119244569e+00,0.000000000000000000e+00,0.000000000000000000e+00,0.000000000000000000e+00,1.000000000000000056e-01
9.956700610827625697e-01,-9.294295296524136829e-02,-1.654375274460413627e-03,7.345487748371520809e+01,9.291817034660358743e-02,9.956080950543996222e-01,-1.143392677907024806e-02,5.215142871758587262e+00,2.709812334345771800e-03,1.123069705096318809e-02,9.999332619534476718e-01,1.121247936869475659e+00,0.000000000000000000e+00,0.000000000000000000e+00,0.000000000000000000e+00,1.000000000000000056e-01
9.956276952610672026e-01,-9.327435661211999629e-02,-5.038534283955485756e-03,7.407907285112533202e+01,9.317565776972686065e-02,9.955016349249136143e-01,-1.716949798342191219e-02,5.268659516586935432e+00,6.617342995059684839e-03,1.662495895992102679e-02,9.998398979392983943e-01,1.159863901274628573e+00,0.000000000000000000e+00,0.000000000000000000e+00,0.000000000000000000e+00,1.000000000000000056e-01
9.957894146373025279e-01,-9.130643864496877649e-02,-8.159409186395405467e-03,7.470874782663614155e+01,9.112894365186334500e-02,9.956387341201530239e-01,-1.997565389454735232e-02,5.317454424442774830e+00,9.947729650226687370e-03,1.914798635866913831e-02,9.997671715420617389e-01,1.173046536402146955e+00,0.000000000000000000e+00,0.000000000000000000e+00,0.000000000000000000e+00,1.000000000000000056e-01
9.960399048948911371e-01,-8.826944673098166549e-02,-1.063073989816942268e-02,7.529014828886896282e+01,8.804020406824231149e-02,9.959082965254829611e-01,-2.038596034855885350e-02,5.363430174327303845e+00,1.238669950383841471e-02,1.936929749673834203e-02,9.997356650584615645e-01,1.189143672055888779e+00,0.000000000000000000e+00,0.000000000000000000e+00,0.000000000000000000e+00,1.000000000000000056e-01
9.963358509796335083e-01,-8.502010495591313943e-02,-9.298053881058310211e-03,7.584789165799358557e+01,8.481192003796567125e-02,9.961784181407620231e-01,-2.086857565917637353e-02,5.438059011351309202e+00,1.103676909984382948e-02,2.000352428584934589e-02,9.997389903089616281e-01,1.193904489867946950e+00,0.000000000000000000e+00,0.000000000000000000e+00,0.000000000000000000e+00,1.000000000000000056e-01
9.969305191419235435e-01,-7.820006236396609411e-02,-3.780244659625514678e-03,7.639247878995792007e+01,7.810447741595624715e-02,9.967249295431980238e-01,-2.095484275024324730e-02,5.466946609523755995e+00,5.406534101917415645e-03,2.059526822789286074e-02,9.997732764560303131e-01,1.215047996897861804e+00,0.000000000000000000e+00,0.000000000000000000e+00,0.000000000000000000e+00,1.000000000000000056e-01
9.976068823263454233e-01,-6.912833933815080989e-02,1.334554404524102966e-03,7.698271747165433965e+01,6.913879191746728770e-02,9.972242306949805624e-01,-2.763441996853654298e-02,5.480782912199190449e+00,5.794715716258185337e-04,2.766055702898558011e-02,9.996172056330082656e-01,1.229515615190114541e+00,0.000000000000000000e+00,0.000000000000000000e+00,0.000000000000000000e+00,1.000000000000000056e-01
9.983335617833682951e-01,-5.770214739339103727e-02,7.494018448302274937e-04,7.753794279676372980e+01,5.769929275458499096e-02,9.979033926971080382e-01,-2.931911422983515467e-02,5.517883271288400060e+00,9.439452072840606462e-04,2.931349569384044881e-02,9.995698214420305483e-01,1.234907668376357126e+00,0.000000000000000000e+00,0.000000000000000000e+00,0.000000000000000000e+00,1.000000000000000056e-01
9.989517779257242047e-01,-4.577417749533544550e-02,2.646765198355441155e-04,7.805526171294299331e+01,4.576680928716644198e-02,9.986485906270160529e-01,-2.462501992581385413e-02,5.550649242548147733e+00,8.628711994045459074e-04,2.461132083615423516e-02,9.996967231815823141e-01,1.248084374191569923e+00,0.000000000000000000e+00,0.000000000000000000e+00,0.000000000000000000e+00,1.000000000000000056e-01
9.995775147873807720e-01,-2.905804326442427629e-02,6.496561602135607089e-04,7.857499175230924493e+01,2.906528847236285532e-02,9.993507836935424660e-01,-2.128896749776253150e-02,5.574035822460633227e+00,-3.061865423585364036e-05,2.129885566750724935e-02,9.997731531751353762e-01,1.261448230507599133e+00,0.000000000000000000e+00,0.000000000000000000e+00,0.000000000000000000e+00,1.000000000000000056e-01
9.998686389002070518e-01,-1.615211973807100312e-02,-1.346837708992119171e-03,7.905581242101789030e+01,1.612916670257176846e-02,9.997482696639627964e-01,-1.559638693393183492e-02,5.599107896006220386e+00,1.598413378321200022e-03,1.557261480546175483e-02,9.998774618635989375e-01,1.249782685323133302e+00,0.000000000000000000e+00,0.000000000000000000e+00,0.000000000000000000e+00,1.000000000000000056e-01
9.999411226488366111e-01,1.083697932543406864e-02,5.577767335140569561e-04,7.955270346051645447e+01,-1.082635217737060521e-02,9.998063523608047287e-01,-1.643313352692874277e-02,5.606994576883386650e+00,-7.357542496498381589e-04,1.642612730020199738e-02,9.998648113658173964e-01,1.269926565292773146e+00,0.000000000000000000e+00,0.000000000000000000e+00,0.000000000000000000e+00,1.000000000000000056e-01
9.993729937531469210e-01,3.512180604139707174e-02,4.480858987193125746e-03,8.006716021224181645e+01,-3.505099057820541819e-02,9.992728164619476550e-01,-1.500887536403585840e-02,5.599659087243173516e+00,-5.004739389736475967e-03,1.484240615928199628e-02,9.998773202563621121e-01,1.290790724006140255e+00,0.000000000000000000e+00,0.000000000000000000e+00,0.000000000000000000e+00,1.000000000000000056e-01
9.979990836555084899e-01,6.304861460746791213e-02,4.764579608366069884e-03,8.054222093932673943e+01,-6.297000498300661664e-02,9.979002949206470241e-01,-1.515849167054003632e-02,5.565305627944474587e+00,-5.710297295727793411e-03,1.482813519511786901e-02,9.998737514863712539e-01,1.298474646241189800e+00,0.000000000000000000e+00,0.000000000000000000e+00,0.000000000000000000e+00,1.000000000000000056e-01
9.952551282765325080e-01,9.714474857321897527e-02,5.488849051391023019e-03,8.101267714928248154e+01,-9.705590918233106268e-02,9.951714370416400168e-01,-1.462741909115018550e-02,5.493033171575048002e+00,-6.883322748062335912e-03,1.402528862886994777e-02,9.998779481250813506e-01,1.307121861883276281e+00,0.000000000000000000e+00,0.000000000000000000e+00,0.000000000000000000e+00,1.000000000000000056e-01
