1.000000000000000000e+00,-1.583925776898899209e-09,-5.140184569338669815e-11,1.044178512119904344e-16,1.583925776898569164e-09,1.000000000000000000e+00,-6.418947164601604015e-12,3.240235435263437737e-15,5.140184570355383355e-11,6.418947083184894965e-12,1.000000000000000000e+00,1.035239390619093130e-16,0.000000000000000000e+00,0.000000000000000000e+00,0.000000000000000000e+00,1.000000000000000056e-01
9.999819520246907567e-01,-5.933583094752673676e-03,-9.424524108259478951e-04,6.406032858717204403e-01,5.932056161144784803e-03,9.999811014095383310e-01,-1.614785889089451892e-03,7.009667686077856660e-03,9.520160660569525245e-04,1.609166064843370238e-03,9.999982521234653809e-01,8.286402825019915236e-03,0.000000000000000000e+00,0.000000000000000000e+00,0.000000000000000000e+00,1.000000000000000056e-01
9.999347704269558879e-01,-1.133566112412414707e-02,-1.399170493589654753e-03,1.303318201399184639e+00,1.133630631628666958e-02,9.999356389238706067e-01,4.540583818141268328e-04,1.597846378503450793e-02,1.393933389524185454e-03,-4.698901890837862689e-04,9.999989180758726004e-01,1.336311125967538406e-02,0.000000000000000000e+00,0.000000000000000000e+00,0.000000000000000000e+00,1.000000000000000056e-01
9.998124692674192904e-01,-1.925091244423155629e-02,-2.104439937436645286e-03,2.028856038629664571e+00,1.925509284698315865e-02,9.998126338479395026e-01,1.984590008074294323e-03,2.296145778509539950e-02,2.065840468140190019e-03,-2.024739022842449512e-03,9.999958163587733262e-01,1.892608725302117809e-02,0.000000000000000000e+00,0.000000000000000000e+00,0.000000000000000000e+00,1.000000000000000056e-01
9.996280477310461876e-01,-2.722401488048726767e-02,-1.618395255857483324e-03,2.746024892846872678e+00,2.723032516020547009e-02,9.996211265356790276e-01,4.014072148009094169e-03,4.256750156849068573e-02,1.508502928951506753e-03,-4.056648533820630433e-03,9.999906339669318855e-01,2.499181303910251797e-02,0.000000000000000000e+00,0.000000000000000000e+00,0.000000000000000000e+00,1.000000000000000056e-01
9.994332178578420045e-01,-3.361117346593816418e-02,-1.879377706023767879e-03,3.443703379829114564e+00,3.361502496822756786e-02,9.994327390423725088e-01,2.056751479014960401e-03,5.956428757814097308e-02,1.809181777689008227e-03,-2.118761077518517034e-03,9.999961188488641906e-01,3.092939734864521770e-02,0.000000000000000000e+00,0.000000000000000000e+00,0.000000000000000000e+00,1.000000000000000056e-01
9.991161890479463015e-01,-4.199204337010530724e-02,-1.873252762315182063e-03,4.181925650376566495e+00,4.199951461855584017e-02,9.991090317138833221e-01,4.145300900091966438e-03,9.734198408905937738e-02,1.697514098333280114e-03,-4.220312944532014603e-03,9.999896536487445919e-01,4.489729678598265022e-02,0.000000000000000000e+00,0.000000000000000000e+00,0.000000000000000000e+00,1.000000000000000056e-01
9.988715601672303324e-01,-4.740897426946154292e-02,-2.827622287466840818e-03,4.952184248239112740e+00,4.742586426751316253e-02,9.988552724342116829e-01,6.239561591672516776e-03,1.374763849833048612e-01,2.528574215336417113e-03,-6.366623052638651324e-03,9.999765359363904649e-01,5.314157218895431550e-02,0.000000000000000000e+00,0.000000000000000000e+00,0.000000000000000000e+00,1.000000000000000056e-01
9.985140599127386718e-01,-5.447043255660834887e-02,-1.626079234133010615e-03,5.737709925737521033e+00,5.447913413508572583e-02,9.984974872693079817e-01,5.898462576757964454e-03,1.903479090946868513e-01,1.302344221407639169e-03,-5.978285203472558096e-03,9.999812818275924942e-01,5.596523803836955802e-02,0.000000000000000000e+00,0.000000000000000000e+00,0.000000000000000000e+00,1.000000000000000056e-01
9.980491489301520636e-01,-6.239966514705464623e-02,2.044042400386005855e-03,6.546113455084335619e+00,6.238951791476717718e-02,9.980408096545223540e-01,4.700033883754484686e-03,2.400429661810167814e-01,-2.333318272775513139e-03,-4.563337997666614028e-03,9.999868656998235350e-01,5.830762544577310080e-02,0.000000000000000000e+00,0.000000000000000000e+00,0.000000000000000000e+00,1.000000000000000056e-01
9.978483536622523298e-01,-6.545270595620435172e-02,3.821828952627728208e-03,7.370328224390337191e+00,6.543038905878413580e-02,9.978408646898307977e-01,5.698503546270130421e-03,3.079771522319588173e-01,-4.186559583791089542e-03,-5.436178626697598174e-03,9.999764600633307410e-01,6.842503577774099177e-02,0.000000000000000000e+00,0.000000000000000000e+00,0.000000000000000000e+00,1.000000000000000056e-01
9.975127104172799575e-01,-7.040855053657694984e-02,3.320928681870118429e-03,8.187118022641426407e+00,7.038926965408025260e-02,9.975038589083176088e-01,5.603764857703832231e-03,3.688841976299472303e-01,-3.707192136503489714e-03,-5.356068927259127407e-03,9.999787844010039617e-01,7.360874161220462564e-02,0.000000000000000000e+00,0.000000000000000000e+00,0.000000000000000000e+00,1.000000000000000056e-01
9.972249672620506766e-01,-7.435851095842399561e-02,3.629947278943363755e-03,9.019966223606783018e+00,7.433577681311892560e-02,9.972149722275926997e-01,6.040815401230525093e-03,4.433280382559051658e-01,-4.069023813169348434e-03,-5.754216989957279711e-03,9.999751657076491052e-01,7.769320588431162522e-02,0.000000000000000000e+00,0.000000000000000000e+00,0.000000000000000000e+00,1.000000000000000056e-01
9.970227333708319151e-01,-7.697719341091663336e-02,4.492308575040593679e-03,9.800946488303200255e+00,7.695682777238146977e-02,9.970240760437105720e-01,4.542955909668505016e-03,5.269381584794834428e-01,-4.828643802048905240e-03,-4.183716501331076129e-03,9.999795901493536698e-01,8.856356206678710208e-02,0.000000000000000000e+00,0.000000000000000000e+00,0.000000000000000000e+00,1.000000000000000056e-01
9.967706875464072969e-01,-8.015054176210838210e-02,4.907861398110827632e-03,1.057658570044458735e+01,8.012360528171953711e-02,9.967699857356124848e-01,5.459250249438506869e-03,5.633468210300417445e-01,-5.329570800894714751e-03,-5.048385075181096443e-03,9.999730543785722015e-01,9.197441208480668096e-02,0.000000000000000000e+00,0.000000000000000000e+00,0.000000000000000000e+00,1.000000000000000056e-01
9.965390688684319098e-01,-8.292988634392525760e-02,5.702470501658703575e-03,1.137744619614885799e+01,8.290693914632740746e-02,9.965486544290255155e-01,4.149553841790379859e-03,6.450786211966849093e-01,-6.026911333826864836e-03,-3.662418146852464834e-03,9.999751312073175136e-01,1.063389942495217011e-01,0.000000000000000000e+00,0.000000000000000000e+00,0.000000000000000000e+00,1.000000000000000056e-01
9.962492636142483704e-01,-8.639953024159306716e-02,4.746148132942988596e-03,1.223601848538342374e+01,8.636675605475711837e-02,9.962407195977579510e-01,6.723991665625397157e-03,7.263666310357314027e-01,-5.309255752539099316e-03,-6.288862327430018093e-03,9.999661304334166445e-01,9.995100659484171257e-02,0.000000000000000000e+00,0.000000000000000000e+00,0.000000000000000000e+00,1.000000000000000056e-01
9.959914891876481269e-01,-8.941516963270956797e-02,2.425057798227736941e-03,1.311185452087151404e+01,8.940008159156495604e-02,9.959792285175550486e-01,5.744716964079464236e-03,8.288185357181144797e-01,-2.928972036824411748e-03,-5.504888838989229968e-03,9.999805584718524099e-01,1.001296950417618487e-01,0.000000000000000000e+00,0.000000000000000000e+00,0.000000000000000000e+00,1.000000000000000056e-01
9.962760982175032920e-01,-8.622012230428793833e-02,-1.631880550929610467e-04,1.398561043231097578e+01,8.621779212129815351e-02,9.962312354124792657e-01,9.477231149130181317e-03,9.208424298952921916e-01,-6.545549910541913034e-04,-9.456008584971484568e-03,9.999550767206517587e-01,1.087751380658572159e-01,0.000000000000000000e+00,0.000000000000000000e+00,0.000000000000000000e+00,1.000000000000000056e-01
9.947653263970516191e-01,-1.021843091930707409e-01,5.588854107389590797e-04,1.494012051122689932e+01,1.021736582456563430e-01,9.947163261003012513e-01,9.998707427411162793e-03,1.041924614716270625e+00,-1.577643453774950008e-03,-9.889264090621964834e-03,9.999498554912035209e-01,1.104911112898882969e-01,0.000000000000000000e+00,0.000000000000000000e+00,0.000000000000000000e+00,1.000000000000000056e-01
9.940228343699871738e-01,-1.091518080533836199e-01,2.118383755199265261e-03,1.591530086470122285e+01,1.091262057149548770e-01,9.939796877726609914e-01,9.790379033555738145e-03,1.170095845579019578e+00,-3.174267996616189896e-03,-9.500689135038478325e-03,9.999498292057682480e-01,1.181216441994556027e-01,0.000000000000000000e+00,0.000000000000000000e+00,0.000000000000000000e+00,1.000000000000000056e-01
9.937306859654495561e-01,-1.117581134152006717e-01,3.073736571703514046e-03,1.683909766734906555e+01,1.117241679349703642e-01,9.936928846890339395e-01,9.600063417749582148e-03,1.285193878357192565e+00,-4.127235136944223254e-03,-9.196466944507245347e-03,9.999491941723154254e-01,1.251996725862719040e-01,0.000000000000000000e+00,0.000000000000000000e+00,0.000000000000000000e+00,1.000000000000000056e-01
9.933558141427482058e-01,-1.150439911303827722e-01,3.017716618603738694e-03,1.772799526269832171e+01,1.150141913857994636e-01,9.933259914762461174e-01,8.672395148011982288e-03,1.382852469809718654e+00,-3.995283302655968510e-03,-8.267693906100865783e-03,9.999578405856951457e-01,1.349902928688518078e-01,0.000000000000000000e+00,0.000000000000000000e+00,0.000000000000000000e+00,1.000000000000000056e-01
9.930105378177925823e-01,-1.179855922324777040e-01,3.077630317269372702e-03,1.863826570488751955e+01,1.179547614795145860e-01,9.929801349346887296e-01,8.782133533384743618e-03,1.492327506253019020e+00,-4.092190993722331742e-03,-8.357729993178422689e-03,9.999567002236806612e-01,1.408871347116280592e-01,0.000000000000000000e+00,0.000000000000000000e+00,0.000000000000000000e+00,1.000000000000000056e-01
9.925129102959798777e-01,-1.221145434612244951e-01,2.482170634925063603e-03,1.956333915966177273e+01,1.220972359027217846e-01,9.924986572931415729e-01,6.219345321345887655e-03,1.601841402148785898e+00,-3.223023536879446489e-03,-5.869714351461438780e-03,9.999775790350066140e-01,1.516230130250557084e-01,0.000000000000000000e+00,0.000000000000000000e+00,0.000000000000000000e+00,1.000000000000000056e-01
9.922756839206471335e-01,-1.239743695329906664e-01,4.395770547871470646e-03,2.048705104159010304e+01,1.239547532879141795e-01,9.922777316154375304e-01,4.485808450448778954e-03,1.720292285438305147e+00,-4.917950502434001447e-03,-3.906281994334392764e-03,9.999802771674231039e-01,1.651390322449881043e-01,0.000000000000000000e+00,0.000000000000000000e+00,0.000000000000000000e+00,1.000000000000000056e-01
9.924340677922651732e-01,-1.226501975586180709e-01,5.616949717564543795e-03,2.140848093355706538e+01,1.226255524035163441e-01,9.924426188649353442e-01,4.541162653025381662e-03,1.841793169895485027e+00,-6.131474784271796416e-03,-3.818022962309167156e-03,9.999739135185623518e-01,1.667098057087740282e-01,0.000000000000000000e+00,0.000000000000000000e+00,0.000000000000000000e+00,1.000000000000000056e-01
9.923494823279245258e-01,-1.230544739267540044e-01,1.000506722166760037e-02,2.236139731023455468e+01,1.230362073881567930e-01,9.923992231723313129e-01,2.423534297650378061e-03,1.965443304814105785e+00,-1.022724767661069289e-02,-1.174007480059778520e-03,9.999470111517899662e-01,1.714424722770082066e-01,0.000000000000000000e+00,0.000000000000000000e+00,0.000000000000000000e+00,1.000000000000000056e-01
9.925961410726935608e-01,-1.207769450446333076e-01,1.287751036819640565e-02,2.332398879752456011e+01,1.207487886864208187e-01,9.926787283898953484e-01,2.944865528752019235e-03,2.093877201234584096e+00,-1.313890247925881757e-02,-1.368118381560711394e-03,9.999127449401445933e-01,1.709337474471972762e-01,0.000000000000000000e+00,0.000000000000000000e+00,0.000000000000000000e+00,1.000000000000000056e-01
9.928806140173316308e-01,-1.183788155969745792e-01,1.321144679526443586e-02,2.424203445897425624e+01,1.183775539941742394e-01,9.929682673336036602e-01,8.802152335541524189e-04,2.197815611626886323e+00,-1.322274627008237363e-02,6.899901147889201487e-04,9.999123376050115253e-01,1.675639450656347951e-01,0.000000000000000000e+00,0.000000000000000000e+00,0.000000000000000000e+00,1.000000000000000056e-01
9.929063533539544961e-01,-1.183041950958074878e-01,1.187816871766255757e-02,2.519297730053996887e+01,1.183099187820696591e-01,9.929766934716810489e-01,2.221257012744232888e-04,2.308690809090336415e+00,-1.182102310006268552e-02,1.184755156227800237e-03,9.999294273937974209e-01,1.644601430076355342e-01,0.000000000000000000e+00,0.000000000000000000e+00,0.000000000000000000e+00,1.000000000000000056e-01
9.930924896367505639e-01,-1.170840088248746996e-01,7.657800244006553875e-03,2.613247840568644875e+01,1.170879436691793368e-01,9.931215479948363178e-01,-6.599744785226540310e-05,2.429763669438658624e+00,-7.597399186796270631e-03,9.621776533973449511e-04,9.999706764399443060e-01,1.605716726526972560e-01,0.000000000000000000e+00,0.000000000000000000e+00,0.000000000000000000e+00,1.000000000000000056e-01
9.930034076650608998e-01,-1.178960017622507073e-01,6.690675156682383308e-03,2.707177333267508956e+01,1.179080012336615468e-01,9.930234977996471590e-01,-1.426906737360991630e-03,2.544108170837592553e+00,-6.475771047507464066e-03,2.205807387247833793e-03,9.999765991277549393e-01,1.622037820040682643e-01,0.000000000000000000e+00,0.000000000000000000e+00,0.000000000000000000e+00,1.000000000000000056e-01
9.930805506237947444e-01,-1.171897642198620887e-01,7.588091646375461768e-03,2.802446523068283568e+01,1.172134090145641322e-01,9.931029462926603824e-01,-2.748601830361268282e-03,2.657482300488289706e+00,-7.213648170319875846e-03,3.619009108927342261e-03,9.999674324962509742e-01,1.644318405904607039e-01,0.000000000000000000e+00,0.000000000000000000e+00,0.000000000000000000e+00,1.000000000000000056e-01
9.930104499946563745e-01,-1.175572324987105843e-01,1.051395685049931819e-02,2.903008553609938502e+01,1.176219100431062925e-01,9.930417539153966189e-01,-5.758581287450442385e-03,2.777096673419338746e+00,-9.763835272139108346e-03,6.955003082448504154e-03,9.999281451448907010e-01,1.691349805931635919e-01,0.000000000000000000e+00,0.000000000000000000e+00,0.000000000000000000e+00,1.000000000000000056e-01
9.930774090079739214e-01,-1.165159742528600884e-01,1.487573399588007494e-02,2.998348221101188571e+01,1.166504187140112725e-01,9.931365597103447573e-01,-8.511966902343248015e-03,2.885476673692052962e+00,-1.378185516739993677e-02,1.018830263623832569e-02,9.998531186917092306e-01,1.679476712359265211e-01,0.000000000000000000e+00,0.000000000000000000e+00,0.000000000000000000e+00,1.000000000000000056e-01
9.929094632879342797e-01,-1.178387198412840231e-01,1.564716649855968367e-02,3.091077310781473386e+01,1.180813363285185547e-01,9.928812568809195493e-01,-1.560793853898395298e-02,2.973768556285478759e+00,-1.369655884291964484e-02,1.734490820767837713e-02,9.997557493883841850e-01,1.717327865302257228e-01,0.000000000000000000e+00,0.000000000000000000e+00,0.000000000000000000e+00,1.000000000000000056e-01
9.930123132953094789e-01,-1.174001307286317020e-01,1.198978518565951834e-02,3.186127173249932198e+01,1.176119847769169224e-01,9.928810631884777971e-01,-1.883123465288767673e-02,3.076373927472891623e+00,-9.693641252508530815e-03,2.010979031760507657e-02,9.997507837719606938e-01,1.731715138737207615e-01,0.000000000000000000e+00,0.000000000000000000e+00,0.000000000000000000e+00,1.000000000000000056e-01
9.927666270730062248e-01,-1.197658912709153728e-01,8.399729648612647842e-03,3.285927776427145375e+01,1.199033040961678259e-01,9.926149973094403611e-01,-1.840284714933184892e-02,3.193604112906164527e+00,-6.133664231795518153e-03,1.927688783136546555e-02,9.997953689423794144e-01,1.681744652312474886e-01,0.000000000000000000e+00,0.000000000000000000e+00,0.000000000000000000e+00,1.000000000000000056e-01
9.926305681403211345e-01,-1.209934599130893795e-01,6.718470933392172405e-03,3.382776697353629203e+01,1.210980537462463535e-01,9.924715244199230346e-01,-1.831760340397293324e-02,3.315422604710426935e+00,-4.451580875872203878e-03,1.899620682803924987e-02,9.998096456595384485e-01,1.695862550216716558e-01,0.000000000000000000e+00,0.000000000000000000e+00,0.000000000000000000e+00,1.000000000000000056e-01
9.924214511334900068e-01,-1.226235143631304314e-01,7.945882917147834706e-03,3.479216617685979429e+01,1.227530062199863881e-01,9.922624255469566501e-01,-1.862735385465089100e-02,3.435979887758173756e+00,-5.600249463538341244e-03,1.946156655836157878e-02,9.997949212878811664e-01,1.802478120154756280e-01,0.000000000000000000e+00,0.000000000000000000e+00,0.000000000000000000e+00,1.000000000000000056e-01
9.923269914282434323e-01,-1.232755555557221022e-01,9.501551736375183493e-03,3.576812486809745906e+01,1.234301580893829436e-01,9.921918012664188158e-01,-1.790043501508395418e-02,3.571391008502252884e+00,-7.220675660966586334e-03,1.893586285669028590e-02,9.997946263812742540e-01,1.767302337481276298e-01,0.000000000000000000e+00,0.000000000000000000e+00,0.000000000000000000e+00,1.000000000000000056e-01
9.923043833415520210e-01,-1.233221554040703494e-01,1.112010735724211323e-02,3.673903409999859093e+01,1.235092039866917402e-01,9.921785936364267977e-01,-1.808631693341756358e-02,3.688122495964401004e+00,-8.802688891244371192e-03,1.932056717947431418e-02,9.997745887709625912e-01,1.887214245594527606e-01,0.000000000000000000e+00,0.000000000000000000e+00,0.000000000000000000e+00,1.000000000000000056e-01
9.920610431426393205e-01,-1.250192824545006964e-01,1.360388522812885394e-02,3.772674140629786876e+01,1.252414052432015701e-01,9.919819148766645389e-01,-1.692545332728156646e-02,3.828347866440314551e+00,-1.137880008816774709e-02,1.849485258626309622e-02,9.997642038682751364e-01,1.909861702854072085e-01,0.000000000000000000e+00,0.000000000000000000e+00,0.000000000000000000e+00,1.000000000000000056e-01
9.921708181780652946e-01,-1.240874033310410685e-01,1.412033605931913537e-02,3.872921406771588693e+01,1.243082707513573082e-01,9.921143922474677801e-01,-1.601519647849729625e-02,3.969427486248921610e+00,-1.202170448296824463e-02,1.764508515131512842e-02,9.997720388125119761e-01,2.017869024197637140e-01,0.000000000000000000e+00,0.000000000000000000e+00,0.000000000000000000e+00,1.000000000000000056e-01
9.922854107106549026e-01,-1.230188593800901897e-01,1.536307025331859998e-02,3.975588356915136501e+01,1.232080245494869553e-01,9.923078458919197820e-01,-1.203834157810233958e-02,4.113291785009526080e+00,-1.376395209959074654e-02,1.383832425402880574e-02,9.998095090588209333e-01,2.018368778336499247e-01,0.000000000000000000e+00,0.000000000000000000e+00,0.000000000000000000e+00,1.000000000000000056e-01
9.918561340221165867e-01,-1.265207785851516220e-01,1.462538850451826529e-02,4.075625544461453131e+01,1.267370614783737415e-01,9.918237074674894904e-01,-1.494826255023125501e-02,4.234586462543910912e+00,-1.261454123335318568e-02,1.668010466546218998e-02,9.997812998140249707e-01,2.156921315752549639e-01,0.000000000000000000e+00,0.000000000000000000e+00,0.000000000000000000e+00,1.000000000000000056e-01
9.920573625153485953e-01,-1.250200053030768588e-01,1.386317976182937194e-02,4.176318462111240137e+01,1.252038874671144442e-01,9.920419081159411734e-01,-1.329808650914564294e-02,4.355527318179217566e+00,-1.209032845758534723e-02,1.492818862760042845e-02,9.998154695452988738e-01,2.377884077996661738e-01,0.000000000000000000e+00,0.000000000000000000e+00,0.000000000000000000e+00,1.000000000000000056e-01
9.922797029660088697e-01,-1.236212080361237114e-01,9.939215531353686253e-03,4.277282683571988997e+01,1.237347710463064382e-01,9.922456224673884551e-01,-1.176142544179729910e-02,4.463789984051611093e+00,-8.408181480403792082e-03,1.290045030199542600e-02,9.998814334040803109e-01,2.452727995366106861e-01,0.000000000000000000e+00,0.000000000000000000e+00,0.000000000000000000e+00,1.000000000000000056e-01
9.925535616133912553e-01,-1.214869107430633366e-01,8.851996762250256834e-03,4.380816201472698168e+01,1.215885690695468202e-01,9.925077057597847530e-01,-1.202804552155266847e-02,4.596998739559650993e+00,-7.324424905203674556e-03,1.301478104139537108e-02,9.998884779185389649e-01,2.537953015463119133e-01,0.000000000000000000e+00,0.000000000000000000e+00,0.000000000000000000e+00,1.000000000000000056e-01
9.925178437609046833e-01,-1.215683116138448344e-01,1.137872697464190758e-02,4.479420590495988108e+01,1.217224691987906920e-01,9.924653285737952135e-01,-1.400757191872524857e-02,4.719756411424404163e+00,-9.590115137670555262e-03,1.528781182079128054e-02,9.998371429894862272e-01,2.649398675566749795e-01,0.000000000000000000e+00,0.000000000000000000e+00,0.000000000000000000e+00,1.000000000000000056e-01
9.923309407657228132e-01,-1.231751409985237800e-01,1.035319462819189046e-02,4.575294718252735038e+01,1.233033608668464287e-01,9.922861867218341070e-01,-1.282204507797502641e-02,4.841296843393810612e+00,-8.693974807628505885e-03,1.400029574813210428e-02,9.998641940388750537e-01,2.677878701431128383e-01,0.000000000000000000e+00,0.000000000000000000e+00,0.000000000000000000e+00,1.000000000000000056e-01
9.918519269200180011e-01,-1.272369083732936001e-01,6.365863072150942589e-03,4.665805696555331394e+01,1.273132327803961350e-01,9.917703893588929454e-01,-1.352166964226608412e-02,4.962152372541963175e+00,-4.593019056345582982e-03,1.422195269701040723e-02,9.998883138818215333e-01,2.820154250172111077e-01,0.000000000000000000e+00,0.000000000000000000e+00,0.000000000000000000e+00,1.000000000000000056e-01
9.921490310360665532e-01,-1.249601373184607012e-01,5.026360069243485627e-03,4.761257302969121241e+01,1.250157036045827785e-01,9.920706911797901872e-01,-1.291578701839201336e-02,5.084567558163206158e+00,-3.372545988618624695e-03,1.344275951599229781e-02,9.999039544627023046e-01,2.841133795239320081e-01,0.000000000000000000e+00,0.000000000000000000e+00,0.000000000000000000e+00,1.000000000000000056e-01
9.921866430801026260e-01,-1.246724003060822178e-01,4.738976192922449496e-03,4.855209696783936835e+01,1.247207220110111286e-01,9.921212824886002091e-01,-1.183648318662616251e-02,5.211665319325645029e+00,-3.225956368145896022e-03,1.233504905118696683e-02,9.999187165817107203e-01,2.961281204459859651e-01,0.000000000000000000e+00,0.000000000000000000e+00,0.000000000000000000e+00,1.000000000000000056e-01
9.925974276601283730e-01,-1.212045947048106392e-01,7.732582035705957285e-03,4.951117940231955572e+01,1.213040631072754977e-01,9.925160398368995107e-01,-1.404403574989381530e-02,5.342824614039643372e+00,-5.972510038707076058e-03,1.487806737855294249e-02,9.998714778584879559e-01,2.977250592331752155e-01,0.000000000000000000e+00,0.000000000000000000e+00,0.000000000000000000e+00,1.000000000000000056e-01
9.928942154020278243e-01,-1.185800942538731556e-01,9.991910124404070059e-03,5.049673433687270574e+01,1.187356690588656644e-01,9.927843926890044246e-01,-1.676277203412904898e-02,5.470224082132465249e+00,-7.932081336896396745e-03,1.783005552058678639e-02,9.998095674706246605e-01,3.196063513535645217e-01,0.000000000000000000e+00,0.000000000000000000e+00,0.000000000000000000e+00,1.000000000000000056e-01
9.930504865754663513e-01,-1.172849516174312712e-01,9.745318687779476810e-03,5.141327204636251480e+01,1.174334078884320398e-01,9.929454722189176019e-01,-1.639158051134407407e-02,5.596866468406406447e+00,-7.754084339154815840e-03,1.742209298699592956e-02,9.998181558923671108e-01,3.233096734559645635e-01,0.000000000000000000e+00,0.000000000000000000e+00,0.000000000000000000e+00,1.000000000000000056e-01
9.930160310870485008e-01,-1.175672807192134350e-01,9.853756056220604534e-03,5.234822622617396348e+01,1.177416119619947854e-01,9.928523803980038309e-01,-1.952084912621576337e-02,5.717207880495226213e+00,-7.488312007180654081e-03,2.054471324470353785e-02,9.997608913840229095e-01,3.359843320560215729e-01,0.000000000000000000e+00,0.000000000000000000e+00,0.000000000000000000e+00,1.000000000000000056e-01
9.931674165977041335e-01,-1.165013418259061573e-01,6.776426890758868900e-03,5.331323844421979885e+01,1.166262862700274128e-01,9.929191486473700756e-01,-2.258038087020526261e-02,5.837988653022821772e+00,-4.097799348924505668e-03,2.321640803710353293e-02,9.997220645951306883e-01,3.596521791759514919e-01,0.000000000000000000e+00,0.000000000000000000e+00,0.000000000000000000e+00,1.000000000000000056e-01
9.929398119441312787e-01,-1.183179231539490256e-01,8.449787978967534044e-03,5.424694181123111036e+01,1.185019625014499950e-01,9.926051054265736528e-01,-2.631329634245111598e-02,5.958622168750569159e+00,-5.273968113122045123e-03,2.712883598013242359e-02,9.996180328098852597e-01,3.599823975873529536e-01,0.000000000000000000e+00,0.000000000000000000e+00,0.000000000000000000e+00,1.000000000000000056e-01
9.929394972400782393e-01,-1.179483796189153971e-01,1.262277964209524220e-02,5.518369654472837738e+01,1.182593783790341219e-01,9.925974109317997618e-01,-2.766042727241079663e-02,6.069035576195453530e+00,-9.266835815158656897e-03,2.895789282320303248e-02,9.995376762269718718e-01,3.724573208238608490e-01,0.000000000000000000e+00,0.000000000000000000e+00,0.000000000000000000e+00,1.000000000000000056e-01
9.926854726082006142e-01,-1.194048832115967573e-01,1.783329296171194678e-02,5.612276614157920562e+01,1.198407674479518015e-01,9.924582243031592199e-01,-2.578494658722555594e-02,6.190154003855378839e+00,-1.461994973039373868e-02,2.773349740377292760e-02,9.995084342773880026e-01,3.938262570680381436e-01,0.000000000000000000e+00,0.000000000000000000e+00,0.000000000000000000e+00,1.000000000000000056e-01
9.926894276063970013e-01,-1.192237443566433325e-01,1.879891220431664095e-02,5.707379229698128142e+01,1.196397378952865492e-01,9.925551069797761139e-01,-2.281869244089866633e-02,6.315106491275558120e+00,-1.593842635993235335e-02,2.490097166672305962e-02,9.995628585412835720e-01,3.899344207033355048e-01,0.000000000000000000e+00,0.000000000000000000e+00,0.000000000000000000e+00,1.000000000000000056e-01
9.927724895082190582e-01,-1.192694782604831888e-01,1.332575067773601740e-02,5.795404989528713458e+01,1.195720268209993636e-01,9.925145147486439390e-01,-2.484891175045810321e-02,6.420542884346494006e+00,-1.026228422775665033e-02,2.626270299752053380e-02,9.996023989335423021e-01,4.009319438698639160e-01,0.000000000000000000e+00,0.000000000000000000e+00,0.000000000000000000e+00,1.000000000000000056e-01
9.928042327038928416e-01,-1.194953146957325602e-01,7.786224438229012550e-03,5.886524264847896148e+01,1.196527937914278611e-01,9.925117674829160297e-01,-2.456827926095311865e-02,6.526166322410853482e+00,-4.792125117385119364e-03,2.532313514764671786e-02,9.996678320137911689e-01,4.080292822173784417e-01,0.000000000000000000e+00,0.000000000000000000e+00,0.000000000000000000e+00,1.000000000000000056e-01
9.929801430962152953e-01,-1.181983036560047967e-01,4.426785454774163561e-03,5.981745485661422634e+01,1.182718190837031974e-01,9.926766314677260006e-01,-2.459435196381943439e-02,6.653186933927815794e+00,-1.487355791833355496e-03,2.494526710082152487e-02,9.996877119490952257e-01,4.186987944485511814e-01,0.000000000000000000e+00,0.000000000000000000e+00,0.000000000000000000e+00,1.000000000000000056e-01
9.927737410427748266e-01,-1.199923746993515755e-01,1.459146991882751855e-03,6.072930900010722155e+01,1.199956125778832844e-01,9.925359210784570063e-01,-2.176001679681092288e-02,6.770798081851747696e+00,1.162780285369913440e-03,2.177786451765574560e-02,9.997621579951196935e-01,4.231580665802238128e-01,0.000000000000000000e+00,0.000000000000000000e+00,0.000000000000000000e+00,1.000000000000000056e-01
9.925307821875436476e-01,-1.219495581781836480e-01,3.309330797701734179e-03,6.165628010279036886e+01,1.219906825536601624e-01,9.923481258391521065e-01,-1.906490266470024786e-02,6.900326827790718376e+00,-9.590517582108311866e-04,1.932621027693180726e-02,9.998127713807505312e-01,4.442264764699063728e-01,0.000000000000000000e+00,0.000000000000000000e+00,0.000000000000000000e+00,1.000000000000000056e-01
9.922780029182501904e-01,-1.239509835260922954e-01,4.529746955785628020e-03,6.252512105500440498e+01,1.240119573901804495e-01,9.921262119605595009e-01,-1.751039591348853980e-02,7.025739895392720591e+00,-2.323649892975299287e-03,1.793692347381348196e-02,9.998364203345811996e-01,4.576634990034325612e-01,0.000000000000000000e+00,0.000000000000000000e+00,0.000000000000000000e+00,1.000000000000000056e-01
9.922266261466355930e-01,-1.243559928671892217e-01,4.680748196618986917e-03,6.332964372007833020e+01,1.244176475960258738e-01,9.920889147749648584e-01,-1.672824399940216894e-02,7.136211599742420475e+00,-2.563461007248348140e-03,1.718057678449719239e-02,9.998491168416444586e-01,4.710881065626076891e-01,0.000000000000000000e+00,0.000000000000000000e+00,0.000000000000000000e+00,1.000000000000000056e-01
9.920479494058936920e-01,-1.257139197313854595e-01,6.072599553081110130e-03,6.413552209904442236e+01,1.257976112546131953e-01,9.919225198157983758e-01,-1.626885628771432279e-02,7.244862582736846690e+00,-3.978326557049341461e-03,1.690340403728961272e-02,9.998492125564522048e-01,4.803694284005218251e-01,0.000000000000000000e+00,0.000000000000000000e+00,0.000000000000000000e+00,1.000000000000000056e-01
9.921584140475316893e-01,-1.247548513339353932e-01,7.609763684521731256e-03,6.492833072518580195e+01,1.248697826389870008e-01,9.920243402231312402e-01,-1.718271772896392408e-02,7.358674031751187172e+00,-5.405443402601744704e-03,1.799820750821554127e-02,9.998234072615586054e-01,5.010031436994191179e-01,0.000000000000000000e+00,0.000000000000000000e+00,0.000000000000000000e+00,1.000000000000000056e-01
9.921791157248321946e-01,-1.245254457941654402e-01,8.603235975754418979e-03,6.572621365699005480e+01,1.246657402060009079e-01,9.920290716886732696e-01,-1.835140712313582112e-02,7.468895914623757903e+00,-6.249443045587541046e-03,1.928041167282360663e-02,9.997945839958057856e-01,5.117422594803220370e-01,0.000000000000000000e+00,0.000000000000000000e+00,0.000000000000000000e+00,1.000000000000000056e-01
9.921493851669919151e-01,-1.247203545843135059e-01,9.188616061356333353e-03,6.646678390200582953e+01,1.248775741416886936e-01,9.919866646998556359e-01,-1.918459106009988077e-02,7.565375433079379874e+00,-6.722275600341685864e-03,2.018143230841980620e-02,9.997737348023970627e-01,5.216737663025313720e-01,0.000000000000000000e+00,0.000000000000000000e+00,0.000000000000000000e+00,1.000000000000000056e-01
9.919168950492817105e-01,-1.264080347391692838e-01,1.104002124876664846e-02,6.724429812054742683e+01,1.265926584071582761e-01,9.917909046196922151e-01,-1.803053940017062054e-02,7.680447781449674771e+00,-8.670187610472170417e-03,1.928238229663386746e-02,9.997764838101392826e-01,5.266939127315887204e-01,0.000000000000000000e+00,0.000000000000000000e+00,0.000000000000000000e+00,1.000000000000000056e-01
9.921516208880652998e-01,-1.243175140285422142e-01,1.342821190434192492e-02,6.798516746215737783e+01,1.245380589419259054e-01,9.920679975323782873e-01,-1.706927494284361455e-02,7.789119357950445632e+00,-1.119968946721693233e-02,1.860763224755393810e-02,9.997641336725265893e-01,5.375303278997394241e-01,0.000000000000000000e+00,0.000000000000000000e+00,0.000000000000000000e+00,1.000000000000000056e-01
9.919522122078334725e-01,-1.257461952899587565e-01,1.478861271671151785e-02,6.869649964446330159e+01,1.259606733016665758e-01,9.919278980085582953e-01,-1.459294122903132158e-02,7.887722856386247372e+00,-1.283423068890962755e-02,1.633828394975109233e-02,9.997841482041016636e-01,5.541440225470490866e-01,0.000000000000000000e+00,0.000000000000000000e+00,0.000000000000000000e+00,1.000000000000000056e-01
9.916309099192094356e-01,-1.285312198615801704e-01,1.215993477346689368e-02,6.936091163152596550e+01,1.286912587669122310e-01,9.915935493543197587e-01,-1.344592116182010723e-02,7.985609753616309092e+00,-1.032949223284767952e-02,1.489826834891862760e-02,9.998356580910761071e-01,5.619596276891281050e-01,0.000000000000000000e+00,0.000000000000000000e+00,0.000000000000000000e+00,1.000000000000000056e-01
9.919249031520724902e-01,-1.266713194369178952e-01,6.274020948467905721e-03,7.005696566500265021e+01,1.267491780446262650e-01,9.918339201406379813e-01,-1.414640319891533396e-02,8.089552895254133347e+00,-4.430843233870165702e-03,1.482739662128733371e-02,9.998802507989004162e-01,5.669371339700013390e-01,0.000000000000000000e+00,0.000000000000000000e+00,0.000000000000000000e+00,1.000000000000000056e-01
9.921856758820367661e-01,-1.247658252136735479e-01,1.036066241547325094e-03,7.080992268438963322e+01,1.247659851686934718e-01,9.920508745326445110e-01,-1.638631392047884550e-02,8.189851959928928338e+00,1.016621557498074719e-03,1.638753177773220882e-02,9.998651985557066579e-01,5.813750012255275434e-01,0.000000000000000000e+00,0.000000000000000000e+00,0.000000000000000000e+00,1.000000000000000056e-01
9.921166666102303466e-01,-1.253074964852028683e-01,1.597234740416101587e-03,7.152941816455577850e+01,1.253174294627424634e-01,9.920088664091718522e-01,-1.462705843430034923e-02,8.296711413129559176e+00,2.484090491154226660e-04,1.471190980806865410e-02,9.998917431415981216e-01,5.936244674348849504e-01,0.000000000000000000e+00,0.000000000000000000e+00,0.000000000000000000e+00,1.000000000000000056e-01
9.923568167221324954e-01,-1.233184753101394804e-01,4.527908159244186173e-03,7.220077895071108287e+01,1.233664255656258257e-01,9.922817995916094480e-01,-1.255210111487155451e-02,8.398582741080097946e+00,-2.945054885215691448e-03,1.301475495042365461e-02,9.999109674392533398e-01,6.044542905121780274e-01,0.000000000000000000e+00,0.000000000000000000e+00,0.000000000000000000e+00,1.000000000000000056e-01
9.923058350738130917e-01,-1.236248768747566368e-01,6.783767107126979605e-03,7.282350569575834243e+01,1.237050475020355506e-01,9.922332104924537211e-01,-1.305056390954408702e-02,8.483930703934163375e+00,-5.117704659474178221e-03,1.378933695067420181e-02,9.998918257919099384e-01,6.180263509951999801e-01,0.000000000000000000e+00,0.000000000000000000e+00,0.000000000000000000e+00,1.000000000000000056e-01
9.923732716726034742e-01,-1.232093117485665024e-01,3.841245664845108730e-03,7.340223466400975383e+01,1.232557270546092154e-01,9.922434155692210211e-01,-1.615642311174486298e-02,8.537553921137098101e+00,-1.820828946609656792e-03,1.650665798914496482e-02,9.998620979034942291e-01,6.283121528814352708e-01,0.000000000000000000e+00,0.000000000000000000e+00,0.000000000000000000e+00,1.000000000000000056e-01
9.924481737299187811e-01,-1.226643384732296060e-01,2.872752582193736481e-04,7.404766015405739665e+01,1.226376747370624687e-01,9.921778663594079672e-01,-2.330412499063688400e-02,8.599820203601968416e+00,2.573556922915984368e-03,2.316336705700884971e-02,9.997283807271587497e-01,6.492200516726295279e-01,0.000000000000000000e+00,0.000000000000000000e+00,0.000000000000000000e+00,1.000000000000000056e-01
9.927530974690887966e-01,-1.201029934566268942e-01,-4.069204871638696860e-03,7.466871721127476746e+01,1.199553160469487845e-01,9.924276259228084207e-01,-2.642213952909492486e-02,8.671295643431548683e+00,7.211769381126888548e-03,2.574253810283223115e-02,9.996425921870364384e-01,6.584771658532242444e-01,0.000000000000000000e+00,0.000000000000000000e+00,0.000000000000000000e+00,1.000000000000000056e-01
9.932566127095900921e-01,-1.158317757386903846e-01,-4.929608290017055763e-03,7.526058627919431387e+01,1.156847131900609893e-01,9.930035545197805069e-01,-2.368518197554434976e-02,8.737519128289097381e+00,7.638615241298439204e-03,2.295518329926945003e-02,9.997073127255258207e-01,6.704872744579541965e-01,0.000000000000000000e+00,0.000000000000000000e+00,0.000000000000000000e+00,1.000000000000000056e-01
9.939242000271683031e-01,-1.100395999451709850e-01,-2.443572028874832405e-03,7.583802610244796938e+01,1.099689275862076876e-01,9.937319753195718031e-01,-2.008970365638634500e-02,8.819836001209219845e+00,4.638918612455232918e-03,1.969892563996165566e-02,9.997951954089088211e-01,6.770804549119108229e-01,0.000000000000000000e+00,0.000000000000000000e+00,0.000000000000000000e+00,1.000000000000000056e-01
9.947515586267942078e-01,-1.023105637895691394e-01,1.373006418082091482e-03,7.639009211000032451e+01,1.023167384784677697e-01,9.945290646220055208e-01,-2.105290120642846347e-02,8.857081262609703742e+00,7.884394031406035189e-04,2.108288782731879141e-02,9.997774203312296271e-01,6.907219301581466464e-01,0.000000000000000000e+00,0.000000000000000000e+00,0.000000000000000000e+00,1.000000000000000056e-01
9.956497715356591449e-01,-9.298305669209187829e-02,5.973575912715079796e-03,7.696851049942266343e+01,9.310138319311796196e-02,9.953627335277143162e-01,-2.419010441822249183e-02,8.909995580530749137e+00,-3.696604998908188840e-03,2.464102011750983132e-02,9.996895294235358387e-01,7.034329484876444827e-01,0.000000000000000000e+00,0.000000000000000000e+00,0.000000000000000000e+00,1.000000000000000056e-01
9.965827218752484340e-01,-8.205722574322052432e-02,9.459924050820080546e-03,7.750179006270134607e+01,8.228458778557948272e-02,9.962466562165698258e-01,-2.686720287378255995e-02,8.952009767010148167e+00,-7.219769572389336462e-03,2.755379612013333923e-02,9.995942493065332890e-01,7.196345803676940101e-01,0.000000000000000000e+00,0.000000000000000000e+00,0.000000000000000000e+00,1.000000000000000056e-01
9.975475854513061735e-01,-6.937542321069045670e-02,9.266359296215323157e-03,7.798561348264607318e+01,6.958211721418125495e-02,9.972816240212731831e-01,-2.424234628669295899e-02,8.990884586907840870e+00,-7.559346814434804093e-03,2.482766690266297038e-02,9.996631648870081266e-01,7.304635356106986555e-01,0.000000000000000000e+00,0.000000000000000000e+00,0.000000000000000000e+00,1.000000000000000056e-01
9.986132071934367138e-01,-5.193541346756184313e-02,8.624108463587982359e-03,7.847882688617271185e+01,5.210632390052142432e-02,9.984219337598077004e-01,-2.094213926274397786e-02,9.031541666251944989e+00,-7.522860387663967037e-03,2.136246744361729871e-02,9.997434928802028109e-01,7.324903389783149477e-01,0.000000000000000000e+00,0.000000000000000000e+00,0.000000000000000000e+00,1.000000000000000056e-01
9.994470611977939178e-01,-3.174012002167871799e-02,9.906394101921284570e-03,7.896459535391366558e+01,3.189552285023503769e-02,9.993640219139311442e-01,-1.594450771024005439e-02,9.044867869057878096e+00,-9.394013263950900736e-03,1.625166099268625028e-02,9.998238024921068945e-01,7.371276447242794960e-01,0.000000000000000000e+00,0.000000000000000000e+00,0.000000000000000000e+00,1.000000000000000056e-01
9.998989381130792831e-01,-9.613423734631807924e-03,1.047356884900525406e-02,7.944136718740156766e+01,9.781489946573075980e-03,9.998222919047888846e-01,-1.611542939794980561e-02,9.051115364356675741e+00,-1.031678315956700148e-02,1.621624785064759711e-02,9.998152815849959962e-01,7.435684716695958318e-01,0.000000000000000000e+00,0.000000000000000000e+00,0.000000000000000000e+00,1.000000000000000056e-01
9.997809053625597020e-01,1.718558486813530697e-02,1.194976757767960210e-02,7.992999626096506915e+01,-1.696369260718779901e-02,9.996862612500809764e-01,-1.842857023655452772e-02,9.055950004302154355e+00,-1.226272423033665862e-02,1.822182045172491063e-02,9.997587663300961935e-01,7.534616905433106915e-01,0.000000000000000000e+00,0.000000000000000000e+00,0.000000000000000000e+00,1.000000000000000056e-01
9.988221194711993656e-01,4.642700946840513931e-02,1.410341968750384103e-02,8.040928154250863713e+01,-4.615130331933940677e-02,9.987483291794281293e-01,-1.928295006545895085e-02,9.036245908113066605e+00,-1.498101655387856085e-02,1.860934585420107729e-02,9.997145899655016654e-01,7.533613824044491647e-01,0.000000000000000000e+00,0.000000000000000000e+00,0.000000000000000000e+00,1.000000000000000056e-01
9.967178676939222326e-01,7.934138286330998102e-02,1.607598161912889706e-02,8.088338605126602943e+01,-7.900590338665745838e-02,9.966627670915100268e-01,-2.052793032803120268e-02,8.985785822949587498e+00,-1.765104670378093987e-02,1.919045749407808157e-02,9.996600256544366792e-01,7.513726258032347172e-01,0.000000000000000000e+00,0.000000000000000000e+00,0.000000000000000000e+00,1.000000000000000056e-01
