1.000000000000000000e+00,3.212563908290580149e-09,-1.300845462347691763e-09,2.119203097240134660e-15,-3.212563908930302609e-09,1.000000000000000000e+00,-4.917743204413184969e-10,-4.222002510095528704e-16,1.300845460767835523e-09,4.917743246203677140e-10,1.000000000000000000e+00,6.437921484689976507e-16,0.000000000000000000e+00,0.000000000000000000e+00,0.000000000000000000e+00,1.000000000000000056e-01
9.999973120286446138e-01,9.408836447435348169e-04,-2.119120915081509210e-03,6.468251305900136749e-01,-9.450027358711002908e-04,9.999976646689144877e-01,-1.943611727292861606e-03,1.699007443014764751e-02,2.117287253746620752e-03,1.945609077982606320e-03,9.999958658414547230e-01,6.754123959887501846e-03,0.000000000000000000e+00,0.000000000000000000e+00,0.000000000000000000e+00,1.000000000000000056e-01
9.999938084712571840e-01,-4.824628951933664458e-04,-3.485720686639410572e-03,1.300067277550434053e+00,4.764565656777931747e-04,9.999984008377738043e-01,-1.723749122150582081e-03,1.658944211321436782e-02,3.486546757398617004e-03,1.722077655001078575e-03,9.999924391915463451e-01,1.159729901784400767e-02,0.000000000000000000e+00,0.000000000000000000e+00,0.000000000000000000e+00,1.000000000000000056e-01
9.999725146408465770e-01,-2.319645255132863574e-03,-7.041960575874442636e-03,2.002599411043707534e+00,2.308525943000725323e-03,9.999960764966508986e-01,-1.586725960828312080e-03,1.659588013406006202e-02,7.045613588064770540e-03,1.570425800416406191e-03,9.999739462065864171e-01,1.974020527457531413e-02,0.000000000000000000e+00,0.000000000000000000e+00,0.000000000000000000e+00,1.000000000000000056e-01
9.999472805394687969e-01,-4.260105434935891264e-03,-9.342785634063190126e-03,2.707652738569183093e+00,4.234570925253939438e-03,9.999872497007701311e-01,-2.751153388765885475e-03,1.920873103574973623e-02,9.354386714254540186e-03,2.711445661036507044e-03,9.999525706310411488e-01,2.503411785935802727e-02,0.000000000000000000e+00,0.000000000000000000e+00,0.000000000000000000e+00,1.000000000000000056e-01
9.999259312326816973e-01,-6.121205382101172106e-03,-1.051964320328475054e-02,3.419722454311450388e+00,6.093399099493049427e-03,9.999778617479146980e-01,-2.673294125755469510e-03,1.629403977343225202e-02,1.053577409916218142e-02,2.608995733733012520e-03,9.999410935677125467e-01,4.622290727495882018e-02,0.000000000000000000e+00,0.000000000000000000e+00,0.000000000000000000e+00,1.000000000000000056e-01
9.998935906712985711e-01,-8.175530455236799943e-03,-1.208172323111076328e-02,4.162580414578952670e+00,8.158576054607003664e-03,9.999656641762306730e-01,-1.451931593071409963e-03,3.267323730078579985e-02,1.209317870614914740e-02,1.353207436153541386e-03,9.999259591881870524e-01,6.205705633763586304e-02,0.000000000000000000e+00,0.000000000000000000e+00,0.000000000000000000e+00,1.000000000000000056e-01
9.998576148861804125e-01,-9.903626062595354690e-03,-1.366265512009789442e-02,4.931369108904688048e+00,9.906429544464856463e-03,9.999509206652779092e-01,1.375294284485140844e-04,5.010462953896194227e-02,1.366062252604210471e-02,-2.728579766427626950e-04,9.999066521134488683e-01,7.816645921539852604e-02,0.000000000000000000e+00,0.000000000000000000e+00,0.000000000000000000e+00,1.000000000000000056e-01
9.998290541393359820e-01,-1.127423239644949164e-02,-1.465449360133888601e-02,5.703089898649607470e+00,1.127840019753193791e-02,9.999363764611667316e-01,2.017887411807897300e-04,7.418768216006516036e-02,1.465128621743310225e-02,-3.670334897588272511e-04,9.998925967815704974e-01,9.342003914544690091e-02,0.000000000000000000e+00,0.000000000000000000e+00,0.000000000000000000e+00,1.000000000000000056e-01
9.998479250189357126e-01,-1.116626335054047951e-02,-1.339557382552881634e-02,6.497797147248215666e+00,1.116910622658295014e-02,9.999376141435740717e-01,1.374298220244750206e-04,9.594900761381597309e-02,1.339320355359845116e-02,-2.870255094102584391e-04,9.999102658313538949e-01,1.130899668170961408e-01,0.000000000000000000e+00,0.000000000000000000e+00,0.000000000000000000e+00,1.000000000000000056e-01
9.998498466133405316e-01,-1.142298824347211250e-02,-1.303071628380185823e-02,7.296307580171445650e+00,1.139290743670165126e-02,9.999322654857925041e-01,-2.380357239844637252e-03,1.093135504276793041e-01,1.305702444733060699e-02,2.231542076688339694e-03,9.999122633174081232e-01,1.293354620732677651e-01,0.000000000000000000e+00,0.000000000000000000e+00,0.000000000000000000e+00,1.000000000000000056e-01
9.998482336745657673e-01,-1.097367504161506774e-02,-1.353100417308364216e-02,8.106237599820763862e+00,1.094113651812541124e-02,9.999370774438399723e-01,-2.476425804202841453e-03,1.341667329057767977e-01,1.355732825975365131e-02,2.328005402273293847e-03,9.999053851446667585e-01,1.544060495170685998e-01,0.000000000000000000e+00,0.000000000000000000e+00,0.000000000000000000e+00,1.000000000000000056e-01
9.998260002525388712e-01,-1.039522922004209281e-02,-1.548897764453696126e-02,8.937873361394085947e+00,1.033716192956143053e-02,9.999392570565804883e-01,-3.824301292501186902e-03,1.395448340837694146e-01,1.552779128698632792e-02,3.663523795007140975e-03,9.998727250461186822e-01,1.697271649987426023e-01,0.000000000000000000e+00,0.000000000000000000e+00,0.000000000000000000e+00,1.000000000000000056e-01
9.998022557557222356e-01,-9.371510602740806481e-03,-1.753921819215523495e-02,9.713414310884109781e+00,9.306536652931489059e-03,9.999495394169575224e-01,-3.782458901575479031e-03,1.805525158429098220e-01,1.757378050667969885e-02,3.618481565129419604e-03,9.998390214578873891e-01,1.996115321914168350e-01,0.000000000000000000e+00,0.000000000000000000e+00,0.000000000000000000e+00,1.000000000000000056e-01
9.997794499808315694e-01,-8.753464826901827256e-03,-1.909000391697499369e-02,1.051806135098981265e+01,8.637994596645597045e-03,9.999439464849252390e-01,-6.122821041096355998e-03,2.095824214963399046e-01,1.914252975377730634e-02,5.956571302113604013e-03,9.997990212102373375e-01,2.218475948033368228e-01,0.000000000000000000e+00,0.000000000000000000e+00,0.000000000000000000e+00,1.000000000000000056e-01
9.997628356165171315e-01,-8.069285241536506767e-03,-2.022768290515658887e-02,1.132673384080815815e+01,7.928390689909166691e-03,9.999438162428991861e-01,-7.035977448462739717e-03,2.305702275078545249e-01,2.028332174691819742e-02,6.873935792385297422e-03,9.997706416301856969e-01,2.598874115851187994e-01,0.000000000000000000e+00,0.000000000000000000e+00,0.000000000000000000e+00,1.000000000000000056e-01
9.997186365489607596e-01,-7.632117067673914977e-03,-2.245881844069873637e-02,1.218247908348634212e+01,7.476661708130243576e-03,9.999475648756879220e-01,-6.997644523993354695e-03,2.389163133113446358e-01,2.251104765196697624e-02,6.827758654735515548e-03,9.997232789354080218e-01,2.810656502903641774e-01,0.000000000000000000e+00,0.000000000000000000e+00,0.000000000000000000e+00,1.000000000000000056e-01
9.996667258859266436e-01,-5.823559552488061231e-03,-2.515001611630026182e-02,1.306182547575888009e+01,5.723364148620145586e-03,9.999754035573809041e-01,-4.054057606333395618e-03,2.550874856477560182e-01,2.517300656127169009e-02,3.908763793298990728e-03,9.996754679926252996e-01,3.140922869943567619e-01,0.000000000000000000e+00,0.000000000000000000e+00,0.000000000000000000e+00,1.000000000000000056e-01
9.996456287740039803e-01,3.248820958525617522e-04,-2.661787603566422369e-02,1.395052917116187885e+01,-3.409615700524057554e-04,9.999997621429940198e-01,-5.995491332346412038e-04,2.688711910738819100e-01,2.661767492163695167e-02,6.084123430778324345e-04,9.996455017735971227e-01,3.514462094006882698e-01,0.000000000000000000e+00,0.000000000000000000e+00,0.000000000000000000e+00,1.000000000000000056e-01
9.995545206662980187e-01,-9.753152231826156537e-03,-2.820702460575955084e-02,1.491211666041548156e+01,9.663018371939655071e-03,9.999477672581900123e-01,-3.329989685294413877e-03,3.053282284254348888e-01,2.823802917185717909e-02,3.055941246724965931e-03,9.995965560822955842e-01,3.779210025737212986e-01,0.000000000000000000e+00,0.000000000000000000e+00,0.000000000000000000e+00,1.000000000000000056e-01
9.995398929948248190e-01,-1.032055175533283693e-02,-2.852172020337408534e-02,1.585591172251914927e+01,1.010094368439095995e-02,9.999183036922030254e-01,-7.833063129575110542e-03,3.288072486936178818e-01,2.860023161757302076e-02,7.541362792800976149e-03,9.995624815881438696e-01,3.985503056974427638e-01,0.000000000000000000e+00,0.000000000000000000e+00,0.000000000000000000e+00,1.000000000000000056e-01
9.995713878747517489e-01,-1.185662943949072033e-02,-2.676678689116886861e-02,1.676306498359774366e+01,1.167913177604123880e-02,9.999088248587640892e-01,-6.777894254360174002e-03,3.543590510331782184e-01,2.684470940614763768e-02,6.462376335375929863e-03,9.996187269499303696e-01,4.376689993538994683e-01,0.000000000000000000e+00,0.000000000000000000e+00,0.000000000000000000e+00,1.000000000000000056e-01
9.995836257404218106e-01,-1.124629022016440140e-02,-2.657246898419965420e-02,1.763730612585849045e+01,1.105367330159433455e-02,9.999116384826893800e-01,-7.384546932968375811e-03,3.724524909380971249e-01,2.665316975847410730e-02,7.087748806738749206e-03,9.996196138325210701e-01,4.767651784776862356e-01,0.000000000000000000e+00,0.000000000000000000e+00,0.000000000000000000e+00,1.000000000000000056e-01
9.995637309883651511e-01,-1.079118195392606699e-02,-2.749360079466384166e-02,1.853853555609433101e+01,1.056563860042421948e-02,9.999094384596483032e-01,-8.335595976059297085e-03,3.856522313507516064e-01,2.758106186469812954e-02,8.041471964020680679e-03,9.995872246858037435e-01,5.029055094110040924e-01,0.000000000000000000e+00,0.000000000000000000e+00,0.000000000000000000e+00,1.000000000000000056e-01
9.995873986084448104e-01,-1.183118797127780987e-02,-2.617356556509428320e-02,1.945868668821237080e+01,1.158921759542131009e-02,9.998888719831938721e-01,-9.377298102441972497e-03,3.989759875854166915e-01,2.628160152517298662e-02,9.070097869613972033e-03,9.996134306550246151e-01,5.367819885430958893e-01,0.000000000000000000e+00,0.000000000000000000e+00,0.000000000000000000e+00,1.000000000000000056e-01
9.996062617538880035e-01,-1.281862737479012339e-02,-2.496005317790497835e-02,2.038527486776951747e+01,1.252195915785610757e-02,9.998495173083397081e-01,-1.200596839614258282e-02,3.982076758909509073e-01,2.511019715706244021e-02,1.168869242073176593e-02,9.996163526414656442e-01,5.768057343787303948e-01,0.000000000000000000e+00,0.000000000000000000e+00,0.000000000000000000e+00,1.000000000000000056e-01
9.996943023921835980e-01,-1.132186963247366202e-02,-2.197992339910731507e-02,2.132198756073522361e+01,1.107203406958366665e-02,9.998730867245710918e-01,-1.145515191694972471e-02,4.220514108181298574e-01,2.210682759165893962e-02,1.120828764368978284e-02,9.996927840401415022e-01,6.037037773203380864e-01,0.000000000000000000e+00,0.000000000000000000e+00,0.000000000000000000e+00,1.000000000000000056e-01
9.997884903871594453e-01,-8.559814561059326393e-03,-1.870037604020338001e-02,2.228823301047939864e+01,8.337906513086398852e-03,9.998942812394778779e-01,-1.191241619349240818e-02,4.432196282797051801e-01,1.880036713321756731e-02,1.175397461577255137e-02,9.997541649207508652e-01,6.407753692619936325e-01,0.000000000000000000e+00,0.000000000000000000e+00,0.000000000000000000e+00,1.000000000000000056e-01
9.998526560702385435e-01,-5.231638626663449691e-03,-1.634919284152362012e-02,2.326323428462979948e+01,5.046322826469068316e-03,9.999227891510902300e-01,-1.135563130061056566e-02,4.498238667803438617e-01,1.640733906580776197e-02,1.127145481223928644e-02,9.998018571353002315e-01,6.690427275634552862e-01,0.000000000000000000e+00,0.000000000000000000e+00,0.000000000000000000e+00,1.000000000000000056e-01
9.998717775164074340e-01,-2.162105274083819546e-03,-1.586675225002270526e-02,2.418631052657203995e+01,1.963648239351659715e-03,9.999197854087313875e-01,-1.251266693189763933e-02,4.677506268269268630e-01,1.589253320814252093e-02,1.247990580654727809e-02,9.997958188246677258e-01,6.908849450400896819e-01,0.000000000000000000e+00,0.000000000000000000e+00,0.000000000000000000e+00,1.000000000000000056e-01
9.998358267915045117e-01,-3.625433391877344331e-04,-1.811596054521653204e-02,2.512899211653538245e+01,1.291760951325128407e-04,9.999170233833125643e-01,-1.288136878566726803e-02,4.738107498789063676e-01,1.811912739855531251e-02,1.287691386098110610e-02,9.997529106292872836e-01,7.226660534372749689e-01,0.000000000000000000e+00,0.000000000000000000e+00,0.000000000000000000e+00,1.000000000000000056e-01
9.997635061322747152e-01,3.252673477620731356e-03,-2.150237013328988936e-02,2.606229709134538552e+01,-3.563863860794963534e-03,9.998892430219569194e-01,-1.444993298806868456e-02,4.780864108555537562e-01,2.145298768196947717e-02,1.452314718736743421e-02,9.996643674330356610e-01,7.485030972676791627e-01,0.000000000000000000e+00,0.000000000000000000e+00,0.000000000000000000e+00,1.000000000000000056e-01
9.997083951337384367e-01,5.005923218054855219e-03,-2.362340855719419208e-02,2.701733668473832140e+01,-5.351156668817319377e-03,9.998794814841475143e-01,-1.457352494416287725e-02,4.759255761012142205e-01,2.354760755216861456e-02,1.469568779361159899e-02,9.996146992410834820e-01,7.810991247082739175e-01,0.000000000000000000e+00,0.000000000000000000e+00,0.000000000000000000e+00,1.000000000000000056e-01
9.997427555922124842e-01,4.757552831205776045e-03,-2.217630113314652401e-02,2.798779186907559691e+01,-5.118824680910358596e-03,9.998546505216145963e-01,-1.626270162630179261e-02,4.717481789132280667e-01,2.209570715717903283e-02,1.637203473482456290e-02,9.996217965830206387e-01,8.143392095638102290e-01,0.000000000000000000e+00,0.000000000000000000e+00,0.000000000000000000e+00,1.000000000000000056e-01
9.997848716434862837e-01,7.827323629655640741e-03,-1.920790039578143885e-02,2.898410782432919675e+01,-8.222566893495396323e-03,9.997542902072896753e-01,-2.058515498606990068e-02,4.634649806799986949e-01,1.904205415651420361e-02,2.073866478139707592e-02,9.996035754020616837e-01,8.460488522839167969e-01,0.000000000000000000e+00,0.000000000000000000e+00,0.000000000000000000e+00,1.000000000000000056e-01
9.998596461608211250e-01,7.115804689747683327e-03,-1.516750812674370376e-02,2.992929567646113753e+01,-7.469901478684288533e-03,9.996978444212716308e-01,-2.341837806855290999e-02,4.423658118421072150e-01,1.499628457506130795e-02,2.352839100066756589e-02,9.996106873507623058e-01,8.766661718539477954e-01,0.000000000000000000e+00,0.000000000000000000e+00,0.000000000000000000e+00,1.000000000000000056e-01
9.998410566368898245e-01,8.237090630594101973e-03,-1.581176148223612660e-02,3.083526315577543642e+01,-8.729635683852902603e-03,9.994707048709571273e-01,-3.133853164363980398e-02,4.158366232873795254e-01,1.554525406852358925e-02,3.147158150928532766e-02,9.993837524360946745e-01,9.151266217722927587e-01,0.000000000000000000e+00,0.000000000000000000e+00,0.000000000000000000e+00,1.000000000000000056e-01
9.997873004969581867e-01,8.201009975116604206e-03,-1.892345635430038933e-02,3.177626851660577501e+01,-8.833493668718293834e-03,9.993968137653120865e-01,-3.358538410301187271e-02,4.044984542136022543e-01,1.863660791586783591e-02,3.374540074039966697e-02,9.992566861293749048e-01,9.360438531970897147e-01,0.000000000000000000e+00,0.000000000000000000e+00,0.000000000000000000e+00,1.000000000000000056e-01
9.997303721731684023e-01,9.326426459157668991e-03,-2.126501173289480420e-02,3.275812537671225755e+01,-1.005656668130201770e-02,9.993544127298679136e-01,-3.449091509260560073e-02,4.067672855815202548e-01,2.092960632890060110e-02,3.469546839059427235e-02,9.991787508009137841e-01,9.610884865019665435e-01,0.000000000000000000e+00,0.000000000000000000e+00,0.000000000000000000e+00,1.000000000000000056e-01
9.997013030859230875e-01,9.387488495768262636e-03,-2.256500981717449172e-02,3.372744075276560949e+01,-1.015959573400017704e-02,9.993582408476265888e-01,-3.434951330745365100e-02,4.056786530016709413e-01,2.222807285459196119e-02,3.456850459130491465e-02,9.991551087131026465e-01,9.854044642799779652e-01,0.000000000000000000e+00,0.000000000000000000e+00,0.000000000000000000e+00,1.000000000000000056e-01
9.997101591539788723e-01,1.177180829850454913e-02,-2.100052889118583094e-02,3.468301894922931439e+01,-1.251433267337690239e-02,9.992883457999025554e-01,-3.558361176488860494e-02,3.828403210296504877e-01,2.056670032033146994e-02,3.583610578561133991e-02,9.991460275455515960e-01,1.023226210687522952e+00,0.000000000000000000e+00,0.000000000000000000e+00,0.000000000000000000e+00,1.000000000000000056e-01
9.997714600636515847e-01,1.038452145978188169e-02,-1.868660900874199310e-02,3.566450458753927677e+01,-1.101875210733716144e-02,9.993555039188123379e-01,-3.416378037006131269e-02,3.878747711136052434e-01,1.831979105206499314e-02,3.436187569426418092e-02,9.992415357432758993e-01,1.045067391321029104e+00,0.000000000000000000e+00,0.000000000000000000e+00,0.000000000000000000e+00,1.000000000000000056e-01
9.997921043628469340e-01,1.133107774236602298e-02,-1.695154066468921097e-02,3.664796867724296447e+01,-1.188418084530474921e-02,9.993882658919055473e-01,-3.289164397238273502e-02,3.827950515950859223e-01,1.656847305415458035e-02,3.308626111796778707e-02,9.993151580086671038e-01,1.080234647160946526e+00,0.000000000000000000e+00,0.000000000000000000e+00,0.000000000000000000e+00,1.000000000000000056e-01
9.997949839254344218e-01,1.285181418300939370e-02,-1.564675652478015114e-02,3.765009619328498758e+01,-1.335217918150461737e-02,9.993888381892686024e-01,-3.230587274488892768e-02,3.753833323114765808e-01,1.522200475119313105e-02,3.250816781840160097e-02,9.993555471384772959e-01,1.102638999907937567e+00,0.000000000000000000e+00,0.000000000000000000e+00,0.000000000000000000e+00,1.000000000000000056e-01
9.998401080160411736e-01,1.257206216341092732e-02,-1.271619657878876597e-02,3.864288122798676994e+01,-1.297395901990096821e-02,9.994026161994102875e-01,-3.203259466737306410e-02,3.587266316245041886e-01,1.230588435753392218e-02,3.219245232556256636e-02,9.994059291516362853e-01,1.145963419693537544e+00,0.000000000000000000e+00,0.000000000000000000e+00,0.000000000000000000e+00,1.000000000000000056e-01
9.998117424893681049e-01,1.571416497497807319e-02,-1.138176609813934363e-02,3.965844796900232438e+01,-1.606064879853942584e-02,9.993897557755615502e-01,-3.101889119606595843e-02,3.509272580024164201e-01,1.088738446751816823e-02,3.119585020483616258e-02,9.994539928328136646e-01,1.169408204993162004e+00,0.000000000000000000e+00,0.000000000000000000e+00,0.000000000000000000e+00,1.000000000000000056e-01
9.998001505736650030e-01,1.533162382400044509e-02,-1.282966187380662169e-02,4.067038998489382351e+01,-1.575174045114706087e-02,9.993208682699364909e-01,-3.331193349206688914e-02,3.447299865587057921e-01,1.231022281019164381e-02,3.350736562518057127e-02,9.993626543268584461e-01,1.209708981177425979e+00,0.000000000000000000e+00,0.000000000000000000e+00,0.000000000000000000e+00,1.000000000000000056e-01
9.997607598369876447e-01,1.624584030651152200e-02,-1.464567386310453023e-02,4.167970328931429691e+01,-1.667806955659788259e-02,9.994140446405477274e-01,-2.988995435069191631e-02,3.292566753804056501e-01,1.415150472686139624e-02,3.012706504053273143e-02,9.994458939162285116e-01,1.251875785652786899e+00,0.000000000000000000e+00,0.000000000000000000e+00,0.000000000000000000e+00,1.000000000000000056e-01
9.996921680911794450e-01,1.832029500082648504e-02,-1.673128352038884964e-02,4.271410680702021523e+01,-1.877807154287331609e-02,9.994419358595967307e-01,-2.762609046449598232e-02,3.117767742342674731e-01,1.621582826400411181e-02,2.793176751128501056e-02,9.994782955509378120e-01,1.287701728459956785e+00,0.000000000000000000e+00,0.000000000000000000e+00,0.000000000000000000e+00,1.000000000000000056e-01
9.996858099471087611e-01,1.841135375844037483e-02,-1.700892245777968145e-02,4.376424005064934164e+01,-1.893531023869805471e-02,9.993345546876556407e-01,-3.117534014873506870e-02,2.885923620920561872e-01,1.642362373404404954e-02,3.148761439052884942e-02,9.993691984063927114e-01,1.324374822344950964e+00,0.000000000000000000e+00,0.000000000000000000e+00,0.000000000000000000e+00,1.000000000000000056e-01
9.996964515860226053e-01,1.910180884642117063e-02,-1.556038512087248513e-02,4.478014458860582891e+01,-1.961341719950935106e-02,9.992489860286324355e-01,-3.341822536443035674e-02,2.839055369599182144e-01,1.491035050134887838e-02,3.371327364028375850e-02,9.993203173299251008e-01,1.359701531139313246e+00,0.000000000000000000e+00,0.000000000000000000e+00,0.000000000000000000e+00,1.000000000000000056e-01
9.996977698834602633e-01,1.948062330039780285e-02,-1.499580627589696021e-02,4.576815533521123314e+01,-1.998290078934611760e-02,9.992183872087421204e-01,-3.410715965898432345e-02,2.608011958456965540e-01,1.431965663273329463e-02,3.439651115721324703e-02,9.993056726818537738e-01,1.387328830897940346e+00,0.000000000000000000e+00,0.000000000000000000e+00,0.000000000000000000e+00,1.000000000000000056e-01
9.997904061608341442e-01,1.178783506583924202e-02,-1.673889761049964647e-02,4.668449000927319048e+01,-1.228080346318465542e-02,9.994846108890824699e-01,-2.965964366269464511e-02,2.348658241651694345e-01,1.638064757733502519e-02,2.985899429585600964e-02,9.994198891579990640e-01,1.423895485558767549e+00,0.000000000000000000e+00,0.000000000000000000e+00,0.000000000000000000e+00,1.000000000000000056e-01
9.997213775376673217e-01,1.206728245866903193e-02,-2.028664556429969276e-02,4.764425590809543110e+01,-1.265324147696711768e-02,9.994990856731362783e-01,-2.900815779552744222e-02,2.242664250851311436e-01,1.992643405916825691e-02,2.925676729625744515e-02,9.993732930157070982e-01,1.444880280974372155e+00,0.000000000000000000e+00,0.000000000000000000e+00,0.000000000000000000e+00,1.000000000000000056e-01
9.996976243879209800e-01,1.358689424201623905e-02,-2.049527013736218012e-02,4.859445912029049452e+01,-1.417472169465992804e-02,9.994842857221721832e-01,-2.881388310030662606e-02,2.298001985556244464e-01,2.009320925153872117e-02,2.909568523502177942e-02,9.993746564940889643e-01,1.481252825320583222e+00,0.000000000000000000e+00,0.000000000000000000e+00,0.000000000000000000e+00,1.000000000000000056e-01
9.997071903020003925e-01,1.561728929824026703e-02,-1.848334205318385645e-02,4.956875455705257139e+01,-1.615731059675833484e-02,9.994360372355414190e-01,-2.943720077040980210e-02,2.288015582795752401e-01,1.801318885594123745e-02,2.972722237096168257e-02,9.993957260651796792e-01,1.512652013950069430e+00,0.000000000000000000e+00,0.000000000000000000e+00,0.000000000000000000e+00,1.000000000000000056e-01
9.997448124714092277e-01,1.623648044669204205e-02,-1.570626114678694632e-02,5.057073492633140432e+01,-1.671303588633287623e-02,9.993888443143060796e-01,-3.070199165490444457e-02,2.276484416147465661e-01,1.519816988880673576e-02,3.095665619571757662e-02,9.994051736253976026e-01,1.554982476007574999e+00,0.000000000000000000e+00,0.000000000000000000e+00,0.000000000000000000e+00,1.000000000000000056e-01
9.997215271842269102e-01,1.788916650077500975e-02,-1.538979552640568418e-02,5.150862266063302286e+01,-1.840043179302788823e-02,9.992610049407318895e-01,-3.374712009444258420e-02,2.139461125904959238e-01,1.477471469325739029e-02,3.402090132177792992e-02,9.993119063030254656e-01,1.589631339067793414e+00,0.000000000000000000e+00,0.000000000000000000e+00,0.000000000000000000e+00,1.000000000000000056e-01
9.996934439142357576e-01,1.864116341360203682e-02,-1.629494466029822106e-02,5.244837496969365986e+01,-1.923725345090573913e-02,9.991217628280557594e-01,-3.722406644932708258e-02,1.980865753991395695e-01,1.558673392858208641e-02,3.752612516561878303e-02,9.991740807564485349e-01,1.617745599904444553e+00,0.000000000000000000e+00,0.000000000000000000e+00,0.000000000000000000e+00,1.000000000000000056e-01
9.996779223776107726e-01,1.873416427277798529e-02,-1.711965536406276703e-02,5.343464927534974152e+01,-1.940795727260880704e-02,9.990080409485888602e-01,-4.007823991354019649e-02,1.852735156109655279e-01,1.635184103666327896e-02,4.039758914914681059e-02,9.990498746737563884e-01,1.657488838353002647e+00,0.000000000000000000e+00,0.000000000000000000e+00,0.000000000000000000e+00,1.000000000000000056e-01
9.997237562196467087e-01,1.783313534549202384e-02,-1.530981821674627652e-02,5.440197811996578281e+01,-1.848592156293897559e-02,9.988774856681802428e-01,-4.361237587180122333e-02,1.756841638147972895e-01,1.451488732472012294e-02,4.388334432291783604e-02,9.989312139166475202e-01,1.673560298356396414e+00,0.000000000000000000e+00,0.000000000000000000e+00,0.000000000000000000e+00,1.000000000000000056e-01
9.997970581274553403e-01,1.665094631651519927e-02,-1.133968899265765801e-02,5.536064260602904596e+01,-1.716041014101153325e-02,9.987746145947513643e-01,-4.641971095233292377e-02,1.719326180209386767e-01,1.055286138817054797e-02,4.660488416325479777e-02,9.988576584722428375e-01,1.705212143508050504e+00,0.000000000000000000e+00,0.000000000000000000e+00,0.000000000000000000e+00,1.000000000000000056e-01
9.998504694548961957e-01,1.591580328512341713e-02,-6.762095578512227791e-03,5.631966458461430847e+01,-1.620554805299165985e-02,9.988462529661318312e-01,-4.520556545183755659e-02,1.518451813158942232e-01,6.034810943671568666e-03,4.530838930383032648e-02,9.989548192563899587e-01,1.748027767637029273e+00,0.000000000000000000e+00,0.000000000000000000e+00,0.000000000000000000e+00,1.000000000000000056e-01
9.998791155824742205e-01,1.485588700007466761e-02,-4.588773632485532682e-03,5.728869921101967577e+01,-1.503670930219081978e-02,9.989931075316497155e-01,-4.226900137948845504e-02,1.372059941812564798e-01,3.956209722776338374e-03,4.233289177104254675e-02,9.990957284859797172e-01,1.761081023047507799e+00,0.000000000000000000e+00,0.000000000000000000e+00,0.000000000000000000e+00,1.000000000000000056e-01
9.998915246898174569e-01,1.131924547915984409e-02,-9.424093338596437053e-03,5.818985042500844429e+01,-1.171497382432140112e-02,9.990041281363416514e-01,-4.305242565574454727e-02,1.338659248559467829e-01,8.927387174729385644e-03,4.315815853729705609e-02,9.990283655181678713e-01,1.787608480472313355e+00,0.000000000000000000e+00,0.000000000000000000e+00,0.000000000000000000e+00,1.000000000000000056e-01
9.998620394502034658e-01,6.935563235156047036e-03,-1.509304571950041002e-02,5.911139606289337678e+01,-7.565392744235513271e-03,9.990855661787226838e-01,-4.208083038589652269e-02,1.327266515238866851e-01,1.478738986789915333e-02,4.218920970997530606e-02,9.990002020444953557e-01,1.809486108493025380e+00,0.000000000000000000e+00,0.000000000000000000e+00,0.000000000000000000e+00,1.000000000000000056e-01
9.997762244065354631e-01,6.961079887029543792e-03,-1.997609767244754031e-02,6.006758779976576079e+01,-7.832111421376870136e-03,9.990068975584514011e-01,-4.386201843646660159e-02,1.253737561246389964e-01,1.965093234673381123e-02,4.400865820999534661e-02,9.988378641503634636e-01,1.843686086176398620e+00,0.000000000000000000e+00,0.000000000000000000e+00,0.000000000000000000e+00,1.000000000000000056e-01
9.997989556858408733e-01,5.404454161255957748e-03,-1.930906742235337023e-02,6.098307790443259790e+01,-6.195846188791478623e-03,9.991332086852084959e-01,-4.116361005067906143e-02,1.294154829257829487e-01,1.906986364678424015e-02,4.127497035272600923e-02,9.989658238012322222e-01,1.869581115758040868e+00,0.000000000000000000e+00,0.000000000000000000e+00,0.000000000000000000e+00,1.000000000000000056e-01
9.998483312256279953e-01,4.893051022695122515e-03,-1.671444276714634941e-02,6.191594598666949878e+01,-5.570481198394195560e-03,9.991548034385453469e-01,-4.072650862644779102e-02,1.383168639091201246e-01,1.650103889290748665e-02,4.081343917597599069e-02,9.990305195028246210e-01,1.913830702476202683e+00,0.000000000000000000e+00,0.000000000000000000e+00,0.000000000000000000e+00,1.000000000000000056e-01
9.998491220078524755e-01,2.758362928436915770e-03,-1.715006280109974621e-02,6.281438654195940785e+01,-3.445797989442075156e-03,9.991863520684186595e-01,-4.018408038542269078e-02,1.410123818026921272e-01,1.702526641032666224e-02,4.023711314397668271e-02,9.990451015992702910e-01,1.951406397610542465e+00,0.000000000000000000e+00,0.000000000000000000e+00,0.000000000000000000e+00,1.000000000000000056e-01
9.998570654467533458e-01,4.314561750174503315e-04,-1.690155382725945163e-02,6.363183427907941336e+01,-1.078348309161949320e-03,9.992663273963194870e-01,-3.828373148996457032e-02,1.460979230403606777e-01,1.687263586790270845e-02,3.829648518389927592e-02,9.991239629702755032e-01,1.980458062505205064e+00,0.000000000000000000e+00,0.000000000000000000e+00,0.000000000000000000e+00,1.000000000000000056e-01
9.998680008137879049e-01,-1.453812150284854512e-03,-1.618231685732249639e-02,6.445534962874531004e+01,8.472261953292272623e-04,9.992989519559730693e-01,-3.742842272214803173e-02,1.521385676769918538e-01,1.622538617146130138e-02,3.740977211806486430e-02,9.991682770152690019e-01,2.010225587274900416e+00,0.000000000000000000e+00,0.000000000000000000e+00,0.000000000000000000e+00,1.000000000000000056e-01
9.998524400252799538e-01,-2.473891664490839287e-03,-1.699935397378999832e-02,6.525383326173140119e+01,1.816780466531533285e-03,9.992545442303042424e-01,-3.856235397150042238e-02,1.568156037397842872e-01,1.708208079334237392e-02,3.852577961728000794e-02,9.991115887730711576e-01,2.033104267964571221e+00,0.000000000000000000e+00,0.000000000000000000e+00,0.000000000000000000e+00,1.000000000000000056e-01
9.998522547846330211e-01,-2.678576507022658454e-03,-1.697921759037627001e-02,6.605966261479666457e+01,1.986656438379369102e-03,9.991719741143777478e-01,-4.063765914239116789e-02,1.610051531320752793e-01,1.707400943777303073e-02,4.059792325074459279e-02,9.990296726471369348e-01,2.061930217677893751e+00,0.000000000000000000e+00,0.000000000000000000e+00,0.000000000000000000e+00,1.000000000000000056e-01
9.998722298863789160e-01,-4.173720284309330106e-03,-1.543061764896895213e-02,6.681892005555282310e+01,3.535866716249429914e-03,9.991473197450143617e-01,-4.113552106050230583e-02,1.660873225339759840e-01,1.558914842463329439e-02,4.107570456294637462e-02,9.990344162970824504e-01,2.092941075171898202e+00,0.000000000000000000e+00,0.000000000000000000e+00,0.000000000000000000e+00,1.000000000000000056e-01
9.998959331679357909e-01,-7.301081141337558908e-03,-1.244254991512637465e-02,6.761990338176194371e+01,6.795450738766962290e-03,9.991683034031096922e-01,-4.020601104074224275e-02,1.853141552904321032e-01,1.272574883768329973e-02,4.011727419353040835e-02,9.991139372603112800e-01,2.120690937755798533e+00,0.000000000000000000e+00,0.000000000000000000e+00,0.000000000000000000e+00,1.000000000000000056e-01
9.999223823821191681e-01,-8.210664269282318128e-03,-9.370923301582605863e-03,6.836468793462422866e+01,7.836757784630912077e-03,9.991981766720740010e-01,-3.926307377967139245e-02,1.965898880370813007e-01,9.685785393660134579e-03,3.918658861728108178e-02,9.991849662769390905e-01,2.146293097334602162e+00,0.000000000000000000e+00,0.000000000000000000e+00,0.000000000000000000e+00,1.000000000000000056e-01
9.999158281440533313e-01,-1.054306691434555437e-02,-7.561770099098570272e-03,6.909531112464122771e+01,1.025643086386716224e-02,9.992629115691148423e-01,-3.699242068789241472e-02,2.041342114589588530e-01,7.946209972477582054e-03,3.691175019495728654e-02,9.992869359921695560e-01,2.169707226476526252e+00,0.000000000000000000e+00,0.000000000000000000e+00,0.000000000000000000e+00,1.000000000000000056e-01
9.998962221817427887e-01,-1.013385946476404523e-02,-1.023961713284197994e-02,6.976684181019547282e+01,9.764037540390582692e-03,9.993204416765638642e-01,-3.554319088471238203e-02,2.242135455918582709e-01,1.059284841714551451e-02,3.543952228382416664e-02,9.993156817656299040e-01,2.198561790194490939e+00,0.000000000000000000e+00,0.000000000000000000e+00,0.000000000000000000e+00,1.000000000000000056e-01
9.998156543586970146e-01,-1.125955514881264892e-02,-1.555248266809697300e-02,7.046104085686719998e+01,1.071681086481045785e-02,9.993454828049161964e-01,-3.455077368593813952e-02,2.367080943060315967e-01,1.593132964251542383e-02,3.437773138617324781e-02,9.992819243439569066e-01,2.217278769409059880e+00,0.000000000000000000e+00,0.000000000000000000e+00,0.000000000000000000e+00,1.000000000000000056e-01
9.997042870771849499e-01,-1.054504710969589483e-02,-2.191210580824391047e-02,7.119299093961380720e+01,9.735402638786803606e-03,9.992776782676328073e-01,-3.673341328423091606e-02,2.330988657608126791e-01,2.228363379159883223e-02,3.650922756651670681e-02,9.990848392241462594e-01,2.252243795431207118e+00,0.000000000000000000e+00,0.000000000000000000e+00,0.000000000000000000e+00,1.000000000000000056e-01
9.996265726168185317e-01,-1.227166880494993430e-02,-2.441559876583187724e-02,7.189441448408507540e+01,1.141559993584835390e-02,9.993256778483283753e-01,-3.489804680900630840e-02,2.463573880214940670e-01,2.482739205911751665e-02,3.460629621500334319e-02,9.990925907371259740e-01,2.268935940196297185e+00,0.000000000000000000e+00,0.000000000000000000e+00,0.000000000000000000e+00,1.000000000000000056e-01
9.996846499147402643e-01,-1.298652696737872571e-02,-2.149304171513962552e-02,7.255646948969437915e+01,1.224116064229100777e-02,9.993312807168706069e-01,-3.445497593829830590e-02,2.616266567485847072e-01,2.192611937787470461e-02,3.418101078237206075e-02,9.991751116750869910e-01,2.296488173723848725e+00,0.000000000000000000e+00,0.000000000000000000e+00,0.000000000000000000e+00,1.000000000000000056e-01
9.997325791822403440e-01,-1.453498437378700214e-02,-1.798622669931910015e-02,7.316235740146328226e+01,1.387678070804491959e-02,9.992484379253739890e-01,-3.619384285870930196e-02,2.741773758381414461e-01,1.849878587384490639e-02,3.593457294798252377e-02,9.991829168817087936e-01,2.325942103659616400e+00,0.000000000000000000e+00,0.000000000000000000e+00,0.000000000000000000e+00,1.000000000000000056e-01
9.996685234808365683e-01,-1.530523311637666493e-02,-2.070248779488685978e-02,7.375330136136960846e+01,1.452280411366046846e-02,9.991937016223516599e-01,-3.743039939540055566e-02,2.740127396603796450e-01,2.125867640095024588e-02,3.711733392198748177e-02,9.990847672746309138e-01,2.358987908482327533e+00,0.000000000000000000e+00,0.000000000000000000e+00,0.000000000000000000e+00,1.000000000000000056e-01
9.995691177033941832e-01,-1.613736969216333916e-02,-2.451865071892312883e-02,7.439446685259335368e+01,1.503619073211957466e-02,9.988983998233204042e-01,-4.445109445983660285e-02,2.685606170301656492e-01,2.520896471347887705e-02,4.406327416146515324e-02,9.987106367553346686e-01,2.389465768573583837e+00,0.000000000000000000e+00,0.000000000000000000e+00,0.000000000000000000e+00,1.000000000000000056e-01
9.995010124348189251e-01,-1.528808405325761920e-02,-2.764056127781051170e-02,7.502040293763579371e+01,1.394685280852445662e-02,9.987460067232217797e-01,-4.808221449928877511e-02,2.834017853563770561e-01,2.834098513653365153e-02,4.767272323246063426e-02,9.984608655431077562e-01,2.429769380108385946e+00,0.000000000000000000e+00,0.000000000000000000e+00,0.000000000000000000e+00,1.000000000000000056e-01
9.995803474530937649e-01,-1.136328603613423818e-02,-2.664591368321490156e-02,7.562738639238574478e+01,1.013969385064451140e-02,9.989076643339585004e-01,-4.561430415440925062e-02,2.836170367370305367e-01,2.713513578679024180e-02,4.532498058837699378e-02,9.986036904300402695e-01,2.455975262525586622e+00,0.000000000000000000e+00,0.000000000000000000e+00,0.000000000000000000e+00,1.000000000000000056e-01
9.996965790245692096e-01,-6.762231629576409726e-03,-2.368590530170096298e-02,7.619627221503328940e+01,5.783598785964323176e-03,9.991364610744373209e-01,-4.114464894408864648e-02,3.128466457151380942e-01,2.394368124696328454e-02,4.099517502142488445e-02,9.988724121494729769e-01,2.472395521894057868e+00,0.000000000000000000e+00,0.000000000000000000e+00,0.000000000000000000e+00,1.000000000000000056e-01
9.997818568493281877e-01,-4.049896680955552999e-04,-2.088240164057101125e-02,7.675534171042082221e+01,-4.890095336496792355e-04,9.990840434646649504e-01,-4.278825731402741139e-02,3.035532840505265062e-01,2.088060307044283317e-02,4.278913504225291542e-02,9.988659020798289490e-01,2.498380703997740149e+00,0.000000000000000000e+00,0.000000000000000000e+00,0.000000000000000000e+00,1.000000000000000056e-01
9.998408004796440762e-01,6.110258297396613768e-03,-1.676420113705846468e-02,7.733196916953426125e+01,-6.907967890367437865e-03,9.988260220615138296e-01,-4.794640374833124274e-02,2.824330095432249221e-01,1.645155542343364544e-02,4.805457726701417576e-02,9.987092189060028380e-01,2.522673081547353480e+00,0.000000000000000000e+00,0.000000000000000000e+00,0.000000000000000000e+00,1.000000000000000056e-01
9.997801448656533641e-01,1.514693285660208277e-02,-1.449939162346654611e-02,7.787905849417033721e+01,-1.587803129870499902e-02,9.985358328104431136e-01,-5.171149500480760886e-02,2.563182498702574752e-01,1.369489154723059487e-02,5.193034776113564233e-02,9.985568030547471441e-01,2.548647775417152150e+00,0.000000000000000000e+00,0.000000000000000000e+00,0.000000000000000000e+00,1.000000000000000056e-01
9.995848122646949774e-01,2.486898747517480787e-02,-1.455117011494375980e-02,7.837640057503917035e+01,-2.556526616766621393e-02,9.984319156539692708e-01,-4.980087317830371452e-02,2.525198998284065577e-01,1.328985536154608273e-02,5.015220100359213395e-02,9.986531612521759582e-01,2.567022480109292015e+00,0.000000000000000000e+00,0.000000000000000000e+00,0.000000000000000000e+00,1.000000000000000056e-01
9.990838699863905381e-01,4.020512337108513023e-02,-1.466181393050904579e-02,7.886966007179746896e+01,-4.082627378387239381e-02,9.981585318995915834e-01,-4.486380016200548076e-02,2.521545985914890320e-01,1.283106004745275010e-02,4.542128631784764919e-02,9.988855142844402790e-01,2.574474965383113823e+00,0.000000000000000000e+00,0.000000000000000000e+00,0.000000000000000000e+00,1.000000000000000056e-01
9.983460037355867955e-01,5.590654623585179783e-02,-1.340577909568825381e-02,7.934896552948013948e+01,-5.639384925948040528e-02,9.976368996153119895e-01,-3.924729661577729817e-02,2.280819452792148261e-01,1.117991909106804717e-02,3.993838521931462188e-02,9.991395972511503132e-01,2.587944278679427335e+00,0.000000000000000000e+00,0.000000000000000000e+00,0.000000000000000000e+00,1.000000000000000056e-01
9.966212962836104028e-01,8.110666093146133571e-02,-1.294995546421379151e-02,7.984207265956396782e+01,-8.156714351172474065e-02,9.958553594793579933e-01,-4.023560730964988869e-02,2.003358259598441993e-01,9.632906794621101665e-03,4.115595398952155010e-02,9.991062979272518074e-01,2.601011075003032413e+00,0.000000000000000000e+00,0.000000000000000000e+00,0.000000000000000000e+00,1.000000000000000056e-01
9.944239334686111320e-01,1.049248695822126015e-01,-1.057413296545046955e-02,8.033674209564793500e+01,-1.052773275142874360e-01,9.935727088084786995e-01,-4.159274723352041070e-02,1.512596721761571283e-01,6.142056354740590973e-03,4.247403976710641127e-02,9.990786911397907533e-01,2.625160588181277177e+00,0.000000000000000000e+00,0.000000000000000000e+00,0.000000000000000000e+00,1.000000000000000056e-01
9.913605825532049165e-01,1.308970549483727264e-01,-8.375939685368082380e-03,8.081586658752200947e+01,-1.311294819430092740e-01,9.905521337537043225e-01,-4.014385733012511975e-02,9.150191701357247853e-02,3.042092228752662792e-03,4.089537042045379017e-02,9.991588033706382266e-01,2.637747822955359922e+00,0.000000000000000000e+00,0.000000000000000000e+00,0.000000000000000000e+00,1.000000000000000056e-01
9.870035728326548297e-01,1.605380489861335802e-01,-7.175098835559577670e-03,8.130427083627991180e+01,-1.606965241306942127e-01,9.862188510438285594e-01,-3.935740055064485682e-02,1.033677801654789112e-02,7.578574321651754091e-04,3.999890840406098574e-02,9.991994360379693463e-01,2.644331340884064296e+00,0.000000000000000000e+00,0.000000000000000000e+00,0.000000000000000000e+00,1.000000000000000056e-01
