1.000000000000000000e+00,-1.586846912937881089e-09,-5.025413787145109079e-11,1.050621257323843190e-16,1.586846912937523333e-09,1.000000000000000000e+00,-7.119413290932315404e-12,3.246705150300306273e-15,5.025413788274850388e-11,7.119413211186692137e-12,1.000000000000000000e+00,1.036918984887606678e-16,0.000000000000000000e+00,0.000000000000000000e+00,0.000000000000000000e+00,1.000000000000000056e-01
9.999819360311270611e-01,-5.936460947980029719e-03,-9.412984925373606409e-04,6.406034493561659771e-01,5.934935200565617623e-03,9.999810831914173193e-01,-1.615488621071885971e-03,7.011284959721793796e-03,9.508709712848575912e-04,1.609872893378120869e-03,9.999982520753039061e-01,8.286444536170405398e-03,0.000000000000000000e+00,0.000000000000000000e+00,0.000000000000000000e+00,1.000000000000000056e-01
9.999347088082929380e-01,-1.134137857221790939e-02,-1.396872419372189710e-03,1.303318510633370675e+00,1.134202073228368808e-02,9.999355747606479827e-01,4.526519645808247598e-04,1.598360317819605761e-02,1.391648728240458058e-03,-4.684657663355034046e-04,9.999989219262404028e-01,1.336243878899367500e-02,0.000000000000000000e+00,0.000000000000000000e+00,0.000000000000000000e+00,1.000000000000000056e-01
9.998123125608215922e-01,-1.925942470650443203e-02,-2.101002559850264923e-03,2.028856488692763804e+00,1.926359379267192015e-02,9.998124742869242132e-01,1.982476847141641935e-03,2.297235426842648282e-02,2.062427204277142000e-03,-2.022577621009291095e-03,9.999958277781932914e-01,1.892379597322319668e-02,0.000000000000000000e+00,0.000000000000000000e+00,0.000000000000000000e+00,1.000000000000000056e-01
9.996277482492832434e-01,-2.723528008655916668e-02,-1.613830435400902957e-03,2.746025367184419252e+00,2.724156754630391655e-02,9.996208314975552067e-01,4.011263361659485500e-03,4.258610331095023099e-02,1.503970640575763313e-03,-4.053733432664776738e-03,9.999906526150977859e-01,2.498712566982578057e-02,0.000000000000000000e+00,0.000000000000000000e+00,0.000000000000000000e+00,1.000000000000000056e-01
9.994327592595156906e-01,-3.362512747123417439e-02,-1.873638560154277733e-03,3.443703862529612358e+00,3.362896047591450860e-02,9.994322774552792943e-01,2.053240819549590965e-03,5.959233923590366577e-02,1.803534369016523585e-03,-2.115084654792294752e-03,9.999961368328793565e-01,3.092158070737860420e-02,0.000000000000000000e+00,0.000000000000000000e+00,0.000000000000000000e+00,1.000000000000000056e-01
9.991155034046084182e-01,-4.200865899277846094e-02,-1.866393898497970515e-03,4.181925860925537641e+00,4.201609406122676360e-02,9.991083520783495819e-01,4.141092503541143541e-03,9.738190207893282491e-02,1.690767989418582359e-03,-4.215848302915150767e-03,9.999896839101355406e-01,4.488539292168150507e-02,0.000000000000000000e+00,0.000000000000000000e+00,0.000000000000000000e+00,1.000000000000000056e-01
9.988706696792639672e-01,-4.742820694547628113e-02,-2.819652538123507308e-03,4.952184025894163177e+00,4.744503348077573623e-02,9.988543928325770427e-01,6.234638487665681086e-03,1.375306727251797978e-01,2.520724599542951104e-03,-6.361376030458157013e-03,9.999765891472122137e-01,5.312453842234741291e-02,0.000000000000000000e+00,0.000000000000000000e+00,0.000000000000000000e+00,1.000000000000000056e-01
9.985128865054319069e-01,-5.449220992875838249e-02,-1.616953824475405232e-03,5.737708889151448943e+00,5.450084935862176821e-02,9.984963352564530936e-01,5.892868454473262733e-03,1.904188846232896526e-01,1.293407043113883230e-03,-5.972230447080483125e-03,9.999813296065620527e-01,5.594214509682246539e-02,0.000000000000000000e+00,0.000000000000000000e+00,0.000000000000000000e+00,1.000000000000000056e-01
9.980476110454202798e-01,-6.242391960590993466e-02,2.054348452528562043e-03,6.546111539175680782e+00,6.241373966877764717e-02,9.980393243757732513e-01,4.693836395550626817e-03,2.401331322437929294e-01,-2.343328207393167734e-03,-4.556452631712275270e-03,9.999868736900137112e-01,5.827736548860428661e-02,0.000000000000000000e+00,0.000000000000000000e+00,0.000000000000000000e+00,1.000000000000000056e-01
9.978465576424060401e-01,-6.547941264367473924e-02,3.833265062547509035e-03,7.370324948138303078e+00,6.545706206278567585e-02,9.978391543241575956e-01,5.691671438039042248e-03,3.080888628856742750e-01,-4.197669271036321217e-03,-5.428500482576581292e-03,9.999764552004219986e-01,6.838664889254053580e-02,0.000000000000000000e+00,0.000000000000000000e+00,0.000000000000000000e+00,1.000000000000000056e-01
9.975106145713104056e-01,-7.043764216082896990e-02,3.333524319643643621e-03,8.187113363882833283e+00,7.041832154784753717e-02,9.975018506603845481e-01,5.596241550526102199e-03,3.690192986651890106e-01,-3.719382737847453952e-03,-5.347569160926560206e-03,9.999787846230131505e-01,7.356134834498573305e-02,0.000000000000000000e+00,0.000000000000000000e+00,0.000000000000000000e+00,1.000000000000000056e-01
9.972225730724642023e-01,-7.438994077974257768e-02,3.643688449949619192e-03,9.019959636391048363e+00,7.436716069510722338e-02,9.972126818498032730e-01,6.032625305051607031e-03,4.434889576015308421e-01,-4.082298970188577743e-03,-5.744899364605312447e-03,9.999751651748199910e-01,7.763578982525506933e-02,0.000000000000000000e+00,0.000000000000000000e+00,0.000000000000000000e+00,1.000000000000000056e-01
9.970200640947216586e-01,-7.701088489574429985e-02,4.507260823551857698e-03,9.800937611203524469e+00,7.699049955327456896e-02,9.970215166863808376e-01,4.534119862341081872e-03,5.271251563631533799e-01,-4.843012605221035452e-03,-4.173592213342295493e-03,9.999795629696350829e-01,8.849599591622590855e-02,0.000000000000000000e+00,0.000000000000000000e+00,0.000000000000000000e+00,1.000000000000000056e-01
9.967677179210960858e-01,-8.018647803612419245e-02,4.923946641903495861e-03,1.057657583563156223e+01,8.015951108212532317e-02,9.967671508070878872e-01,5.449757333561102736e-03,5.635615665637995209e-01,-5.345025111706079926e-03,-5.037441025188001999e-03,9.999730270834673584e-01,9.189549179018595415e-02,0.000000000000000000e+00,0.000000000000000000e+00,0.000000000000000000e+00,1.000000000000000056e-01
9.965357989651792980e-01,-8.296797930918822783e-02,5.719771864502981584e-03,1.137743381563831413e+01,8.294503037219486119e-02,9.965455268740173178e-01,4.139420725537379733e-03,6.453236520535983178e-01,-6.043452439418714461e-03,-3.650654288953189639e-03,9.999750743922946050e-01,1.062478594673176985e-01,0.000000000000000000e+00,0.000000000000000000e+00,0.000000000000000000e+00,1.000000000000000056e-01
9.962456833964534741e-01,-8.643979230316567453e-02,4.764516819055421466e-03,1.223600308312632023e+01,8.640696001158476580e-02,9.962373064877499962e-01,6.713153028887701608e-03,7.266461089016202912e-01,-5.326872956047776393e-03,-6.276262312750554954e-03,9.999661159038798486e-01,9.984575685175228754e-02,0.000000000000000000e+00,0.000000000000000000e+00,0.000000000000000000e+00,1.000000000000000056e-01
9.959876416031082647e-01,-8.945748446653425945e-02,2.444636332504707826e-03,1.311183518674450710e+01,8.944232235998572644e-02,9.959755029105360480e-01,5.733111978434276244e-03,8.291349218030680257e-01,-2.947667676455430034e-03,-5.491454727542466156e-03,9.999805774015035897e-01,1.000092835667218683e-01,0.000000000000000000e+00,0.000000000000000000e+00,0.000000000000000000e+00,1.000000000000000056e-01
9.962722551762764889e-01,-8.626455372992490600e-02,-1.426034821663239470e-04,1.398558756457719632e+01,8.626203528112109942e-02,9.962275232486773602e-01,9.464839722077043188e-03,9.211973584606661936e-01,-6.744146609050487035e-04,-9.441858481405541320e-03,9.999551972329971949e-01,1.086385176849022777e-01,0.000000000000000000e+00,0.000000000000000000e+00,0.000000000000000000e+00,1.000000000000000056e-01
9.947605529425992410e-01,-1.022306470581469812e-01,5.806129578331108848e-04,1.494009249934591210e+01,1.022197998266035773e-01,9.947117164485633767e-01,9.985673906254507667e-03,1.042323519846836133e+00,-1.598384416626503698e-03,-9.874004356163786425e-03,9.999499733512827726e-01,1.103359729880760004e-01,0.000000000000000000e+00,0.000000000000000000e+00,0.000000000000000000e+00,1.000000000000000056e-01
9.940174917769110108e-01,-1.092000042037216262e-01,2.141290135812484209e-03,1.591526727681434927e+01,1.091742257563664137e-01,9.939745487880786712e-01,9.776747518135009418e-03,1.170541481317757704e+00,-3.196008766647645723e-03,-9.484484353015628505e-03,9.999499137879461763e-01,1.179465712460497362e-01,0.000000000000000000e+00,0.000000000000000000e+00,0.000000000000000000e+00,1.000000000000000056e-01
9.937249848293610022e-01,-1.118081303486556932e-01,3.097824046690519396e-03,1.683905888817238505e+01,1.117740206460213770e-01,9.936874159156183772e-01,9.585810323783030065e-03,1.285685621346090102e+00,-4.150040302096189015e-03,-9.179402969625894901e-03,9.999492565758585361e-01,1.250046143989294589e-01,0.000000000000000000e+00,0.000000000000000000e+00,0.000000000000000000e+00,1.000000000000000056e-01
9.933497411291621892e-01,-1.150957505187187174e-01,3.043026644545506268e-03,1.772795203029060929e+01,1.150657999983060870e-01,9.933201446922920175e-01,8.657471873120809944e-03,1.383390229725676823e+00,-4.019137889693978963e-03,-8.249749148726769413e-03,9.999578931983119645e-01,1.347748336939736113e-01,0.000000000000000000e+00,0.000000000000000000e+00,0.000000000000000000e+00,1.000000000000000056e-01
9.930041009109004113e-01,-1.180390615836632295e-01,3.104112527352024479e-03,1.863821714408836883e+01,1.180080720952297046e-01,9.929739385169014110e-01,8.766547016926239458e-03,1.492914031869335023e+00,-4.117097825091428458e-03,-8.338906803716511842e-03,9.999567551343495619e-01,1.406499084611649575e-01,0.000000000000000000e+00,0.000000000000000000e+00,0.000000000000000000e+00,1.000000000000000056e-01
9.925060669621714737e-01,-1.221695832340650295e-01,2.509975238235411226e-03,1.956328521772402240e+01,1.221521646599598859e-01,9.924920003307663441e-01,6.203059593471520541e-03,1.602478979995827224e+00,-3.248955550287439733e-03,-5.849975371655031717e-03,9.999776107873532549e-01,1.513626083878630291e-01,0.000000000000000000e+00,0.000000000000000000e+00,0.000000000000000000e+00,1.000000000000000056e-01
9.922684845942912890e-01,-1.240309440930282975e-01,4.424860262292525451e-03,2.048699113370310343e+01,1.240112977002416211e-01,9.922707424870900184e-01,4.468964848941936463e-03,1.720982331399075083e+00,-4.944949307199450472e-03,-3.885680315095643451e-03,9.999802242868796043e-01,1.648546021502837189e-01,0.000000000000000000e+00,0.000000000000000000e+00,0.000000000000000000e+00,1.000000000000000056e-01
9.924267107683193423e-01,-1.227083231865944701e-01,5.647227134532633620e-03,2.140841436202663672e+01,1.226836704090374097e-01,9.924355157399286087e-01,4.523727775694515521e-03,1.842537236747455509e+00,-6.159607823668510236e-03,-3.796645724345818970e-03,9.999738220137077693e-01,1.664004431695439434e-01,0.000000000000000000e+00,0.000000000000000000e+00,0.000000000000000000e+00,1.000000000000000056e-01
9.923417803833854967e-01,-1.231139971234430225e-01,1.003666367980399036e-02,2.236132386018941531e+01,1.230958794704796327e-01,9.923918666798274835e-01,2.405702624341198546e-03,1.966244605618010288e+00,-1.025647907041130937e-02,-1.151807282696835476e-03,9.999467375700876737e-01,1.711062307886073164e-01,0.000000000000000000e+00,0.000000000000000000e+00,0.000000000000000000e+00,1.000000000000000056e-01
9.925882952843553264e-01,-1.208379118963234244e-01,1.291027160960980281e-02,2.332390783795873546e+01,1.208099570171781711e-01,9.926713401454411168e-01,2.926557595804348769e-03,2.094737830324616468e+00,-1.316929572927432422e-02,-1.345177456833864058e-03,9.999123762348401945e-01,1.705693471161432162e-01,0.000000000000000000e+00,0.000000000000000000e+00,0.000000000000000000e+00,1.000000000000000056e-01
9.928727326623750793e-01,-1.184410929499645077e-01,1.324553646953661318e-02,2.424194721558814436e+01,1.184401114882374789e-01,9.929608240952246812e-01,8.612797374712550212e-04,2.198734266635037571e+00,-1.325430972181618205e-02,7.136616496436138431e-04,9.999119030998920854e-01,1.671713143494135967e-01,0.000000000000000000e+00,0.000000000000000000e+00,0.000000000000000000e+00,1.000000000000000056e-01
9.928983547136513987e-01,-1.183677558134939162e-01,1.191350454740701392e-02,2.519288320123931868e+01,1.183737591619263146e-01,9.929690892233782318e-01,2.024568324141498175e-04,2.309670810115156403e+00,-1.185370612079928929e-02,1.209227262264724913e-03,9.999290111906093959e-01,1.640372601177556011e-01,0.000000000000000000e+00,0.000000000000000000e+00,0.000000000000000000e+00,1.000000000000000056e-01
9.930845628708079298e-01,-1.171488274677114777e-01,7.694362263152959222e-03,2.613237662117663263e+01,1.171529566747516599e-01,9.931138792929313786e-01,-8.659161973376973929e-05,2.430805548197067623e+00,-7.631233849124632873e-03,9.874100896865884314e-04,9.999703942073758789e-01,1.601180782372433609e-01,0.000000000000000000e+00,0.000000000000000000e+00,0.000000000000000000e+00,1.000000000000000056e-01
9.929953200192359608e-01,-1.179619482210350068e-01,6.728535635111489339e-03,2.707166434864295468e+01,1.179741714325016622e-01,9.930156079016730919e-01,-1.448219073638055444e-03,2.545212975367884933e+00,-6.510706160611097991e-03,2.231868178991521390e-03,9.999763144543583060e-01,1.617182883818849559e-01,0.000000000000000000e+00,0.000000000000000000e+00,0.000000000000000000e+00,1.000000000000000056e-01
9.930723400136278745e-01,-1.172567803100110495e-01,7.627251876475719949e-03,2.802434900046084465e+01,1.172807272995669836e-01,9.930949377026873082e-01,-2.770507783833933268e-03,2.658652026467890117e+00,-7.249724404555167936e-03,3.645844295287993791e-03,9.999670741156593268e-01,1.639128617348665773e-01,0.000000000000000000e+00,0.000000000000000000e+00,0.000000000000000000e+00,1.000000000000000056e-01
9.930019750715640692e-01,-1.176251643118914336e-01,1.055453573462429399e-02,2.902996160905148315e+01,1.176903455484858418e-01,9.930335157042234906e-01,-5.780938746231745889e-03,2.778335920124775260e+00,-9.801023857277333176e-03,6.982650550487629407e-03,9.999275886396168378e-01,1.685795163131050267e-01,0.000000000000000000e+00,0.000000000000000000e+00,0.000000000000000000e+00,1.000000000000000056e-01
9.930687053098109507e-01,-1.165847682308472077e-01,1.491771935838511962e-02,2.998335100088031524e+01,1.167199585982219845e-01,9.931281944932127681e-01,-8.534668563027199978e-03,2.886783059033549037e+00,-1.382019533600183786e-02,1.021670784602437057e-02,9.998522996331327128e-01,1.673564221259239981e-01,0.000000000000000000e+00,0.000000000000000000e+00,0.000000000000000000e+00,1.000000000000000056e-01
9.929005350191743018e-01,-1.179081174170922841e-01,1.569087014140842576e-02,3.091063611056276628e+01,1.181518103177966461e-01,9.928725066148338385e-01,-1.563122922242998758e-02,2.975141102220856038e+00,-1.373598475773627793e-02,1.737416057062695501e-02,9.997547005476900006e-01,1.711052719605982986e-01,0.000000000000000000e+00,0.000000000000000000e+00,0.000000000000000000e+00,1.000000000000000056e-01
9.930034728162514535e-01,-1.174702644016913239e-01,1.203494728949622283e-02,3.186112775836456379e+01,1.176832532753508270e-01,9.928721592301307242e-01,-1.885543222065393792e-02,3.077815205501671425e+00,-9.734211493174535490e-03,2.013982142658608115e-02,9.997497850559965427e-01,1.725060270700581322e-01,0.000000000000000000e+00,0.000000000000000000e+00,0.000000000000000000e+00,1.000000000000000056e-01
9.927576727317632965e-01,-1.198368337773778186e-01,8.446093915308788835e-03,3.285912539619913986e+01,1.199752848332893279e-01,9.926058339247887385e-01,-1.842795397339969804e-02,3.195118522890596502e+00,-6.175294437044696015e-03,1.930781522305821674e-02,9.997945158931049736e-01,1.674682035398324942e-01,0.000000000000000000e+00,0.000000000000000000e+00,0.000000000000000000e+00,1.000000000000000056e-01
9.926215056827415451e-01,-1.210651348670026550e-01,6.766060579211348978e-03,3.382760606621150146e+01,1.211707378001720681e-01,9.924621750304053469e-01,-1.834348480739238924e-02,3.317008669634437190e+00,-4.494302736693806151e-03,1.902798606136602705e-02,9.998088502255615406e-01,1.688395291107775975e-01,0.000000000000000000e+00,0.000000000000000000e+00,0.000000000000000000e+00,1.000000000000000056e-01
9.924121220141790545e-01,-1.226958207996878131e-01,7.994725611618413302e-03,3.479199715974749552e+01,1.228264011563487829e-01,9.922528463170463553e-01,-1.865379732653929881e-02,3.437637799604697175e+00,-5.644046269641399272e-03,1.949421796356086770e-02,9.997940388938590939e-01,1.794596786209666228e-01,0.000000000000000000e+00,0.000000000000000000e+00,0.000000000000000000e+00,1.000000000000000056e-01
9.923174480920096130e-01,-1.233484888235767546e-01,9.551571446716655006e-03,3.576794590067818547e+01,1.235042249411841958e-01,9.921820973137208677e-01,-1.792741453259508178e-02,3.573122670090997488e+00,-7.265578699535750473e-03,1.896934566836944169e-02,9.997936663587516648e-01,1.758994496170411537e-01,0.000000000000000000e+00,0.000000000000000000e+00,0.000000000000000000e+00,1.000000000000000056e-01
9.922946754614796472e-01,-1.233956138985300710e-01,1.117137061428769527e-02,3.673884723767894656e+01,1.235838874211682981e-01,9.921687921273938393e-01,-1.811382616512537472e-02,3.689927725059081620e+00,-8.848718589088382450e-03,1.935485466422501646e-02,9.997735192433623297e-01,1.878466164665244520e-01,0.000000000000000000e+00,0.000000000000000000e+00,0.000000000000000000e+00,1.000000000000000056e-01
9.920509988673421597e-01,-1.250932506754121876e-01,1.365629092276480876e-02,3.772654434888674047e+01,1.253166569026967492e-01,9.919719335029475449e-01,-1.695342576459630060e-02,3.830228748134478334e+00,-1.142589817215612126e-02,1.853002368812262449e-02,9.997630154557014537e-01,1.900660570483549416e-01,0.000000000000000000e+00,0.000000000000000000e+00,0.000000000000000000e+00,1.000000000000000056e-01
9.921607412682397209e-01,-1.241618458335313618e-01,1.417390296522171717e-02,3.872900711829397125e+01,1.243839997433771466e-01,9.921044389098772065e-01,-1.604378082489213778e-02,3.971385391202469695e+00,-1.206996660710711253e-02,1.768101621875894577e-02,9.997708225246300096e-01,2.008196386937329825e-01,0.000000000000000000e+00,0.000000000000000000e+00,0.000000000000000000e+00,1.000000000000000056e-01
9.922752623629385038e-01,-1.230938763247599044e-01,1.541756510951782649e-02,3.975566590324550731e+01,1.232842003847278434e-01,9.922980307249180676e-01,-1.206748337259668999e-02,4.115329311221739950e+00,-1.381338619093023037e-02,1.387500741601016205e-02,9.998083188947498590e-01,2.008201457997246531e-01,0.000000000000000000e+00,0.000000000000000000e+00,0.000000000000000000e+00,1.000000000000000056e-01
9.918457222367037529e-01,-1.265958993767071217e-01,1.468133310547993509e-02,4.075602947031559609e+01,1.268134915870150481e-01,9.918134877609414701e-01,-1.497811226379240808e-02,4.236701575181846202e+00,-1.266497659932614220e-02,1.671776768828155818e-02,9.997800331129138574e-01,2.146254934882296794e-01,0.000000000000000000e+00,0.000000000000000000e+00,0.000000000000000000e+00,1.000000000000000056e-01
9.920470506074736683e-01,-1.250954700472639292e-01,1.392022825483738707e-02,4.176295079552629375e+01,1.252805743002923522e-01,9.920318164151402662e-01,-1.332865045930734134e-02,4.357720572903157397e+00,-1.214195552625696103e-02,1.496658256689097945e-02,9.998142699133009126e-01,2.366703473786412881e-01,0.000000000000000000e+00,0.000000000000000000e+00,0.000000000000000000e+00,1.000000000000000056e-01
9.922696769100610714e-01,-1.236969713488282607e-01,9.997377852729638636e-03,4.277258531146296150e+01,1.238115492091900749e-01,9.922356709040465184e-01,-1.179294992853936394e-02,4.466062291688020380e+00,-8.461002731555748724e-03,1.293957745538438370e-02,9.998804822417790561e-01,2.441016088150180785e-01,0.000000000000000000e+00,0.000000000000000000e+00,0.000000000000000000e+00,1.000000000000000056e-01
9.925437394208840303e-01,-1.215627909199347434e-01,8.911408427652169756e-03,4.380791091632481482e+01,1.216654574349572138e-01,9.924978918599681732e-01,-1.206031179785421389e-02,4.599352232095649029e+00,-7.378468916436158737e-03,1.305459755316406081e-02,9.998875615183809851e-01,2.525691477204707880e-01,0.000000000000000000e+00,0.000000000000000000e+00,0.000000000000000000e+00,1.000000000000000056e-01
9.925078599585410721e-01,-1.216440930520177183e-01,1.143951686345058213e-02,4.479394618702029618e+01,1.217994921326962937e-01,9.924554164753761620e-01,-1.404030002902290075e-02,4.722187316050640682e+00,-9.645290909784227928e-03,1.532843547919305813e-02,9.998359902649163189e-01,2.636601058044716339e-01,0.000000000000000000e+00,0.000000000000000000e+00,0.000000000000000000e+00,1.000000000000000056e-01
9.923208781713307447e-01,-1.232509633327292797e-01,1.041512279491298501e-02,4.575267844998240463e+01,1.233803401094787644e-01,9.922761850746283363e-01,-1.285551275567420326e-02,4.843803378911078816e+00,-8.750223982747024065e-03,1.404181509977171782e-02,9.998631211365661686e-01,2.664549596008425891e-01,0.000000000000000000e+00,0.000000000000000000e+00,0.000000000000000000e+00,1.000000000000000056e-01
9.918418067390902815e-01,-1.273125971818260538e-01,6.429074844417023184e-03,4.665777996863322130e+01,1.273899748995314940e-01,9.917600648655493512e-01,-1.355610685182694931e-02,4.964729999315306230e+00,-4.650236513744062349e-03,1.426451319532169755e-02,9.998874431473108171e-01,2.806315123303588233e-01,0.000000000000000000e+00,0.000000000000000000e+00,0.000000000000000000e+00,1.000000000000000056e-01
9.921391754952911812e-01,-1.250357575709171998e-01,5.090753990395362888e-03,4.761228691805638391e+01,1.250923046763099122e-01,9.920605763723909787e-01,-1.295098909151738524e-02,5.087220449447507065e+00,-3.430999605531113213e-03,1.348599778830524530e-02,9.999031733649816900e-01,2.826744142225876000e-01,0.000000000000000000e+00,0.000000000000000000e+00,0.000000000000000000e+00,1.000000000000000056e-01
9.921768386326890177e-01,-1.247478958116023384e-01,4.804515732151817126e-03,4.855180202651562382e+01,1.247971392711336447e-01,9.921112441979014207e-01,-1.187236984907989734e-02,5.214391847524397328e+00,-3.285560923823703169e-03,1.237908020289385166e-02,9.999179783675989919e-01,2.946341261094955755e-01,0.000000000000000000e+00,0.000000000000000000e+00,0.000000000000000000e+00,1.000000000000000056e-01
9.925877309744750576e-01,-1.212796927734484109e-01,7.799515351677617503e-03,4.951087468308477213e+01,1.213803704334230071e-01,9.925061961110535069e-01,-1.408035349740980810e-02,5.345626480498569144e+00,-6.033406366895905856e-03,1.492269419190031532e-02,9.998704472108709274e-01,2.961738465808543830e-01,0.000000000000000000e+00,0.000000000000000000e+00,0.000000000000000000e+00,1.000000000000000056e-01
9.928846135797183559e-01,-1.186546881359472061e-01,1.006027335684749752e-02,5.049642149736788355e+01,1.188117684145062192e-01,9.927746661752775426e-01,-1.679957995856020542e-02,5.473102330931219228e+00,-7.994235602678444186e-03,1.787532332371702393e-02,9.998082641252779013e-01,3.179949435863644869e-01,0.000000000000000000e+00,0.000000000000000000e+00,0.000000000000000000e+00,1.000000000000000056e-01
9.930410299349907710e-01,-1.173591965266624904e-01,9.814879330334282809e-03,5.141294999070366600e+01,1.175091504956022881e-01,9.929358917243370497e-01,-1.642907408825808671e-02,5.599816194546020753e+00,-7.817443025357254799e-03,1.746808278580650950e-02,9.998168600640486847e-01,3.216415431589790264e-01,0.000000000000000000e+00,0.000000000000000000e+00,0.000000000000000000e+00,1.000000000000000056e-01
9.930066105800809950e-01,-1.176408526566231627e-01,9.924773573334232102e-03,5.234789609642313479e+01,1.178169195580029138e-01,9.928426959855063405e-01,-1.955900033474135963e-02,5.720229800371061657e+00,-7.552801475104716465e-03,2.059152287845709972e-02,9.997594432539377296e-01,3.342569343915416935e-01,0.000000000000000000e+00,0.000000000000000000e+00,0.000000000000000000e+00,1.000000000000000056e-01
9.931583685674426620e-01,-1.165742150103616925e-01,6.848893280933490875e-03,5.331290103812466441e+01,1.167009867456893224e-01,9.929094827790124755e-01,-2.261943191365335323e-02,5.841084200636085022e+00,-4.163488565865863626e-03,2.326395070128716921e-02,9.997206879727607021e-01,3.578623679073438257e-01,0.000000000000000000e+00,0.000000000000000000e+00,0.000000000000000000e+00,1.000000000000000056e-01
9.929305989184634695e-01,-1.183899130600615524e-01,8.523744309433882796e-03,5.424659557555183653e+01,1.185761465549324822e-01,9.925951958171490563e-01,-2.635288805612698987e-02,5.961789428216190068e+00,-5.340711526071425727e-03,2.717730167523359913e-02,9.996163619479467854e-01,3.581312739984675586e-01,0.000000000000000000e+00,0.000000000000000000e+00,0.000000000000000000e+00,1.000000000000000056e-01
9.929300758875039268e-01,-1.180195917798737004e-01,1.269804528845185423e-02,5.518334318158080265e+01,1.183331193933187253e-01,9.925875084029894824e-01,-2.770037936548649937e-02,6.072273771098309680e+00,-9.334733669590391386e-03,2.900713909466529766e-02,9.995356164884073857e-01,3.705431827618257401e-01,0.000000000000000000e+00,0.000000000000000000e+00,0.000000000000000000e+00,1.000000000000000056e-01
9.926756051492651167e-01,-1.194754703528050216e-01,1.790963219935977346e-02,5.612240559364889947e+01,1.199140481357300475e-01,9.924483263457395399e-01,-2.582519299525931969e-02,6.193462359492879266e+00,-1.468890742166179854e-02,2.778365558231285851e-02,9.995060302375575745e-01,3.918482911799953117e-01,0.000000000000000000e+00,0.000000000000000000e+00,0.000000000000000000e+00,1.000000000000000056e-01
9.926795451692249639e-01,-1.192937871676100492e-01,1.887625349028734800e-02,5.707342250882589951e+01,1.197123526327416310e-01,9.925454112891018976e-01,-2.285955284080905606e-02,6.318486286558201215e+00,-1.600853615277639252e-02,2.495193123100049662e-02,9.995604673545711583e-01,3.878908186713778128e-01,0.000000000000000000e+00,0.000000000000000000e+00,0.000000000000000000e+00,1.000000000000000056e-01
9.927631241101881887e-01,-1.193385939683175995e-01,1.340445435830974266e-02,5.795367349510073041e+01,1.196436259099847160e-01,9.925048354181822408e-01,-2.489085074156079103e-02,6.423987665158143123e+00,-1.033354663659162564e-02,2.631447626672536039e-02,9.996003031975917441e-01,3.988261499997576287e-01,0.000000000000000000e+00,0.000000000000000000e+00,0.000000000000000000e+00,1.000000000000000056e-01
9.927953787268113395e-01,-1.195636235240076783e-01,7.866124108897155562e-03,5.886485941858762061e+01,1.197233157261100855e-01,9.925021973832369726e-01,-2.461129539443763364e-02,6.529677768639059465e+00,-4.864529805990999017e-03,2.537573879230840129e-02,9.996661483868057863e-01,4.058579087715050160e-01,0.000000000000000000e+00,0.000000000000000000e+00,0.000000000000000000e+00,1.000000000000000056e-01
9.929717518163270196e-01,-1.182657133368732044e-01,4.507897928648132643e-03,5.981706365835122341e+01,1.183413006545313423e-01,9.926672612625551118e-01,-2.463828275046744953e-02,6.656767013951448320e+00,-1.560978606002675316e-03,2.499858928857174450e-02,9.996862677257164487e-01,4.164585138397116637e-01,0.000000000000000000e+00,0.000000000000000000e+00,0.000000000000000000e+00,1.000000000000000056e-01
9.927655582502681320e-01,-1.200590305411354392e-01,1.541277897152086313e-03,6.072891012637686714e+01,1.200639928281117402e-01,9.925266681098953159e-01,-2.180483241946418183e-02,6.774443371648454892e+00,1.088107625501004341e-03,2.183213860785269966e-02,9.997610583262397377e-01,4.208505782240687942e-01,0.000000000000000000e+00,0.000000000000000000e+00,0.000000000000000000e+00,1.000000000000000056e-01
9.925224160044158195e-01,-1.220153462801081556e-01,3.392491842670357187e-03,6.165587419040661388e+01,1.220581132487224274e-01,9.923389615091627869e-01,-1.911027108856138204e-02,6.904036732384690289e+00,-1.034755487706252169e-03,1.938145358484630668e-02,9.998116265267268377e-01,4.418500510524669411e-01,0.000000000000000000e+00,0.000000000000000000e+00,0.000000000000000000e+00,1.000000000000000056e-01
9.922695204948398517e-01,-1.240157633057821784e-01,4.614016539278131997e-03,6.252470791754928570e+01,1.240783497562784332e-01,9.921170985413106935e-01,-1.755636362490284666e-02,7.029509843193600283e+00,-2.400378865754044730e-03,1.799314407365720445e-02,9.998352288990648429e-01,4.552216528068300239e-01,0.000000000000000000e+00,0.000000000000000000e+00,0.000000000000000000e+00,1.000000000000000056e-01
9.922182361316289612e-01,-1.244196746175220553e-01,4.766178333732702319e-03,6.332922450705438422e+01,1.244829120810832940e-01,9.920799402397731948e-01,-1.677488520560619853e-02,7.140036337961163326e+00,-2.641304157473834020e-03,1.723765476849795433e-02,9.998479318228495893e-01,4.685845071536055007e-01,0.000000000000000000e+00,0.000000000000000000e+00,0.000000000000000000e+00,1.000000000000000056e-01
9.920394954047991876e-01,-1.257764035209678888e-01,6.159210527507194208e-03,6.413509672206612322e+01,1.258617435108891625e-01,9.919136084622949268e-01,-1.631609229283280393e-02,7.248741465948044471e+00,-4.057225331509923053e-03,1.696141694080266493e-02,9.998479130637667467e-01,4.778029590798011927e-01,0.000000000000000000e+00,0.000000000000000000e+00,0.000000000000000000e+00,1.000000000000000056e-01
9.921500473102234929e-01,-1.248159844108688160e-01,7.697639759495986111e-03,6.492789996328423285e+01,1.249327521859529694e-01,9.920155824324421445e-01,-1.723054388189544997e-02,7.362604706360177609e+00,-5.485531292818080634e-03,1.805697224809330384e-02,9.998219114920752215e-01,4.983742493224816994e-01,0.000000000000000000e+00,0.000000000000000000e+00,0.000000000000000000e+00,1.000000000000000056e-01
9.921708434757053885e-01,-1.245851505328850611e-01,8.692388820434739788e-03,6.572577704419963140e+01,1.247274624088174771e-01,9.920204157048767568e-01,-1.839986265656825409e-02,7.472878175667403866e+00,-6.330677512263128449e-03,1.933998685164806108e-02,9.997929222748147549e-01,5.090494270600117721e-01,0.000000000000000000e+00,0.000000000000000000e+00,0.000000000000000000e+00,1.000000000000000056e-01
9.921412188456980585e-01,-1.247786104615403874e-01,9.279021427917758663e-03,6.646634237335112516e+01,1.249379800677372782e-01,9.919781074746130134e-01,-1.923370551087040872e-02,7.569404727193878912e+00,-6.804631067609357570e-03,2.024185422268348286e-02,9.997719561648352737e-01,5.189204605106084722e-01,0.000000000000000000e+00,0.000000000000000000e+00,0.000000000000000000e+00,1.000000000000000056e-01
9.919086181115477352e-01,-1.264649425431794427e-01,1.113155980040691183e-02,6.724385025268362881e+01,1.266517601439632046e-01,9.917824542167525959e-01,-1.808024226140172649e-02,7.684525583240638724e+00,-8.753568899353176766e-03,1.934377975849830775e-02,9.997745711990173589e-01,5.238769141218814207e-01,0.000000000000000000e+00,0.000000000000000000e+00,0.000000000000000000e+00,1.000000000000000056e-01
9.921434037716497789e-01,-1.243730346504012957e-01,1.352089509815113805e-02,6.798471432609018450e+01,1.245958678760503285e-01,9.920598726866308725e-01,-1.711954185133397754e-02,7.793242114464939085e+00,-1.128432809780615526e-02,1.866968818260887619e-02,9.997620250252282625e-01,5.346517522234627284e-01,0.000000000000000000e+00,0.000000000000000000e+00,0.000000000000000000e+00,1.000000000000000056e-01
9.919439363376273411e-01,-1.258004075266609678e-01,1.488235966300601766e-02,6.869604252040467429e+01,1.260170747182733642e-01,9.919199840678170066e-01,-1.464384124301716314e-02,7.891887487164352066e+00,-1.291990876369316678e-02,1.640130095533898560e-02,9.997820128830635644e-01,5.512052282753773236e-01,0.000000000000000000e+00,0.000000000000000000e+00,0.000000000000000000e+00,1.000000000000000056e-01
9.916228995230894627e-01,-1.285839972527784147e-01,1.225482729043348221e-02,6.936044990868076354e+01,1.287459881060872835e-01,9.915857417176325850e-01,-1.349768012954816361e-02,7.989813001327286557e+00,-1.041612634370926715e-02,1.496236855547404369e-02,9.998338021087315175e-01,5.589641323150503771e-01,0.000000000000000000e+00,0.000000000000000000e+00,0.000000000000000000e+00,1.000000000000000056e-01
9.919177505485006208e-01,-1.267225205909849883e-01,6.370158700521003081e-03,7.005649890381806699e+01,1.268020393458116901e-01,9.918264091568541607e-01,-1.419918718673043520e-02,8.093795608847422329e+00,-4.518734839051340504e-03,1.489217492806127474e-02,9.998788947474420707e-01,5.638815265727601389e-01,0.000000000000000000e+00,0.000000000000000000e+00,0.000000000000000000e+00,1.000000000000000056e-01
9.921793541336815236e-01,-1.248152409206132324e-01,1.133518769105297704e-03,7.080945214980884828e+01,1.248169420710337069e-01,9.920435751929462809e-01,-1.644006966023228017e-02,8.194135547806924436e+00,9.274712431420282371e-04,1.645298004394184221e-02,9.998642104029760169e-01,5.782528770946033791e-01,0.000000000000000000e+00,0.000000000000000000e+00,0.000000000000000000e+00,1.000000000000000056e-01
9.921104542326534270e-01,-1.253553783111442665e-01,1.695797967928935760e-03,7.152894348830355398e+01,1.253667483229130852e-01,9.920018308631843862e-01,-1.468148422433483355e-02,8.301033029791888396e+00,1.581683201510170056e-04,1.477825065966622067e-02,9.998907831809544788e-01,5.904385586252745011e-01,0.000000000000000000e+00,0.000000000000000000e+00,0.000000000000000000e+00,1.000000000000000056e-01
9.923505991552390437e-01,-1.233648002729114818e-01,4.627570622116561512e-03,7.220030043557675015e+01,1.234142119213672700e-01,9.922751602572448260e-01,-1.260708658996685314e-02,8.402938849482392669e+00,-3.036552661467867981e-03,1.308175791259457224e-02,9.999098194126559980e-01,6.012082270503925630e-01,0.000000000000000000e+00,0.000000000000000000e+00,0.000000000000000000e+00,1.000000000000000056e-01
9.922995993930107117e-01,-1.236693439935396960e-01,6.884649640901308217e-03,7.282302459434868069e+01,1.237511930180228564e-01,9.922267236095252407e-01,-1.310615053029826928e-02,8.488317649973726731e+00,-5.210304318028431518e-03,1.385721152737210728e-02,9.998904092037282920e-01,6.147232870652369341e-01,0.000000000000000000e+00,0.000000000000000000e+00,0.000000000000000000e+00,1.000000000000000056e-01
9.923676088151498487e-01,-1.232516859961118871e-01,3.943459600095509596e-03,7.340175227898237154e+01,1.232998918797387211e-01,9.922370080384241842e-01,-1.621285111881573190e-02,8.541968742920868607e+00,-1.914585319721181069e-03,1.657533643917908847e-02,9.998607866023057067e-01,6.249540244064200056e-01,0.000000000000000000e+00,0.000000000000000000e+00,0.000000000000000000e+00,1.000000000000000056e-01
9.924432153858135930e-01,-1.227041620253893489e-01,3.909684316652937888e-04,7.404717728722954462e+01,1.226797481560365916e-01,9.921713179147443329e-01,-2.336140620105457699e-02,8.604264206723664543e+00,2.478634107526719692e-03,2.323283299484234926e-02,9.997270086598615269e-01,6.457999070851945245e-01,0.000000000000000000e+00,0.000000000000000000e+00,0.000000000000000000e+00,1.000000000000000056e-01
9.927489663931633457e-01,-1.201406454141579067e-01,-3.964220576031606165e-03,7.466823241316676274e+01,1.199952451633270606e-01,9.924212487557475537e-01,-2.648029751108747082e-02,8.675767247778756186e+00,7.115536768149482820e-03,2.581260036401312324e-02,9.996414751294330214e-01,6.549972913536282748e-01,0.000000000000000000e+00,0.000000000000000000e+00,0.000000000000000000e+00,1.000000000000000056e-01
9.932529332574736580e-01,-1.158677861301580375e-01,-4.823558097568450206e-03,7.526010019441957866e+01,1.157227054805309713e-01,9.929977212113419993e-01,-2.374407516304137544e-02,8.742015804248003619e+00,7.540955621865663358e-03,2.302567711008363105e-02,9.997064330001739219e-01,6.669496912764915075e-01,0.000000000000000000e+00,0.000000000000000000e+00,0.000000000000000000e+00,1.000000000000000056e-01
9.939206495473767999e-01,-1.100739900334077731e-01,-2.336476288320442699e-03,7.583753767950490499e+01,1.100051513346998883e-01,9.937267612735092293e-01,-2.014920863686284550e-02,8.824356354558453575e+00,4.539722805460117382e-03,1.976969010852970207e-02,9.997942539692165065e-01,6.734869502231050076e-01,0.000000000000000000e+00,0.000000000000000000e+00,0.000000000000000000e+00,1.000000000000000056e-01
9.947480867718052622e-01,-1.023428043063331627e-01,1.481307040638551184e-03,7.638960392235330232e+01,1.023512145381931804e-01,9.945242435791591395e-01,-2.111297742759483953e-02,8.861622798285193170e+00,6.875655530968296288e-04,2.115370747686960706e-02,9.997759988685431809e-01,6.870718788322266457e-01,0.000000000000000000e+00,0.000000000000000000e+00,0.000000000000000000e+00,1.000000000000000056e-01
9.956463238006711958e-01,-9.301286646150432047e-02,6.083138566835959334e-03,7.696802199242750930e+01,9.313411534918851487e-02,9.953581959212250974e-01,-2.425073958806281058e-02,8.914558148970652240e+00,-3.799271026527465019e-03,2.471170744927093585e-02,9.996873996678204977e-01,6.997238116598646362e-01,0.000000000000000000e+00,0.000000000000000000e+00,0.000000000000000000e+00,1.000000000000000056e-01
9.965794072929154979e-01,-8.208462894914016206e-02,9.570718362966246229e-03,7.750130209412198212e+01,8.231548424107322515e-02,9.962424501727711323e-01,-2.692845201475997652e-02,8.956590486726105027e+00,-7.324343920028727334e-03,2.762415906476771432e-02,9.995915464939194583e-01,7.158699400951775704e-01,0.000000000000000000e+00,0.000000000000000000e+00,0.000000000000000000e+00,1.000000000000000056e-01
9.975447602873284136e-01,-6.940100759220818594e-02,9.378239092856739678e-03,7.798512566278290592e+01,6.961094868842748751e-02,9.972781030532605895e-01,-2.430434103585712644e-02,8.995481152988963558e+00,-7.665966735750963379e-03,2.489749617283623304e-02,9.996606162284927821e-01,7.266480214925925551e-01,0.000000000000000000e+00,0.000000000000000000e+00,0.000000000000000000e+00,1.000000000000000056e-01
9.986109861893377460e-01,-5.195923335026847445e-02,8.737066533487171036e-03,7.847833827859365385e+01,5.213303194975441035e-02,9.984192212939744238e-01,-2.100489301233426226e-02,9.036153860702668794e+00,-7.631857027232605631e-03,2.143120669458606353e-02,9.997411955791007943e-01,7.286224578887783299e-01,0.000000000000000000e+00,0.000000000000000000e+00,0.000000000000000000e+00,1.000000000000000056e-01
9.994452191536944419e-01,-3.176232759395430233e-02,1.002040201977508899e-02,7.896410705781447348e+01,3.192018524780321914e-02,9.993622199023665109e-01,-1.600797318713316139e-02,9.049494268438779798e+00,-9.505560718311628632e-03,1.631894535894945139e-02,9.998216522649437943e-01,7.332059426965685800e-01,0.000000000000000000e+00,0.000000000000000000e+00,0.000000000000000000e+00,1.000000000000000056e-01
9.998975327364688637e-01,-9.633400704135073461e-03,1.058874961436306536e-02,7.944087961054704294e+01,9.804003237686046562e-03,9.998210346266139803e-01,-1.617962418236417593e-02,9.055754571627348426e+00,-1.043098979184361313e-02,1.628177843605151109e-02,9.998130315928682732e-01,7.395929409280962430e-01,0.000000000000000000e+00,0.000000000000000000e+00,0.000000000000000000e+00,1.000000000000000056e-01
9.997798074921837586e-01,1.716812285024328991e-02,1.206615467707002759e-02,7.992950984982739726e+01,-1.694330752355506162e-02,9.996854083148571934e-01,-1.849347810768580541e-02,9.060600993280708337e+00,-1.237985706921801085e-02,1.828496541304264894e-02,9.997561698628268934e-01,7.494303055499330624e-01,0.000000000000000000e+00,0.000000000000000000e+00,0.000000000000000000e+00,1.000000000000000056e-01
9.988211537212736690e-01,4.641192417591128577e-02,1.422097652037824025e-02,8.040879563822433340e+01,-4.613304021359334456e-02,9.987479038810710419e-01,-1.934856826274115177e-02,9.040908038698129090e+00,-1.510117477399247968e-02,1.866970239335476178e-02,9.997116567955927069e-01,7.492730414108975667e-01,0.000000000000000000e+00,0.000000000000000000e+00,0.000000000000000000e+00,1.000000000000000056e-01
9.967169517050268324e-01,7.932874424880936859e-02,1.619470653473278898e-02,8.088290091630956624e+01,-7.898980754788456626e-02,9.966626742576984999e-01,-2.059427214156934680e-02,8.990458034079932048e+00,-1.777437727143434121e-02,1.924744339905574628e-02,9.996567448055421190e-01,7.472253169514763149e-01,0.000000000000000000e+00,0.000000000000000000e+00,0.000000000000000000e+00,1.000000000000000056e-01
