9.999999999999997780e-01,-1.839294342396471587e-08,-3.796779613173982084e-09,4.526107331471320909e-14,1.839294341740197739e-08,9.999999999999997780e-01,-1.728500600319922403e-09,1.416110451185933063e-13,3.796779644966195780e-09,1.728500530485969707e-09,1.000000000000000000e+00,2.116776828620816250e-14,0.000000000000000000e+00,0.000000000000000000e+00,0.000000000000000000e+00,1.000000000000000056e-01
9.996705523319033837e-01,-2.543430675530733778e-02,-3.447149591202527084e-03,6.651654296832857360e-01,2.541722720096823221e-02,9.996648666439511555e-01,-4.911105694824615189e-03,5.148075636832359636e-02,3.570904905141131062e-03,4.821870758150359135e-03,9.999819989382559005e-01,1.510987244949315786e-02,0.000000000000000000e+00,0.000000000000000000e+00,0.000000000000000000e+00,1.000000000000000056e-01
9.987604456909879858e-01,-4.896767499863654421e-02,-8.929665635792130574e-03,1.357224635997881679e+00,4.890665755028924394e-02,9.987793246071706710e-01,-6.928173244277547986e-03,9.403843591926480672e-02,9.258021948444359467e-03,6.482865297990750113e-03,9.999361287037938917e-01,2.833918391077740184e-02,0.000000000000000000e+00,0.000000000000000000e+00,0.000000000000000000e+00,1.000000000000000056e-01
9.975497814866207680e-01,-6.851867090135323191e-02,-1.412887801303661442e-02,2.106975914122912741e+00,6.840955323689114354e-02,9.976247037040885113e-01,-8.067439820571063389e-03,1.622125563871165688e-01,1.464808799550904386e-02,7.081122597556758873e-03,9.998676368504154643e-01,3.725481865036163465e-02,0.000000000000000000e+00,0.000000000000000000e+00,0.000000000000000000e+00,1.000000000000000056e-01
9.957565330954005756e-01,-9.032240270421285078e-02,-1.762924750425847939e-02,2.854652994291301038e+00,9.018143409079729111e-02,9.958879140661380802e-01,-8.635482749890328533e-03,2.633667867070803581e-01,1.833673207405252595e-02,7.009007542760290962e-03,9.998073004685003040e-01,6.401750731302963127e-02,0.000000000000000000e+00,0.000000000000000000e+00,0.000000000000000000e+00,1.000000000000000056e-01
9.939934607622641360e-01,-1.075746911280806017e-01,-2.011680368635315741e-02,3.564982553454247416e+00,1.073364915998465952e-01,9.941432752276915252e-01,-1.257083492034396024e-02,3.679542525779897488e-01,2.135128878764171872e-02,1.033606057724780619e-02,9.997186045677304289e-01,8.669523374306188634e-02,0.000000000000000000e+00,0.000000000000000000e+00,0.000000000000000000e+00,1.000000000000000056e-01
9.920501565718244930e-01,-1.232383237275307408e-01,-2.547160008022294336e-02,4.294162055624880736e+00,1.228997082626187287e-01,9.923136985115890152e-01,-1.446324497525854763e-02,4.939455665984659460e-01,2.705824374902561502e-02,1.121781222340039949e-02,9.995709140096759038e-01,1.226808327403880183e-01,0.000000000000000000e+00,0.000000000000000000e+00,0.000000000000000000e+00,1.000000000000000056e-01
9.892666037722780414e-01,-1.430539835017687056e-01,-2.978497045723441788e-02,5.075509647206951414e+00,1.426347563913537841e-01,9.896498376450399981e-01,-1.576467945519775815e-02,6.213048520478354764e-01,3.173189137195888548e-02,1.134709889891079120e-02,9.994320038984826349e-01,1.553735582317791464e-01,0.000000000000000000e+00,0.000000000000000000e+00,0.000000000000000000e+00,1.000000000000000056e-01
9.866994324316489262e-01,-1.593182972965256905e-01,-3.227863357699125441e-02,5.846922053928760299e+00,1.587987072473047712e-01,9.871453513213193087e-01,-1.808385858421687753e-02,7.970370253947146599e-01,3.474479264071975854e-02,1.271752771748533954e-02,9.993152975278164485e-01,1.847450810683055056e-01,0.000000000000000000e+00,0.000000000000000000e+00,0.000000000000000000e+00,1.000000000000000056e-01
9.846057119757467557e-01,-1.719014674724455571e-01,-3.164612812892854399e-02,6.638375119515250944e+00,1.713534486489542430e-01,9.850204908715630703e-01,-1.930357995955867337e-02,9.746213233059829451e-01,3.449039838626140331e-02,1.358374189848344030e-02,9.993127110045145756e-01,2.334688710318910398e-01,0.000000000000000000e+00,0.000000000000000000e+00,0.000000000000000000e+00,1.000000000000000056e-01
9.824551777281831377e-01,-1.834316703401542847e-01,-3.368450788277976143e-02,7.432896892101941155e+00,1.827333816099198649e-01,9.828985404609361654e-01,-2.278092195598965114e-02,1.150466696777574294e+00,3.728719620040499977e-02,1.622595069579733235e-02,9.991728496729332942e-01,2.734070022841201819e-01,0.000000000000000000e+00,0.000000000000000000e+00,0.000000000000000000e+00,1.000000000000000056e-01
9.805914726874274123e-01,-1.928330511103064915e-01,-3.543695940952243384e-02,8.242137475493565901e+00,1.920631341959039007e-01,9.810887969500989847e-01,-2.401093463099136793e-02,1.348961850337085489e+00,3.939690565956203983e-02,1.673878425983946899e-02,9.990834284112384278e-01,3.205165928562293542e-01,0.000000000000000000e+00,0.000000000000000000e+00,0.000000000000000000e+00,1.000000000000000056e-01
9.780024739088574171e-01,-2.050404208643792081e-01,-3.833519062053793863e-02,9.080294191557197081e+00,2.041284919221151573e-01,9.785881319377465193e-01,-2.639747745892818617e-02,1.546169237197344115e+00,4.292691246476624395e-02,1.799149361086784318e-02,9.989162058670849609e-01,3.707113038835523899e-01,0.000000000000000000e+00,0.000000000000000000e+00,0.000000000000000000e+00,1.000000000000000056e-01
9.770109790992521637e-01,-2.091787600456803953e-01,-4.115571728535737106e-02,9.823447755190530373e+00,2.080184412254358628e-01,9.776414412765059847e-01,-3.074964079360856598e-02,1.749200219291115355e+00,4.666770649668229576e-02,2.148158850149904306e-02,9.986794613517351316e-01,4.278628798855553805e-01,0.000000000000000000e+00,0.000000000000000000e+00,0.000000000000000000e+00,1.000000000000000056e-01
9.761084108883659738e-01,-2.133739006157029106e-01,-4.103594435405447799e-02,1.057397864803449394e+01,2.122903970837753118e-01,9.767698916593313685e-01,-2.921242978307441937e-02,1.955933066429027534e+00,4.631584501012506877e-02,1.980296149211481158e-02,9.987305368402129568e-01,4.731210253750874339e-01,0.000000000000000000e+00,0.000000000000000000e+00,0.000000000000000000e+00,1.000000000000000056e-01
9.744712780727792234e-01,-2.205367004818505894e-01,-4.206295224758665324e-02,1.135071727041152911e+01,2.190954302222743455e-01,9.750276845868665054e-01,-3.630711700053321916e-02,2.202460661838648193e+00,4.901959472415844815e-02,2.616444208754355877e-02,9.984550572275784353e-01,5.167889638944708208e-01,0.000000000000000000e+00,0.000000000000000000e+00,0.000000000000000000e+00,1.000000000000000056e-01
9.732834085421983028e-01,-2.253296140500047895e-01,-4.411316910579099471e-02,1.217643466760145365e+01,2.237700104595727324e-01,9.739150303498198546e-01,-3.763636642440525149e-02,2.440354255193036614e+00,5.144306634914896925e-02,2.675964668648054059e-02,9.983173504621722927e-01,5.770336905038386810e-01,0.000000000000000000e+00,0.000000000000000000e+00,0.000000000000000000e+00,1.000000000000000056e-01
9.723011393818217218e-01,-2.284191382601907239e-01,-4.954989034582324425e-02,1.303817062931264026e+01,2.267522842689504436e-01,9.732468295541107928e-01,-3.706764548342297849e-02,2.690583103569352819e+00,5.669123332248404701e-02,2.480536311654216869e-02,9.980835626464510391e-01,6.497990180487013268e-01,0.000000000000000000e+00,0.000000000000000000e+00,0.000000000000000000e+00,1.000000000000000056e-01
9.726657222494016208e-01,-2.258746014320996143e-01,-5.387074520498152941e-02,1.392481607170771873e+01,2.242844280589066652e-01,9.739300020202871222e-01,-3.401244617860768593e-02,2.946146985473745428e+00,6.014888271064577907e-02,2.100037125037797908e-02,9.979684846306556834e-01,7.160985454085092572e-01,0.000000000000000000e+00,0.000000000000000000e+00,0.000000000000000000e+00,1.000000000000000056e-01
9.684754386908422941e-01,-2.429528871839285176e-01,-5.503834355768576908e-02,1.478822510282614644e+01,2.409728362227830101e-01,9.696974557853085264e-01,-4.023600932308644962e-02,3.299653635160127330e+00,6.314599635232892583e-02,2.570484103224549358e-02,9.976732151822953476e-01,7.727376523786920748e-01,0.000000000000000000e+00,0.000000000000000000e+00,0.000000000000000000e+00,1.000000000000000056e-01
9.682345139653851795e-01,-2.443192516915957679e-01,-5.319801893936504378e-02,1.570806859625627894e+01,2.422546576784248284e-01,9.692856011013727402e-01,-4.240406030865053605e-02,3.587730792883164099e+00,6.192420204833945507e-02,2.816960685577889548e-02,9.976832495588303651e-01,8.480908415766122976e-01,0.000000000000000000e+00,0.000000000000000000e+00,0.000000000000000000e+00,1.000000000000000056e-01
9.685104709065196493e-01,-2.432543573256323588e-01,-5.305455104442247105e-02,1.659904840306728957e+01,2.410530155795183316e-01,9.694842877187302976e-01,-4.465041485279511863e-02,3.853073663561967788e+00,6.229696159887848639e-02,3.045543479577653839e-02,9.975928804211405820e-01,9.175465095032596663e-01,0.000000000000000000e+00,0.000000000000000000e+00,0.000000000000000000e+00,1.000000000000000056e-01
9.688338323356662229e-01,-2.418243193050409745e-01,-5.368429858384769771e-02,1.743443221101768259e+01,2.394416725715459437e-01,9.697634236543964947e-01,-4.718673095526016575e-02,4.129138337867851227e+00,6.347196828464291007e-02,3.286184314302995763e-02,9.974424336809198932e-01,9.969003155462510257e-01,0.000000000000000000e+00,0.000000000000000000e+00,0.000000000000000000e+00,1.000000000000000056e-01
9.701294485568926484e-01,-2.362027625967118571e-01,-5.529112030318040355e-02,1.831374597792479619e+01,2.335659433927070872e-01,9.710453722959987433e-01,-5.017803333730833787e-02,4.373192849619540468e+00,6.554237659540680661e-02,3.576506513634031964e-02,9.972086326271043522e-01,1.051119834563731370e+00,0.000000000000000000e+00,0.000000000000000000e+00,0.000000000000000000e+00,1.000000000000000056e-01
9.713846466196268681e-01,-2.311863117093380937e-01,-5.444958760078368737e-02,1.921045496902042515e+01,2.283695955413198864e-01,9.721122389432310662e-01,-5.333969187267908335e-02,4.621766740183465672e+00,6.526251714389065539e-02,3.937872744275951881e-02,9.970908282002358680e-01,1.133811358035605288e+00,0.000000000000000000e+00,0.000000000000000000e+00,0.000000000000000000e+00,1.000000000000000056e-01
9.703264008745273728e-01,-2.359537177789029772e-01,-5.284428854852524921e-02,2.010543416015991269e+01,2.330845643620914343e-01,9.708888362099665770e-01,-5.519468795989929122e-02,4.906383668284255428e+00,6.432932163500604261e-02,4.123967494016402002e-02,9.970762396069868805e-01,1.200681571649949486e+00,0.000000000000000000e+00,0.000000000000000000e+00,0.000000000000000000e+00,1.000000000000000056e-01
9.727495117274058689e-01,-2.261115718408939212e-01,-5.130248058070691064e-02,2.100073141609897220e+01,2.231849405454552904e-01,9.731047680720769089e-01,-5.705780112404375271e-02,5.155068809066485791e+00,6.282411756495367983e-02,4.405300710541354414e-02,9.970518857196727369e-01,1.268492483169866514e+00,0.000000000000000000e+00,0.000000000000000000e+00,0.000000000000000000e+00,1.000000000000000056e-01
9.752041815904149979e-01,-2.161426440556264150e-01,-4.753063884708071118e-02,2.193208451150066907e+01,2.133329642318445296e-01,9.752617929558842214e-01,-5.790925290943264858e-02,5.425124754728006593e+00,5.887147510147328067e-02,4.633349351297463836e-02,9.971897295892391266e-01,1.339541646089920102e+00,0.000000000000000000e+00,0.000000000000000000e+00,0.000000000000000000e+00,1.000000000000000056e-01
9.776833312588406599e-01,-2.048277335318682835e-01,-4.670014298494220423e-02,2.287683206736121377e+01,2.019802613781815914e-01,9.775967558228542131e-01,-5.923307368550234653e-02,5.676493137451739557e+00,5.778648451167051753e-02,4.847868171504522705e-02,9.971512120169908622e-01,1.415158405955815990e+00,0.000000000000000000e+00,0.000000000000000000e+00,0.000000000000000000e+00,1.000000000000000056e-01
9.806909115558042345e-01,-1.900986263390956610e-01,-4.591130858334033921e-02,2.380325481649239450e+01,1.870995851180151381e-01,9.803430018519648792e-01,-6.262063532530665055e-02,5.897406960351111671e+00,5.691292683136598557e-02,5.282150115121043293e-02,9.969808462431062335e-01,1.486313331943881710e+00,0.000000000000000000e+00,0.000000000000000000e+00,0.000000000000000000e+00,1.000000000000000056e-01
9.833646285848962609e-01,-1.751410443187788601e-01,-4.816245262667222943e-02,2.474303107691744330e+01,1.718717508790846282e-01,9.829551952183841479e-01,-6.526243515948722262e-02,6.120506740407110513e+00,5.877166407246595808e-02,5.589900525157791289e-02,9.967051683993803923e-01,1.557503856006341447e+00,0.000000000000000000e+00,0.000000000000000000e+00,0.000000000000000000e+00,1.000000000000000056e-01
9.864423804227059334e-01,-1.559675589418069164e-01,-5.104459485312364680e-02,2.568736032808957148e+01,1.523932127494599942e-01,9.859974488270848436e-01,-6.771513578497749541e-02,6.322856148236199125e+00,6.089120473338800049e-02,5.901822993121789984e-02,9.963980679035374655e-01,1.624797979324477781e+00,0.000000000000000000e+00,0.000000000000000000e+00,0.000000000000000000e+00,1.000000000000000056e-01
9.886265391845430184e-01,-1.392727204611916569e-01,-5.675099431139460360e-02,2.664779616088482683e+01,1.353115977728115427e-01,9.884307027613683516e-01,-6.852384509669909307e-02,6.511515714100558405e+00,6.563792751269675874e-02,6.006542411409679372e-02,9.960340392264872555e-01,1.708433285162973325e+00,0.000000000000000000e+00,0.000000000000000000e+00,0.000000000000000000e+00,1.000000000000000056e-01
9.909163849294189141e-01,-1.233152772176712292e-01,-5.364755803520437905e-02,2.760123625079049248e+01,1.191989093854643050e-01,9.900976112231031356e-01,-7.415079400532911813e-02,6.652845195792888688e+00,6.226024477728624162e-02,6.708250632641699074e-02,9.958029921953631680e-01,1.793809391919296337e+00,0.000000000000000000e+00,0.000000000000000000e+00,0.000000000000000000e+00,1.000000000000000056e-01
9.933853607947527031e-01,-1.043208669472809602e-01,-4.798626551469283019e-02,2.860039801327169684e+01,1.005721209770113755e-01,9.921113792964122435e-01,-7.483488192518157611e-02,6.805334553198668424e+00,5.541455982739811048e-02,6.951379568070055470e-02,9.960406913219949088e-01,1.884411535334246546e+00,0.000000000000000000e+00,0.000000000000000000e+00,0.000000000000000000e+00,1.000000000000000056e-01
9.955725449026036067e-01,-8.173877659940362306e-02,-4.641206994076228776e-02,2.954718801414708196e+01,7.781970676084107308e-02,9.936915328279245507e-01,-8.075413813388380990e-02,6.915968098416081844e+00,5.272002537755582363e-02,7.678482914041333263e-02,9.956528958116214190e-01,1.946662182842329836e+00,0.000000000000000000e+00,0.000000000000000000e+00,0.000000000000000000e+00,1.000000000000000056e-01
9.968660214060404146e-01,-6.257237578211893858e-02,-4.840282176767159855e-02,3.047943329087554076e+01,5.803230986813844722e-02,9.942397633851548511e-01,-9.010851189093950497e-02,7.012082124990644871e+00,5.376231372867103925e-02,8.701718619222596762e-02,9.947550567500159646e-01,2.020852486625899669e+00,0.000000000000000000e+00,0.000000000000000000e+00,0.000000000000000000e+00,1.000000000000000056e-01
9.978801376548632751e-01,-4.021154724416738796e-02,-5.116895877522996405e-02,3.144737777276921875e+01,3.535038569841499750e-02,9.950759434319866870e-01,-9.259706817127054401e-02,7.102658782516227731e+00,5.464047130913482486e-02,9.059193270469352577e-02,9.943880131135651723e-01,2.081664284888136596e+00,0.000000000000000000e+00,0.000000000000000000e+00,0.000000000000000000e+00,1.000000000000000056e-01
9.983957642878608096e-01,-1.585694140755448608e-02,-5.435490098653068813e-02,3.243056975475419534e+01,1.070217477797578282e-02,9.955291137129581580e-01,-9.384693497879204038e-02,7.172817365177047932e+00,5.560001175431376896e-02,9.311466672382684440e-02,9.941017541146534020e-01,2.139908101052007350e+00,0.000000000000000000e+00,0.000000000000000000e+00,0.000000000000000000e+00,1.000000000000000056e-01
9.983534837373327919e-01,1.154690836796084218e-02,-5.618710187109760001e-02,3.340131081683966130e+01,-1.693200393438139273e-02,9.952052920717563422e-01,-9.633137534124747159e-02,7.223684071177050470e+00,5.480537156426618095e-02,9.712412439508591455e-02,9.937621826715840045e-01,2.203990160986338154e+00,0.000000000000000000e+00,0.000000000000000000e+00,0.000000000000000000e+00,1.000000000000000056e-01
9.978904102197453385e-01,3.515519186747874392e-02,-5.457876579979808324e-02,3.436464869787628373e+01,-4.045362404634629538e-02,9.942425253548941022e-01,-9.922351070910420678e-02,7.239019930320146123e+00,5.077630838280117881e-02,1.012220986775299036e-01,9.935672363993949263e-01,2.279535641996876638e+00,0.000000000000000000e+00,0.000000000000000000e+00,0.000000000000000000e+00,1.000000000000000056e-01
9.965170820668919349e-01,6.190110023257858890e-02,-5.587449273938457223e-02,3.536249627761167602e+01,-6.734309861157095067e-02,9.925595322247987573e-01,-1.014420132838504268e-01,7.259818705187997878e+00,4.917938814462326919e-02,1.048514605510334069e-01,9.932711407274630311e-01,2.341479477621475347e+00,0.000000000000000000e+00,0.000000000000000000e+00,0.000000000000000000e+00,1.000000000000000056e-01
9.943636571798236679e-01,9.037491528021605880e-02,-5.543727958747544232e-02,3.634585976375519323e+01,-9.580102329539640083e-02,9.898867487638407514e-01,-1.046249901185554443e-01,7.222659770857983830e+00,4.542115383300020931e-02,1.093462359198828504e-01,9.929654170587374207e-01,2.415267687020788312e+00,0.000000000000000000e+00,0.000000000000000000e+00,0.000000000000000000e+00,1.000000000000000056e-01
9.953572704896825885e-01,7.876508972278768728e-02,-5.531694789384306032e-02,3.734393355959806371e+01,-8.421603453853392096e-02,9.909708484964968589e-01,-1.043285050057632529e-01,7.136683971359737200e+00,4.660003873317491996e-02,1.085027099711998594e-01,9.930033224108428813e-01,2.471703134203012020e+00,0.000000000000000000e+00,0.000000000000000000e+00,0.000000000000000000e+00,1.000000000000000056e-01
9.962597320558231884e-01,6.872487279883543465e-02,-5.237784018879876324e-02,3.831780908561850651e+01,-7.386353178273596942e-02,9.918850493867247264e-01,-1.034805656907396842e-01,7.060081989646334044e+00,4.484110788818901350e-02,1.069623329115377275e-01,9.932513953584365396e-01,2.539796781026171235e+00,0.000000000000000000e+00,0.000000000000000000e+00,0.000000000000000000e+00,1.000000000000000056e-01
9.969981974344973574e-01,5.760775371100768788e-02,-5.172949859350093466e-02,3.932024971980595041e+01,-6.253874919267277122e-02,9.930803731090632747e-01,-9.939958448092020560e-02,7.011960295064938897e+00,4.564536298222531679e-02,1.023363046916171415e-01,9.937020587582001685e-01,2.591396027045025807e+00,0.000000000000000000e+00,0.000000000000000000e+00,0.000000000000000000e+00,1.000000000000000056e-01
9.973657791685217600e-01,4.399741947982410695e-02,-5.766913925735289020e-02,4.032376725146253449e+01,-4.974455412456064984e-02,9.935049009186857072e-01,-1.023400761456681879e-01,6.974520124815668076e+00,5.279187322416416944e-02,1.049392154042944197e-01,9.930764216271650291e-01,2.670519665485691974e+00,0.000000000000000000e+00,0.000000000000000000e+00,0.000000000000000000e+00,1.000000000000000056e-01
9.977341502625396430e-01,3.429395623504383206e-02,-5.788341701763063951e-02,4.134335324901271491e+01,-3.989240187943596250e-02,9.943357922294228102e-01,-9.851359583212671023e-02,6.925760416198026626e+00,5.417713237314807084e-02,1.005994873606965156e-01,9.934508450198165086e-01,2.754762572432752243e+00,0.000000000000000000e+00,0.000000000000000000e+00,0.000000000000000000e+00,1.000000000000000056e-01
9.978475683428137399e-01,2.232751283890318725e-02,-6.165802885887913809e-02,4.236297465466385859e+01,-2.836766799344550907e-02,9.946936029301683968e-01,-9.889343609367708121e-02,6.892678024456830421e+00,5.912280241114596657e-02,1.004296692229400961e-01,9.931859724013542001e-01,2.829112954270506464e+00,0.000000000000000000e+00,0.000000000000000000e+00,0.000000000000000000e+00,1.000000000000000056e-01
9.977711476536522683e-01,1.876184133208940938e-02,-6.403694417867827893e-02,4.336165561608455477e+01,-2.503641828138643624e-02,9.948088591296454508e-01,-9.863321730944746291e-02,6.815700112949881095e+00,6.185397860730637576e-02,1.000166341515386637e-01,9.930613063771259741e-01,2.904078276056449415e+00,0.000000000000000000e+00,0.000000000000000000e+00,0.000000000000000000e+00,1.000000000000000056e-01
9.980519583547291518e-01,7.731411923554224949e-03,-6.190729919773910184e-02,4.435903184832559276e+01,-1.397930195897952206e-02,9.947743866586974404e-01,-1.011360408783731624e-01,6.807941272070711314e+00,6.080187119677926688e-02,1.018044444878543620e-01,9.929446044676861760e-01,2.995920885078212414e+00,0.000000000000000000e+00,0.000000000000000000e+00,0.000000000000000000e+00,1.000000000000000056e-01
9.981350631626629832e-01,-5.158281181084187379e-04,-6.104203147519992462e-02,4.533931385284781612e+01,-5.624371252934631110e-03,9.949337745546250611e-01,-1.003750501792932820e-01,6.788617982839639353e+00,6.078455505534190867e-02,1.005311800977142095e-01,9.930753846989084366e-01,3.067413371270578004e+00,0.000000000000000000e+00,0.000000000000000000e+00,0.000000000000000000e+00,1.000000000000000056e-01
9.978272681407719391e-01,-1.253962855822672758e-02,-6.467998662914040131e-02,4.626101058649400244e+01,6.158566435687325494e-03,9.951745201190076440e-01,-9.792725139285846092e-02,6.803015527778486948e+00,6.559584601315315844e-02,9.731614573915561839e-02,9.930894988692077208e-01,3.152635527580256891e+00,0.000000000000000000e+00,0.000000000000000000e+00,0.000000000000000000e+00,1.000000000000000056e-01
9.973398207079786637e-01,-1.895443285932637764e-02,-7.038473914960750866e-02,4.722359539340494194e+01,1.203504401820317676e-02,9.951665443430817160e-01,-9.746130891656010209e-02,6.804191196003787745e+00,7.189186147024513585e-02,9.635496092693168757e-02,9.927473403435098653e-01,3.212223846307348918e+00,0.000000000000000000e+00,0.000000000000000000e+00,0.000000000000000000e+00,1.000000000000000056e-01
9.971347063950074530e-01,-2.672078593160642779e-02,-7.076988696995081818e-02,4.817848241321575387e+01,1.952462579431227252e-02,9.947463926524076072e-01,-1.004908119810676431e-01,6.825989616574219987e+00,7.308328324681662158e-02,9.882112073954370246e-02,9.924178655211957079e-01,3.299289888524116421e+00,0.000000000000000000e+00,0.000000000000000000e+00,0.000000000000000000e+00,1.000000000000000056e-01
9.971269866239513835e-01,-3.147604536358001442e-02,-6.889870183470848952e-02,4.915585165567986081e+01,2.444744075915070841e-02,9.946286518086105977e-01,-1.005791610708373779e-01,6.877763244707361778e+00,7.169445715371604300e-02,9.860579886424268581e-02,9.925405791421217927e-01,3.390692328219723883e+00,0.000000000000000000e+00,0.000000000000000000e+00,0.000000000000000000e+00,1.000000000000000056e-01
9.971312499432812837e-01,-3.352940439578933063e-02,-6.786051449416710679e-02,5.015720018418344495e+01,2.660592244343464724e-02,9.945838954489603090e-01,-1.004738762291245424e-01,6.915220788980803057e+00,7.086180408007816678e-02,9.838015020539012112e-02,9.926227635754085732e-01,3.492863261901614891e+00,0.000000000000000000e+00,0.000000000000000000e+00,0.000000000000000000e+00,1.000000000000000056e-01
9.968521191513971536e-01,-4.080603933449417769e-02,-6.797587584724702758e-02,5.109420831788497708e+01,3.348943036801773493e-02,9.938554731929380992e-01,-1.054976609127744880e-01,6.963378953052272280e+00,7.186313795677391758e-02,1.028890934855233863e-01,9.920935055954821502e-01,3.576121147798483779e+00,0.000000000000000000e+00,0.000000000000000000e+00,0.000000000000000000e+00,1.000000000000000056e-01
9.966861682300578451e-01,-4.404409529562496733e-02,-6.838713130754088543e-02,5.203269043570959695e+01,3.670101108101315318e-02,9.937792013243637035e-01,-1.051472053872152673e-01,7.004752861792717056e+00,7.259282226581552366e-02,1.022888883735657145e-01,9.921024470642051396e-01,3.657001896072778369e+00,0.000000000000000000e+00,0.000000000000000000e+00,0.000000000000000000e+00,1.000000000000000056e-01
9.965386565037926969e-01,-4.935009670926478881e-02,-6.689748910386689174e-02,5.301559998741858948e+01,4.203483329806281116e-02,9.934064878507098406e-01,-1.066612520352240717e-01,7.048498717845928851e+00,7.172014279977312334e-02,1.034800360016546045e-01,9.920423898533149432e-01,3.756341547968014005e+00,0.000000000000000000e+00,0.000000000000000000e+00,0.000000000000000000e+00,1.000000000000000056e-01
9.957884110795138799e-01,-6.332252625400132395e-02,-6.630006054709365604e-02,5.398338417825429758e+01,5.588084510454834064e-02,9.925094965049581219e-01,-1.086380711255316156e-01,7.106938958169043197e+00,7.268267682287470055e-02,1.044756288149820411e-01,9.918679707872291029e-01,3.837487015884466945e+00,0.000000000000000000e+00,0.000000000000000000e+00,0.000000000000000000e+00,1.000000000000000056e-01
9.956980471021867896e-01,-6.899448993059921487e-02,-6.184787268862128318e-02,5.490207883891569196e+01,6.194215161065876052e-02,9.920575983197063019e-01,-1.094755290920234325e-01,7.162113976842904073e+00,6.890986033024322499e-02,1.051735802155310540e-01,9.920634804153983799e-01,3.921505187344923815e+00,0.000000000000000000e+00,0.000000000000000000e+00,0.000000000000000000e+00,1.000000000000000056e-01
9.955033109096155242e-01,-7.556310687798588333e-02,-5.712595598271873187e-02,5.582245699951599249e+01,6.898753022628527354e-02,9.915982936637616207e-01,-1.094236933958718794e-01,7.246910392622770480e+00,6.491439471543127004e-02,1.049906704524858347e-01,9.923522965543369878e-01,4.014279890271849283e+00,0.000000000000000000e+00,0.000000000000000000e+00,0.000000000000000000e+00,1.000000000000000056e-01
9.952935079625332415e-01,-8.105975277950672186e-02,-5.310507967191181733e-02,5.673377104091892420e+01,7.535979689088953548e-02,9.919535553596746658e-01,-1.017302561771307179e-01,7.328440305151008083e+00,6.092400200412581568e-02,9.724947551851381711e-02,9.933935803553268773e-01,4.105197334463348113e+00,0.000000000000000000e+00,0.000000000000000000e+00,0.000000000000000000e+00,1.000000000000000056e-01
9.944628057073982008e-01,-8.934419498056013487e-02,-5.532940346547345761e-02,5.759257258638483279e+01,8.350835018073361760e-02,9.914708770553134487e-01,-1.000592594478869612e-01,7.413493030774932713e+00,6.379720616658272891e-02,9.488474468766430747e-02,9.934418964946541974e-01,4.196814313201803870e+00,0.000000000000000000e+00,0.000000000000000000e+00,0.000000000000000000e+00,1.000000000000000056e-01
9.936312446747607163e-01,-9.492669405783239756e-02,-6.071138576359944722e-02,5.850206429442371814e+01,8.866446653357722141e-02,9.911657883097962918e-01,-9.863565510775595957e-02,7.524268496961626695e+00,6.953820518536601991e-02,9.262452612278621045e-02,9.932699206057370445e-01,4.271896241786614645e+00,0.000000000000000000e+00,0.000000000000000000e+00,0.000000000000000000e+00,1.000000000000000056e-01
9.926835177266388754e-01,-1.005099698558632182e-01,-6.691172986434693049e-02,5.947253524055076923e+01,9.377236737169136749e-02,9.908388285379390314e-01,-9.718620776156000618e-02,7.615982063201055752e+00,7.606692284675659055e-02,9.020067528094244391e-02,9.930144316310249852e-01,4.354801450447347122e+00,0.000000000000000000e+00,0.000000000000000000e+00,0.000000000000000000e+00,1.000000000000000056e-01
9.926150518324220462e-01,-1.016467699549298970e-01,-6.620644253732185791e-02,6.038372936134295088e+01,9.522376282452225948e-02,9.910217907906776480e-01,-9.385225181942866146e-02,7.743611921036652745e+00,7.515180549565841917e-02,8.685473122270240265e-02,9.933823341468152046e-01,4.441105653964292799e+00,0.000000000000000000e+00,0.000000000000000000e+00,0.000000000000000000e+00,1.000000000000000056e-01
9.921156190637575589e-01,-1.083775619943440766e-01,-6.293570104399530407e-02,6.132070663332293492e+01,1.023366997196186595e-01,9.904524776298102573e-01,-9.236389688328930370e-02,7.865042391958528611e+00,7.234499499090206454e-02,8.519503279612258839e-02,9.937343750150912092e-01,4.530233727560826651e+00,0.000000000000000000e+00,0.000000000000000000e+00,0.000000000000000000e+00,1.000000000000000056e-01
9.913393846437926760e-01,-1.156384913305342765e-01,-6.224117428892639303e-02,6.220833547299549338e+01,1.095499145194020751e-01,9.895582402278819689e-01,-9.366592457179530318e-02,7.985655584590136691e+00,7.242265310562892577e-02,8.603620470415636323e-02,9.936562437771154777e-01,4.620653714362498832e+00,0.000000000000000000e+00,0.000000000000000000e+00,0.000000000000000000e+00,1.000000000000000056e-01
9.905876083880227334e-01,-1.225216226145787735e-01,-6.102984597709630588e-02,6.303334257516619488e+01,1.166312007197431722e-01,9.888869292479942619e-01,-9.219438258995737989e-02,8.091252685984215987e+00,7.164742233163966245e-02,8.420862874054652059e-02,9.938689821696159443e-01,4.696748193926249648e+00,0.000000000000000000e+00,0.000000000000000000e+00,0.000000000000000000e+00,1.000000000000000056e-01
9.896685645716561952e-01,-1.297926952146956636e-01,-6.090967548413511040e-02,6.385718504734675349e+01,1.239166047935090914e-01,9.880217062081515511e-01,-9.196620639116462326e-02,8.186964063402731639e+00,7.211662329260021265e-02,8.346834328317609408e-02,9.938974938666638170e-01,4.766421897228883431e+00,0.000000000000000000e+00,0.000000000000000000e+00,0.000000000000000000e+00,1.000000000000000056e-01
9.888984376833145351e-01,-1.356396680343114891e-01,-6.067751150996100046e-02,6.466145738047336522e+01,1.299149939393475228e-01,9.874305136407948158e-01,-9.001708216119533312e-02,8.291855683428305923e+00,7.212471349848791069e-02,8.113483337394536421e-02,9.940901189108275471e-01,4.838979664317924367e+00,0.000000000000000000e+00,0.000000000000000000e+00,0.000000000000000000e+00,1.000000000000000056e-01
9.880029601170610132e-01,-1.411384800479946189e-01,-6.269035212588025541e-02,6.545614774350308096e+01,1.351225025249656042e-01,9.865840640514165205e-01,-9.161765043473360515e-02,8.404505618271413070e+00,7.478007830509209031e-02,8.204763256506672486e-02,9.938189603137747019e-01,4.920477648684514982e+00,0.000000000000000000e+00,0.000000000000000000e+00,0.000000000000000000e+00,1.000000000000000056e-01
9.870550726210209902e-01,-1.480332324298139490e-01,-6.171260575839969398e-02,6.620916359183944166e+01,1.421635976478473895e-01,9.856879875910095068e-01,-9.060189083350807249e-02,8.510860757511085950e+00,7.424146494333165591e-02,8.065576988143276227e-02,9.939732650669742542e-01,4.996387294250074440e+00,0.000000000000000000e+00,0.000000000000000000e+00,0.000000000000000000e+00,1.000000000000000056e-01
9.861903148066167857e-01,-1.548611973658596264e-01,-5.870836850090754150e-02,6.699450646597180992e+01,1.492328602599482523e-01,9.846528032404283648e-01,-9.048983638730399848e-02,8.632810427145667376e+00,7.182072403046929621e-02,8.047898248100908425e-02,9.941654374290833651e-01,5.077422445387425931e+00,0.000000000000000000e+00,0.000000000000000000e+00,0.000000000000000000e+00,1.000000000000000056e-01
9.828708445876542799e-01,-1.750416644748412631e-01,-5.766557515041616233e-02,6.780017858151184384e+01,1.697776693637925716e-01,9.817063814003770261e-01,-8.618656335633861909e-02,8.793813647841696834e+00,7.169690261754642358e-02,7.491993336659164004e-02,9.946087460601759078e-01,5.155765978930062055e+00,0.000000000000000000e+00,0.000000000000000000e+00,0.000000000000000000e+00,1.000000000000000056e-01
9.818685287004780271e-01,-1.812152534919754809e-01,-5.563473959135328828e-02,6.853296264907481827e+01,1.761822223044468005e-01,9.806837277797209040e-01,-8.496617333937482586e-02,8.914535751648918094e+00,6.995725045644030082e-02,7.362375954750792484e-02,9.948293949912545564e-01,5.234154011392260664e+00,0.000000000000000000e+00,0.000000000000000000e+00,0.000000000000000000e+00,1.000000000000000056e-01
9.813163064972033611e-01,-1.831030225646684273e-01,-5.908967532800678962e-02,6.920429129467576956e+01,1.780692336062741354e-01,9.806375758504736195e-01,-8.149412784354924388e-02,9.051023638717161646e+00,7.286737710087348718e-02,6.944946333694092255e-02,9.949206588450407729e-01,5.300349309534306386e+00,0.000000000000000000e+00,0.000000000000000000e+00,0.000000000000000000e+00,1.000000000000000056e-01
9.801655563584888986e-01,-1.879115884395931024e-01,-6.296599922627296730e-02,6.986575358429159621e+01,1.825009822878858601e-01,9.797079943841978666e-01,-8.285914073685114734e-02,9.199052078913135588e+00,7.725848556897033093e-02,6.972431907018895869e-02,9.945700808579492902e-01,5.364236980897065799e+00,0.000000000000000000e+00,0.000000000000000000e+00,0.000000000000000000e+00,1.000000000000000056e-01
9.788138312152253606e-01,-1.929048682488510025e-01,-6.863814994349576315e-02,7.058272628791024772e+01,1.868731210501917150e-01,9.786511952027228123e-01,-8.555860422682545763e-02,9.348451744700113863e+00,8.367747875463718565e-02,7.091931989363409183e-02,9.939660605951752270e-01,5.436097979345523967e+00,0.000000000000000000e+00,0.000000000000000000e+00,0.000000000000000000e+00,1.000000000000000056e-01
9.772516753719762139e-01,-1.998790556565999132e-01,-7.090504983773324166e-02,7.129495262614663886e+01,1.937153759894691962e-01,9.773489576146001667e-01,-8.522539618513425008e-02,9.499403618178623887e+00,8.633374825596407121e-02,6.955126281729434590e-02,9.938355526708608778e-01,5.506233280513023409e+00,0.000000000000000000e+00,0.000000000000000000e+00,0.000000000000000000e+00,1.000000000000000056e-01
9.768369089010516815e-01,-2.028623645850189672e-01,-6.809195579224759654e-02,7.195947420984786902e+01,1.970029553633765029e-01,9.768017477966183248e-01,-8.395344590644945870e-02,9.632023072282967391e+00,8.354333598040032671e-02,6.859450806330258388e-02,9.941404852820447946e-01,5.589089703000078124e+00,0.000000000000000000e+00,0.000000000000000000e+00,0.000000000000000000e+00,1.000000000000000056e-01
9.753377943426450036e-01,-2.108743625280927736e-01,-6.517814169792551793e-02,7.252176537697982894e+01,2.051102044981645278e-01,9.750208130578273957e-01,-8.523038258024166758e-02,9.766820290593440035e+00,8.152294730654355281e-02,6.975971138432084107e-02,9.942271328675509334e-01,5.647127211905943689e+00,0.000000000000000000e+00,0.000000000000000000e+00,0.000000000000000000e+00,1.000000000000000056e-01
9.753459682638312422e-01,-2.097294067096017178e-01,-6.865725127565204533e-02,7.304689100102848442e+01,2.035033707972693229e-01,9.751304934680669056e-01,-8.778894453673205533e-02,9.866250985943812779e+00,8.536170256993859395e-02,7.165261104776837753e-02,9.937702365559146767e-01,5.705442226158171870e+00,0.000000000000000000e+00,0.000000000000000000e+00,0.000000000000000000e+00,1.000000000000000056e-01
9.743710057535234226e-01,-2.140287430305055083e-01,-6.923034236264520580e-02,7.366305366822493284e+01,2.070791513535795714e-01,9.736452767324655921e-01,-9.556725470181624826e-02,9.991626884014758403e+00,8.785993524666692311e-02,7.878180153653750739e-02,9.930126180090105281e-01,5.779750657994628504e+00,0.000000000000000000e+00,0.000000000000000000e+00,0.000000000000000000e+00,1.000000000000000056e-01
9.738103931923053347e-01,-2.145374810084468564e-01,-7.527939527651685003e-02,7.424248664788650842e+01,2.066615182636919734e-01,9.732572169963373820e-01,-1.003065622653375594e-01,1.011180801542366581e+01,9.478573194101246047e-02,8.212221871755924496e-02,9.921046347101256657e-01,5.845740000173135442e+00,0.000000000000000000e+00,0.000000000000000000e+00,0.000000000000000000e+00,1.000000000000000056e-01
9.744630700003054091e-01,-2.115568524872351031e-01,-7.526900671108976981e-02,7.481157113342155185e+01,2.040266634660033995e-01,9.741787405040263081e-01,-9.668972098894026979e-02,1.021814535973682503e+01,9.378083919708768423e-02,7.886367805069183223e-02,9.924644449469244289e-01,5.917668165188437079e+00,0.000000000000000000e+00,0.000000000000000000e+00,0.000000000000000000e+00,1.000000000000000056e-01
9.745707088650634731e-01,-2.120382764472657777e-01,-7.246863282497213732e-02,7.537559679644057553e+01,2.047195035461194801e-01,9.740208942564383410e-01,-9.681540383491919755e-02,1.036127965687752450e+01,9.111453391242312072e-02,7.951771420986027128e-02,9.926606040519392327e-01,5.969224787083321715e+00,0.000000000000000000e+00,0.000000000000000000e+00,0.000000000000000000e+00,1.000000000000000056e-01
9.750723442232653859e-01,-2.102635512086050429e-01,-7.087427293519282800e-02,7.595191716165076912e+01,2.028527390702614397e-01,9.741649549465506430e-01,-9.926432796164727512e-02,1.046264016006673359e+01,8.991490300633322996e-02,8.241286056879326694e-02,9.925338435691904992e-01,6.030965660674740825e+00,0.000000000000000000e+00,0.000000000000000000e+00,0.000000000000000000e+00,1.000000000000000056e-01
9.756747327778917400e-01,-2.089580080119672056e-01,-6.629756184400983909e-02,7.653749773710229931e+01,2.015685083608634021e-01,9.739954330358482348e-01,-1.034554631833768251e-01,1.057121060328386974e+01,8.619136996223111802e-02,8.757538074699504349e-02,9.924220878391676326e-01,6.100944759613361690e+00,0.000000000000000000e+00,0.000000000000000000e+00,0.000000000000000000e+00,1.000000000000000056e-01
9.771921710728710408e-01,-2.027999537967518084e-01,-6.298920172477262547e-02,7.710252231613063145e+01,1.956560100446547712e-01,9.751242042982537495e-01,-1.041705904999270238e-01,1.066089256335739144e+01,8.254808615161665641e-02,8.947046960719978737e-02,9.925627680610291659e-01,6.179610547396753972e+00,0.000000000000000000e+00,0.000000000000000000e+00,0.000000000000000000e+00,1.000000000000000056e-01
9.790682560624700548e-01,-1.940778870270292444e-01,-6.131169332123474758e-02,7.759509108167243596e+01,1.873656784785109053e-01,9.770914402087761408e-01,-1.009277959683399228e-01,1.078611625930616746e+01,7.949498411271459231e-02,8.732749416915183693e-02,9.930027473592688558e-01,6.242882058530523359e+00,0.000000000000000000e+00,0.000000000000000000e+00,0.000000000000000000e+00,1.000000000000000056e-01
9.816129996480899012e-01,-1.804032425236174464e-01,-6.237458624186599521e-02,7.809119095510948227e+01,1.737747845156712434e-01,9.797917993669018610e-01,-9.904723196485967773e-02,1.087611714501387006e+01,7.898254989813345561e-02,8.638692019243165987e-02,9.931259018026139529e-01,6.293587635266448821e+00,0.000000000000000000e+00,0.000000000000000000e+00,0.000000000000000000e+00,1.000000000000000056e-01
9.849133198245201282e-01,-1.616259927631899240e-01,-6.182872225394722004e-02,7.855200992939617777e+01,1.558186677048644941e-01,9.837302743552576167e-01,-8.941638614711841515e-02,1.096902524413598634e+01,7.527479808623527280e-02,7.843332059936547473e-02,9.940733971859591067e-01,6.342452470460109737e+00,0.000000000000000000e+00,0.000000000000000000e+00,0.000000000000000000e+00,1.000000000000000056e-01
9.884833257044810528e-01,-1.390556070472938610e-01,-5.970136474920266501e-02,7.902613272255159416e+01,1.332800190117137129e-01,9.868217142730756342e-01,-9.175696579216992277e-02,1.102480661376179327e+01,7.167392368529830471e-02,8.274323167399745549e-02,9.939901439529957861e-01,6.396944838761243979e+00,0.000000000000000000e+00,0.000000000000000000e+00,0.000000000000000000e+00,1.000000000000000056e-01
9.913173363955021244e-01,-1.172975918051183536e-01,-5.942401466113399200e-02,7.957418239702403184e+01,1.115798738292849840e-01,9.895056050802045755e-01,-9.180734867699345825e-02,1.114658870929468470e+01,6.956917649338449638e-02,8.437969229369136903e-02,9.940021112706221018e-01,6.461396386967089178e+00,0.000000000000000000e+00,0.000000000000000000e+00,0.000000000000000000e+00,1.000000000000000056e-01
9.943427847407803055e-01,-8.898120867904993347e-02,-5.800664561897798249e-02,8.006216966186555339e+01,8.353856714910179448e-02,9.924028324224983821e-01,-9.032123780417138093e-02,1.123654857298524057e+01,6.560285232080492746e-02,8.496447905929886690e-02,9.942219586518679098e-01,6.508175765936676349e+00,0.000000000000000000e+00,0.000000000000000000e+00,0.000000000000000000e+00,1.000000000000000056e-01
9.965727367264456404e-01,-5.791040083123739218e-02,-5.906916191320133597e-02,8.053108165826343168e+01,5.230736721985101284e-02,9.943515040109799363e-01,-9.235272494967172729e-02,1.125263623943236801e+01,6.408369330875235415e-02,8.894645550367638598e-02,9.939727402224078912e-01,6.539082479151103300e+00,0.000000000000000000e+00,0.000000000000000000e+00,0.000000000000000000e+00,1.000000000000000056e-01
