1.000000000000000000e+00,3.847731782258516356e-12,4.175727713038100186e-13,-9.639145213698070655e-18,-3.847731782258503432e-12,1.000000000000000000e+00,-3.090370929410761051e-14,2.116857843923106436e-18,-4.175727713039289662e-13,3.090370929250089648e-14,1.000000000000000000e+00,-5.165537610552461361e-19,0.000000000000000000e+00,0.000000000000000000e+00,0.000000000000000000e+00,1.000000000000000056e-01
9.999900674055159921e-01,-4.366484478684206326e-03,-8.938140796834560592e-04,6.405741375062627974e-01,4.365044510905950574e-03,9.999891823958259041e-01,-1.606697776648968257e-03,6.200157621330270631e-03,9.008200316602108957e-04,1.602780279729201654e-03,9.999983098078943922e-01,8.260396032559425353e-03,0.000000000000000000e+00,0.000000000000000000e+00,0.000000000000000000e+00,1.000000000000000056e-01
9.999653487018713705e-01,-8.223232398038833255e-03,-1.296088142347728801e-03,1.303272141675848372e+00,8.223849744269555798e-03,9.999660723182103306e-01,4.717074044396897211e-04,1.332100957863590826e-02,1.292165209471080522e-03,-4.823498933037861122e-04,9.999990488233735375e-01,1.327714183146467067e-02,0.000000000000000000e+00,0.000000000000000000e+00,0.000000000000000000e+00,1.000000000000000056e-01
9.998912740887084816e-01,-1.461716940522305927e-02,-1.943800359696562768e-03,2.028797105409716028e+00,1.462108255108980973e-02,9.998910771284892363e-01,2.014404096469600992e-03,1.723629510475747223e-02,1.914143749451069441e-03,-2.042605544070464751e-03,9.999960819004731771e-01,1.874030023265603126e-02,0.000000000000000000e+00,0.000000000000000000e+00,0.000000000000000000e+00,1.000000000000000056e-01
9.997765459923867448e-01,-2.109305115192935259e-02,-1.393297037659606274e-03,2.746017152838372777e+00,2.109854141031055480e-02,9.997691942583976088e-01,4.050896477560747902e-03,3.270900025652366538e-02,1.307529690091197710e-03,-4.079387823754334133e-03,9.999908244384509981e-01,2.467110701236519335e-02,0.000000000000000000e+00,0.000000000000000000e+00,0.000000000000000000e+00,1.000000000000000056e-01
9.996605041138461045e-01,-2.600516501577296649e-02,-1.614901654424308764e-03,3.443753851991758097e+00,2.600853948030946647e-02,9.996595045271983171e-01,2.104966160686540678e-03,4.461702019122225360e-02,1.559611795360685543e-03,-2.146252766770405818e-03,9.999964805988613703e-01,3.044250211980012444e-02,0.000000000000000000e+00,0.000000000000000000e+00,0.000000000000000000e+00,1.000000000000000056e-01
9.994562328839650123e-01,-3.293735316676198177e-02,-1.539258185451240898e-03,4.182210400501698011e+00,3.294356785915553143e-02,9.994483741223293416e-01,4.203427285164171821e-03,7.596702797393276030e-02,1.399959321801473805e-03,-4.251850256117029221e-03,9.999899808914571864e-01,4.419962252290153548e-02,0.000000000000000000e+00,0.000000000000000000e+00,0.000000000000000000e+00,1.000000000000000056e-01
9.993148989053241005e-01,-3.693077207747547108e-02,-2.418863287454142783e-03,4.952767034463412266e+00,3.694541439010264050e-02,9.992973145423658110e-01,6.317713507235638015e-03,1.083105746650220580e-01,2.183845549811536373e-03,-6.402751141303982332e-03,9.999771175364149389e-01,5.218819511499832309e-02,0.000000000000000000e+00,0.000000000000000000e+00,0.000000000000000000e+00,1.000000000000000056e-01
9.990917446338718477e-01,-4.259489048788691473e-02,-1.166665663788550925e-03,5.738767421426318904e+00,4.260112246713929768e-02,9.990743011086137271e-01,5.973711482380197023e-03,1.521301407291444918e-01,9.111360962787464759e-04,-6.017987093691885662e-03,9.999814766596200055e-01,5.471398793609044686e-02,0.000000000000000000e+00,0.000000000000000000e+00,0.000000000000000000e+00,1.000000000000000056e-01
9.987879652000682951e-01,-4.915430971159265305e-02,2.540552751676582698e-03,6.547666869447639648e+00,4.914189870456538156e-02,9.987805771497172413e-01,4.736296041007790995e-03,1.913992343750763048e-01,-2.770264106084326799e-03,-4.605707899406814333e-03,9.999855564414557030e-01,5.671335963894860027e-02,0.000000000000000000e+00,0.000000000000000000e+00,0.000000000000000000e+00,1.000000000000000056e-01
9.986960347176486730e-01,-5.086271892546634366e-02,4.383384851231929280e-03,7.372674899117305891e+00,5.083736506056517335e-02,9.986906018481267466e-01,5.713501021721467676e-03,2.475834494559845389e-01,-4.668249451756961016e-03,-5.483211078865435004e-03,9.999740705854931466e-01,6.644284253451722411e-02,0.000000000000000000e+00,0.000000000000000000e+00,0.000000000000000000e+00,1.000000000000000056e-01
9.985059129186278915e-01,-5.450212064905316650e-02,3.932011100373028478e-03,8.190229172941931424e+00,5.447957655031292895e-02,9.984990167555811702e-01,5.629322964286575907e-03,2.957361798590648072e-01,-4.232919256966531305e-03,-5.406697965829311732e-03,9.999764247279384621e-01,7.120574575220106617e-02,0.000000000000000000e+00,0.000000000000000000e+00,0.000000000000000000e+00,1.000000000000000056e-01
9.983556260401589277e-01,-5.716264518687398655e-02,4.298365875750683948e-03,9.024118212827486829e+00,5.713609789476739587e-02,9.983479806672701518e-01,6.064306633372529114e-03,3.560862486589072562e-01,-4.637916700612677856e-03,-5.808742791995701212e-03,9.999723737363220843e-01,7.482396328004718711e-02,0.000000000000000000e+00,0.000000000000000000e+00,0.000000000000000000e+00,1.000000000000000056e-01
9.982730915607160860e-01,-5.851476838088937038e-02,5.182330280977495360e-03,9.806386532049845783e+00,5.849138730990838253e-02,9.982775260263844208e-01,4.553969829034451057e-03,4.254149418573435759e-01,-5.439878341705341527e-03,-4.242983852471926033e-03,9.999762021226580311e-01,8.522040596284255476e-02,0.000000000000000000e+00,0.000000000000000000e+00,0.000000000000000000e+00,1.000000000000000056e-01
9.981551987658122682e-01,-6.044944088135958959e-02,5.662532464614784648e-03,1.058252455666758252e+01,6.041862252412144585e-02,9.981581701987776167e-01,5.464185000155407680e-03,4.466541912976931816e-01,-5.982409971702773964e-03,-5.111982253413146528e-03,9.999690387248854062e-01,8.813231114900189900e-02,0.000000000000000000e+00,0.000000000000000000e+00,0.000000000000000000e+00,1.000000000000000056e-01
9.980542550855812101e-01,-6.201420122532097512e-02,6.476322409432295861e-03,1.138480725953243855e+01,6.198820701997845295e-02,9.980682940997556152e-01,4.140350619454985677e-03,5.117437003816326380e-01,-6.720572595680374996e-03,-3.730838939049256099e-03,9.999704569360021722e-01,1.019444382505947655e-01,0.000000000000000000e+00,0.000000000000000000e+00,0.000000000000000000e+00,1.000000000000000056e-01
9.979146660128163093e-01,-6.430177563146631525e-02,5.621477312050528370e-03,1.224484483254763667e+01,6.426354130575427648e-02,9.979102249037120620e-01,6.736489550674054985e-03,5.741981040402726055e-01,-6.042897928390618921e-03,-6.361185680617406288e-03,9.999615086098883054e-01,9.493167338340631478e-02,0.000000000000000000e+00,0.000000000000000000e+00,0.000000000000000000e+00,1.000000000000000056e-01
9.978034485123997710e-01,-6.616061296042030637e-02,3.324369032499828545e-03,1.312268934889288907e+01,6.614057524499636354e-02,9.977933771504591265e-01,5.813847344273728908e-03,6.564037823296026142e-01,-3.701681107787870278e-03,-5.581201249104792393e-03,9.999775736233253998e-01,9.443589054493903290e-02,0.000000000000000000e+00,0.000000000000000000e+00,0.000000000000000000e+00,1.000000000000000056e-01
9.980862966166078598e-01,-6.183028136113028622e-02,8.722459218641581517e-04,1.399831260752668882e+01,6.181907801807904473e-02,9.980410701664101936e-01,9.613732578003622228e-03,7.272119406005626008e-01,-1.464957043534219870e-03,-9.541413306747398640e-03,9.999534065810118388e-01,1.023755754578062060e-01,0.000000000000000000e+00,0.000000000000000000e+00,0.000000000000000000e+00,1.000000000000000056e-01
9.970508690608688163e-01,-7.672566150613696623e-02,1.654500351130900552e-03,1.495545131101644287e+01,7.670513238972995196e-02,9.970024159182447887e-01,1.012449101225386047e-02,8.240985971405940802e-01,-2.426349117543207760e-03,-9.967723894094317194e-03,9.999473772705895769e-01,1.032832526734164119e-01,0.000000000000000000e+00,0.000000000000000000e+00,0.000000000000000000e+00,1.000000000000000056e-01
9.965741708898118167e-01,-8.263977196067907871e-02,3.254228875022401393e-03,1.593354627186898576e+01,8.260412624118161629e-02,9.965334446022291459e-01,9.881908578142646615e-03,9.264865052811118717e-01,-4.059586581784097037e-03,-9.579242115261378532e-03,9.999458774740171974e-01,1.100512671156253092e-01,0.000000000000000000e+00,0.000000000000000000e+00,0.000000000000000000e+00,1.000000000000000056e-01
9.964387432997793281e-01,-8.421269938016033574e-02,4.248777972936946742e-03,1.686003677052115179e+01,8.416857718686902856e-02,9.964045984170821768e-01,9.670928995253364607e-03,1.016124564658700491e+00,-5.047916946091730514e-03,-9.278874737806648565e-03,9.999442089527322830e-01,1.162782248481348119e-01,0.000000000000000000e+00,0.000000000000000000e+00,0.000000000000000000e+00,1.000000000000000056e-01
9.962433461766229126e-01,-8.649551726999060719e-02,4.209595111438412321e-03,1.775125438645577347e+01,8.645627479285603045e-02,9.962172179635585545e-01,8.750267532471565912e-03,1.088329345029023232e+00,-4.950530047142104317e-03,-8.353449894768952277e-03,9.999528549522261889e-01,1.252198002681501610e-01,0.000000000000000000e+00,0.000000000000000000e+00,0.000000000000000000e+00,1.000000000000000056e-01
9.960700142918536004e-01,-8.846420552245644331e-02,4.314043336273366835e-03,1.866424463930151489e+01,8.842346597638402195e-02,9.960435382632961687e-01,8.863438873082617880e-03,1.170826887011791939e+00,-5.081072066987029484e-03,-8.447143020820759018e-03,9.999514130603726070e-01,1.302145848449537680e-01,0.000000000000000000e+00,0.000000000000000000e+00,0.000000000000000000e+00,1.000000000000000056e-01
9.957843547595898182e-01,-9.165136240863316908e-02,3.680568525203889874e-03,1.959211830641479679e+01,9.162696542294768154e-02,9.957733103727691715e-01,6.325626975935434021e-03,1.252024585866041484e+00,-4.244764234829383198e-03,-5.961721051686075246e-03,9.999732195707505822e-01,1.400033941509594704e-01,0.000000000000000000e+00,0.000000000000000000e+00,0.000000000000000000e+00,1.000000000000000056e-01
9.956884402009370527e-01,-9.259291365132764351e-02,5.575158453611468029e-03,2.051898520328249020e+01,9.256820087296492583e-02,9.956960001523377235e-01,4.539104292516709174e-03,1.341310268512384551e+00,-5.971451864287801933e-03,-4.003451285292823972e-03,9.999741567362822048e-01,1.525415337298100249e-01,0.000000000000000000e+00,0.000000000000000000e+00,0.000000000000000000e+00,1.000000000000000056e-01
9.958847136740531791e-01,-9.037128426732829456e-02,6.831401775836148764e-03,2.144373779700118732e+01,9.034143127953489505e-02,9.959004142485047284e-01,4.559681350910131138e-03,1.432855692640186085e+00,-7.215460117984725218e-03,-3.923758342521461127e-03,9.999662700590231657e-01,1.531066449570770427e-01,0.000000000000000000e+00,0.000000000000000000e+00,0.000000000000000000e+00,1.000000000000000056e-01
9.958870092917905259e-01,-8.991155839503746361e-02,1.117928400341017085e-02,2.240011513943693089e+01,8.989131855469580101e-02,9.959489225548913138e-01,2.300980280068237478e-03,1.524698548204283854e+00,-1.134088058094867742e-02,-1.286595789992584990e-03,9.999348624280093301e-01,1.567711476311315355e-01,0.000000000000000000e+00,0.000000000000000000e+00,0.000000000000000000e+00,1.000000000000000056e-01
9.961264860562868417e-01,-8.679447833151696101e-02,1.409759938124285211e-02,2.336639515985917015e+01,8.676451720021299829e-02,9.962251234928368726e-01,2.724312150939699109e-03,1.620170819009739915e+00,-1.428083793648422459e-02,-1.490588085840449922e-03,9.998969125939884961e-01,1.551539788447794666e-01,0.000000000000000000e+00,0.000000000000000000e+00,0.000000000000000000e+00,1.000000000000000056e-01
9.963969377216623791e-01,-8.358302259297473169e-02,1.438821855255161680e-02,2.428739463134614596e+01,8.358237395363815603e-02,9.965006610926564479e-01,6.474613292700491605e-04,1.691876357351580484e+00,-1.439198607447576481e-02,5.574729778081695484e-04,9.998962746008763780e-01,1.507040603528165268e-01,0.000000000000000000e+00,0.000000000000000000e+00,0.000000000000000000e+00,1.000000000000000056e-01
9.964859767207087105e-01,-8.273553611895584359e-02,1.305868531223665190e-02,2.524157133749101689e+01,8.274212723346732745e-02,9.965709905014569214e-01,3.566266702274205162e-05,1.768622409800511219e+00,-1.301685752613806514e-02,1.044966054026273293e-03,9.999147310976522762e-01,1.464551107457061074e-01,0.000000000000000000e+00,0.000000000000000000e+00,0.000000000000000000e+00,1.000000000000000056e-01
9.966934899314010554e-01,-8.076921157284208674e-02,8.855596550522485538e-03,2.618473624017278212e+01,8.077325120662873226e-02,9.967324977706867317e-01,-9.888032585965124887e-05,1.855229194074661470e+00,-8.818674383092004604e-03,8.138487018265175201e-04,9.999607835472427153e-01,1.414065840030679089e-01,0.000000000000000000e+00,0.000000000000000000e+00,0.000000000000000000e+00,1.000000000000000056e-01
9.966935760291063540e-01,-8.087087540594527224e-02,7.862379626297901630e-03,2.712752033755785774e+01,8.088442302764665970e-02,9.967224755707627670e-01,-1.420142096716563249e-03,1.934418865166052326e+00,-7.721762350438470847e-03,2.051390544543334627e-03,9.999680825821577468e-01,1.418565293612757683e-01,0.000000000000000000e+00,0.000000000000000000e+00,0.000000000000000000e+00,1.000000000000000056e-01
9.967982991722195152e-01,-7.947905244682021420e-02,8.731035993857091948e-03,2.808371307260624050e+01,7.950589704148405823e-02,9.968305435234434686e-01,-2.771251411386262478e-03,2.011467365925459383e+00,-8.483106919010420521e-03,3.456547542241532843e-03,9.999580437078792183e-01,1.428630808859001344e-01,0.000000000000000000e+00,0.000000000000000000e+00,0.000000000000000000e+00,1.000000000000000056e-01
9.967921098145304803e-01,-7.919522968879109948e-02,1.155878047358686184e-02,2.909308813172551567e+01,7.926700078138700090e-02,9.968360293529590077e-01,-5.888392900463109564e-03,2.092093698425999460e+00,-1.105587620320281836e-02,6.785733443501215309e-03,9.999158571714987787e-01,1.462544009631259745e-01,0.000000000000000000e+00,0.000000000000000000e+00,0.000000000000000000e+00,1.000000000000000056e-01
9.968645265133264655e-01,-7.752829302718133864e-02,1.582654604305825177e-02,3.004989032155057060e+01,7.767400508329899700e-02,9.969398953795152174e-01,-8.808741964717294037e-03,2.162847715407689719e+00,-1.509518842814414064e-02,1.001043360563554779e-02,9.998359497964383058e-01,1.438019827670231621e-01,0.000000000000000000e+00,0.000000000000000000e+00,0.000000000000000000e+00,1.000000000000000056e-01
9.967990871084632110e-01,-7.826182217367812222e-02,1.632994579874426366e-02,3.097987033707283544e+01,7.852170014818658783e-02,9.967851178505950926e-01,-1.593020519056480983e-02,2.213959041897706204e+00,-1.503072006168094249e-02,1.716146909885064159e-02,9.997397468505473395e-01,1.463414686302799972e-01,0.000000000000000000e+00,0.000000000000000000e+00,0.000000000000000000e+00,1.000000000000000056e-01
9.969318019353732296e-01,-7.726149280867526670e-02,1.255563693584299187e-02,3.193363556591662444e+01,7.749153715919186725e-02,9.968118777157150001e-01,-1.900373946296108826e-02,2.277900474848074897e+00,-1.104735075007893391e-02,1.991838783249135977e-02,9.997405732826687430e-01,1.464804359328491234e-01,0.000000000000000000e+00,0.000000000000000000e+00,0.000000000000000000e+00,1.000000000000000056e-01
9.968252522518269432e-01,-7.911083950409338039e-02,8.993972761755786305e-03,3.293548603566235755e+01,7.926582554594595320e-02,9.966831842242231954e-01,-1.842713176766150665e-02,2.354004330057941630e+00,-7.506355547220438379e-03,1.908154494847516189e-02,9.997897525323902190e-01,1.400970613897804251e-01,0.000000000000000000e+00,0.000000000000000000e+00,0.000000000000000000e+00,1.000000000000000056e-01
9.967801010611078150e-01,-7.984841030394380923e-02,7.325401049819072960e-03,3.390808023479576860e+01,7.997062619704546627e-02,9.966298029405941117e-01,-1.826841088450040576e-02,2.435371143990610943e+00,-5.842009436835382541e-03,1.879540535677668225e-02,9.998062830684824043e-01,1.401418062844676515e-01,0.000000000000000000e+00,0.000000000000000000e+00,0.000000000000000000e+00,1.000000000000000056e-01
9.966757674553535784e-01,-8.102084983427311482e-02,8.546137104807179086e-03,3.487658874830625422e+01,8.116839947438590774e-02,9.965263886375964608e-01,-1.862384696234011330e-02,2.515166883664430753e+00,-7.007531237783019840e-03,1.925561323464724736e-02,9.997900358899908246e-01,1.494251841634329780e-01,0.000000000000000000e+00,0.000000000000000000e+00,0.000000000000000000e+00,1.000000000000000056e-01
9.966427573959572017e-01,-8.124308013322768807e-02,1.013785286188512158e-02,3.585728493381479609e+01,8.141561933552680930e-02,9.965184345019811873e-01,-1.795846947635927268e-02,2.608865179313430982e+00,-8.643555888399209047e-03,1.872355810701265347e-02,9.997873360437296020e-01,1.444918740990733808e-01,0.000000000000000000e+00,0.000000000000000000e+00,0.000000000000000000e+00,1.000000000000000056e-01
9.966539049388897231e-01,-8.088786777557890884e-02,1.175357889253550100e-02,3.683220963728569330e+01,8.109337079964612505e-02,9.965401728255767200e-01,-1.820849134664383889e-02,2.683693106529283501e+00,-1.024006750044628017e-02,1.910070133503383866e-02,9.997651245298048162e-01,1.550661385844102624e-01,0.000000000000000000e+00,0.000000000000000000e+00,0.000000000000000000e+00,1.000000000000000056e-01
9.965114952375465629e-01,-8.222291339297183033e-02,1.429098921002569175e-02,3.782493507065608185e+01,8.246351475774871265e-02,9.964464895785488663e-01,-1.715115565743208226e-02,2.780881628569810360e+00,-1.282998804472460300e-02,1.826980896886332834e-02,9.997507716861304683e-01,1.558669752454762414e-01,0.000000000000000000e+00,0.000000000000000000e+00,0.000000000000000000e+00,1.000000000000000056e-01
9.966075457018943595e-01,-8.094941301795985367e-02,1.485235274609130081e-02,3.883249710936581778e+01,8.118837148765736811e-02,9.965661337373452611e-01,-1.626005605715488342e-02,2.877923314820953760e+00,-1.348510975960963941e-02,1.741073289231174007e-02,9.997574796894114213e-01,1.651689976356294220e-01,0.000000000000000000e+00,0.000000000000000000e+00,0.000000000000000000e+00,1.000000000000000056e-01
9.966961348864405990e-01,-7.957384958891546012e-02,1.627320386496979021e-02,3.986437136403360881e+01,7.977848157510593341e-02,9.967362704527463757e-01,-1.233697862201357798e-02,2.976353341785576756e+00,-1.523839164743743396e-02,1.359447040344701277e-02,9.997914691546678778e-01,1.636719191119479500e-01,0.000000000000000000e+00,0.000000000000000000e+00,0.000000000000000000e+00,1.000000000000000056e-01
9.964455962234097797e-01,-8.281643736584103077e-02,1.541465111519020430e-02,4.086903812656721158e+01,8.305033210463989846e-02,9.964293190754210938e-01,-1.520705179190527147e-02,3.053072380261926622e+00,-1.410021646225073123e-02,1.643319168397902597e-02,9.997655395675504320e-01,1.760154241042426460e-01,0.000000000000000000e+00,0.000000000000000000e+00,0.000000000000000000e+00,1.000000000000000056e-01
9.965995988374481973e-01,-8.106932763819005294e-02,1.473104590072136719e-02,4.188027342459797353e+01,8.126922687623125419e-02,9.966004986504692909e-01,-1.351883325496945273e-02,3.128878187285263568e+00,-1.358500496786868919e-02,1.467004451008281293e-02,9.998000987367900994e-01,1.965801936728319155e-01,0.000000000000000000e+00,0.000000000000000000e+00,0.000000000000000000e+00,1.000000000000000056e-01
9.967788377381328058e-01,-7.945746193108231548e-02,1.088395061031634074e-02,4.289365623995814047e+01,7.958469547684147993e-02,9.967582305337959747e-01,-1.180280089616200095e-02,3.191649047073356282e+00,-9.910846748669209158e-03,1.263097805423795891e-02,9.998711084485428779e-01,2.025252595146301848e-01,0.000000000000000000e+00,0.000000000000000000e+00,0.000000000000000000e+00,1.000000000000000056e-01
9.969723421780563033e-01,-7.713817643624112930e-02,9.790335443283143535e-03,4.393382813174376622e+01,7.725356996051921388e-02,9.969391065295958310e-01,-1.201265167755730459e-02,3.277990349924823743e+00,-8.833734224881210212e-03,1.273261984284808704e-02,9.998799155556539198e-01,2.094513259660292226e-01,0.000000000000000000e+00,0.000000000000000000e+00,0.000000000000000000e+00,1.000000000000000056e-01
9.969503440242035719e-01,-7.707428800492562015e-02,1.222970476160510460e-02,4.492431127051498407e+01,7.724426436571253662e-02,9.969125708175340383e-01,-1.409431688926374854e-02,3.355905025609437153e+00,-1.110563697507538188e-02,1.499600861925767456e-02,9.998258771170452919e-01,2.190687883425668225e-01,0.000000000000000000e+00,0.000000000000000000e+00,0.000000000000000000e+00,1.000000000000000056e-01
9.968444876120433618e-01,-7.857641991521044367e-02,1.126116116531622122e-02,4.588746360912016797e+01,7.871923461690621959e-02,9.968139373567637129e-01,-1.285520877443949682e-02,3.433677952592005145e+00,-1.021516611764988758e-02,1.370111399173330573e-02,9.998539542636085686e-01,2.204241169282592505e-01,0.000000000000000000e+00,0.000000000000000000e+00,0.000000000000000000e+00,1.000000000000000056e-01
9.965586673332107459e-01,-8.257285587169077568e-02,7.248864479908304764e-03,4.679703346134837005e+01,8.266420590236597810e-02,9.964878278494727626e-01,-1.336555312625658382e-02,3.513065212284530059e+00,-6.119773328019214448e-03,1.391877943759897707e-02,9.998844012951603188e-01,2.332331799558148289e-01,0.000000000000000000e+00,0.000000000000000000e+00,0.000000000000000000e+00,1.000000000000000056e-01
9.967584742681689924e-01,-8.023256311468558721e-02,5.939679338136244491e-03,4.775601831507724881e+01,8.030265040092406104e-02,9.966897455549635909e-01,-1.268997415950723871e-02,3.591711489431010040e+00,-4.901868335528693568e-03,1.312581127511687311e-02,9.999018375646637757e-01,2.338348950872717047e-01,0.000000000000000000e+00,0.000000000000000000e+00,0.000000000000000000e+00,1.000000000000000056e-01
9.967848875229204930e-01,-7.992103650280651950e-02,5.702274128430994370e-03,4.870025569538498900e+01,7.998283813735607151e-02,9.967288793470805430e-01,-1.158821293412043776e-02,3.675662460512585827e+00,-4.757479312850741195e-03,1.200703959475802121e-02,9.999165952171999994e-01,2.443699178911139525e-01,0.000000000000000000e+00,0.000000000000000000e+00,0.000000000000000000e+00,1.000000000000000056e-01
9.970369642110615827e-01,-7.644236291977662967e-02,8.594018154004656393e-03,4.966420072481577819e+01,7.655704240988842058e-02,9.969680662673334748e-01,-1.391740279737391922e-02,3.762764926419471134e+00,-7.504082504926809158e-03,1.453409764708371577e-02,9.998662154265161028e-01,2.444537698609672849e-01,0.000000000000000000e+00,0.000000000000000000e+00,0.000000000000000000e+00,1.000000000000000056e-01
9.972121867481716917e-01,-7.384272574653659438e-02,1.072876764830861529e-02,5.065445224340802355e+01,7.401558856382024765e-02,9.971168556584775189e-01,-1.672330144744793579e-02,3.844937839586824779e+00,-9.462940900211328638e-03,1.747077605811245271e-02,9.998025928819380681e-01,2.647833732197773515e-01,0.000000000000000000e+00,0.000000000000000000e+00,0.000000000000000000e+00,1.000000000000000056e-01
9.973051332778848366e-01,-7.261026574905307673e-02,1.049859254529762927e-02,5.157569177380897685e+01,7.277557743346507735e-02,9.972146535783190657e-01,-1.632942184827120349e-02,3.929484720791883934e+00,-9.283666668187534263e-03,1.704945736746362253e-02,9.998115470110700009e-01,2.670369920593795299e-01,0.000000000000000000e+00,0.000000000000000000e+00,0.000000000000000000e+00,1.000000000000000056e-01
9.972777814915817496e-01,-7.298968496909662151e-02,1.046577428292080891e-02,5.251505430500379390e+01,7.318288097423557292e-02,9.971289020428202310e-01,-1.944784417848872959e-02,4.006978436995829895e+00,-9.016233999840837093e-03,2.016081841076742404e-02,9.997560947178407709e-01,2.782386609964966895e-01,0.000000000000000000e+00,0.000000000000000000e+00,0.000000000000000000e+00,1.000000000000000056e-01
9.973748923061476201e-01,-7.204655773751554582e-02,7.253806964303752963e-03,5.348447318331668754e+01,7.219218022588071160e-02,9.971402164206258911e-01,-2.235347648267270448e-02,4.083663974688557907e+00,-5.622571612216213308e-03,2.281846433926445344e-02,9.997238140474914436e-01,3.003904613134764645e-01,0.000000000000000000e+00,0.000000000000000000e+00,0.000000000000000000e+00,1.000000000000000056e-01
9.972177009225097200e-01,-7.402803458097662048e-02,8.758256841500658071e-03,5.442256303837832121e+01,7.423392292881755838e-02,9.968980998338292654e-01,-2.614389478059755273e-02,4.161713202487971053e+00,-6.795708456249152304e-03,2.672131440963024240e-02,9.996198225839658669e-01,2.992531720776261950e-01,0.000000000000000000e+00,0.000000000000000000e+00,0.000000000000000000e+00,1.000000000000000056e-01
9.971867303920806114e-01,-7.384493544323950109e-02,1.286663278934319088e-02,5.536325248075645078e+01,7.417774115939268498e-02,9.968613558899411808e-01,-2.766043835079416702e-02,4.229572390298821816e+00,-1.078366572377652960e-02,2.853703983688100215e-02,9.995345666413474328e-01,3.102653999928244311e-01,0.000000000000000000e+00,0.000000000000000000e+00,0.000000000000000000e+00,1.000000000000000056e-01
9.969785336306057344e-01,-7.552638691656161918e-02,1.815401771225860425e-02,5.630672871736085483e+01,7.598403294287973953e-02,9.967699826789533368e-01,-2.600054553147753203e-02,4.308206446913322551e+00,-1.613165265874937429e-02,2.730140123746214662e-02,9.994970751697919154e-01,3.301662465910025213e-01,0.000000000000000000e+00,0.000000000000000000e+00,0.000000000000000000e+00,1.000000000000000056e-01
9.969528944525282155e-01,-7.559406693877449013e-02,1.924742285040178039e-02,5.726226415967676076e+01,7.603065480381843155e-02,9.968387417905457681e-01,-2.306214204153913747e-02,4.390337421746388635e+00,-1.744321566766547996e-02,2.445526342318980403e-02,9.995487353391397933e-01,3.247918416220752502e-01,0.000000000000000000e+00,0.000000000000000000e+00,0.000000000000000000e+00,1.000000000000000056e-01
9.970202231289464478e-01,-7.591634780142626771e-02,1.368878403652889694e-02,5.814624551392437724e+01,7.623903734135224763e-02,9.967802615557996848e-01,-2.483383494379201584e-02,4.456317879336289423e+00,-1.175941568147600286e-02,2.580345537412557372e-02,9.995978680617449985e-01,3.344271337161362490e-01,0.000000000000000000e+00,0.000000000000000000e+00,0.000000000000000000e+00,1.000000000000000056e-01
9.970400408870379039e-01,-7.644931543474894897e-02,8.164498608739622146e-03,5.906111668683221438e+01,7.662708899835074527e-02,9.967637440385447301e-01,-2.429666236134970375e-02,4.521382126915773902e+00,-6.280612996570379691e-03,2.485036699569746765e-02,9.996714526085890284e-01,3.401245697509570065e-01,0.000000000000000000e+00,0.000000000000000000e+00,0.000000000000000000e+00,1.000000000000000056e-01
9.971355028981985225e-01,-7.548315409865487269e-02,4.804404986608120688e-03,6.001787886407257133e+01,7.557774338239788003e-02,9.968471185151380753e-01,-2.416251256162709263e-02,4.606333576879459102e+00,-2.965394607980083915e-03,2.445640520160504913e-02,9.996964992833744512e-01,3.493299571086739275e-01,0.000000000000000000e+00,0.000000000000000000e+00,0.000000000000000000e+00,1.000000000000000056e-01
9.969786549898008721e-01,-7.765134600143198951e-02,1.957028076841414721e-03,6.093387890736357804e+01,7.767540338427315894e-02,9.967535016922636215e-01,-2.118935046907107975e-02,4.683934143963345065e+00,-3.052930036823130189e-04,2.127734307606499523e-02,9.997735650975201338e-01,3.523973021397788785e-01,0.000000000000000000e+00,0.000000000000000000e+00,0.000000000000000000e+00,1.000000000000000056e-01
9.967861466471457099e-01,-8.001283320131449828e-02,3.914636053771504594e-03,6.186548408873871807e+01,8.007208639143312268e-02,9.966162725901598352e-01,-1.855980036043278908e-02,4.773144669251260019e+00,-2.416367781967804305e-03,1.881360496010471561e-02,9.998200885335057908e-01,3.720543000811739054e-01,0.000000000000000000e+00,0.000000000000000000e+00,0.000000000000000000e+00,1.000000000000000056e-01
9.965820113133778690e-01,-8.244591862291605899e-02,5.192805504345570505e-03,6.273879099664498682e+01,8.252325064424670398e-02,9.964434240673977206e-01,-1.704158842206436597e-02,4.861056295557489193e+00,-3.769327485015383158e-03,1.741186765581761303e-02,9.998412969241903259e-01,3.841738031709943102e-01,0.000000000000000000e+00,0.000000000000000000e+00,0.000000000000000000e+00,1.000000000000000056e-01
9.965099820886493820e-01,-8.330084979560166414e-02,5.368800705028387195e-03,6.354717506998360221e+01,8.337798939134800913e-02,9.963855019933330892e-01,-1.624937852811340552e-02,4.937091956520923475e+00,-3.995808145539621152e-03,1.664030771423009522e-02,9.998535561153142348e-01,3.963901352766847075e-01,0.000000000000000000e+00,0.000000000000000000e+00,0.000000000000000000e+00,1.000000000000000056e-01
9.963461627231855466e-01,-8.513805540392883897e-02,6.770195626488564704e-03,6.435679845119422282e+01,8.523612214278135368e-02,9.962350235115464692e-01,-1.582976345399111917e-02,5.011613295814056457e+00,-5.396990721155621278e-03,1.634898929554967628e-02,9.998517805355801036e-01,4.044733302004568931e-01,0.000000000000000000e+00,0.000000000000000000e+00,0.000000000000000000e+00,1.000000000000000056e-01
9.963745922031663760e-01,-8.467251876294186463e-02,8.260543463544845269e-03,6.515355329922414285e+01,8.480164520536080663e-02,9.962564476381007283e-01,-1.678605105366581460e-02,5.092216208883918682e+00,-6.808302463754101544e-03,1.742570244929679893e-02,9.998249806399671646e-01,4.239340839788096060e-01,0.000000000000000000e+00,0.000000000000000000e+00,0.000000000000000000e+00,1.000000000000000056e-01
9.963414739964526756e-01,-8.496507714266376965e-02,9.197981339252852412e-03,6.595517966959508271e+01,8.511967278106127854e-02,9.962086125015243709e-01,-1.797336038232184158e-02,5.169420242497492879e+00,-7.636000276395125096e-03,1.869053353783550059e-02,9.997961569519308034e-01,4.335080421772809500e-01,0.000000000000000000e+00,0.000000000000000000e+00,0.000000000000000000e+00,1.000000000000000056e-01
9.962727172399022946e-01,-8.570748645886910877e-02,9.741645052274124431e-03,6.669895048504939439e+01,8.587894577031193744e-02,9.961280378639927324e-01,-1.880794658147653953e-02,5.235592247639847763e+00,-8.091943944538262587e-03,1.957444625358843726e-02,9.997756555833232639e-01,4.423721277652946648e-01,0.000000000000000000e+00,0.000000000000000000e+00,0.000000000000000000e+00,1.000000000000000056e-01
9.960548681189251852e-01,-8.797441128547171807e-02,1.162766767521720285e-02,6.748032271110234603e+01,8.817164759767896764e-02,9.959479415400882552e-01,-1.770475365464478645e-02,5.319299591897254764e+00,-1.002298640632311860e-02,1.866013668319744384e-02,9.997756443535035231e-01,4.462755445076826422e-01,0.000000000000000000e+00,0.000000000000000000e+00,0.000000000000000000e+00,1.000000000000000056e-01
9.961554312891265361e-01,-8.647084658254181044e-02,1.404099015286305700e-02,6.822478946485655626e+01,8.670234160475795426e-02,9.960923974401989511e-01,-1.681189228161457730e-02,5.398479559286448293e+00,-1.253238498555387694e-02,1.796464453128068448e-02,9.997600766551135720e-01,4.560601656997229636e-01,0.000000000000000000e+00,0.000000000000000000e+00,0.000000000000000000e+00,1.000000000000000056e-01
9.959536824252013254e-01,-8.852432735374571315e-02,1.548243941528705883e-02,6.893931724707805131e+01,8.874732945440758081e-02,9.959506115756365796e-01,-1.436282760553146340e-02,5.469171664900065899e+00,-1.414828535166040568e-02,1.567873619531378465e-02,9.997769767567793453e-01,4.716804459686422257e-01,0.000000000000000000e+00,0.000000000000000000e+00,0.000000000000000000e+00,1.000000000000000056e-01
9.956793200251246034e-01,-9.196013390590541958e-02,1.288508619735955971e-02,6.960687562462501887e+01,9.212788905666825789e-02,9.956610980472508921e-01,-1.309312389405057307e-02,5.541339920140432973e+00,-1.162513364515299630e-02,1.422362848750893631e-02,9.998312580932753324e-01,4.785742013956453822e-01,0.000000000000000000e+00,0.000000000000000000e+00,0.000000000000000000e+00,1.000000000000000056e-01
9.958490632504624074e-01,-9.075323844430335796e-02,6.963686886129489412e-03,7.030622731077653498e+01,9.084110668667177979e-02,9.957731430678328222e-01,-1.355510533895092767e-02,5.618822713472238384e+00,-5.704082670977947758e-03,1.413142797741108805e-02,9.998838763497498450e-01,4.826000944641846702e-01,0.000000000000000000e+00,0.000000000000000000e+00,0.000000000000000000e+00,1.000000000000000056e-01
9.959833519628946696e-01,-8.952367543386083315e-02,1.635282718505776198e-03,7.106227301157611009e+01,8.953830593791450854e-02,9.958614205534613850e-01,-1.558598161843689420e-02,5.691080574978914619e+00,-2.332006113306233069e-04,1.566979866030739424e-02,9.998771939730499714e-01,4.960370026655985254e-01,0.000000000000000000e+00,0.000000000000000000e+00,0.000000000000000000e+00,1.000000000000000056e-01
9.958688542129842114e-01,-9.077549759915670702e-02,2.243712134716450805e-03,7.178505789686600735e+01,9.079794536760371626e-02,9.957733206435632756e-01,-1.382848551045640778e-02,5.771598231019464897e+00,-9.789410297004496643e-04,1.397508247262769024e-02,9.999018645568892305e-01,5.073347668032806013e-01,0.000000000000000000e+00,0.000000000000000000e+00,0.000000000000000000e+00,1.000000000000000056e-01
9.959723434080595128e-01,-8.950843454425432000e-02,5.227935701135697638e-03,7.245950472414521926e+01,8.956501297657439020e-02,9.959106615805829454e-01,-1.183480463005455105e-02,5.849314201407411318e+00,-4.147242067245525757e-03,1.225537823008489985e-02,9.999162995409531796e-01,5.172876104154835453e-01,0.000000000000000000e+00,0.000000000000000000e+00,0.000000000000000000e+00,1.000000000000000056e-01
9.958628443059626134e-01,-9.056330798586478825e-02,7.448662799158289882e-03,7.308472992810223445e+01,9.065075414716336488e-02,9.958057202420692589e-01,-1.238581066075864802e-02,5.912665191991997915e+00,-6.295721038031235062e-03,1.300979553378984153e-02,9.998955491033952869e-01,5.300666026879796711e-01,0.000000000000000000e+00,0.000000000000000000e+00,0.000000000000000000e+00,1.000000000000000056e-01
9.958493639769857575e-01,-9.091081955848294427e-02,4.389436619641879506e-03,7.366487559419937270e+01,9.096814374554597349e-02,9.957351822268138974e-01,-1.537022118329720369e-02,5.946238376397490200e+00,-2.973397067763451987e-03,1.570572389094965909e-02,9.998722364117020867e-01,5.396507098916792922e-01,0.000000000000000000e+00,0.000000000000000000e+00,0.000000000000000000e+00,1.000000000000000056e-01
9.958372031240910749e-01,-9.114774115919169195e-02,5.951097082630143423e-04,7.431194837340571269e+01,9.113819239321954702e-02,9.955867626008989557e-01,-2.237918723183934464e-02,5.986740822426922293e+00,1.447329017318839959e-03,2.234026444423200738e-02,9.997493775058213794e-01,5.597939032558914008e-01,0.000000000000000000e+00,0.000000000000000000e+00,0.000000000000000000e+00,1.000000000000000056e-01
9.959897851011633163e-01,-8.938345376550525800e-02,-3.866027300506144453e-03,7.493491177244372636e+01,8.925783727721862959e-02,9.956861225752671185e-01,-2.534134557642210919e-02,6.037720655206172182e+00,6.114446723296906687e-03,2.489464809913711010e-02,9.996713810234281183e-01,5.683192702177518596e-01,0.000000000000000000e+00,0.000000000000000000e+00,0.000000000000000000e+00,1.000000000000000056e-01
9.962907811422170301e-01,-8.592460632929969921e-02,-4.652035918389121373e-03,7.552850009078983362e+01,8.579908368390233575e-02,9.960569386149864535e-01,-2.256307328233128282e-02,6.084859308007857237e+00,6.572415844561079780e-03,2.208024148636053216e-02,9.997345979238040359e-01,5.796481610080010949e-01,0.000000000000000000e+00,0.000000000000000000e+00,0.000000000000000000e+00,1.000000000000000056e-01
9.967151833255852855e-01,-8.096015235281725508e-02,-2.072934937109579840e-03,7.610810426800239270e+01,8.090636287410141181e-02,9.965401089147304381e-01,-1.902555572648290810e-02,6.149004389612816368e+00,3.606074698213401503e-03,1.879534663755635937e-02,9.998168488128438280e-01,5.855742417896763197e-01,0.000000000000000000e+00,0.000000000000000000e+00,0.000000000000000000e+00,1.000000000000000056e-01
9.972514827839653595e-01,-7.407150889708589980e-02,1.700486663102150631e-03,7.666098160825821139e+01,7.409073294116928776e-02,9.970493684928577460e-01,-2.007785048838574976e-02,6.169335806665098509e+00,-2.082724724917007272e-04,2.014865647388337094e-02,9.997969735225620269e-01,5.986337079661975258e-01,0.000000000000000000e+00,0.000000000000000000e+00,0.000000000000000000e+00,1.000000000000000056e-01
9.978266542298431796e-01,-6.560134567256631355e-02,6.199318867858282303e-03,7.724062568224864833e+01,6.572901473204828537e-02,9.975650217672378250e-01,-2.331788946033839377e-02,6.205060502647095078e+00,-4.654538734514745632e-03,2.367468674510490867e-02,9.997088798628779305e-01,6.107393818101263250e-01,0.000000000000000000e+00,0.000000000000000000e+00,0.000000000000000000e+00,1.000000000000000056e-01
9.984096964815973863e-01,-5.555069025656031445e-02,9.602019763789527984e-03,7.777481974481666782e+01,5.578423425762908672e-02,9.981027045188636260e-01,-2.605974751258860120e-02,6.231643792469170329e+00,-8.136164932845930259e-03,2.655394592428026931e-02,9.996142709945851079e-01,6.264034983234197940e-01,0.000000000000000000e+00,0.000000000000000000e+00,0.000000000000000000e+00,1.000000000000000056e-01
9.989971334840904715e-01,-4.376192620108317749e-02,9.466842437750463968e-03,7.825946254438278515e+01,4.397322618621567897e-02,9.987586231300454864e-01,-2.340017312226001442e-02,6.256877317036798836e+00,-8.431053869247823879e-03,2.379299347595368111e-02,9.996813546286171803e-01,6.367559190110367862e-01,0.000000000000000000e+00,0.000000000000000000e+00,0.000000000000000000e+00,1.000000000000000056e-01
9.995895936940527582e-01,-2.723104901383228624e-02,8.894613435372651991e-03,7.875350707708776099e+01,2.740496586362173650e-02,9.994232289591380436e-01,-2.005435770360148445e-02,6.284085930276066101e+00,-8.343382082355769655e-03,2.028988384630470154e-02,9.997593253323178164e-01,6.383120206067952607e-01,0.000000000000000000e+00,0.000000000000000000e+00,0.000000000000000000e+00,1.000000000000000056e-01
9.999154111957333502e-01,-7.968055771347041724e-03,1.028010410902035869e-02,7.923941011006570534e+01,8.122374884956937505e-03,9.998536303493431587e-01,-1.505805111782930819e-02,6.284618580711582858e+00,-1.015861602265854570e-02,1.514027623472051498e-02,9.998337734623893303e-01,6.425306305972681153e-01,0.000000000000000000e+00,0.000000000000000000e+00,0.000000000000000000e+00,1.000000000000000056e-01
9.998542651530614167e-01,1.320285740845544668e-02,1.082280053791283281e-02,7.971615133787271645e+01,-1.303749689813266284e-02,9.997993249258377846e-01,-1.520965326594161948e-02,6.278750052938734783e+00,-1.102143955491452151e-02,1.506633446100877349e-02,9.998257515367596771e-01,6.485838858768211423e-01,0.000000000000000000e+00,0.000000000000000000e+00,0.000000000000000000e+00,1.000000000000000056e-01
9.991636932023491013e-01,3.901801051651154068e-02,1.222738899256069732e-02,8.020472220648822770e+01,-3.880084491242826589e-02,9.990933394109917653e-01,-1.752123222477485268e-02,6.271660817173365210e+00,-1.289994652406317548e-02,1.703214607517777521e-02,9.997717226345972374e-01,6.580996394581414277e-01,0.000000000000000000e+00,0.000000000000000000e+00,0.000000000000000000e+00,1.000000000000000056e-01
9.976334927755454718e-01,6.724334872469280022e-02,1.434385390175913280e-02,8.068341535242953455e+01,-6.697575056985062558e-02,9.975851975022373974e-01,-1.838538985246685950e-02,6.240708327088539953e+00,-1.554551150881847837e-02,1.738119031342198403e-02,9.997280786770059713e-01,6.576744325713733685e-01,0.000000000000000000e+00,0.000000000000000000e+00,0.000000000000000000e+00,1.000000000000000056e-01
9.949437908425267096e-01,9.910624077953805733e-02,1.627286399041966841e-02,8.115631713425071325e+01,-9.878232086164295822e-02,9.949153935507040192e-01,-1.963193217783609779e-02,6.179586956673719378e+00,-1.813576987860964634e-02,1.792519775054011999e-02,9.996748377029973653e-01,6.554189661020569657e-01,0.000000000000000000e+00,0.000000000000000000e+00,0.000000000000000000e+00,1.000000000000000056e-01
