9.999999999999998890e-01,-4.206713347893849760e-09,1.154645431566217241e-08,1.057572714882195466e-14,4.206713365789253803e-09,1.000000000000000000e+00,-1.549861387628667210e-09,5.114023599178101959e-15,-1.154645430914234806e-08,1.549861436201290978e-09,9.999999999999998890e-01,-2.337872514866575975e-14,0.000000000000000000e+00,0.000000000000000000e+00,0.000000000000000000e+00,1.000000000000000056e-01
9.998618484285627384e-01,-1.198239640109317015e-02,1.151981916111918282e-02,6.533610301578487434e-01,1.201431953507555751e-02,9.999241641100045097e-01,-2.705948081149886844e-03,4.050257961022896494e-03,-1.148652180283139639e-02,2.843977038558220122e-03,9.999299833545732819e-01,2.597253313857767788e-03,0.000000000000000000e+00,0.000000000000000000e+00,0.000000000000000000e+00,1.000000000000000056e-01
9.995558327205574800e-01,-1.819350882312547116e-02,2.360367579458066967e-02,1.338633287071750111e+00,1.827352826593430304e-02,9.998279717158677915e-01,-3.178858167317713621e-03,-2.241769698768060568e-03,-2.354178071061995697e-02,3.608768659346021836e-03,9.997163404434962208e-01,-1.359364715772921894e-02,0.000000000000000000e+00,0.000000000000000000e+00,0.000000000000000000e+00,1.000000000000000056e-01
9.991131404401314420e-01,-2.561981434139213101e-02,3.341493248490663703e-02,2.071170120083447586e+00,2.583253529958387876e-02,9.996485778358670249e-01,-5.949869807338629968e-03,1.874714139970191928e-02,-3.325075517719895679e-02,6.807785531369580506e-03,9.994238546964470116e-01,-3.813882969742966866e-02,0.000000000000000000e+00,0.000000000000000000e+00,0.000000000000000000e+00,1.000000000000000056e-01
9.984130517695501972e-01,-3.416325082186340290e-02,4.476885468153030817e-02,2.803982704035670181e+00,3.454063467649300112e-02,9.993737611048223446e-01,-7.683109484223508111e-03,6.729167543714816013e-02,-4.447833868703481713e-02,9.217261441662908533e-03,9.989678270490783829e-01,-8.056256508381708092e-02,0.000000000000000000e+00,0.000000000000000000e+00,0.000000000000000000e+00,1.000000000000000056e-01
9.976342100777112476e-01,-4.293637957926194071e-02,5.368845491580643420e-02,3.555646595498718643e+00,4.344814013921506624e-02,9.990203618147261988e-01,-8.400940305511618578e-03,9.316493720041287008e-02,-5.327515369348239521e-02,1.071372895863897945e-02,9.985223953476140002e-01,-1.174532985310508815e-01,0.000000000000000000e+00,0.000000000000000000e+00,0.000000000000000000e+00,1.000000000000000056e-01
9.965825003342348998e-01,-5.186840233510532638e-02,6.428832605355690177e-02,4.315029479355979802e+00,5.255717563327030883e-02,9.985767424248033208e-01,-9.068229028950573409e-03,1.476533505550666758e-01,-6.372647265476398537e-02,1.241605120284079190e-02,9.978901634726690117e-01,-1.517919601591498358e-01,0.000000000000000000e+00,0.000000000000000000e+00,0.000000000000000000e+00,1.000000000000000056e-01
9.952332085800462691e-01,-6.137817309172918789e-02,7.578641307904601665e-02,5.119762856157011655e+00,6.211961064854382153e-02,9.980408111908563029e-01,-7.462785697765981704e-03,2.146843769150526826e-01,-7.517988103435244152e-02,1.213503462785296520e-02,9.970961470300853113e-01,-2.058609577062605611e-01,0.000000000000000000e+00,0.000000000000000000e+00,0.000000000000000000e+00,1.000000000000000056e-01
9.939472875128746443e-01,-6.586809552982925142e-02,8.792146289201661913e-02,5.895398363350248694e+00,6.661787411816175175e-02,9.977627470536352128e-01,-5.617778917008410533e-03,2.812316855726239018e-01,-8.735472794174177491e-02,1.144091706363251776e-02,9.961115685117643004e-01,-2.588038796844774891e-01,0.000000000000000000e+00,0.000000000000000000e+00,0.000000000000000000e+00,1.000000000000000056e-01
9.922356163705663423e-01,-7.425089145338874264e-02,9.977618315058657539e-02,6.699808909812423607e+00,7.537395066623707451e-02,9.971269180148616407e-01,-7.528408274459314105e-03,3.400336794109782290e-01,-9.893052697062708345e-02,1.499047993095515771e-02,9.949814251254912589e-01,-3.281730666227361537e-01,0.000000000000000000e+00,0.000000000000000000e+00,0.000000000000000000e+00,1.000000000000000056e-01
9.904384241170315351e-01,-8.187301614995652621e-02,1.110339464266675569e-01,7.532548187793825178e+00,8.355706959240537246e-02,9.964467033292601084e-01,-1.059167339844466205e-02,4.064622212790932054e-01,-1.097722376272846356e-01,1.976807149821028370e-02,9.937601718702256948e-01,-4.049690881418457900e-01,0.000000000000000000e+00,0.000000000000000000e+00,0.000000000000000000e+00,1.000000000000000056e-01
9.886161144044995908e-01,-8.833708293616429619e-02,1.217979397119616919e-01,8.371903408740401176e+00,9.036970644900677030e-02,9.958446781304535200e-01,-1.125580719334593437e-02,4.960138662196466597e-01,-1.202975248958588067e-01,2.213451642983567391e-02,9.924910924972312198e-01,-5.005607913931928721e-01,0.000000000000000000e+00,0.000000000000000000e+00,0.000000000000000000e+00,1.000000000000000056e-01
9.868596666045719168e-01,-9.499546854491817960e-02,1.307052385524186677e-01,9.221281773612528099e+00,9.734986260340573738e-02,9.951811142041532277e-01,-1.172834952063396032e-02,6.063228882164638511e-01,-1.289612448769444364e-01,2.429837211237804995e-02,9.913518983854709976e-01,-6.005098187583467473e-01,0.000000000000000000e+00,0.000000000000000000e+00,0.000000000000000000e+00,1.000000000000000056e-01
9.850361325052836570e-01,-1.000248462790825771e-01,1.403525838233100065e-01,1.000288916360843317e+01,1.031393116356463940e-01,9.945526598147005348e-01,-1.507611524330751580e-02,7.058674852233464136e-01,-1.380800494436411063e-01,2.932638713429214228e-02,9.899867993884016171e-01,-6.951274400355527128e-01,0.000000000000000000e+00,0.000000000000000000e+00,0.000000000000000000e+00,1.000000000000000056e-01
9.827476191012960438e-01,-1.073611854199559845e-01,1.506011056266045589e-01,1.083221653466881840e+01,1.109385738368034446e-01,9.937058826784238574e-01,-1.553227495734529028e-02,8.104090764486132636e-01,-1.479856411473423616e-01,3.197177811001906955e-02,9.884725870850914475e-01,-8.178625414163867013e-01,0.000000000000000000e+00,0.000000000000000000e+00,0.000000000000000000e+00,1.000000000000000056e-01
9.807881949182096770e-01,-1.122845248210468383e-01,1.595202250336668071e-01,1.163961008124574725e+01,1.164045166279542298e-01,9.930616108339153092e-01,-1.669208185223195265e-02,9.186741813726782002e-01,-1.565391491534699475e-01,3.494027151670404951e-02,9.870535305689589478e-01,-9.178896138452339315e-01,0.000000000000000000e+00,0.000000000000000000e+00,0.000000000000000000e+00,1.000000000000000056e-01
9.788775176894529695e-01,-1.177436395726703111e-01,1.671383878775782317e-01,1.250314260266798350e+01,1.218735382540717394e-01,9.924377378861672927e-01,-1.463479049458590517e-02,1.050997959064897014e+00,-1.641512900819485088e-01,3.469541409996736159e-02,9.858248232849808890e-01,-1.052960391439509147e+00,0.000000000000000000e+00,0.000000000000000000e+00,0.000000000000000000e+00,1.000000000000000056e-01
9.768934746601544150e-01,-1.251102249333513605e-01,1.732817670256640297e-01,1.340735983232473494e+01,1.294607866806508911e-01,9.914858330430976752e-01,-1.399098234083584469e-02,1.177276615098613144e+00,-1.700560021829199686e-01,3.610089322940372020e-02,9.847729086594543269e-01,-1.203674006732045054e+00,0.000000000000000000e+00,0.000000000000000000e+00,0.000000000000000000e+00,1.000000000000000056e-01
9.759095426530535189e-01,-1.234780775623767202e-01,1.798714233006665220e-01,1.427672181370889071e+01,1.275723557245258544e-01,9.917645540913433422e-01,-1.132975299351114337e-02,1.307409298369276662e+00,-1.769911258046654723e-01,3.400343526025892404e-02,9.836248816377605175e-01,-1.346067553678713447e+00,0.000000000000000000e+00,0.000000000000000000e+00,0.000000000000000000e+00,1.000000000000000056e-01
9.713427337597946298e-01,-1.448004405199089240e-01,1.884837552610010847e-01,1.524933461067130658e+01,1.493183707875587740e-01,9.887394269844649308e-01,-9.918148606517972893e-03,1.541146958005217726e+00,-1.849251678852766312e-01,3.777800883678471278e-02,9.820262238509367414e-01,-1.519681023343361526e+00,0.000000000000000000e+00,0.000000000000000000e+00,0.000000000000000000e+00,1.000000000000000056e-01
9.695995958395051684e-01,-1.466823072195052591e-01,1.958594508739134876e-01,1.617257483701653697e+01,1.516509423691965730e-01,9.883779804754724285e-01,-1.053372629990596138e-02,1.704353295383418399e+00,-1.920380572345046222e-01,3.991576706001512265e-02,9.805754005244102789e-01,-1.691865702448043907e+00,0.000000000000000000e+00,0.000000000000000000e+00,0.000000000000000000e+00,1.000000000000000056e-01
9.663186584083879316e-01,-1.542535212912448939e-01,2.059953921355154594e-01,1.705511067294225924e+01,1.604965210609690385e-01,9.869393063111607800e-01,-1.384457963864517069e-02,1.863829466083720909e+00,-2.011693742574630905e-01,4.643981941498401267e-02,9.784550199337547216e-01,-1.861568460915591361e+00,0.000000000000000000e+00,0.000000000000000000e+00,0.000000000000000000e+00,1.000000000000000056e-01
9.635768884021835845e-01,-1.610717030069128697e-01,2.134841601328273941e-01,1.788259350891555499e+01,1.681528932203991133e-01,9.856419726391679736e-01,-1.531359766934895297e-02,2.002087955926042273e+00,-2.079523614647713070e-01,5.065380797553610537e-02,9.768264979507889079e-01,-2.025456994223135077e+00,0.000000000000000000e+00,0.000000000000000000e+00,0.000000000000000000e+00,1.000000000000000056e-01
9.610323954373241051e-01,-1.657360821254260930e-01,2.212425953601899198e-01,1.875516865062930094e+01,1.742997573571758718e-01,9.844971347808143536e-01,-1.962106504746100738e-02,2.146238005584492736e+00,-2.145607827754837382e-01,5.741900983194594271e-02,9.750213986393788668e-01,-2.212101922875942428e+00,0.000000000000000000e+00,0.000000000000000000e+00,0.000000000000000000e+00,1.000000000000000056e-01
9.576677657752767914e-01,-1.716635590329875227e-01,2.310932125682572391e-01,1.965557803543886095e+01,1.811642913995276660e-01,9.832417694325055191e-01,-2.037455189550456749e-02,2.318267146059028061e+00,-2.237229311373707674e-01,6.137788969460902799e-02,9.727182555806895836e-01,-2.407409514275663742e+00,0.000000000000000000e+00,0.000000000000000000e+00,0.000000000000000000e+00,1.000000000000000056e-01
9.547850398325911092e-01,-1.752055971428658765e-01,2.401843592778037939e-01,2.055113229575157163e+01,1.857815969881302931e-01,9.823461520315770468e-01,-2.193708752988024480e-02,2.475490623131757495e+00,-2.321006805944723639e-01,6.556703682922897236e-02,9.704793855353225362e-01,-2.614923880458610128e+00,0.000000000000000000e+00,0.000000000000000000e+00,0.000000000000000000e+00,1.000000000000000056e-01
9.526694257475738503e-01,-1.744903342982115635e-01,2.489459549426063234e-01,2.142962160899534751e+01,1.869377980347529944e-01,9.819985252221717920e-01,-2.707685593634421781e-02,2.664645089770290021e+00,-2.397399109695874386e-01,7.233270144255649070e-02,9.681388099804264513e-01,-2.820866242037050498e+00,0.000000000000000000e+00,0.000000000000000000e+00,0.000000000000000000e+00,1.000000000000000056e-01
9.496226717738345258e-01,-1.768510399581398052e-01,2.587286047557337820e-01,2.233165172467822046e+01,1.906560822271070876e-01,9.812264664297813965e-01,-2.906681763688147638e-02,2.872226073165250693e+00,-2.487308576814201144e-01,7.693069116711205579e-02,9.655126250824561662e-01,-3.041101097217079552e+00,0.000000000000000000e+00,0.000000000000000000e+00,0.000000000000000000e+00,1.000000000000000056e-01
9.478495365816823615e-01,-1.738209759291215462e-01,2.671470088339709115e-01,2.324637322244258186e+01,1.882937396073626202e-01,9.816743522764096452e-01,-2.934167185704269001e-02,3.071831216371686324e+00,-2.571511688220854408e-01,7.811359939049922207e-02,9.632089814592137422e-01,-3.267090424835362050e+00,0.000000000000000000e+00,0.000000000000000000e+00,0.000000000000000000e+00,1.000000000000000056e-01
9.475004880800873552e-01,-1.672691869923124963e-01,2.725139339023364693e-01,2.412373663999304085e+01,1.824237232575011969e-01,9.827290609505664465e-01,-3.106731330656787790e-02,3.254198056539058470e+00,-2.626107581209627950e-01,7.914930098332285946e-02,9.616501327785405007e-01,-3.497998768764100319e+00,0.000000000000000000e+00,0.000000000000000000e+00,0.000000000000000000e+00,1.000000000000000056e-01
9.459682095081772824e-01,-1.701055126981977639e-01,2.760584379249736431e-01,2.502170615230485140e+01,1.864498807634578370e-01,9.818801829042826945e-01,-3.387843537037592279e-02,3.426138563604290255e+00,-2.652934009039531471e-01,8.351898568311076632e-02,9.605435911333117804e-01,-3.727140027712392278e+00,0.000000000000000000e+00,0.000000000000000000e+00,0.000000000000000000e+00,1.000000000000000056e-01
9.463204752105347506e-01,-1.693508486487976250e-01,2.753140901937996543e-01,2.589146444815123260e+01,1.861105936380470505e-01,9.818787492721925414e-01,-3.573469831086460713e-02,3.608510422856309408e+00,-2.642733530513459717e-01,8.505534544992937596e-02,9.606899515855216176e-01,-3.969243738791637277e+00,0.000000000000000000e+00,0.000000000000000000e+00,0.000000000000000000e+00,1.000000000000000056e-01
9.441502241236716664e-01,-1.698388444894892990e-01,2.823740802370067748e-01,2.678183620584131930e+01,1.885054074285833214e-01,9.812532282834222075e-01,-4.009754797423369793e-02,3.789153545908572784e+00,-2.702703566013193170e-01,9.108714994903086004e-02,9.584659959835604148e-01,-4.207946390550270088e+00,0.000000000000000000e+00,0.000000000000000000e+00,0.000000000000000000e+00,1.000000000000000056e-01
9.422762948629540558e-01,-1.706330714200841592e-01,2.880967529790845472e-01,2.769197886168250733e+01,1.910142676718136201e-01,9.806023551903373381e-01,-4.396101160078318831e-02,3.952177221229848492e+00,-2.750071520618035947e-01,9.645400941854054278e-02,9.565917051605371535e-01,-4.461446160850019105e+00,0.000000000000000000e+00,0.000000000000000000e+00,0.000000000000000000e+00,1.000000000000000056e-01
9.387574363539562539e-01,-1.711764253297657357e-01,2.990536859854278640e-01,2.863274976520334647e+01,1.938801399343145770e-01,9.798629137256638089e-01,-4.774056602201969673e-02,4.140162030889763756e+00,-2.848595566752120667e-01,1.027973818556452978e-01,9.530413061638127736e-01,-4.729227985200274098e+00,0.000000000000000000e+00,0.000000000000000000e+00,0.000000000000000000e+00,1.000000000000000056e-01
9.354769754276900384e-01,-1.723190984741855836e-01,3.085270761954367891e-01,2.953891186187224704e+01,1.977044856814104135e-01,9.788413185160734775e-01,-5.275044556365156290e-02,4.318850030069535606e+00,-2.929091408374104311e-01,1.103440141863559348e-01,9.497517748059918219e-01,-4.997399186117331915e+00,0.000000000000000000e+00,0.000000000000000000e+00,0.000000000000000000e+00,1.000000000000000056e-01
9.323133346718839309e-01,-1.715385393429889882e-01,3.183808654945607386e-01,3.041771591640722860e+01,1.999824907044579214e-01,9.780422683961026431e-01,-5.865428068135643269e-02,4.492870367125915365e+00,-3.013284742679210315e-01,1.183547664890593348e-01,9.461465530480397401e-01,-5.252904907416964697e+00,0.000000000000000000e+00,0.000000000000000000e+00,0.000000000000000000e+00,1.000000000000000056e-01
9.316746246699084688e-01,-1.748462050163438197e-01,3.184512495462498149e-01,3.133029809507864982e+01,2.049279979087349213e-01,9.767299055868995383e-01,-6.327090330731757750e-02,4.671375316627612406e+00,-2.999781815720982125e-01,1.242074720924190578e-01,9.458253509274892057e-01,-5.534678918352533117e+00,0.000000000000000000e+00,0.000000000000000000e+00,0.000000000000000000e+00,1.000000000000000056e-01
9.306169884492019317e-01,-1.795447884786297854e-01,3.189289728762534915e-01,3.227391606405954150e+01,2.102750217769295549e-01,9.755194765263465184e-01,-6.439073019056859581e-02,4.871715039804557001e+00,-2.995604046372780105e-01,1.269859041308400160e-01,9.455887817257686567e-01,-5.836507955721115692e+00,0.000000000000000000e+00,0.000000000000000000e+00,0.000000000000000000e+00,1.000000000000000056e-01
9.277738924535091636e-01,-1.814151904955830785e-01,3.260738154760602359e-01,3.319420474829630052e+01,2.138577439059669016e-01,9.746159059423178395e-01,-6.624727357170982767e-02,5.096964243178098819e+00,-3.057784653194439151e-01,1.311959013905785176e-01,9.430202360528640027e-01,-6.140120036517969559e+00,0.000000000000000000e+00,0.000000000000000000e+00,0.000000000000000000e+00,1.000000000000000056e-01
9.259706768004072330e-01,-1.849670981059394759e-01,3.291891224267041727e-01,3.411759973070014951e+01,2.184721325379683221e-01,9.735032455983397837e-01,-6.753782728079786579e-02,5.311106591195063231e+00,-3.079744031735563992e-01,1.344566972216937883e-01,9.418456155666519170e-01,-6.421482438279284111e+00,0.000000000000000000e+00,0.000000000000000000e+00,0.000000000000000000e+00,1.000000000000000056e-01
9.244105434113992770e-01,-1.881024217394648979e-01,3.317870192843445643e-01,3.501743889211851268e+01,2.222957329197623455e-01,9.726090902752556611e-01,-6.794236262896198586e-02,5.538702612987462359e+00,-3.099189480420763698e-01,1.365614749835697972e-01,9.409044633727723372e-01,-6.710910765507522413e+00,0.000000000000000000e+00,0.000000000000000000e+00,0.000000000000000000e+00,1.000000000000000056e-01
9.219163214755171643e-01,-1.901417914195964176e-01,3.375150298176328167e-01,3.593282823454858033e+01,2.254929136375052323e-01,9.718381066704138149e-01,-6.843712678461956467e-02,5.751786756816955837e+00,-3.149972096643389730e-01,1.392005516476575444e-01,9.388290389227786914e-01,-7.013625530527082041e+00,0.000000000000000000e+00,0.000000000000000000e+00,0.000000000000000000e+00,1.000000000000000056e-01
9.196928714559087226e-01,-1.930028096725150411e-01,3.419282638971226085e-01,3.687211877272459049e+01,2.304833263921562958e-01,9.703945243716179947e-01,-7.219351303814010301e-02,5.982647517780224078e+00,-3.178717641571709995e-01,1.452046229570405078e-01,9.369488561407776084e-01,-7.333986479595241192e+00,0.000000000000000000e+00,0.000000000000000000e+00,0.000000000000000000e+00,1.000000000000000056e-01
9.165707099069499986e-01,-1.976252455127038843e-01,3.476239290910698720e-01,3.780780804327561384e+01,2.354032144640611501e-01,9.694044892357052134e-01,-6.957199774082022115e-02,6.213572116551714153e+00,-3.232390142922987319e-01,1.455994456916130386e-01,9.350493789386944421e-01,-7.624673994932775756e+00,0.000000000000000000e+00,0.000000000000000000e+00,0.000000000000000000e+00,1.000000000000000056e-01
9.143572983468405413e-01,-2.016418128309590274e-01,3.511286235528389699e-01,3.874091615931384069e+01,2.396259832658814426e-01,9.684932958930699831e-01,-6.782421362638865747e-02,6.450329564091798140e+00,-3.263895205176267633e-01,1.461551064055682525e-01,9.338675311669480950e-01,-7.947100213627092735e+00,0.000000000000000000e+00,0.000000000000000000e+00,0.000000000000000000e+00,1.000000000000000056e-01
9.117348612748635839e-01,-2.066718599402996015e-01,3.550018099178121611e-01,3.967759603138989632e+01,2.469634191182311367e-01,9.663706617305178881e-01,-7.167156872815032276e-02,6.706153953413478419e+00,-3.282508375519218591e-01,1.530179285421752189e-01,9.321142103793523814e-01,-8.255480840853312685e+00,0.000000000000000000e+00,0.000000000000000000e+00,0.000000000000000000e+00,1.000000000000000056e-01
9.097854517291464882e-01,-2.130239011520319581e-01,3.562460517114010017e-01,4.060384721054086299e+01,2.537388129144380611e-01,9.646509144740099684e-01,-7.117041537906046433e-02,6.958930649351992237e+00,-3.284920800305004551e-01,1.551432587720959488e-01,9.316777997863906480e-01,-8.559943921188924776e+00,0.000000000000000000e+00,0.000000000000000000e+00,0.000000000000000000e+00,1.000000000000000056e-01
9.093506637446919783e-01,-2.147251012864792863e-01,3.563348161835991346e-01,4.155178823910903674e+01,2.563332272274216894e-01,9.637997245965068682e-01,-7.337143508799928715e-02,7.224673073708469673e+00,-3.276807088710947391e-01,1.580608166030048056e-01,9.314730974582831058e-01,-8.889803660846590461e+00,0.000000000000000000e+00,0.000000000000000000e+00,0.000000000000000000e+00,1.000000000000000056e-01
9.079671883753028805e-01,-2.184295503687847806e-01,3.576088874168785181e-01,4.252420081478177849e+01,2.607578444945616858e-01,9.625539873666209001e-01,-7.412939996498674189e-02,7.478274184868099361e+00,-3.280258089973975832e-01,1.605563855170809018e-01,9.309246562967882221e-01,-9.221928109921114114e+00,0.000000000000000000e+00,0.000000000000000000e+00,0.000000000000000000e+00,1.000000000000000056e-01
9.053400406252273269e-01,-2.211088393158660292e-01,3.625883230567446547e-01,4.347501023739846460e+01,2.660923154183619799e-01,9.607431578598117916e-01,-7.853320508454847415e-02,7.763680360571262540e+00,-3.309898646726310845e-01,1.675812215075046796e-01,9.286346125802364959e-01,-9.542814005869606930e+00,0.000000000000000000e+00,0.000000000000000000e+00,0.000000000000000000e+00,1.000000000000000056e-01
9.042011947606055644e-01,-2.194018874816355824e-01,3.664464642522685667e-01,4.439241090625711195e+01,2.656629572689520602e-01,9.607149184523935403e-01,-8.031213232212050523e-02,8.026827102192434893e+00,-3.344299516021380647e-01,1.699695773734421766e-01,9.269665313477531976e-01,-9.865793252676974490e+00,0.000000000000000000e+00,0.000000000000000000e+00,0.000000000000000000e+00,1.000000000000000056e-01
9.007794593658007276e-01,-2.330828564503488187e-01,3.664270017528754586e-01,4.520194499503465835e+01,2.809087985169674284e-01,9.561976620628896972e-01,-8.231815098274274101e-02,8.277960475527660122e+00,-3.311896926240450734e-01,1.770830683448023080e-01,9.267982382402226715e-01,-1.014794173860266291e+01,0.000000000000000000e+00,0.000000000000000000e+00,0.000000000000000000e+00,1.000000000000000056e-01
9.012690362941222499e-01,-2.353694814508182631e-01,3.637517442144258539e-01,4.605825816579468324e+01,2.841276635759286684e-01,9.549129260035097433e-01,-8.609747117250006465e-02,8.536144021730670772e+00,-3.270865252625794750e-01,1.809489180763137472e-01,9.275084334056825641e-01,-1.045688479541483318e+01,0.000000000000000000e+00,0.000000000000000000e+00,0.000000000000000000e+00,1.000000000000000056e-01
9.006806058557449424e-01,-2.363324645185142514e-01,3.645838894547228093e-01,4.689743946336385250e+01,2.862436762404842461e-01,9.540412022938898895e-01,-8.871269434507014773e-02,8.803110855198596596e+00,-3.268623625437183100e-01,1.842616361053874552e-01,9.269350815521574249e-01,-1.075689751038515141e+01,0.000000000000000000e+00,0.000000000000000000e+00,0.000000000000000000e+00,1.000000000000000056e-01
8.979519484156947007e-01,-2.393338587301635789e-01,3.693258756190631598e-01,4.773697529543788676e+01,2.908170878965197770e-01,9.525563818995333998e-01,-8.978730806666496145e-02,9.096571147536309354e+00,-3.303145769169830714e-01,1.880309638538302797e-01,9.249522349334338145e-01,-1.105754640130668420e+01,0.000000000000000000e+00,0.000000000000000000e+00,0.000000000000000000e+00,1.000000000000000056e-01
8.970870522075682363e-01,-2.369473093205854419e-01,3.729487811580439183e-01,4.862237545118968285e+01,2.912378521005918874e-01,9.518415865615856841e-01,-9.580244044781563439e-02,9.396775667052894576e+00,-3.322880290732265762e-01,1.945599308636244140e-01,9.228927884846496177e-01,-1.136758914216872896e+01,0.000000000000000000e+00,0.000000000000000000e+00,0.000000000000000000e+00,1.000000000000000056e-01
8.943099694740058725e-01,-2.379422144599973032e-01,3.789369090986986488e-01,4.944209130498151694e+01,2.953562002790450780e-01,9.500892066546782200e-01,-1.004749439164245028e-01,9.661230507351083574e+00,-3.361166366845404485e-01,2.017771096436775935e-01,9.199519577498141976e-01,-1.166946382286904793e+01,0.000000000000000000e+00,0.000000000000000000e+00,0.000000000000000000e+00,1.000000000000000056e-01
8.931435107924893257e-01,-2.419654166628767422e-01,3.791403516752430147e-01,5.029628235574807604e+01,3.013305790633392656e-01,9.477189904849857571e-01,-1.050171281052384442e-01,9.969484336166972938e+00,-3.339079981830611055e-01,2.080419482058363245e-01,9.193606455228008345e-01,-1.197197821187093680e+01,0.000000000000000000e+00,0.000000000000000000e+00,0.000000000000000000e+00,1.000000000000000056e-01
8.927122380236268695e-01,-2.434479129539575404e-01,3.792070328477699648e-01,5.120839074494894305e+01,3.039533777597949737e-01,9.465603979469381368e-01,-1.078691669892072186e-01,1.027792677175476577e+01,-3.326818363410583568e-01,2.115573839810286905e-01,9.190028667266739726e-01,-1.226846801110353269e+01,0.000000000000000000e+00,0.000000000000000000e+00,0.000000000000000000e+00,1.000000000000000056e-01
8.901363713600878302e-01,-2.489244625003824984e-01,3.816986407505161827e-01,5.208000859608306143e+01,3.113374934980591147e-01,9.438507982187829271e-01,-1.105198436667021722e-01,1.059869945658136992e+01,-3.327554740710390035e-01,2.172148306876442725e-01,9.176554428570105060e-01,-1.258430481649961408e+01,0.000000000000000000e+00,0.000000000000000000e+00,0.000000000000000000e+00,1.000000000000000056e-01
8.880670950989157930e-01,-2.512261176667057172e-01,3.849964576521294202e-01,5.292240946893439002e+01,3.152860789903110805e-01,9.423211538112311603e-01,-1.123633902780853955e-01,1.090017067918333105e+01,-3.345616878805591776e-01,2.211702531580242437e-01,9.160525072944928349e-01,-1.288419765910878567e+01,0.000000000000000000e+00,0.000000000000000000e+00,0.000000000000000000e+00,1.000000000000000056e-01
8.846867613017783682e-01,-2.537615474992744868e-01,3.910682950433898575e-01,5.377333246446839610e+01,3.198263268677022930e-01,9.407008058904553494e-01,-1.131066507300142326e-01,1.118767473796992462e+01,-3.391761415838148719e-01,2.251378928741699093e-01,9.133851729541566655e-01,-1.317888032642343177e+01,0.000000000000000000e+00,0.000000000000000000e+00,0.000000000000000000e+00,1.000000000000000056e-01
8.836085884690666470e-01,-2.595416935950839443e-01,3.897101123521164445e-01,5.460848362340696838e+01,3.237857988901245987e-01,9.399282505239852092e-01,-1.081556300152899941e-01,1.152565707001120821e+01,-3.382286487286188525e-01,2.217498436362831948e-01,9.145645893136780114e-01,-1.347984677691016664e+01,0.000000000000000000e+00,0.000000000000000000e+00,0.000000000000000000e+00,1.000000000000000056e-01
8.835941567479099756e-01,-2.642288795708269133e-01,3.865804772123074273e-01,5.543267588007500990e+01,3.294599388954072006e-01,9.374706433748010159e-01,-1.122717305178431296e-01,1.182432870604914754e+01,-3.327424151261519358e-01,2.265654254540663270e-01,9.153964131264845649e-01,-1.377709541618935418e+01,0.000000000000000000e+00,0.000000000000000000e+00,0.000000000000000000e+00,1.000000000000000056e-01
8.836812914877733016e-01,-2.704252322011884702e-01,3.820701098796324136e-01,5.625271439513585392e+01,3.346933794096365600e-01,9.356654348584780845e-01,-1.118505064380675984e-01,1.214516350020778646e+01,-3.272425963316177855e-01,2.267165362297783870e-01,9.173395747192603089e-01,-1.405614492117802072e+01,0.000000000000000000e+00,0.000000000000000000e+00,0.000000000000000000e+00,1.000000000000000056e-01
8.845613188488501422e-01,-2.728753693050913753e-01,3.782727931308209057e-01,5.709595552165959731e+01,3.386009097361339926e-01,9.334473709095998384e-01,-1.184290068683278574e-01,1.247210936914316726e+01,-3.207813852489655448e-01,2.328412303879319745e-01,9.180872857790749464e-01,-1.436411276735949016e+01,0.000000000000000000e+00,0.000000000000000000e+00,0.000000000000000000e+00,1.000000000000000056e-01
8.845574963283905356e-01,-2.771353505441370713e-01,3.751720047765126909e-01,5.792931099815609741e+01,3.420917370035613247e-01,9.322369804994288245e-01,-1.179298760416283981e-01,1.279412858704545464e+01,-3.170666793643501791e-01,2.326589986828058731e-01,9.194229229080480570e-01,-1.466329244861075054e+01,0.000000000000000000e+00,0.000000000000000000e+00,0.000000000000000000e+00,1.000000000000000056e-01
8.815429132660794753e-01,-2.815261207317216186e-01,3.789790698918630851e-01,5.879764032730527390e+01,3.477162465512593781e-01,9.301643346328070105e-01,-1.178461813611763331e-01,1.313446284628835592e+01,-3.193360361040659678e-01,2.356636457387001615e-01,9.178709833753799785e-01,-1.494101715322096346e+01,0.000000000000000000e+00,0.000000000000000000e+00,0.000000000000000000e+00,1.000000000000000056e-01
8.805819971896438059e-01,-2.852541583994765428e-01,3.784249084578136246e-01,5.962082176857051508e+01,3.526736438224375991e-01,9.278580661441346855e-01,-1.212464846676845065e-01,1.346826793458632388e+01,-3.165385397996627326e-01,2.402279629998826382e-01,9.176567324519688817e-01,-1.521063685080093641e+01,0.000000000000000000e+00,0.000000000000000000e+00,0.000000000000000000e+00,1.000000000000000056e-01
8.798911349075071442e-01,-2.904022132944581447e-01,3.761092198083679783e-01,6.036259719282529801e+01,3.581432069133330121e-01,9.254938562455659046e-01,-1.232662378494019800e-01,1.376674521756412162e+01,-3.122899839140101941e-01,2.431618320489295493e-01,9.183394194858431892e-01,-1.547034859724430333e+01,0.000000000000000000e+00,0.000000000000000000e+00,0.000000000000000000e+00,1.000000000000000056e-01
8.782103284698923318e-01,-2.971986365414475695e-01,3.747260191215823211e-01,6.109628237070824497e+01,3.652284552077781909e-01,9.225905979239111820e-01,-1.242367261679898915e-01,1.406920933497064219e+01,-3.087957164135278765e-01,2.459665811859503004e-01,9.187739909598831023e-01,-1.572248648426964124e+01,0.000000000000000000e+00,0.000000000000000000e+00,0.000000000000000000e+00,1.000000000000000056e-01
8.784849189001286973e-01,-2.991432028441893820e-01,3.725286451498119877e-01,6.180983707928373150e+01,3.679424106189554955e-01,9.209802830705355881e-01,-1.281159656843287586e-01,1.437145673657717815e+01,-3.047665167516705464e-01,2.496170314450444905e-01,9.191347604566032503e-01,-1.596816463175264467e+01,0.000000000000000000e+00,0.000000000000000000e+00,0.000000000000000000e+00,1.000000000000000056e-01
8.783458926125942146e-01,-3.046255680570573721e-01,3.683907656504167294e-01,6.253008208852013183e+01,3.740054493228597843e-01,9.178793991168705535e-01,-1.327303000586468051e-01,1.467382002816822251e+01,-2.977052515616593897e-01,2.543632677152259935e-01,9.201472225844304909e-01,-1.621128291266767363e+01,0.000000000000000000e+00,0.000000000000000000e+00,0.000000000000000000e+00,1.000000000000000056e-01
8.766624123162001236e-01,-3.083155960641267845e-01,3.693298093243528868e-01,6.320800722970096786e+01,3.786343710675445506e-01,9.157538402321534488e-01,-1.342792506173187683e-01,1.496947438430728639e+01,-2.968148040078621985e-01,2.575585318402127677e-01,9.195458524717995408e-01,-1.643222556511961940e+01,0.000000000000000000e+00,0.000000000000000000e+00,0.000000000000000000e+00,1.000000000000000056e-01
8.749160297118353524e-01,-3.141032504769135092e-01,3.685933924979072351e-01,6.389478586014848815e+01,3.849184585386906110e-01,9.129192738347321479e-01,-1.357062258603620175e-01,1.528169074751899181e+01,-2.938702455667759894e-01,2.606099528047665093e-01,9.196318455064614872e-01,-1.664955259552800371e+01,0.000000000000000000e+00,0.000000000000000000e+00,0.000000000000000000e+00,1.000000000000000056e-01
8.711823757778386357e-01,-3.206462944285005667e-01,3.717892171692881997e-01,6.456432954563545934e+01,3.935699115315726138e-01,9.088137111209575458e-01,-1.384209637864977083e-01,1.557112257556148904e+01,-2.935029691010141994e-01,2.669149533986886480e-01,9.179392217249815467e-01,-1.686202273191068812e+01,0.000000000000000000e+00,0.000000000000000000e+00,0.000000000000000000e+00,1.000000000000000056e-01
8.707679622427857424e-01,-3.240578775119862254e-01,3.697967657429860333e-01,6.518571195715026079e+01,3.970151009401621245e-01,9.070751594571916376e-01,-1.399773721755884770e-01,1.585777808345848783e+01,-2.900726901261462265e-01,2.687027114082342627e-01,9.185078591524646896e-01,-1.705023369569680014e+01,0.000000000000000000e+00,0.000000000000000000e+00,0.000000000000000000e+00,1.000000000000000056e-01
8.712825021118597579e-01,-3.306725794806789631e-01,3.626602358865543274e-01,6.577653453444145271e+01,4.016349648012292883e-01,9.050877980087282948e-01,-1.396618521459127571e-01,1.613558188928283954e+01,-2.820570094197492605e-01,2.673419590623692388e-01,9.213968311004124834e-01,-1.722569550064952182e+01,0.000000000000000000e+00,0.000000000000000000e+00,0.000000000000000000e+00,1.000000000000000056e-01
8.732682714476858177e-01,-3.315050695507397727e-01,3.570811041555267407e-01,6.636924600980944433e+01,4.025687717504476959e-01,9.037539586268854563e-01,-1.454894026297785525e-01,1.639792415153369021e+01,-2.744829868937361805e-01,2.708009806636472172e-01,9.226732459421915777e-01,-1.740697377439631310e+01,0.000000000000000000e+00,0.000000000000000000e+00,0.000000000000000000e+00,1.000000000000000056e-01
8.744952999910979852e-01,-3.329313825325791454e-01,3.527246302973823244e-01,6.701489175474043236e+01,4.038696573700896186e-01,9.025331053785855540e-01,-1.494098174533834700e-01,1.670040341443392151e+01,-2.686024388371147653e-01,2.731129587197070885e-01,9.237218421311264027e-01,-1.759693601220692472e+01,0.000000000000000000e+00,0.000000000000000000e+00,0.000000000000000000e+00,1.000000000000000056e-01
8.745210188137026996e-01,-3.373790301941192449e-01,3.484083489790666399e-01,6.762598237615139851e+01,4.075856342502899854e-01,9.006014144955677425e-01,-1.509670260731507674e-01,1.698424814137773708e+01,-2.628439430647629416e-01,2.740300753454958937e-01,9.251057125541435333e-01,-1.778027946630088252e+01,0.000000000000000000e+00,0.000000000000000000e+00,0.000000000000000000e+00,1.000000000000000056e-01
8.728999432403578007e-01,-3.409220362772345525e-01,3.490241456856017499e-01,6.822267700091148868e+01,4.115699849184787928e-01,8.987000039739120316e-01,-1.514874594528985430e-01,1.726958594428034033e+01,-2.620225879674943914e-01,2.758812571340691910e-01,9.247884597879356683e-01,-1.794647593649409245e+01,0.000000000000000000e+00,0.000000000000000000e+00,0.000000000000000000e+00,1.000000000000000056e-01
8.709497416948164261e-01,-3.485026361345371915e-01,3.463992783609845527e-01,6.877167573273241885e+01,4.195533078003075844e-01,8.943886697652209117e-01,-1.550610502654324874e-01,1.751292286011133470e+01,-2.557764050016202995e-01,2.803833447315959293e-01,9.251830146741617522e-01,-1.810854038985804593e+01,0.000000000000000000e+00,0.000000000000000000e+00,0.000000000000000000e+00,1.000000000000000056e-01
8.698849413625773241e-01,-3.556375869473409335e-01,3.417924743772133844e-01,6.927642025288849936e+01,4.266354407784858083e-01,8.902468956592847205e-01,-1.595075717348674038e-01,1.774241972794958855e+01,-2.475528013624016810e-01,2.845740176461639126e-01,9.261399672934691463e-01,-1.823265170892073073e+01,0.000000000000000000e+00,0.000000000000000000e+00,0.000000000000000000e+00,1.000000000000000056e-01
8.709346400199189375e-01,-3.558062890624088537e-01,3.389317593218610924e-01,6.982186592583475715e+01,4.285818011228219593e-01,8.874234490990668967e-01,-1.696975596036486567e-01,1.798772051595600274e+01,-2.403965319210996099e-01,2.930554668535524376e-01,9.253799224035250681e-01,-1.837903642819946981e+01,0.000000000000000000e+00,0.000000000000000000e+00,0.000000000000000000e+00,1.000000000000000056e-01
8.729489001555809091e-01,-3.548168777170337407e-01,3.347614090726365732e-01,7.036815099924073991e+01,4.283991451704934894e-01,8.858407178431328965e-01,-1.782144635778857844e-01,1.823409303829899741e+01,-2.333117873883615856e-01,2.989836214549196347e-01,9.252969274602338423e-01,-1.851517775653587350e+01,0.000000000000000000e+00,0.000000000000000000e+00,0.000000000000000000e+00,1.000000000000000056e-01
8.744544912757297173e-01,-3.569614489061317952e-01,3.284933282161752732e-01,7.087919609320931613e+01,4.289912520597732870e-01,8.851732219995740447e-01,-1.800968425905376813e-01,1.848213236352098221e+01,-2.264858678679375625e-01,2.984072570326128937e-01,9.271770384378482666e-01,-1.864056363915906900e+01,0.000000000000000000e+00,0.000000000000000000e+00,0.000000000000000000e+00,1.000000000000000056e-01
8.762257676926772376e-01,-3.560958575605254750e-01,3.246908441265512479e-01,7.138039798490197541e+01,4.260844552681784525e-01,8.872405605676373375e-01,-1.767943004240923877e-01,1.874965441561640134e+01,-2.251231685326903209e-01,2.932574430630167650e-01,9.291499508033906896e-01,-1.876707524060818955e+01,0.000000000000000000e+00,0.000000000000000000e+00,0.000000000000000000e+00,1.000000000000000056e-01
8.765670967329427521e-01,-3.538889357215936893e-01,3.261790092863388058e-01,7.187540491525314224e+01,4.255415140029000232e-01,8.864911763208644935e-01,-1.817905777684023783e-01,1.896701846371252742e+01,-2.248211395427471837e-01,2.981543484155273482e-01,9.276634302027934043e-01,-1.889402852591330273e+01,0.000000000000000000e+00,0.000000000000000000e+00,0.000000000000000000e+00,1.000000000000000056e-01
8.777832337116432404e-01,-3.516069226497235412e-01,3.253754240251129359e-01,7.240475007429799348e+01,4.240904177222183935e-01,8.862250039493029252e-01,-1.864203850743053892e-01,1.919853813737002923e+01,-2.228091385265088820e-01,3.016252879316476676e-01,9.270265764632779071e-01,-1.901252311192160960e+01,0.000000000000000000e+00,0.000000000000000000e+00,0.000000000000000000e+00,1.000000000000000056e-01
8.790028179725014601e-01,-3.480493319076325420e-01,3.259075153399383362e-01,7.290683900334406076e+01,4.211752036227816021e-01,8.871748291352259397e-01,-1.885000541172097699e-01,1.940579711591935208e+01,-2.235296263355484037e-01,3.029562428924897355e-01,9.264189230811064046e-01,-1.913475575561331254e+01,0.000000000000000000e+00,0.000000000000000000e+00,0.000000000000000000e+00,1.000000000000000056e-01
8.830178787413741626e-01,-3.431839185800076297e-01,3.201628083509302503e-01,7.336292349574158322e+01,4.149737698498547900e-01,8.895630485260186404e-01,-1.909825987719719620e-01,1.962745420129871121e+01,-2.192628471941463209e-01,3.015002167912437248e-01,9.279124005611464332e-01,-1.923187418592245024e+01,0.000000000000000000e+00,0.000000000000000000e+00,0.000000000000000000e+00,1.000000000000000056e-01
8.881763709894292536e-01,-3.363405294735825612e-01,3.130779172178674852e-01,7.381966709290814777e+01,4.060886564054654868e-01,8.933747549325199433e-01,-1.922850758328991938e-01,1.985405590704346324e+01,-2.150226433537908433e-01,2.979204516019169358e-01,9.300584214781661974e-01,-1.933824186376620702e+01,0.000000000000000000e+00,0.000000000000000000e+00,0.000000000000000000e+00,1.000000000000000056e-01
8.959608801667611200e-01,-3.212776929494418066e-01,3.066508523123440688e-01,7.427642255485068290e+01,3.886603159931869000e-01,9.013089763732814452e-01,-1.912728100933941133e-01,2.003933667832486165e+01,-2.149354786508707593e-01,2.905559724425428314e-01,9.324054734368998343e-01,-1.944950934711215140e+01,0.000000000000000000e+00,0.000000000000000000e+00,0.000000000000000000e+00,1.000000000000000056e-01
9.009860831311523599e-01,-3.089388153167490492e-01,3.045995508773248206e-01,7.475077378292114361e+01,3.767261983170343553e-01,9.053284467194264717e-01,-1.961065400800928726e-01,2.021554767125233809e+01,-2.151777160989929716e-01,2.914398942342558141e-01,9.320736765637934740e-01,-1.954625742040084901e+01,0.000000000000000000e+00,0.000000000000000000e+00,0.000000000000000000e+00,1.000000000000000056e-01
9.078389070590833221e-01,-2.888761064114419019e-01,3.039393261398307122e-01,7.521850265997071006e+01,3.579004864298653832e-01,9.114943088477585054e-01,-2.026952558680462091e-01,2.039189527694398052e+01,-2.184851497082463401e-01,2.927946722239191946e-01,9.308788961375442650e-01,-1.965908095547600709e+01,0.000000000000000000e+00,0.000000000000000000e+00,0.000000000000000000e+00,1.000000000000000056e-01
9.151480365813180473e-01,-2.663370057305778915e-01,3.026031568239643255e-01,7.566773275905063656e+01,3.358243099174159085e-01,9.189407528432501637e-01,-2.068089109114306934e-01,2.058662180571678135e+01,-2.229935066540055522e-01,2.908822650873558735e-01,9.304092668540007161e-01,-1.974936873761008016e+01,0.000000000000000000e+00,0.000000000000000000e+00,0.000000000000000000e+00,1.000000000000000056e-01
9.236881623026768073e-01,-2.399050865268511634e-01,2.987402354562370133e-01,7.610182044067553875e+01,3.097176045663948551e-01,9.265321187104733625e-01,-2.135725600809608160e-01,2.068995977721558432e+01,-2.255552797953488953e-01,2.897995556525672090e-01,9.301295787684726868e-01,-1.987018321745589589e+01,0.000000000000000000e+00,0.000000000000000000e+00,0.000000000000000000e+00,1.000000000000000056e-01
