1.000000000000000000e+00,-5.992243819656213423e-13,-1.979936313912068073e-13,-2.553914493693351663e-21,5.992243819656241696e-13,1.000000000000000000e+00,1.402089562068533031e-14,1.554292257565648138e-19,1.979936313911984264e-13,-1.402089562080397184e-14,1.000000000000000000e+00,5.828421558677028770e-20,0.000000000000000000e+00,0.000000000000000000e+00,0.000000000000000000e+00,1.000000000000000056e-01
9.999966536048766619e-01,-2.141592361879014056e-03,-1.451330838897231003e-03,6.253726502375761553e-01,2.138822171666191103e-03,9.999958932506093356e-01,-1.907595773189888193e-03,-3.159531843077796089e-03,1.455410171182608750e-03,1.904485251044039321e-03,9.999971273544550066e-01,1.251647490232413000e-02,0.000000000000000000e+00,0.000000000000000000e+00,0.000000000000000000e+00,1.000000000000000056e-01
9.999870108075518127e-01,-4.287840409285091289e-03,-2.755474696247190054e-03,1.256102154477389599e+00,4.287881068617174773e-03,9.999908069565676128e-01,8.848392923070291571e-06,-8.434128760939779007e-03,2.755411424551898122e-03,-2.066342577468374101e-05,9.999962036332459281e-01,1.951500927793621207e-02,0.000000000000000000e+00,0.000000000000000000e+00,0.000000000000000000e+00,1.000000000000000056e-01
9.999636703906344959e-01,-8.376478521531718555e-03,-1.578767389071027366e-03,1.986087790427068622e+00,8.377310133292207792e-03,9.999647740629037385e-01,5.208725914879425243e-04,-6.772236195254324916e-03,1.574348697435237103e-03,-5.340794924367404939e-04,9.999986180916824452e-01,2.649802125449608400e-02,0.000000000000000000e+00,0.000000000000000000e+00,0.000000000000000000e+00,1.000000000000000056e-01
9.999078841188867584e-01,-1.333055754550519813e-02,-2.553333589048701387e-03,2.702565034215175466e+00,1.332660233059372416e-02,9.999099802323162534e-01,-1.559840418479788203e-03,-9.022123658567105312e-03,2.573897281012545602e-03,1.525669471046644078e-03,9.999955236827072769e-01,2.485097446012591790e-02,0.000000000000000000e+00,0.000000000000000000e+00,0.000000000000000000e+00,1.000000000000000056e-01
9.997970124062258712e-01,-1.995304010659669849e-02,-2.794668869381290634e-03,3.449169335992323671e+00,1.995297655384148036e-02,9.998009182652247695e-01,-5.062267576806725445e-05,-4.963783474413105412e-03,2.795122578134555131e-03,-5.149562433592867365e-06,9.999960936239977727e-01,3.525079982758651947e-02,0.000000000000000000e+00,0.000000000000000000e+00,0.000000000000000000e+00,1.000000000000000056e-01
9.997039164602345984e-01,-2.419948699358491842e-02,-2.542487623474464723e-03,4.197349199405853604e+00,2.420109923513620240e-02,9.997069272732127532e-01,6.052749478056636441e-04,1.549286932615877993e-02,2.527095146466864280e-03,-6.666267311363971090e-04,9.999965846936288427e-01,5.165326915718607831e-02,0.000000000000000000e+00,0.000000000000000000e+00,0.000000000000000000e+00,1.000000000000000056e-01
9.995417022833178455e-01,-3.006231763854718894e-02,-3.555622978642957940e-03,4.965402161268878345e+00,3.007175341617292566e-02,9.995442805686083343e-01,2.630746863549138660e-03,3.828704670156962697e-02,3.474916264322261764e-03,-2.736465015723034844e-03,9.999902183102461484e-01,6.654097198153967330e-02,0.000000000000000000e+00,0.000000000000000000e+00,0.000000000000000000e+00,1.000000000000000056e-01
9.994199694062030348e-01,-3.388243006532763724e-02,-3.421357182823118060e-03,5.750956931449356269e+00,3.388800127059173051e-02,9.994243819347481406e-01,1.583718482229683287e-03,8.701496617645820830e-02,3.365727557103691519e-03,-1.698742833616686144e-03,9.999928930501439384e-01,6.355929526186246403e-02,0.000000000000000000e+00,0.000000000000000000e+00,0.000000000000000000e+00,1.000000000000000056e-01
9.993531820284029532e-01,-3.591297975691893490e-02,-1.864257140224662851e-03,6.539539299777443304e+00,3.591559695723415407e-02,9.993538602744372890e-01,1.389909992034615415e-03,1.235905962267612179e-01,1.813136760219821470e-03,-1.455966881345820054e-03,9.999972963441097207e-01,6.700666053085382878e-02,0.000000000000000000e+00,0.000000000000000000e+00,0.000000000000000000e+00,1.000000000000000056e-01
9.993123771004805977e-01,-3.700344865228830799e-02,2.348991618636526914e-03,7.326186783282631509e+00,3.700377249110962247e-02,9.993151214127309334e-01,-9.453721466016467710e-05,1.664430727337382065e-01,-2.343884641606840211e-03,1.813937601460569287e-04,9.999972366467272389e-01,8.164205433249009658e-02,0.000000000000000000e+00,0.000000000000000000e+00,0.000000000000000000e+00,1.000000000000000056e-01
9.990734332700990095e-01,-4.292834063450834403e-02,3.071238229875226933e-03,8.128389211135795378e+00,4.292595547852599835e-02,9.990779045950507475e-01,8.383890613706421148e-04,2.084320343401902254e-01,-3.104396906426718991e-03,-7.057764024400921829e-04,9.999949322869177148e-01,7.318337704631691643e-02,0.000000000000000000e+00,0.000000000000000000e+00,0.000000000000000000e+00,1.000000000000000056e-01
9.989544763795918936e-01,-4.558203800522263316e-02,3.497417971292001750e-03,8.962527288358771216e+00,4.556594313028755616e-02,9.989509647722302210e-01,4.551352247174390159e-03,2.615305132227137008e-01,-3.701208967739740008e-03,-4.387230552512434018e-03,9.999835264944398894e-01,7.873372447819267095e-02,0.000000000000000000e+00,0.000000000000000000e+00,0.000000000000000000e+00,1.000000000000000056e-01
9.989599516198688356e-01,-4.553677301390181287e-02,2.327522955773869608e-03,9.743208708467696155e+00,4.553262680969669129e-02,9.989612225032543646e-01,1.804392034026422887e-03,3.073373183986147228e-01,-2.407271367785806474e-03,-1.696537144878058467e-03,9.999956633937359118e-01,9.734317034695560977e-02,0.000000000000000000e+00,0.000000000000000000e+00,0.000000000000000000e+00,1.000000000000000056e-01
9.988960965173075968e-01,-4.686060007318752080e-02,3.266882805760776276e-03,1.052503342794079266e+01,4.685916548437229351e-02,9.989013735419988160e-01,5.143403700659013832e-04,3.587723512463978359e-01,-3.287396020258332059e-03,-3.606891859269016165e-04,9.999945314504060656e-01,9.740305604449725485e-02,0.000000000000000000e+00,0.000000000000000000e+00,0.000000000000000000e+00,1.000000000000000056e-01
9.987208004134962014e-01,-5.050745782203396733e-02,2.399901202330169403e-03,1.128527897875950892e+01,5.051247416525943973e-02,9.987212689949298561e-01,-2.077693639829490853e-03,4.060005537839918577e-01,-2.291893350372848498e-03,2.196260802466417326e-03,9.999949618189873934e-01,1.080689953502152745e-01,0.000000000000000000e+00,0.000000000000000000e+00,0.000000000000000000e+00,1.000000000000000056e-01
9.984737619417338728e-01,-5.521367328347850933e-02,1.263723255738592429e-03,1.211387635985561673e+01,5.521156566160621837e-02,9.984733214806138513e-01,1.645997771869329041e-03,4.688871230145795210e-01,-1.352675539790934188e-03,-1.573713447913770765e-03,9.999978468451159452e-01,1.192898472306511692e-01,0.000000000000000000e+00,0.000000000000000000e+00,0.000000000000000000e+00,1.000000000000000056e-01
9.983692327672675226e-01,-5.705985336868410474e-02,-1.745908715206221078e-03,1.295743942168263629e+01,5.706384667362025820e-02,9.983678124052138836e-01,2.329926187089853551e-03,5.344864347091993206e-01,1.610113818064428087e-03,-2.425754887039927206e-03,9.999957616143785311e-01,1.218666425524741886e-01,0.000000000000000000e+00,0.000000000000000000e+00,0.000000000000000000e+00,1.000000000000000056e-01
9.983435800842450636e-01,-5.746747554232015109e-02,-2.754153112200625596e-03,1.384465546757753174e+01,5.747887201796225698e-02,9.983376568691841868e-01,4.254661971265201806e-03,5.861318627007797710e-01,2.505070081918820985e-03,-4.405920078695245434e-03,9.999871561635903516e-01,1.322460613056922474e-01,0.000000000000000000e+00,0.000000000000000000e+00,0.000000000000000000e+00,1.000000000000000056e-01
9.977887118366338681e-01,-6.633024050755401135e-02,-4.240958099390342712e-03,1.477050568074925430e+01,6.636303938334703334e-02,9.977624410659787779e-01,8.127619692359859538e-03,6.801796080389042043e-01,3.692361736758080232e-03,-8.391090052510770392e-03,9.999579771533079198e-01,1.475048696448000851e-01,0.000000000000000000e+00,0.000000000000000000e+00,0.000000000000000000e+00,1.000000000000000056e-01
9.974651285108719900e-01,-7.108052955318316934e-02,-3.297836143393187251e-03,1.572568209855638166e+01,7.109636804621477513e-02,9.974571017738319556e-01,4.963524109395313529e-03,7.491150747566762691e-01,2.936640159568149402e-03,-5.185406385851599846e-03,9.999822436949502569e-01,1.384180259452680584e-01,0.000000000000000000e+00,0.000000000000000000e+00,0.000000000000000000e+00,1.000000000000000056e-01
9.970441646339046615e-01,-7.681150506591745419e-02,-1.710689623466660940e-03,1.665073691521918064e+01,7.681462167137774466e-02,9.970436991508089264e-01,1.837357111251092506e-03,8.458330473144897166e-01,1.564502145221341413e-03,-1.963332162345253051e-03,9.999968488249639798e-01,1.486331266084980063e-01,0.000000000000000000e+00,0.000000000000000000e+00,0.000000000000000000e+00,1.000000000000000056e-01
9.968940272787325529e-01,-7.875306079135292736e-02,5.037777120258462270e-04,1.754606402693335454e+01,7.875045474065887896e-02,9.968864473644233337e-01,3.972019546555399273e-03,9.441886036322169051e-01,-8.150178704171427875e-04,-3.920009838285213287e-03,9.999919846022460312e-01,1.770662081740441707e-01,0.000000000000000000e+00,0.000000000000000000e+00,0.000000000000000000e+00,1.000000000000000056e-01
9.967834195730942426e-01,-8.013298179558421552e-02,1.232758174757832151e-03,1.848063652349842556e+01,8.012446208420069549e-02,9.967676276359006549e-01,5.862343628276885273e-03,1.022529400708341418e+00,-1.698540516546298259e-03,-5.744712842874001406e-03,9.999820564562479364e-01,1.933232989590579487e-01,0.000000000000000000e+00,0.000000000000000000e+00,0.000000000000000000e+00,1.000000000000000056e-01
9.964788236591919368e-01,-8.383520688848856983e-02,1.269678997738004625e-03,1.941941046099053025e+01,8.382920008073839468e-02,9.964712317270637554e-01,4.213021976200352278e-03,1.107977854692411057e+00,-1.618398163774478630e-03,-4.091751008154760963e-03,9.999903191336757535e-01,2.112275602402524100e-01,0.000000000000000000e+00,0.000000000000000000e+00,0.000000000000000000e+00,1.000000000000000056e-01
9.963770930133341031e-01,-8.503934630380156900e-02,9.990488075590081563e-04,2.035590232086630280e+01,8.503331473772203497e-02,9.963654433444720793e-01,5.023812664603818923e-03,1.182814020616438366e+00,-1.422639453016965368e-03,-4.920659426910013387e-03,9.999868815178482029e-01,2.191825321504862756e-01,0.000000000000000000e+00,0.000000000000000000e+00,0.000000000000000000e+00,1.000000000000000056e-01
9.966160822340788261e-01,-8.209351947391940740e-02,4.127795147652172682e-03,2.128378823352790050e+01,8.206807650761049899e-02,9.966086893413360626e-01,5.995927591734350609e-03,1.275436711123123290e+00,-4.606023310487413445e-03,-5.636877657848241366e-03,9.999735047287671152e-01,2.327237278296009626e-01,0.000000000000000000e+00,0.000000000000000000e+00,0.000000000000000000e+00,1.000000000000000056e-01
9.967588621705590901e-01,-8.006123572091239371e-02,7.872053054501032543e-03,2.222842354600870252e+01,8.001479929558080739e-02,9.967753319092167441e-01,6.047279632915702509e-03,1.363337058503058419e+00,-8.330820976368367298e-03,-5.397798820932188206e-03,9.999507293810773190e-01,2.240671994658916810e-01,0.000000000000000000e+00,0.000000000000000000e+00,0.000000000000000000e+00,1.000000000000000056e-01
9.967950290210655373e-01,-7.912183448488198378e-02,1.180700752265857918e-02,2.318950452565417564e+01,7.905414894378583190e-02,9.968516962739514264e-01,6.094027446558976553e-03,1.450682928024874530e+00,-1.225200610785447640e-02,-5.141103334171274152e-03,9.999117248051652140e-01,2.337583425886074207e-01,0.000000000000000000e+00,0.000000000000000000e+00,0.000000000000000000e+00,1.000000000000000056e-01
9.968911038092097554e-01,-7.724485880866877041e-02,1.553573087061448955e-02,2.412014927009492027e+01,7.716981653268289998e-02,9.970034800498068783e-01,5.374028738886621470e-03,1.527386305196098526e+00,-1.590429383428888788e-02,-4.158431940424641565e-03,9.998648713108334585e-01,2.399350524265839169e-01,0.000000000000000000e+00,0.000000000000000000e+00,0.000000000000000000e+00,1.000000000000000056e-01
9.971152020004784289e-01,-7.496604352798412474e-02,1.188975429962929424e-02,2.507935262967255596e+01,7.492336355915001078e-02,9.971812883486463885e-01,3.995968007535334252e-03,1.591923256515734186e+00,-1.215580242224252421e-02,-3.093620063000951728e-03,9.999213298966960206e-01,2.426793685626592312e-01,0.000000000000000000e+00,0.000000000000000000e+00,0.000000000000000000e+00,1.000000000000000056e-01
9.971828251985659364e-01,-7.447483392417997283e-02,8.939364685043516695e-03,2.604288838576585263e+01,7.443996976352287853e-02,9.972167699670390073e-01,4.171881842927608469e-03,1.665426452760548459e+00,-9.225184584179847713e-03,-3.494682885665408457e-03,9.999513403965797353e-01,2.360044379493612954e-01,0.000000000000000000e+00,0.000000000000000000e+00,0.000000000000000000e+00,1.000000000000000056e-01
9.973391656546499728e-01,-7.247745681280970409e-02,7.849006639946644673e-03,2.698518943442988061e+01,7.244636464894865790e-02,9.973635669670956050e-01,4.176067028114032256e-03,1.741742045373759984e+00,-8.130983977243136721e-03,-3.596323208367548704e-03,9.999604759983979907e-01,2.496060465880429458e-01,0.000000000000000000e+00,0.000000000000000000e+00,0.000000000000000000e+00,1.000000000000000056e-01
9.973775430917221074e-01,-7.186463052837895049e-02,8.573879830017517786e-03,2.794054880426728005e+01,7.185972776186859423e-02,9.974143607433556546e-01,8.789248621883078393e-04,1.810710203529635409e+00,-8.614874480230643242e-03,-2.605032491635698587e-04,9.999628573480852101e-01,2.594138336375450549e-01,0.000000000000000000e+00,0.000000000000000000e+00,0.000000000000000000e+00,1.000000000000000056e-01
9.975010831305723968e-01,-6.922954745298358359e-02,1.410173438943148651e-02,2.894413680214002582e+01,6.929509725933578890e-02,9.975873076963738262e-01,-4.213433151179954775e-03,1.897586465783703602e+00,-1.377601717312273814e-02,5.180085188041239769e-03,9.998916881684187796e-01,2.645284841365607709e-01,0.000000000000000000e+00,0.000000000000000000e+00,0.000000000000000000e+00,1.000000000000000056e-01
9.974034821269560647e-01,-6.984334768107174074e-02,1.755564370007170125e-02,2.992377355020114038e+01,7.000395105354402514e-02,9.975087247435112658e-01,-8.705796773810326600e-03,1.931831677934803926e+00,-1.690386576839599322e-02,9.912156439181318140e-03,9.998079858036788004e-01,2.604200850438005976e-01,0.000000000000000000e+00,0.000000000000000000e+00,0.000000000000000000e+00,1.000000000000000056e-01
9.972287983187109184e-01,-7.161041228983945628e-02,2.016612643764255364e-02,3.083921627775685437e+01,7.190938042188731172e-02,9.973055994171085015e-01,-1.451145680564882440e-02,1.986781206092921526e+00,-1.907261941003559474e-02,1.592137628979137590e-02,9.996913248427630183e-01,2.687559520829695403e-01,0.000000000000000000e+00,0.000000000000000000e+00,0.000000000000000000e+00,1.000000000000000056e-01
9.974448208744526312e-01,-7.012131710868819978e-02,1.366858433320224456e-02,3.175427971622547219e+01,7.030784553502199274e-02,9.974315366414829853e-01,-1.367978688553031855e-02,2.052421339472412232e+00,-1.267423240100007051e-02,1.460584129561967939e-02,9.998129991318839282e-01,2.543154422102620327e-01,0.000000000000000000e+00,0.000000000000000000e+00,0.000000000000000000e+00,1.000000000000000056e-01
9.974853182221785630e-01,-6.989924108480179143e-02,1.171050925314230662e-02,3.274050461313229476e+01,7.006999779152962848e-02,9.974312790271815388e-01,-1.486738133283189815e-02,2.101643544505587879e+00,-1.064120955033807589e-02,1.565054995741567076e-02,9.998208964336243731e-01,2.586145868004648407e-01,0.000000000000000000e+00,0.000000000000000000e+00,0.000000000000000000e+00,1.000000000000000056e-01
9.972996138112212305e-01,-7.279144360026020000e-02,9.740946082339775949e-03,3.368967523053389357e+01,7.288591665808123732e-02,9.972928930512272583e-01,-9.722583114821442205e-03,2.183147432591172166e+00,-9.006855439061286703e-03,1.040630616998720372e-02,9.999052881883345734e-01,2.475517975707454965e-01,0.000000000000000000e+00,0.000000000000000000e+00,0.000000000000000000e+00,1.000000000000000056e-01
9.969793960771043961e-01,-7.684066086420508757e-02,1.129586808016639667e-02,3.464335640892046797e+01,7.697335091367012161e-02,9.969630548613451770e-01,-1.182245704815206022e-02,2.262091455891971137e+00,-1.035311773589476549e-02,1.265622690562331898e-02,9.998663074999877276e-01,2.600631322500106535e-01,0.000000000000000000e+00,0.000000000000000000e+00,0.000000000000000000e+00,1.000000000000000056e-01
9.969426791846802693e-01,-7.724643513093097658e-02,1.175936561360609381e-02,3.562118183364423629e+01,7.738299183899229050e-02,9.969335219518576929e-01,-1.163724119846713118e-02,2.338450187470301422e+00,-1.082437037975150090e-02,1.251163731202756951e-02,9.998631366030323875e-01,2.523113739359841845e-01,0.000000000000000000e+00,0.000000000000000000e+00,0.000000000000000000e+00,1.000000000000000056e-01
9.969745030869173741e-01,-7.675286171094476695e-02,1.228162911729807800e-02,3.659866953654127286e+01,7.688575111098190640e-02,9.969820605972469219e-01,-1.074021058301957536e-02,2.412262150164895314e+00,-1.142022200723005927e-02,1.165199838860476143e-02,9.998668958730744238e-01,2.543754709175656825e-01,0.000000000000000000e+00,0.000000000000000000e+00,0.000000000000000000e+00,1.000000000000000056e-01
9.969029613674177392e-01,-7.761888137002449783e-02,1.264099963368565255e-02,3.759640096887211058e+01,7.773234150143192023e-02,9.969359054613978754e-01,-8.745483781212523566e-03,2.496120289317589336e+00,-1.192345174760819568e-02,9.701013180526615876e-03,9.998818538415894519e-01,2.569181993081097182e-01,0.000000000000000000e+00,0.000000000000000000e+00,0.000000000000000000e+00,1.000000000000000056e-01
9.967876416384925387e-01,-7.859832761345920960e-02,1.538506981263139915e-02,3.858808712776287564e+01,7.876286463093522261e-02,9.968391609402681430e-01,-1.039703664662300006e-02,2.577044780831160065e+00,-1.451925039047051620e-02,1.157540981000609523e-02,9.998275857645803066e-01,2.736310664530827164e-01,0.000000000000000000e+00,0.000000000000000000e+00,0.000000000000000000e+00,1.000000000000000056e-01
9.966528564086182262e-01,-8.032954061213340435e-02,1.517394864845365496e-02,3.960838811823184358e+01,8.044454401613276850e-02,9.967336122245041841e-01,-7.126120959413475425e-03,2.632946847683498071e+00,-1.455194662506616513e-02,8.322930189261831119e-03,9.998594749676006366e-01,2.660341110286181809e-01,0.000000000000000000e+00,0.000000000000000000e+00,0.000000000000000000e+00,1.000000000000000056e-01
9.963231992009524696e-01,-8.397470912048003722e-02,1.698031101334291845e-02,4.062477187159114322e+01,8.417721805877904917e-02,9.963834610754706000e-01,-1.158423304111387032e-02,2.725213550450983568e+00,-1.594611845760115706e-02,1.297099546668800500e-02,9.997887149706878862e-01,2.772135059298795334e-01,0.000000000000000000e+00,0.000000000000000000e+00,0.000000000000000000e+00,1.000000000000000056e-01
9.964285755436539382e-01,-8.298219293912509342e-02,1.562208356969362576e-02,4.164703948876190509e+01,8.318389570529066690e-02,9.964528193442246939e-01,-1.273649544565472365e-02,2.818552106399694335e+00,-1.450976689461269502e-02,1.399051378469270100e-02,9.997968454584682529e-01,2.897562584735076108e-01,0.000000000000000000e+00,0.000000000000000000e+00,0.000000000000000000e+00,1.000000000000000056e-01
9.962894445025251011e-01,-8.473265568427297556e-02,1.509038878029068768e-02,4.270441621977438729e+01,8.493044871551187758e-02,9.963022454743837297e-01,-1.298670642167339129e-02,2.908511538985785183e+00,-1.393419010318466995e-02,1.422015201716797170e-02,9.998017931684144433e-01,2.986137445890817421e-01,0.000000000000000000e+00,0.000000000000000000e+00,0.000000000000000000e+00,1.000000000000000056e-01
9.964100171813055073e-01,-8.387167413757229406e-02,1.151607303343666483e-02,4.377770800353943059e+01,8.402568600481186145e-02,9.963706031752241898e-01,-1.361268598259632659e-02,2.988775667771664590e+00,-1.033255787166580467e-02,1.453146261051855084e-02,9.998410247845542775e-01,3.052418029877383421e-01,0.000000000000000000e+00,0.000000000000000000e+00,0.000000000000000000e+00,1.000000000000000056e-01
9.964423489874881801e-01,-8.335331527641999527e-02,1.244467664210408865e-02,4.481113562242330772e+01,8.353130082394417955e-02,9.963990535017324124e-01,-1.454125041086421974e-02,3.065504192699826103e+00,-1.118780259731749598e-02,1.552903774486513039e-02,9.998168242532039507e-01,3.129182931902288467e-01,0.000000000000000000e+00,0.000000000000000000e+00,0.000000000000000000e+00,1.000000000000000056e-01
9.964127237300562934e-01,-8.336287983078076447e-02,1.457100734915964084e-02,4.581816873690305414e+01,8.356982534185743161e-02,9.964004320942227988e-01,-1.422192725257724090e-02,3.163428971982732207e+00,-1.333297720623206027e-02,1.538860580965539619e-02,9.997926897762621223e-01,3.254546708703053293e-01,0.000000000000000000e+00,0.000000000000000000e+00,0.000000000000000000e+00,1.000000000000000056e-01
9.959968138653083614e-01,-8.852850095782421880e-02,1.237138991038307621e-02,4.676445679741298989e+01,8.867443384853634925e-02,9.959908681695904820e-01,-1.179132326870397512e-02,3.241086252920968303e+00,-1.127792320401947539e-02,1.284114640310774630e-02,9.998539460377491306e-01,3.388842284928154092e-01,0.000000000000000000e+00,0.000000000000000000e+00,0.000000000000000000e+00,1.000000000000000056e-01
9.962138690321208356e-01,-8.666544078210247637e-02,6.857734472577266260e-03,4.772090842712407266e+01,8.674512311383500429e-02,9.961542469132893540e-01,-1.232882689403257993e-02,3.344399184278116888e+00,-5.762878101963936350e-03,1.287702336183716746e-02,9.999004808006247691e-01,3.327305501293539303e-01,0.000000000000000000e+00,0.000000000000000000e+00,0.000000000000000000e+00,1.000000000000000056e-01
9.962770337778824592e-01,-8.606856729263628880e-02,4.926833763886195872e-03,4.866918208346522334e+01,8.612543036688519171e-02,9.962019395293066903e-01,-1.281038337312203311e-02,3.429964865644621774e+00,-3.805550007927880132e-03,1.318701642679232476e-02,9.999058057571706959e-01,3.402252561421577060e-01,0.000000000000000000e+00,0.000000000000000000e+00,0.000000000000000000e+00,1.000000000000000056e-01
9.963499766888102016e-01,-8.517207136987833827e-02,5.695806419783629171e-03,4.963550233028094283e+01,8.524519578732620007e-02,9.962596287176294085e-01,-1.414244613182470516e-02,3.534756258381387628e+00,-4.469960557736695622e-03,1.457636600718746449e-02,9.998837677483501940e-01,3.470152285347266607e-01,0.000000000000000000e+00,0.000000000000000000e+00,0.000000000000000000e+00,1.000000000000000056e-01
9.967559063092289451e-01,-7.996506937848406327e-02,9.124194044512206822e-03,5.064443781155125635e+01,8.010747606803693410e-02,9.966498886990159400e-01,-1.648610427748117141e-02,3.613987188970877451e+00,-7.775314506601611539e-03,1.716353796667008380e-02,9.998224629646955686e-01,3.627102987955556079e-01,0.000000000000000000e+00,0.000000000000000000e+00,0.000000000000000000e+00,1.000000000000000056e-01
9.968094712750776853e-01,-7.934346895368876718e-02,8.688608098838212362e-03,5.158877795848986381e+01,7.947317207501297665e-02,9.967122918887959537e-01,-1.576775564622626483e-02,3.698918235139358579e+00,-7.408974060930884065e-03,1.640795941544074057e-02,9.998379298522264147e-01,3.666624592531455007e-01,0.000000000000000000e+00,0.000000000000000000e+00,0.000000000000000000e+00,1.000000000000000056e-01
9.968807253668580115e-01,-7.776063423768234117e-02,1.349456020033550953e-02,5.253746997575208155e+01,7.799780686482313263e-02,9.967902654024398679e-01,-1.804186584617224060e-02,3.781124231308728767e+00,-1.204829931255210242e-02,1.903813441193522027e-02,9.997461617439640236e-01,3.932138134577315425e-01,0.000000000000000000e+00,0.000000000000000000e+00,0.000000000000000000e+00,1.000000000000000056e-01
9.970577776545312965e-01,-7.535042053266255424e-02,1.407487634610454091e-02,5.353555386544766037e+01,7.559161406916350967e-02,9.969857853606173270e-01,-1.747145303893597734e-02,3.877153681149647202e+00,-1.271597031397412106e-02,1.848399076022294585e-02,9.997482914136688326e-01,4.206275078162676206e-01,0.000000000000000000e+00,0.000000000000000000e+00,0.000000000000000000e+00,1.000000000000000056e-01
9.970645910826534397e-01,-7.497791506135222106e-02,1.550849645303111618e-02,5.450314005938245288e+01,7.528081527412010254e-02,9.969624289402823081e-01,-1.996782745208864479e-02,3.940094896199969110e+00,-1.396424222236321636e-02,2.107670596998573176e-02,9.996803351094838419e-01,4.153724953968522260e-01,0.000000000000000000e+00,0.000000000000000000e+00,0.000000000000000000e+00,1.000000000000000056e-01
9.969675096552875759e-01,-7.553179937918809428e-02,1.872783955175005496e-02,5.543911949077517676e+01,7.587167492627829024e-02,9.969523088176837078e-01,-1.815441783618702495e-02,4.015346182441914991e+00,-1.729952703443552245e-02,1.952027729392679170e-02,9.996597846961500222e-01,4.245163235989240502e-01,0.000000000000000000e+00,0.000000000000000000e+00,0.000000000000000000e+00,1.000000000000000056e-01
9.969635889042144372e-01,-7.426592510194092445e-02,2.341313238294554649e-02,5.638329729376912525e+01,7.464750647359562341e-02,9.970837394016097699e-01,-1.586714839463133214e-02,4.100022239625328524e+00,-2.216646513323519696e-02,1.756670116031047724e-02,9.995999493966780669e-01,4.355596489483318234e-01,0.000000000000000000e+00,0.000000000000000000e+00,0.000000000000000000e+00,1.000000000000000056e-01
9.968873237682128741e-01,-7.463220838802422930e-02,2.541057223631311424e-02,5.734078397238808122e+01,7.500705049077036057e-02,9.970828713427989376e-01,-1.413117303957456272e-02,4.166203836596192644e+00,-2.428180567678993318e-02,1.599315934785551160e-02,9.995772170108464527e-01,4.201563804497059351e-01,0.000000000000000000e+00,0.000000000000000000e+00,0.000000000000000000e+00,1.000000000000000056e-01
9.969086948048470065e-01,-7.535227051798229492e-02,2.225060786318656600e-02,5.822616793507454958e+01,7.560645065452548108e-02,9.970791274180234032e-01,-1.081102616488134258e-02,4.233739974323626143e+00,-2.137098130459355247e-02,1.245989546897412203e-02,9.996939692540817157e-01,4.216755004053232003e-01,0.000000000000000000e+00,0.000000000000000000e+00,0.000000000000000000e+00,1.000000000000000056e-01
9.970608380452951058e-01,-7.488695440545126147e-02,1.617495892698411764e-02,5.912719170887661591e+01,7.500110179938332400e-02,9.971618151686868492e-01,-6.568797330415980518e-03,4.312647613009986891e+00,-1.563713417772892578e-02,7.762630312297834692e-03,9.998475991896677018e-01,4.255068489438881274e-01,0.000000000000000000e+00,0.000000000000000000e+00,0.000000000000000000e+00,1.000000000000000056e-01
9.971448675247299720e-01,-7.491639718196409226e-02,9.468188969541262157e-03,6.011335730384306686e+01,7.498286942169717084e-02,9.971611446199183382e-01,-6.871750401677028698e-03,4.375930345636268370e+00,-8.926503367918094123e-03,7.562082621106316037e-03,9.999315638802758199e-01,4.292036929851043570e-01,0.000000000000000000e+00,0.000000000000000000e+00,0.000000000000000000e+00,1.000000000000000056e-01
9.972934048096973036e-01,-7.291074869931848945e-02,9.480899070551536065e-03,6.103620664802876661e+01,7.294903211237394047e-02,9.973285959117157429e-01,-3.756393301212792787e-03,4.457142875650102809e+00,-9.181690310013325071e-03,4.437848675922685324e-03,9.999479996790736624e-01,4.363630445793591495e-01,0.000000000000000000e+00,0.000000000000000000e+00,0.000000000000000000e+00,1.000000000000000056e-01
9.970851628144757894e-01,-7.549930140449957749e-02,1.100152637877037896e-02,6.197970514250509666e+01,7.553163364105776323e-02,9.971401377263691135e-01,-2.553048090149677256e-03,4.536944394003135983e+00,-1.077731018126898595e-02,3.376569630573794840e-03,9.999362221475860402e-01,4.376492541456945551e-01,0.000000000000000000e+00,0.000000000000000000e+00,0.000000000000000000e+00,1.000000000000000056e-01
9.971916610268067860e-01,-7.389286849058679385e-02,1.219160222575072124e-02,6.285384501642268162e+01,7.394042470255077215e-02,9.972565303438286621e-01,-3.496609986068370535e-03,4.605835997120303560e+00,-1.189978039312084186e-02,4.388242566347009752e-03,9.999195660420764353e-01,4.482417503359721334e-01,0.000000000000000000e+00,0.000000000000000000e+00,0.000000000000000000e+00,1.000000000000000056e-01
9.973694281826227526e-01,-7.110191264273763023e-02,1.409757940969219581e-02,6.365872316013788890e+01,7.114613330823502113e-02,9.974623567351584841e-01,-2.659814209721771995e-03,4.680971761490787308e+00,-1.387268690466707255e-02,3.655805641427607895e-03,9.998970865259870777e-01,4.495564079593747375e-01,0.000000000000000000e+00,0.000000000000000000e+00,0.000000000000000000e+00,1.000000000000000056e-01
9.972702784365162776e-01,-7.251545221590181833e-02,1.391046142572332361e-02,6.446299169989435995e+01,7.253249186088352174e-02,9.973657873900449999e-01,-7.237183750743310081e-04,4.753328535327583815e+00,-1.382133754757991842e-02,1.730703255562412481e-03,9.999029829411636427e-01,4.607830355995045646e-01,0.000000000000000000e+00,0.000000000000000000e+00,0.000000000000000000e+00,1.000000000000000056e-01
9.971757503330155314e-01,-7.336658623795051792e-02,1.605823687634423333e-02,6.524453966186165133e+01,7.337173698423844759e-02,9.973046254157806878e-01,2.689539089767345914e-04,4.817388223602757868e+00,-1.603468614295733632e-02,9.100264165328548430e-04,9.998710220284504624e-01,4.613880222093855732e-01,0.000000000000000000e+00,0.000000000000000000e+00,0.000000000000000000e+00,1.000000000000000056e-01
9.965976028769285566e-01,-8.123586039351404775e-02,1.392669831960765409e-02,6.605780852965979477e+01,8.124659557241564745e-02,9.966940093772090892e-01,-2.058627605895685560e-04,4.883662891929344774e+00,-1.386393334707711547e-02,1.336659159757394837e-03,9.999029976424905763e-01,4.662405281053550454e-01,0.000000000000000000e+00,0.000000000000000000e+00,0.000000000000000000e+00,1.000000000000000056e-01
9.965070141223928424e-01,-8.244280309439074028e-02,1.330244424204550871e-02,6.680488170536681025e+01,8.242384573614434939e-02,9.965954226561442031e-01,1.968043415581016264e-03,4.947348759967028720e+00,-1.341940605755309254e-02,-8.647304556038537668e-04,9.999095818034257066e-01,4.703212384044041516e-01,0.000000000000000000e+00,0.000000000000000000e+00,0.000000000000000000e+00,1.000000000000000056e-01
9.963608623235243877e-01,-8.362848973574642242e-02,1.647142174923087871e-02,6.758798696056425115e+01,8.357451100633823959e-02,9.964937424426660861e-01,3.939845512305339623e-03,5.033370944158109594e+00,-1.674315203222885573e-02,-2.548916853790880472e-03,9.998565746560343914e-01,4.802667388264411086e-01,0.000000000000000000e+00,0.000000000000000000e+00,0.000000000000000000e+00,1.000000000000000056e-01
9.966723027456807493e-01,-7.922475374842379015e-02,1.917705225324277743e-02,6.832522286734666750e+01,7.910474040538402474e-02,9.968421587440258191e-01,6.939063045349504188e-03,5.114411595422472701e+00,-1.966623972748211477e-02,-5.398976204072692547e-03,9.997920234083331747e-01,4.774530648092958907e-01,0.000000000000000000e+00,0.000000000000000000e+00,0.000000000000000000e+00,1.000000000000000056e-01
9.962041462371196143e-01,-8.439943126270549323e-02,2.130809758058033881e-02,6.904804814869284257e+01,8.420661551343780471e-02,9.964002100569716580e-01,9.791184922915462455e-03,5.204206130250687679e+00,-2.205776334408673933e-02,-7.959736236492013714e-03,9.997250110281835633e-01,4.853661337350893001e-01,0.000000000000000000e+00,0.000000000000000000e+00,0.000000000000000000e+00,1.000000000000000056e-01
9.963374109566570658e-01,-8.415484277276487346e-02,1.515671356451248411e-02,6.972801681196794732e+01,8.394344551336412052e-02,9.963710008066343216e-01,1.408285151987302523e-02,5.279081441943411335e+00,-1.628685001865990203e-02,-1.275896506293299100e-02,9.997859507549565761e-01,4.816984758931475707e-01,0.000000000000000000e+00,0.000000000000000000e+00,0.000000000000000000e+00,1.000000000000000056e-01
9.963082217827163856e-01,-8.532041899953424213e-02,9.505435808290042116e-03,7.041612815627362920e+01,8.518834545400125191e-02,9.962730327849677048e-01,1.352737758223445871e-02,5.354155227873052425e+00,-1.062417088394910364e-02,-1.266768515501194917e-02,9.998633190320775910e-01,4.888638544435540689e-01,0.000000000000000000e+00,0.000000000000000000e+00,0.000000000000000000e+00,1.000000000000000056e-01
9.966475995043175828e-01,-8.152291354146608271e-02,6.897606105895599284e-03,7.115568512275940805e+01,8.143792839299453246e-02,9.966083711953925839e-01,1.181601804010710792e-02,5.429351429556793285e+00,-7.837488203432062955e-03,-1.121467926323745264e-02,9.999063979931740453e-01,4.986863111042516561e-01,0.000000000000000000e+00,0.000000000000000000e+00,0.000000000000000000e+00,1.000000000000000056e-01
9.968348991111845026e-01,-7.932556433348490754e-02,5.257257571090656091e-03,7.186564386704611707e+01,7.926819956366122633e-02,9.967996449873397502e-01,1.034506119116592078e-02,5.494918219259084857e+00,-6.061060297523839825e-03,-9.895584686492127705e-03,9.999326682091060903e-01,5.014778373041193227e-01,0.000000000000000000e+00,0.000000000000000000e+00,0.000000000000000000e+00,1.000000000000000056e-01
9.968868338378183980e-01,-7.836539249707093202e-02,8.689406170146959235e-03,7.254140055056566894e+01,7.825470330249752193e-02,9.968560196115756611e-01,1.242085243467217458e-02,5.566521487064755469e+00,-9.635451823752246708e-03,-1.170219735544736177e-02,9.998851017217960102e-01,5.105303443907776018e-01,0.000000000000000000e+00,0.000000000000000000e+00,0.000000000000000000e+00,1.000000000000000056e-01
9.968527605979206063e-01,-7.837714733871274653e-02,1.189943121962475960e-02,7.312962089527499643e+01,7.821068216279943031e-02,9.968404452599106680e-01,1.386419451870951093e-02,5.603690570443060182e+00,-1.294847033183589742e-02,-1.288989794640597007e-02,9.998330798923372731e-01,5.332022599238604998e-01,0.000000000000000000e+00,0.000000000000000000e+00,0.000000000000000000e+00,1.000000000000000056e-01
9.968319695003361458e-01,-7.902224994426322591e-02,9.028211108930076292e-03,7.371450762695015158e+01,7.893161130665800329e-02,9.968299736327732585e-01,9.990215404049210962e-03,5.632506449087416378e+00,-9.789040740321683018e-03,-9.245954846906451891e-03,9.999093393905036375e-01,5.410848189623260751e-01,0.000000000000000000e+00,0.000000000000000000e+00,0.000000000000000000e+00,1.000000000000000056e-01
9.967974139982298531e-01,-7.965915619331020991e-02,7.023836630453724264e-03,7.434085290936312163e+01,7.961371446609041835e-02,9.968044129804530806e-01,6.528302352536650630e-03,5.669475815069138669e+00,-7.521430406067900615e-03,-5.948201178853683782e-03,9.999540224367231556e-01,5.533057999445541997e-01,0.000000000000000000e+00,0.000000000000000000e+00,0.000000000000000000e+00,1.000000000000000056e-01
9.969394750862583532e-01,-7.815611513924246301e-02,1.817878179967240097e-03,7.496142760082818768e+01,7.814602388167619929e-02,9.969289683895785625e-01,5.082414502495548152e-03,5.686713897048977451e+00,-2.209517191655062732e-03,-4.924799694623001149e-03,9.999854320847617606e-01,5.667965746543385253e-01,0.000000000000000000e+00,0.000000000000000000e+00,0.000000000000000000e+00,1.000000000000000056e-01
9.974215595767451648e-01,-7.171977654375379096e-02,2.550714411194864983e-03,7.557286806391310563e+01,7.171038757414453790e-02,9.974190012095853763e-01,3.599491636216008497e-03,5.742684378746683471e+00,-2.802285756205400661e-03,-3.407297842460282195e-03,9.999902687106276833e-01,5.881265063786451641e-01,0.000000000000000000e+00,0.000000000000000000e+00,0.000000000000000000e+00,1.000000000000000056e-01
9.977142812747438194e-01,-6.738893871242723765e-02,4.994384810363682557e-03,7.614413753448098987e+01,6.735674802584612486e-02,9.977087129903988716e-01,6.355510870465673479e-03,5.801126932025988836e+00,-5.411232373862723093e-03,-6.004578441044700760e-03,9.999673312673476033e-01,5.826614750760819028e-01,0.000000000000000000e+00,0.000000000000000000e+00,0.000000000000000000e+00,1.000000000000000056e-01
9.979074729805670341e-01,-6.415771147631808835e-02,8.028911984845898964e-03,7.669310128001077942e+01,6.412353028714330716e-02,9.979320696839903970e-01,4.444902669470601926e-03,5.819574516565248601e+00,-8.297483537356074162e-03,-3.920759409702910710e-03,9.999578888196235527e-01,5.926896149609230946e-01,0.000000000000000000e+00,0.000000000000000000e+00,0.000000000000000000e+00,1.000000000000000056e-01
9.983131938827919383e-01,-5.693042691011184625e-02,1.138830151390181171e-02,7.726143312167764066e+01,5.693746321827884010e-02,9.983777034038168186e-01,-2.943270077221769453e-04,5.811880746611022275e+00,-1.135307014891870185e-02,9.422515336915452365e-04,9.999351078746264720e-01,6.092945107394704962e-01,0.000000000000000000e+00,0.000000000000000000e+00,0.000000000000000000e+00,1.000000000000000056e-01
9.987975694118657044e-01,-4.684792709726961352e-02,1.444600511000005902e-02,7.781180853051905899e+01,4.693839949669758455e-02,9.988798349833544199e-01,-5.988481970833431367e-03,5.827552362210207448e+00,-1.414927523365263479e-02,6.659353595919728294e-03,9.998777180335837178e-01,6.129810883027900781e-01,0.000000000000000000e+00,0.000000000000000000e+00,0.000000000000000000e+00,1.000000000000000056e-01
9.993004941417967801e-01,-3.454115773824111002e-02,1.433285840517250359e-02,7.831538682752842817e+01,3.454874603972923897e-02,9.994029740649491567e-01,-2.820943402831175878e-04,5.863661843020915754e+00,-1.431455745187642029e-02,7.770792987032270477e-04,9.998972395165017790e-01,6.152065043982922754e-01,0.000000000000000000e+00,0.000000000000000000e+00,0.000000000000000000e+00,1.000000000000000056e-01
9.997559612721106381e-01,-1.565252573285452059e-02,1.558898133491717734e-02,7.882756566726713743e+01,1.561983507442509661e-02,9.998755459814280266e-01,2.216596622973515587e-03,5.878088527024440957e+00,-1.562173655922505407e-02,-1.972558370123703945e-03,9.998760274955843519e-01,6.165382091884560323e-01,0.000000000000000000e+00,0.000000000000000000e+00,0.000000000000000000e+00,1.000000000000000056e-01
9.999026528292850324e-01,8.003861914270536150e-04,1.392997655787416370e-02,7.932732602381953768e+01,-8.775849603668947792e-04,9.999842873495544682e-01,5.536686612134898190e-03,5.884129448925374817e+00,-1.392532619351118453e-02,-5.548372369283525833e-03,9.998876441153056183e-01,6.259426657692628293e-01,0.000000000000000000e+00,0.000000000000000000e+00,0.000000000000000000e+00,1.000000000000000056e-01
9.996466145365658917e-01,2.306557982072963281e-02,1.321457805289492048e-02,7.984956620748828016e+01,-2.312763684527786162e-02,9.997221086091152564e-01,4.562671596484289827e-03,5.872240526637685143e+00,-1.310566516951536080e-02,-4.866681176938600362e-03,9.999022737021786567e-01,6.366216876002828151e-01,0.000000000000000000e+00,0.000000000000000000e+00,0.000000000000000000e+00,1.000000000000000056e-01
9.987148440266435667e-01,4.852593239925086926e-02,1.462512241386196461e-02,8.035924907672128370e+01,-4.860147002326379445e-02,9.988064540484328235e-01,4.854324131501764478e-03,5.834268144108332166e+00,-1.437210605356441760e-02,-5.558888016431432280e-03,9.998812636166385381e-01,6.542772855212026784e-01,0.000000000000000000e+00,0.000000000000000000e+00,0.000000000000000000e+00,1.000000000000000056e-01
9.973332620638358792e-01,7.139348364093317523e-02,1.514380648053238569e-02,8.081624671581585062e+01,-7.149239982878954902e-02,9.974225311841553587e-01,6.093525491306655759e-03,5.837914464050347974e+00,-1.466973577909641731e-02,-7.159942723550040064e-03,9.998667581594894438e-01,6.485855367876428579e-01,0.000000000000000000e+00,0.000000000000000000e+00,0.000000000000000000e+00,1.000000000000000056e-01
9.944273555467884051e-01,1.042960429470814882e-01,1.538083111544591083e-02,8.130796941049673876e+01,-1.043203111928415888e-01,9.945434436897083730e-01,7.818480955339297519e-04,5.761477687186153496e+00,-1.521536108181549551e-02,-2.382024222448956771e-03,9.998814023411745078e-01,6.456868914443493201e-01,0.000000000000000000e+00,0.000000000000000000e+00,0.000000000000000000e+00,1.000000000000000056e-01
