1.000000000000000000e+00,-7.593490255479501510e-11,3.646025956019087699e-11,-9.324288268068847811e-17,7.593490255540684441e-11,1.000000000000000000e+00,-1.678044948507822091e-11,8.889784955130118524e-17,-3.646025955891665695e-11,1.678044948784682673e-11,1.000000000000000000e+00,-1.218080090380609497e-17,0.000000000000000000e+00,0.000000000000000000e+00,0.000000000000000000e+00,1.000000000000000056e-01
9.999687266224941418e-01,-7.907069769040615120e-03,1.549988872365293854e-04,6.506580687725304069e-01,7.907249589288751351e-03,9.999680219202810028e-01,-1.196052161542545799e-03,2.804055042748059608e-03,-1.455366627810282586e-04,1.197240371839222630e-03,9.999992727170214923e-01,8.424731014368852869e-03,0.000000000000000000e+00,0.000000000000000000e+00,0.000000000000000000e+00,1.000000000000000056e-01
9.999487065802148411e-01,-1.007524758433125944e-02,1.036144135650472970e-03,1.333264744356662312e+00,1.007547552185267953e-02,9.999492179941378289e-01,-2.150021412732691509e-04,-7.541834106601414192e-03,-1.033925318368412788e-03,2.254307579540396620e-04,9.999994400895479973e-01,5.827938828043128378e-03,0.000000000000000000e+00,0.000000000000000000e+00,0.000000000000000000e+00,1.000000000000000056e-01
9.999078988101463006e-01,-1.357016973204051499e-02,-2.106905831775674929e-04,2.063473259646079860e+00,1.356982608337242713e-02,9.999067168844557596e-01,-1.554782755188878225e-03,6.209694443098257716e-03,2.317695951879155238e-04,1.551780523276037518e-03,9.999987691292736569e-01,3.527248500499926848e-03,0.000000000000000000e+00,0.000000000000000000e+00,0.000000000000000000e+00,1.000000000000000056e-01
9.998338928031823558e-01,-1.822418871649069197e-02,2.564130657420262836e-04,2.794926176951264551e+00,1.822464563361629250e-02,9.998320939282320241e-01,-1.909513711924119535e-03,4.448519628978050977e-02,-2.215706741885757700e-04,1.913869565213124251e-03,9.999981440031394664e-01,-8.716964115175120098e-03,0.000000000000000000e+00,0.000000000000000000e+00,0.000000000000000000e+00,1.000000000000000056e-01
9.997315822040419020e-01,-2.311790968603450597e-02,-1.525055917471841542e-03,3.544831547349452272e+00,2.311602017882079946e-02,9.997320136563565551e-01,-1.245183399662314928e-03,5.688761060354348420e-02,1.553433260688609485e-03,1.209595946916504784e-03,9.999980618594966897e-01,-6.572618311015787466e-03,0.000000000000000000e+00,0.000000000000000000e+00,0.000000000000000000e+00,1.000000000000000056e-01
9.996007096974824924e-01,-2.821939323194765092e-02,-1.444651483927016870e-03,4.302862652639731778e+00,2.821856307840244632e-02,9.996016018528540714e-01,-5.918369694755176496e-04,9.480138045979714934e-02,1.460777217623382765e-03,5.508346656874324150e-04,9.999987813548032456e-01,6.343712156989634449e-03,0.000000000000000000e+00,0.000000000000000000e+00,0.000000000000000000e+00,1.000000000000000056e-01
9.994291031138645698e-01,-3.378495138766160477e-02,-2.119168457977201189e-04,5.107697610447766934e+00,3.378534650668947592e-02,9.994265237055397488e-01,2.274659377384670011e-03,1.410214148826930414e-01,1.349460600218286720e-04,-2.280520465494982694e-03,9.999973905045789202e-01,1.036450672226277292e-02,0.000000000000000000e+00,0.000000000000000000e+00,0.000000000000000000e+00,1.000000000000000056e-01
9.994098647710768502e-01,-3.429905410805858534e-02,1.870049611743197912e-03,5.883521623663882316e+00,3.428869020969169124e-02,9.993978215911722973e-01,5.317887035579138034e-03,1.844430100310485987e-01,-2.051322003417441631e-03,-5.250627211282193028e-03,9.999841113697389705e-01,2.154945293241411486e-02,0.000000000000000000e+00,0.000000000000000000e+00,0.000000000000000000e+00,1.000000000000000056e-01
9.992284131485699161e-01,-3.909642612837110204e-02,3.748042232925554752e-03,6.689168340363016441e+00,3.907918783714672134e-02,9.992256790478936113e-01,4.567210227792496170e-03,2.160152771795747495e-01,-3.923701642578851165e-03,-4.417215781990957608e-03,9.999825462327607273e-01,2.675368847477987283e-02,0.000000000000000000e+00,0.000000000000000000e+00,0.000000000000000000e+00,1.000000000000000056e-01
9.990471168180927730e-01,-4.333736713387218581e-02,5.170201868401916485e-03,7.524006733188893570e+00,4.332415036301571348e-02,9.990575759707138737e-01,2.641569768932470075e-03,2.510192603103053588e-01,-5.279808024810838697e-03,-2.415058058372030175e-03,9.999831454188594648e-01,3.519115866424060018e-02,0.000000000000000000e+00,0.000000000000000000e+00,0.000000000000000000e+00,1.000000000000000056e-01
9.989101731064745637e-01,-4.623605196177125315e-02,6.379150678687635703e-03,8.368335565099927820e+00,4.621704213075799456e-02,9.989266238893097505e-01,3.095981555059265297e-03,3.053757068116664253e-01,-6.515449414795045080e-03,-2.797781995423343632e-03,9.999748603514136969e-01,3.345344583446156067e-02,0.000000000000000000e+00,0.000000000000000000e+00,0.000000000000000000e+00,1.000000000000000056e-01
9.987642647778721683e-01,-4.934382317176096849e-02,5.927100261548136698e-03,9.224206589680720825e+00,4.932184074249445355e-02,9.987757104569059408e-01,3.799503530051004472e-03,3.767666510587511786e-01,-6.107325805004370708e-03,-3.502472854547446657e-03,9.999752163205919420e-01,3.627027412554974933e-02,0.000000000000000000e+00,0.000000000000000000e+00,0.000000000000000000e+00,1.000000000000000056e-01
9.986662354527612306e-01,-5.124987190676570659e-02,6.261053916887144265e-03,1.001192932876429431e+01,5.124098590634403039e-02,9.986850811831459174e-01,1.571618770286770670e-03,4.374135300380552205e-01,-6.333366399941957152e-03,-1.248700025375112975e-03,9.999791643920841189e-01,4.402243424673751848e-02,0.000000000000000000e+00,0.000000000000000000e+00,0.000000000000000000e+00,1.000000000000000056e-01
9.984471748895262788e-01,-5.519534213924500582e-02,7.530814116381890494e-03,1.085100319117978707e+01,5.518045681796637097e-02,9.984740389672487337e-01,2.170413276244868069e-03,4.971094669619814943e-01,-7.639119090861293954e-03,-1.751489240856266959e-03,9.999692876008516862e-01,3.742243800865397568e-02,0.000000000000000000e+00,0.000000000000000000e+00,0.000000000000000000e+00,1.000000000000000056e-01
9.983548376633791799e-01,-5.683044622724713751e-02,7.610420207838804879e-03,1.166562352705237338e+01,5.681589399587613082e-02,9.983824320926467655e-01,2.115059862282018654e-03,5.591464479454126835e-01,-7.718309632119958394e-03,-1.679187417664250578e-03,9.999688035264095998e-01,5.759148069496565492e-02,0.000000000000000000e+00,0.000000000000000000e+00,0.000000000000000000e+00,1.000000000000000056e-01
9.982631260123095984e-01,-5.852317601685032289e-02,6.765287357709290177e-03,1.254237109946225104e+01,5.848764242452449136e-02,9.982738707510221410e-01,5.336165232866358493e-03,6.380993632131899407e-01,-7.065898934501443386e-03,-4.931211278402517634e-03,9.999628774247447671e-01,5.834425545704385180e-02,0.000000000000000000e+00,0.000000000000000000e+00,0.000000000000000000e+00,1.000000000000000056e-01
9.980421122211708962e-01,-6.237906836768915969e-02,4.560050732496581140e-03,1.346155298237455256e+01,6.234516185727565635e-02,9.980284324516510708e-01,7.233865570382243086e-03,7.049223445318356651e-01,-5.002302079431111999e-03,-6.935405372393410768e-03,9.999634378947195312e-01,5.781935386443887853e-02,0.000000000000000000e+00,0.000000000000000000e+00,0.000000000000000000e+00,1.000000000000000056e-01
9.983859651237551036e-01,-5.670566424040226344e-02,3.151553103286430270e-03,1.434552726036084458e+01,5.666748608632823231e-02,9.983312826906820536e-01,1.111062652748547389e-02,7.747028489928273753e-01,-3.776329509439839416e-03,-1.091410299714237059e-02,9.999333086217320199e-01,6.720974602230148087e-02,0.000000000000000000e+00,0.000000000000000000e+00,0.000000000000000000e+00,1.000000000000000056e-01
9.971892041930311423e-01,-7.482037598358338981e-02,3.949984625860898831e-03,1.534386870555950999e+01,7.476047437862796963e-02,9.971087877101920682e-01,1.359915224540087821e-02,9.367205879083392306e-01,-4.956058065824942883e-03,-1.326562508087352453e-02,9.998997253123244056e-01,6.909440792897776629e-02,0.000000000000000000e+00,0.000000000000000000e+00,0.000000000000000000e+00,1.000000000000000056e-01
9.972962211164521085e-01,-7.339993242407526208e-02,3.563322464468974410e-03,1.628880414561275813e+01,7.334277770995216439e-02,9.972064461810762337e-01,1.414710757352207089e-02,1.028298528092200126e+00,-4.591764871282943278e-03,-1.384751295538107392e-02,9.998935753770584745e-01,7.269961015634811285e-02,0.000000000000000000e+00,0.000000000000000000e+00,0.000000000000000000e+00,1.000000000000000056e-01
9.968944316849492893e-01,-7.852276251094708615e-02,5.972256122388885924e-03,1.719341116838505101e+01,7.844867170508570964e-02,9.968487155433883862e-01,1.176623249831943406e-02,1.115820753633167017e+00,-6.877352924613623283e-03,-1.126117609960116013e-02,9.999129401750954660e-01,7.825894601534710837e-02,0.000000000000000000e+00,0.000000000000000000e+00,0.000000000000000000e+00,1.000000000000000056e-01
9.965726970835659948e-01,-8.250272072968949100e-02,6.013360107791157656e-03,1.804158643179100707e+01,8.243039510133236270e-02,9.965313955667166601e-01,1.141961528643937844e-02,1.183387453591823180e+00,-6.934651471079945027e-03,-1.088479315609179425e-02,9.999167124750559799e-01,8.580898322825825097e-02,0.000000000000000000e+00,0.000000000000000000e+00,0.000000000000000000e+00,1.000000000000000056e-01
9.963645321425264045e-01,-8.496060596648143115e-02,6.278098614453392866e-03,1.893905978209239294e+01,8.490810345532366632e-02,9.963550144914218309e-01,8.203600759345975116e-03,1.249261930183208191e+00,-6.952197927603406651e-03,-7.640715385811093323e-03,9.999466417826345932e-01,8.661612173262210612e-02,0.000000000000000000e+00,0.000000000000000000e+00,0.000000000000000000e+00,1.000000000000000056e-01
9.960674490403631509e-01,-8.812117365182295381e-02,9.181269871252470058e-03,1.986816159409520210e+01,8.804581139376951859e-02,9.960817371900927419e-01,8.313118090088156970e-03,1.337037041387444836e+00,-9.877856965772988454e-03,-7.472053974125813201e-03,9.999232952337752112e-01,9.065053886102900083e-02,0.000000000000000000e+00,0.000000000000000000e+00,0.000000000000000000e+00,1.000000000000000056e-01
9.959636463446712717e-01,-8.902531725893626791e-02,1.144150544169047698e-02,2.079409144151826894e+01,8.894127547978346315e-02,9.960074436814297938e-01,7.656477467654735324e-03,1.406618793705793014e+00,-1.207744492248916113e-02,-6.607951129448391171e-03,9.999052306623938957e-01,8.862151892102503037e-02,0.000000000000000000e+00,0.000000000000000000e+00,0.000000000000000000e+00,1.000000000000000056e-01
9.961732690551927671e-01,-8.639421485362495934e-02,1.322337550386663840e-02,2.170646398579915726e+01,8.635583680850898725e-02,9.962583928580487358e-01,3.447333607285211609e-03,1.506292537326590519e+00,-1.347172850798058694e-02,-2.292225932023596920e-03,9.999066247561738674e-01,8.952877411976770117e-02,0.000000000000000000e+00,0.000000000000000000e+00,0.000000000000000000e+00,1.000000000000000056e-01
9.961282506489654853e-01,-8.634065408365677874e-02,1.654689431398271779e-02,2.264710809826634375e+01,8.631526495094192508e-02,9.962653464008919268e-01,2.243790801200734510e-03,1.618181518628128313e+00,-1.667882776098150374e-02,-8.068538387956758831e-04,9.998605731257745877e-01,8.752117725949493110e-02,0.000000000000000000e+00,0.000000000000000000e+00,0.000000000000000000e+00,1.000000000000000056e-01
9.966030761519436565e-01,-8.016961707177358565e-02,1.884518779552069034e-02,2.360092147868797952e+01,8.012961901438989121e-02,9.967803225569296099e-01,2.869271669270339730e-03,1.717335880439147422e+00,-1.901454078046532076e-02,-1.349467253600739828e-03,9.998182965804534028e-01,8.925044165445573940e-02,0.000000000000000000e+00,0.000000000000000000e+00,0.000000000000000000e+00,1.000000000000000056e-01
9.973469738878686375e-01,-7.052208038899733522e-02,1.804577109238674967e-02,2.451838026006373283e+01,7.049047668787243592e-02,9.975096078167519087e-01,2.382227861983852134e-03,1.799355449170569887e+00,-1.816882970990531601e-02,-1.103852742758391686e-03,9.998343238437530367e-01,8.338443316104036940e-02,0.000000000000000000e+00,0.000000000000000000e+00,0.000000000000000000e+00,1.000000000000000056e-01
9.973580489493836243e-01,-7.098286256379572612e-02,1.543876349090879223e-02,2.545434402258062434e+01,7.097540015292173876e-02,9.974775329421099457e-01,1.031430489454469423e-03,1.865883997695107377e+00,-1.547303360726547290e-02,6.706691604435295953e-05,9.998802832004525243e-01,9.037628350060632199e-02,0.000000000000000000e+00,0.000000000000000000e+00,0.000000000000000000e+00,1.000000000000000056e-01
9.977018359917306789e-01,-6.719908357028978041e-02,8.679264141789315434e-03,2.636791868774253089e+01,6.719137895176274800e-02,9.977394119795787164e-01,1.176595599677986636e-03,1.941574142508355694e+00,-8.738710047275510123e-03,-5.907198640451066969e-04,9.999616422627178869e-01,8.258856941974226928e-02,0.000000000000000000e+00,0.000000000000000000e+00,0.000000000000000000e+00,1.000000000000000056e-01
9.977778990335867126e-01,-6.588996695926602198e-02,9.888197723972078079e-03,2.730043124294416401e+01,6.591408488491837248e-02,9.978230223251738362e-01,-2.132963112533808100e-03,2.010442804190517130e+00,-9.726130469272536994e-03,2.779994957276875431e-03,9.999488356981731663e-01,8.880654971363764749e-02,0.000000000000000000e+00,0.000000000000000000e+00,0.000000000000000000e+00,1.000000000000000056e-01
9.978514153141117005e-01,-6.475702425824880759e-02,9.953932129604776968e-03,2.825379912776169178e+01,6.480709472951715067e-02,9.978863026032087635e-01,-4.792447142804765435e-03,2.055453160566590665e+00,-9.622547913291611132e-03,5.427235586720286810e-03,9.999389739806837651e-01,9.198516015634462806e-02,0.000000000000000000e+00,0.000000000000000000e+00,0.000000000000000000e+00,1.000000000000000056e-01
9.978454343856546505e-01,-6.371389314738210019e-02,1.565339885482326318e-02,2.924354336196975268e+01,6.384611596323744309e-02,9.979269064188648342e-01,-8.097093409547307177e-03,2.117491249106547624e+00,-1.510505054983411061e-02,9.079056409014808413e-03,9.998446920310217756e-01,9.404538257210770524e-02,0.000000000000000000e+00,0.000000000000000000e+00,0.000000000000000000e+00,1.000000000000000056e-01
9.977731165432549565e-01,-6.367136443945950464e-02,1.986870035955210292e-02,3.019940765906267899e+01,6.392636162984707826e-02,9.978766589803461651e-01,-1.247372241922431457e-02,2.170822133555450062e+00,-1.903229340700036618e-02,1.371607861742471512e-02,9.997247826252135816e-01,9.136268100522716706e-02,0.000000000000000000e+00,0.000000000000000000e+00,0.000000000000000000e+00,1.000000000000000056e-01
9.977758000679030070e-01,-6.196824314143091483e-02,2.456399073482273474e-02,3.112526969877951899e+01,6.241464919522951571e-02,9.978908013125413756e-01,-1.784265175501046144e-02,2.220437670923935514e+00,-2.340650261556373110e-02,1.933611899473736476e-02,9.995390188169389623e-01,9.781177012769100287e-02,0.000000000000000000e+00,0.000000000000000000e+00,0.000000000000000000e+00,1.000000000000000056e-01
9.977838574447245312e-01,-6.365366388078007309e-02,1.938001282967472677e-02,3.209139491901871111e+01,6.404901576840683897e-02,9.977359233694217400e-01,-2.051221093070437415e-02,2.265169868680415366e+00,-1.803045761549203208e-02,2.170802369447781890e-02,9.996017528523326590e-01,9.325878371807255762e-02,0.000000000000000000e+00,0.000000000000000000e+00,0.000000000000000000e+00,1.000000000000000056e-01
9.977182984922330355e-01,-6.577263243856357189e-02,1.523672129642715707e-02,3.309593931884433715e+01,6.606757682111211172e-02,9.976199106105063663e-01,-1.973801526171666335e-02,2.322719297376039105e+00,-1.390223531486321253e-02,2.069963225728725306e-02,9.996890782026496280e-01,8.222566185152103968e-02,0.000000000000000000e+00,0.000000000000000000e+00,0.000000000000000000e+00,1.000000000000000056e-01
9.976807645659346857e-01,-6.559999212991568518e-02,1.815855301743663289e-02,3.408278768819608473e+01,6.597219605176779522e-02,9.976063357577847901e-01,-2.071878867195249205e-02,2.404182121094339042e+00,-1.675593516456695339e-02,2.186869654279633909e-02,9.996204273364365234e-01,6.562558983013451475e-02,0.000000000000000000e+00,0.000000000000000000e+00,0.000000000000000000e+00,1.000000000000000056e-01
9.976209581892305778e-01,-6.677354179375684373e-02,1.713819996145764940e-02,3.506465505172911179e+01,6.712007956693900879e-02,9.975340636828269325e-01,-2.051064873068764866e-02,2.472916695012783439e+00,-1.572636959152607511e-02,2.161217038483848746e-02,9.996427338758219205e-01,7.570127980650308286e-02,0.000000000000000000e+00,0.000000000000000000e+00,0.000000000000000000e+00,1.000000000000000056e-01
9.976150008782141976e-01,-6.717130123089087856e-02,1.588478245710770592e-02,3.602898017382280926e+01,6.747360302036367607e-02,9.975338135793286876e-01,-1.932882979726098169e-02,2.553892817669464854e+00,-1.454726497356423343e-02,2.035453406074508656e-02,9.996869860236047289e-01,7.397701704790958510e-02,0.000000000000000000e+00,0.000000000000000000e+00,0.000000000000000000e+00,1.000000000000000056e-01
9.976102736822245465e-01,-6.667994042475115790e-02,1.809771777403387794e-02,3.700997043567291200e+01,6.701798116825503915e-02,9.975753355863195004e-01,-1.876272981134463266e-02,2.613924860531878114e+00,-1.680273917575218073e-02,1.993076453108974869e-02,9.996601585445915594e-01,6.885299456995359890e-02,0.000000000000000000e+00,0.000000000000000000e+00,0.000000000000000000e+00,1.000000000000000056e-01
9.975030190478219039e-01,-6.810737347377671114e-02,1.868455696515299372e-02,3.802183666660376105e+01,6.849963580175927325e-02,9.974253426198476102e-01,-2.122465063801673088e-02,2.683152671634871478e+00,-1.719089542481394908e-02,2.245153843688717579e-02,9.996001208164743135e-01,5.716569194817938682e-02,0.000000000000000000e+00,0.000000000000000000e+00,0.000000000000000000e+00,1.000000000000000056e-01
9.973544256580013645e-01,-6.937322406358957527e-02,2.171417517248218007e-02,3.902142056717017482e+01,6.975997846895191923e-02,9.974087001527113250e-01,-1.759062999696452481e-02,2.752519804782088908e+00,-2.043758851747460789e-02,1.905887307008837309e-02,9.996094559040988869e-01,7.573432022721587886e-02,0.000000000000000000e+00,0.000000000000000000e+00,0.000000000000000000e+00,1.000000000000000056e-01
9.972861580670263626e-01,-7.008774265822766136e-02,2.253945999761616803e-02,4.002963159044139019e+01,7.042312099106305678e-02,9.974126005589277755e-01,-1.444604707714011553e-02,2.821240830340966621e+00,-2.146865058144502986e-02,1.599414190730180999e-02,9.996415780002655405e-01,6.629620715255628294e-02,0.000000000000000000e+00,0.000000000000000000e+00,0.000000000000000000e+00,1.000000000000000056e-01
9.969948058605686558e-01,-7.393280452662343016e-02,2.313649718248619869e-02,4.104024430552276925e+01,7.433249874755867848e-02,9.970899715010358433e-01,-1.691946695400934134e-02,2.906277656104952811e+00,-2.181826567331351940e-02,1.858841431891690085e-02,9.995891326620738315e-01,7.312812248093003564e-02,0.000000000000000000e+00,0.000000000000000000e+00,0.000000000000000000e+00,1.000000000000000056e-01
9.967588167145805533e-01,-7.743530121404809674e-02,2.180906755546609121e-02,4.203962484076318873e+01,7.776261610695267557e-02,9.968652628024086138e-01,-1.458161013357526202e-02,2.986807600565520193e+00,-2.061157048727597224e-02,1.623027861050212184e-02,9.996558113762323838e-01,8.309380473542174461e-02,0.000000000000000000e+00,0.000000000000000000e+00,0.000000000000000000e+00,1.000000000000000056e-01
9.968726729536581121e-01,-7.669228276768302877e-02,1.905695888935864113e-02,4.306983703276500108e+01,7.697693037270009198e-02,9.969247933421715446e-01,-1.468021151294965181e-02,3.070535748782169172e+00,-1.787249587006359275e-02,1.610124788798075399e-02,9.997106199835151807e-01,7.811952421993063889e-02,0.000000000000000000e+00,0.000000000000000000e+00,0.000000000000000000e+00,1.000000000000000056e-01
9.968116627416684361e-01,-7.773788901731826240e-02,1.798136906137519711e-02,4.412163288608159206e+01,7.798647362240107572e-02,9.968621660152128250e-01,-1.356214951255427931e-02,3.134850460152781348e+00,-1.687065363679819338e-02,1.492121236995993389e-02,9.997463370611956446e-01,8.236915880366019183e-02,0.000000000000000000e+00,0.000000000000000000e+00,0.000000000000000000e+00,1.000000000000000056e-01
9.966344157696425121e-01,-7.938841378459976506e-02,2.042843753859957881e-02,4.515579217137005941e+01,7.973573981966847191e-02,9.966746499493144285e-01,-1.678850630109003997e-02,3.231372629124257045e+00,-1.902769294773887579e-02,1.836087974953195742e-02,9.996503513708729916e-01,9.003871247684536172e-02,0.000000000000000000e+00,0.000000000000000000e+00,0.000000000000000000e+00,1.000000000000000056e-01
9.969243522305225591e-01,-7.512960618057537565e-02,2.230197760075448496e-02,4.615579388401328487e+01,7.551975858801707187e-02,9.969959679225099958e-01,-1.719901186304002502e-02,3.307383758963333253e+00,-2.094282675668511159e-02,1.883035372501059082e-02,9.996033292191610631e-01,8.772362377200969286e-02,0.000000000000000000e+00,0.000000000000000000e+00,0.000000000000000000e+00,1.000000000000000056e-01
9.959589323126958327e-01,-8.750436539732983632e-02,2.021858508812062957e-02,4.704058127613759410e+01,8.785246475371469299e-02,9.959880647336346593e-01,-1.702114405222437607e-02,3.390271746502914407e+00,-1.864804502494315716e-02,1.872861299081808248e-02,9.996506837251639688e-01,8.913542519215256199e-02,0.000000000000000000e+00,0.000000000000000000e+00,0.000000000000000000e+00,1.000000000000000056e-01
9.960359698381338056e-01,-8.763977140464844495e-02,1.521897686275834084e-02,4.797904062820487070e+01,8.790871365730872078e-02,9.959657910285415472e-01,-1.800558702205517364e-02,3.465976384461608273e+00,-1.357957479914276462e-02,1.927209301120307028e-02,9.997220521621207334e-01,8.242376943380085030e-02,0.000000000000000000e+00,0.000000000000000000e+00,0.000000000000000000e+00,1.000000000000000056e-01
9.961693165619215362e-01,-8.627201894738127652e-02,1.427695651379471201e-02,4.890075656677666416e+01,8.652996186121057753e-02,9.960763558197779366e-01,-1.855960875365002608e-02,3.550910244043075092e+00,-1.261976389840719845e-02,1.972389727041301902e-02,9.997258171296841134e-01,7.872621075320532236e-02,0.000000000000000000e+00,0.000000000000000000e+00,0.000000000000000000e+00,1.000000000000000056e-01
9.960446365194364216e-01,-8.703522762875981478e-02,1.788718011520371368e-02,4.982864828178706063e+01,8.736297122704028695e-02,9.960058823053139498e-01,-1.843891731085353300e-02,3.658290416708751103e+00,-1.621090124721952588e-02,1.992866189243848105e-02,9.996699730990872279e-01,7.363033777106642308e-02,0.000000000000000000e+00,0.000000000000000000e+00,0.000000000000000000e+00,1.000000000000000056e-01
9.963091122596736682e-01,-8.355988658119400947e-02,1.964429135599022810e-02,5.080367495706730097e+01,8.400364689443801103e-02,9.962007244872580491e-01,-2.296745174146783142e-02,3.759943185397859100e+00,-1.765049961830015071e-02,2.453287356996877722e-02,9.995431946532497003e-01,7.610651049257582956e-02,0.000000000000000000e+00,0.000000000000000000e+00,0.000000000000000000e+00,1.000000000000000056e-01
9.962011357783174814e-01,-8.362690243098665210e-02,2.428658608755922266e-02,5.170841814103689416e+01,8.426871025431247053e-02,9.960845473533521677e-01,-2.672749513033733509e-02,3.835533740171336969e+00,-2.195635548229525613e-02,2.867256029143044893e-02,9.993476886150631788e-01,6.659567190340448528e-02,0.000000000000000000e+00,0.000000000000000000e+00,0.000000000000000000e+00,1.000000000000000056e-01
9.960057347454478460e-01,-8.627238211612094088e-02,2.301417906836211724e-02,5.265466439114798902e+01,8.692430226235690893e-02,9.957923326807667230e-01,-2.901371831392387385e-02,3.944462215289180396e+00,-2.041426046622885071e-02,3.089832128461551808e-02,9.993140405855456265e-01,6.565906643528167386e-02,0.000000000000000000e+00,0.000000000000000000e+00,0.000000000000000000e+00,1.000000000000000056e-01
9.961031861915474739e-01,-8.538593830673328611e-02,2.208356851883181565e-02,5.365259495619527286e+01,8.602022769444563066e-02,9.958544097705293030e-01,-2.957219924162601127e-02,4.040929337936477239e+00,-1.946696911290839854e-02,3.135659547957073828e-02,9.993186684103763096e-01,9.106921693275517316e-02,0.000000000000000000e+00,0.000000000000000000e+00,0.000000000000000000e+00,1.000000000000000056e-01
9.957282300939216402e-01,-8.917973301609660730e-02,2.392210302636631203e-02,5.462275293929319275e+01,8.989068630549373884e-02,9.954844737025935197e-01,-3.050126444260573000e-02,4.149928988636101046e+00,-2.109398752141655037e-02,3.252134431797326641e-02,9.992484204912200907e-01,8.324094394522763007e-02,0.000000000000000000e+00,0.000000000000000000e+00,0.000000000000000000e+00,1.000000000000000056e-01
9.956490843596025320e-01,-8.920539589909748379e-02,2.693136009135852285e-02,5.555694908437257595e+01,9.002266843792017248e-02,9.954623251504659542e-01,-3.083307271979631933e-02,4.244330427676340278e+00,-2.405867787725312831e-02,3.312335352154485019e-02,9.991616603284402265e-01,8.148939218260441153e-02,0.000000000000000000e+00,0.000000000000000000e+00,0.000000000000000000e+00,1.000000000000000056e-01
9.954370185388046188e-01,-8.943833703244498390e-02,3.325546558757567356e-02,5.649442821850830398e+01,9.046594496084893466e-02,9.954232744349514883e-01,-3.079638802749215878e-02,4.320973191224516619e+00,-3.034888671625863080e-02,3.366435179934396116e-02,9.989723001630294030e-01,8.863039826409917221e-02,0.000000000000000000e+00,0.000000000000000000e+00,0.000000000000000000e+00,1.000000000000000056e-01
9.953940807691127324e-01,-9.000079894663627622e-02,3.302241903283503061e-02,5.743142879172391702e+01,9.079013818504473587e-02,9.955989668365130552e-01,-2.323463024040131955e-02,4.444872426246294417e+00,-3.078595098666716753e-02,2.612572339735004176e-02,9.991845033820389022e-01,7.937621550391402159e-02,0.000000000000000000e+00,0.000000000000000000e+00,0.000000000000000000e+00,1.000000000000000056e-01
9.952704949510353671e-01,-9.260273856368504697e-02,2.934918551556215532e-02,5.834843739917194938e+01,9.332140570184994932e-02,9.953433163509295412e-01,-2.414120612902503210e-02,4.529815670423216645e+00,-2.697697384348016897e-02,2.676593742126634479e-02,9.992776528453986007e-01,7.272159340042665121e-02,0.000000000000000000e+00,0.000000000000000000e+00,0.000000000000000000e+00,1.000000000000000056e-01
9.951672092635720501e-01,-9.487724718408073465e-02,2.530876475303752218e-02,5.926130985510572913e+01,9.539633972701917763e-02,9.952352844621120687e-01,-2.015606430595830514e-02,4.636566231199581445e+00,-2.327582379295934159e-02,2.247301778554959897e-02,9.994764627035342963e-01,7.868480312421946565e-02,0.000000000000000000e+00,0.000000000000000000e+00,0.000000000000000000e+00,1.000000000000000056e-01
9.951910507265792072e-01,-9.572118562283080112e-02,2.079007399426213362e-02,6.020666072850085726e+01,9.619669266524105700e-02,9.950914581885842436e-01,-2.322038243411010325e-02,4.736134887804665183e+00,-1.846534250959029969e-02,2.510865315138869139e-02,9.995141753186528311e-01,6.448962788195733431e-02,0.000000000000000000e+00,0.000000000000000000e+00,0.000000000000000000e+00,1.000000000000000056e-01
9.952167157086387883e-01,-9.590027233333693613e-02,1.862327953133802519e-02,6.113930040985815140e+01,9.625925017763121982e-02,9.951663866733988506e-01,-1.944272590588590893e-02,4.830723475870437156e+00,-1.666869908993344820e-02,2.114238874401407065e-02,9.996375112353709236e-01,5.435832128294895010e-02,0.000000000000000000e+00,0.000000000000000000e+00,0.000000000000000000e+00,1.000000000000000056e-01
9.949612830175761369e-01,-9.739646665859605368e-02,2.379019920975480873e-02,6.210193294595834601e+01,9.783344625535786432e-02,9.950409204979069333e-01,-1.794946596637695194e-02,4.936243133031871899e+00,-2.192400715696916219e-02,2.018650086317853518e-02,9.995558228998928652e-01,7.341968070633356214e-02,0.000000000000000000e+00,0.000000000000000000e+00,0.000000000000000000e+00,1.000000000000000056e-01
9.948218309573013673e-01,-9.879976416891896041e-02,2.383550399988607418e-02,6.301952353251787287e+01,9.925373861481141813e-02,9.948868407057727126e-01,-1.867805025876696778e-02,5.042262870176720035e+00,-2.186824231037507241e-02,2.094709504089603547e-02,9.995413944342687040e-01,8.325305311767612626e-02,0.000000000000000000e+00,0.000000000000000000e+00,0.000000000000000000e+00,1.000000000000000056e-01
9.946362658102827492e-01,-1.009599587975781865e-01,2.248967439888311173e-02,6.385101164040328570e+01,1.013621783426916223e-01,9.946952395694188542e-01,-1.752396015633787829e-02,5.129128175470828666e+00,-2.060115376868098744e-02,1.970956867939674395e-02,9.995934800537022991e-01,7.582855853862058293e-02,0.000000000000000000e+00,0.000000000000000000e+00,0.000000000000000000e+00,1.000000000000000056e-01
9.942502861778926837e-01,-1.046899282004281617e-01,2.250305242778610423e-02,6.467410087754862502e+01,1.050523817779859259e-01,9.943447181951610148e-01,-1.557493114456767053e-02,5.219552830985571212e+00,-2.074525290158650906e-02,1.784937900250119919e-02,9.996254469306362633e-01,7.058952929213625771e-02,0.000000000000000000e+00,0.000000000000000000e+00,0.000000000000000000e+00,1.000000000000000056e-01
9.943649338976663365e-01,-1.038751447564521396e-01,2.117386446815219467e-02,6.547709639510041768e+01,1.042265330569376452e-01,9.944212159557598296e-01,-1.622575311038722268e-02,5.311862567762288379e+00,-1.937028759777843431e-02,1.834119840398302365e-02,9.996441328790386383e-01,6.262873334170564188e-02,0.000000000000000000e+00,0.000000000000000000e+00,0.000000000000000000e+00,1.000000000000000056e-01
9.941014052452172844e-01,-1.069822433201135931e-01,1.780998887367144304e-02,6.628579327649669040e+01,1.072847105283008667e-01,9.940831147118553979e-01,-1.699270230525209979e-02,5.400030948663478547e+00,-1.588669179983606336e-02,1.880320874138885490e-02,9.996969802718645992e-01,5.759776930097473130e-02,0.000000000000000000e+00,0.000000000000000000e+00,0.000000000000000000e+00,1.000000000000000056e-01
9.939743990430850440e-01,-1.076715712779723333e-01,2.053598756988487053e-02,6.704760678173877864e+01,1.080114554729644794e-01,9.940172172923037452e-01,-1.622643562452596305e-02,5.492040814999436193e+00,-1.866599939863272314e-02,1.834678350549746872e-02,9.996574293233920772e-01,5.733663518536281922e-02,0.000000000000000000e+00,0.000000000000000000e+00,0.000000000000000000e+00,1.000000000000000056e-01
9.936521545569012570e-01,-1.103832801192089902e-01,2.170085746122042691e-02,6.782132957854051369e+01,1.107169375655909643e-01,9.937414249870685223e-01,-1.482362981079196271e-02,5.595449326618146202e+00,-1.992876013516634015e-02,1.713218418050107758e-02,9.996546067440895689e-01,5.951968478968588938e-02,0.000000000000000000e+00,0.000000000000000000e+00,0.000000000000000000e+00,1.000000000000000056e-01
9.929963479757897282e-01,-1.150751315248354778e-01,2.675755989035923793e-02,6.857195625910064507e+01,1.155244270917308025e-01,9.931774564731697952e-01,-1.589486390669511695e-02,5.678713487277374128e+00,-2.474590171870319488e-02,1.887469358762686872e-02,9.995155758116536227e-01,6.106976658108796002e-02,0.000000000000000000e+00,0.000000000000000000e+00,0.000000000000000000e+00,1.000000000000000056e-01
9.930190951707648095e-01,-1.148550985179036671e-01,2.685857350415549183e-02,6.927101054934567514e+01,1.152642060699073795e-01,9.932332261949716745e-01,-1.420989730441891107e-02,5.772141480226762766e+00,-2.504474845769881497e-02,1.720653151483029011e-02,9.995382413134175081e-01,6.687147083416879190e-02,0.000000000000000000e+00,0.000000000000000000e+00,0.000000000000000000e+00,1.000000000000000056e-01
9.929204286584868422e-01,-1.166760302364902996e-01,2.226491232635811196e-02,6.993632348257990827e+01,1.168997867375164007e-01,9.931027237704924682e-01,-9.023297642892199114e-03,5.863889424697362074e+00,-2.105854252720251035e-02,1.156218006617439932e-02,9.997113852401339207e-01,7.316347426931847642e-02,0.000000000000000000e+00,0.000000000000000000e+00,0.000000000000000000e+00,1.000000000000000056e-01
9.932724575704102721e-01,-1.144079793403700168e-01,1.790640375092305767e-02,7.060097291221438809e+01,1.146036536205743833e-01,9.933578063839270111e-01,-1.030878620051471455e-02,5.936356088237605633e+00,-1.660805855158907149e-02,1.229157269701412238e-02,9.997865220294686051e-01,7.472692801974807619e-02,0.000000000000000000e+00,0.000000000000000000e+00,0.000000000000000000e+00,1.000000000000000056e-01
9.935585897462577698e-01,-1.122675329052352372e-01,1.540551189669780649e-02,7.132848449577015515e+01,1.124293020365761536e-01,9.936087219796941872e-01,-1.006775294924563101e-02,6.029524913843633094e+00,-1.417676920160966872e-02,1.173493337222812107e-02,9.998306409356304547e-01,7.834667491688494800e-02,0.000000000000000000e+00,0.000000000000000000e+00,0.000000000000000000e+00,1.000000000000000056e-01
9.935393767764597595e-01,-1.126609803038438329e-01,1.367517135617918149e-02,7.201748520445869417e+01,1.127700207114449849e-01,9.935929557672563694e-01,-7.480687029083114142e-03,6.111562166868567125e+00,-1.274477239436704219e-02,8.974506485803869504e-03,9.998785071247165979e-01,7.674246253312388966e-02,0.000000000000000000e+00,0.000000000000000000e+00,0.000000000000000000e+00,1.000000000000000056e-01
9.935059731563539165e-01,-1.124478377599392454e-01,1.735986998109465343e-02,7.268937328132973619e+01,1.125575861498573915e-01,9.936301093847903498e-01,-5.476816966726616963e-03,6.199383140690673422e+00,-1.663343328250546302e-02,7.395235431274341763e-03,9.998343059678200806e-01,8.366980277853058867e-02,0.000000000000000000e+00,0.000000000000000000e+00,0.000000000000000000e+00,1.000000000000000056e-01
9.929441209430516224e-01,-1.173481736133014375e-01,1.706982232634671540e-02,7.330423224574194307e+01,1.174547437878274703e-01,9.930636779765960043e-01,-5.377233985193378626e-03,6.257234267807301187e+00,-1.632041195455506341e-02,7.344224480377730541e-03,9.998398404346645618e-01,8.253750506954886379e-02,0.000000000000000000e+00,0.000000000000000000e+00,0.000000000000000000e+00,1.000000000000000056e-01
9.924624106488105779e-01,-1.216715396259187426e-01,1.464240056173395955e-02,7.386443240271360366e+01,1.217617763821598337e-01,9.925444765701595395e-01,-5.434320778981219235e-03,6.319389154691458899e+00,-1.387203162527707485e-02,7.176243803442483235e-03,9.998780266929866434e-01,1.020669682005495293e-01,0.000000000000000000e+00,0.000000000000000000e+00,0.000000000000000000e+00,1.000000000000000056e-01
9.926564441322048848e-01,-1.203164061301123244e-01,1.253580227750251096e-02,7.447296229797167655e+01,1.204630348029552545e-01,9.926490811419445004e-01,-1.168156471176920799e-02,6.378172986399667899e+00,-1.103816872804355177e-02,1.310588127472281719e-02,9.998531865764813675e-01,1.095124308618432574e-01,0.000000000000000000e+00,0.000000000000000000e+00,0.000000000000000000e+00,1.000000000000000056e-01
9.931130688539462348e-01,-1.167629749277632467e-01,9.635359750190653980e-03,7.508019645068725367e+01,1.169051383344038575e-01,9.930171570375478929e-01,-1.581500743218032176e-02,6.437509718782529866e+00,-7.721470229882279254e-03,1.683251362941835458e-02,9.998285079864468461e-01,1.242377873041548841e-01,0.000000000000000000e+00,0.000000000000000000e+00,0.000000000000000000e+00,1.000000000000000056e-01
9.934537680633216405e-01,-1.140483216267064032e-01,6.526182262190367671e-03,7.565338660740324883e+01,1.141237295286137848e-01,9.933857861743640161e-01,-1.266705116514871450e-02,6.507345017509296170e+00,-5.038360771898341660e-03,1.332892196961252794e-02,9.998984722259856017e-01,1.349345838031555944e-01,0.000000000000000000e+00,0.000000000000000000e+00,0.000000000000000000e+00,1.000000000000000056e-01
9.942811837130621777e-01,-1.065331475236039604e-01,7.457626490104857057e-03,7.622455850471476424e+01,1.065736733147563675e-01,9.942908705378171730e-01,-5.264686253644222137e-03,6.594889130723318615e+00,-6.854186337667275176e-03,6.029365129411171954e-03,9.999583325748052642e-01,1.357245738839580329e-01,0.000000000000000000e+00,0.000000000000000000e+00,0.000000000000000000e+00,1.000000000000000056e-01
9.948019966223234922e-01,-1.011818743663519538e-01,1.145494722599699200e-02,7.677415624054529530e+01,1.012749963549025578e-01,9.948273979579995707e-01,-7.862784839379716173e-03,6.634649068951211426e+00,-1.060012403479701840e-02,8.982013795785122323e-03,9.999034757408433727e-01,1.403913484158171299e-01,0.000000000000000000e+00,0.000000000000000000e+00,0.000000000000000000e+00,1.000000000000000056e-01
9.953697439055023688e-01,-9.518878178775463939e-02,1.334798633718838057e-02,7.735788672557360712e+01,9.531658010034213535e-02,9.954036779874994023e-01,-9.288024921031182504e-03,6.678024584617392456e+00,-1.240251891631694026e-02,1.051730339592162229e-02,9.998677731849389128e-01,1.588641861090789309e-01,0.000000000000000000e+00,0.000000000000000000e+00,0.000000000000000000e+00,1.000000000000000056e-01
9.960509539675509449e-01,-8.706491659694304275e-02,1.738382576704820826e-02,7.790979788894213698e+01,8.722568116237389146e-02,9.961504727430516848e-01,-8.712990276276862817e-03,6.702537216604624426e+00,-1.655831048421389784e-02,1.019489832033437099e-02,9.998109253264571006e-01,1.672671916099390810e-01,0.000000000000000000e+00,0.000000000000000000e+00,0.000000000000000000e+00,1.000000000000000056e-01
9.969486110004163182e-01,-7.657404795119654439e-02,1.516186679496974408e-02,7.841894683370456676e+01,7.667511786866668122e-02,9.970368526529412856e-01,-6.200060624146748467e-03,6.757106037629533546e+00,-1.464217621006603208e-02,7.343679750974803702e-03,9.998658295209155167e-01,1.798545539593447151e-01,0.000000000000000000e+00,0.000000000000000000e+00,0.000000000000000000e+00,1.000000000000000056e-01
9.979222360295392225e-01,-6.328728848024252340e-02,1.208014712754611544e-02,7.893280224224646702e+01,6.331581005713253496e-02,9.979915511710431009e-01,-1.992984702466918563e-03,6.811010024107459593e+00,-1.192975417239243441e-02,2.753708051648377959e-03,9.999250462196417333e-01,1.807065905746754464e-01,0.000000000000000000e+00,0.000000000000000000e+00,0.000000000000000000e+00,1.000000000000000056e-01
9.991350887427837835e-01,-4.024066754401500745e-02,1.047678951595132878e-02,7.943369855918629696e+01,4.019793253992896831e-02,9.991826628781367292e-01,4.258218321216728809e-03,6.823075732180113206e+00,-1.063957999475591103e-02,-3.833390062057777641e-03,9.999360501842942117e-01,1.826060322542379377e-01,0.000000000000000000e+00,0.000000000000000000e+00,0.000000000000000000e+00,1.000000000000000056e-01
9.996736727729778060e-01,-2.281276731292877433e-02,1.149459055866872831e-02,7.994436297706036498e+01,2.277765535828457297e-02,9.997355095420135118e-01,3.176377992277815664e-03,6.823513548441562548e+00,-1.156401232118324171e-02,-2.913521631425673546e-03,9.999288899770516492e-01,2.028214656077158562e-01,0.000000000000000000e+00,0.000000000000000000e+00,0.000000000000000000e+00,1.000000000000000056e-01
9.999075523041179858e-01,2.373835063238758335e-03,1.338849327893482620e-02,8.045251175305284619e+01,-2.372049868828204032e-03,9.999971755529829531e-01,-1.492162069666514205e-04,6.818836181386624951e+00,-1.338880967850902305e-02,1.174442385460244820e-04,9.999103589733648878e-01,2.037005280369756921e-01,0.000000000000000000e+00,0.000000000000000000e+00,0.000000000000000000e+00,1.000000000000000056e-01
9.993998794020384491e-01,3.100316197263770085e-02,1.544943361063584944e-02,8.094571090235217525e+01,-3.099442590171282153e-02,9.995192334931241041e-01,-8.046367756966708081e-04,6.840340196873959222e+00,-1.546695232469171705e-02,3.253075713254135136e-04,9.998803266195258610e-01,2.140526347795096707e-01,0.000000000000000000e+00,0.000000000000000000e+00,0.000000000000000000e+00,1.000000000000000056e-01
9.979057405303084494e-01,6.309413292122449668e-02,1.425704764583426813e-02,8.139836092584747007e+01,-6.305676582335943692e-02,9.980052633843700116e-01,-3.055902647705296613e-03,6.771780019154467034e+00,-1.442141811871298050e-02,2.150499479911034684e-03,9.998936933751668699e-01,2.084656137377433327e-01,0.000000000000000000e+00,0.000000000000000000e+00,0.000000000000000000e+00,1.000000000000000056e-01
