1.000000000000000000e+00,-1.407609284432237994e-09,5.580390308182218218e-10,1.697903557321576614e-15,1.407609284387696800e-09,1.000000000000000000e+00,7.981741380010089205e-11,2.745325860341812580e-15,-5.580390309305736285e-10,-7.981741301459997186e-11,1.000000000000000000e+00,-1.463017665103704723e-15,0.000000000000000000e+00,0.000000000000000000e+00,0.000000000000000000e+00,1.000000000000000056e-01
9.999901150046656140e-01,-4.396283736690127265e-03,-6.652685638617071096e-04,6.429401272447887727e-01,4.394755221651677236e-03,9.999877395218882414e-01,-2.281870383252027415e-03,2.011237330834041853e-02,6.752921570061671533e-04,2.278924134479103081e-03,9.999971752386563884e-01,9.648836579441466207e-03,0.000000000000000000e+00,0.000000000000000000e+00,0.000000000000000000e+00,1.000000000000000056e-01
9.999551964753694566e-01,-9.436955290146691738e-03,-7.408891665239622634e-04,1.290499985942356265e+00,9.435599668550499058e-03,9.999538413048042473e-01,-1.812379281820207175e-03,3.868150036866471742e-02,7.579583102980763870e-04,1.805307347266328025e-03,9.999980831804538006e-01,1.392091700702620567e-02,0.000000000000000000e+00,0.000000000000000000e+00,0.000000000000000000e+00,1.000000000000000056e-01
9.998595531353245969e-01,-1.663386631658834991e-02,-2.046581391235734789e-03,1.997492382393156296e+00,1.662979866256616979e-02,9.998597374879619748e-01,-1.988755124758383348e-03,5.098740986039455858e-02,2.079375019470370688e-03,1.954441573853699272e-03,9.999959281705415037e-01,1.617135887258585106e-02,0.000000000000000000e+00,0.000000000000000000e+00,0.000000000000000000e+00,1.000000000000000056e-01
9.997193001568149828e-01,-2.362497317868725299e-02,-1.783686147956832372e-03,2.700736253280427324e+00,2.362497721807128859e-02,9.997208910979614727e-01,-1.880806876956073843e-05,6.152040472864494375e-02,1.783632645394718627e-03,-2.333675526206298838e-05,9.999984090537255010e-01,1.592502062044883968e-02,0.000000000000000000e+00,0.000000000000000000e+00,0.000000000000000000e+00,1.000000000000000056e-01
9.995723305906395462e-01,-2.920993855867451069e-02,-1.391189058214864493e-03,3.410153586558612560e+00,2.921142203811162227e-02,9.995726951934919002e-01,1.058227825132207044e-03,8.416070714294604516e-02,1.359683826690336397e-03,-1.098413864177581398e-03,9.999984723722703528e-01,2.784301810708272179e-02,0.000000000000000000e+00,0.000000000000000000e+00,0.000000000000000000e+00,1.000000000000000056e-01
9.994013347032774108e-01,-3.454691486565516362e-02,-1.866243974654526209e-03,4.146263272827479085e+00,3.454988579612990746e-02,9.994017194267159621e-01,1.583855548382110019e-03,1.063181445058369728e-01,1.810410114350029806e-03,-1.647385865222301699e-03,9.999970042630272893e-01,4.094194177608587865e-02,0.000000000000000000e+00,0.000000000000000000e+00,0.000000000000000000e+00,1.000000000000000056e-01
9.990998516420139808e-01,-4.239777163357279222e-02,-1.383983169326935374e-03,4.913396210598051539e+00,4.240071726138812391e-02,9.990983213885459291e-01,2.173332535416784735e-03,1.482233028477084602e-01,1.290590804784126373e-03,-2.230058092760823368e-03,9.999966806026295840e-01,4.348167477104538520e-02,0.000000000000000000e+00,0.000000000000000000e+00,0.000000000000000000e+00,1.000000000000000056e-01
9.987929722083526141e-01,-4.911451763550279265e-02,6.023492647728160470e-04,5.681395884780476635e+00,4.911222025850867784e-02,9.987875818151016327e-01,3.369901069962251937e-03,1.905558614493295666e-01,-7.671300311011061560e-04,-3.336250795951631667e-03,9.999941404539037793e-01,3.951194326724392913e-02,0.000000000000000000e+00,0.000000000000000000e+00,0.000000000000000000e+00,1.000000000000000056e-01
9.985246967116846450e-01,-5.422688863455708830e-02,2.806172812503171087e-03,6.475241890960840685e+00,5.421621101799090070e-02,9.985221753394933897e-01,3.750709018145141713e-03,2.457268132636037106e-01,-3.005415061346796129e-03,-3.593035527441536692e-03,9.999890287278193624e-01,4.700173822377944760e-02,0.000000000000000000e+00,0.000000000000000000e+00,0.000000000000000000e+00,1.000000000000000056e-01
9.982221314112276200e-01,-5.932772534373736972e-02,5.726898494287909445e-03,7.295570627003391984e+00,5.930169983170043013e-02,9.982294506811347778e-01,4.612178434399411171e-03,2.829704934822578344e-01,-5.990388793451995215e-03,-4.264363771760200199e-03,9.999729648564131823e-01,5.854254635057419554e-02,0.000000000000000000e+00,0.000000000000000000e+00,0.000000000000000000e+00,1.000000000000000056e-01
9.980148005703581848e-01,-6.259921900687946683e-02,6.913437801627652854e-03,8.107139100351776761e+00,6.256549938818604939e-02,9.980283819825553904e-01,4.990695701935500030e-03,3.390623228481432494e-01,-7.212220796337633077e-03,-4.548245487126504304e-03,9.999636480063531785e-01,6.069344072979015320e-02,0.000000000000000000e+00,0.000000000000000000e+00,0.000000000000000000e+00,1.000000000000000056e-01
9.978120557957557146e-01,-6.573892705538149361e-02,7.035252536687996647e-03,8.936492075768754262e+00,6.570749121777914870e-02,9.978282779256069102e-01,4.610137729314468455e-03,3.843311550440778324e-01,-7.323039431357807050e-03,-4.137782210919562637e-03,9.999646253002462126e-01,6.457480995998447770e-02,0.000000000000000000e+00,0.000000000000000000e+00,0.000000000000000000e+00,1.000000000000000056e-01
9.976311496397350931e-01,-6.833230601187928466e-02,7.923712740840423152e-03,9.716594709253914885e+00,6.831207185730656106e-02,9.976600810117102203e-01,2.797068871172190586e-03,4.543580064668685803e-01,-8.096302060981615256e-03,-2.249157799440081734e-03,9.999646949678426822e-01,7.060303450772202616e-02,0.000000000000000000e+00,0.000000000000000000e+00,0.000000000000000000e+00,1.000000000000000056e-01
9.972934827179869011e-01,-7.301447188178729342e-02,8.636910561769059469e-03,1.051794025961119594e+01,7.299440466698008112e-02,9.973289175572130905e-01,2.616694760728193250e-03,5.228060762750283974e-01,-8.804897247638006352e-03,-1.979166486518244179e-03,9.999592775130781153e-01,7.108831854617171653e-02,0.000000000000000000e+00,0.000000000000000000e+00,0.000000000000000000e+00,1.000000000000000056e-01
9.970710267313681596e-01,-7.587132655911343893e-02,9.638955286522740695e-03,1.132817356318870416e+01,7.583824889347792753e-02,9.971130719525962416e-01,3.752565259608629106e-03,5.907839568791048990e-01,-9.895840420404557886e-03,-3.010572606182022534e-03,9.999465029665121074e-01,8.666593141142125978e-02,0.000000000000000000e+00,0.000000000000000000e+00,0.000000000000000000e+00,1.000000000000000056e-01
9.966845192753219784e-01,-8.087125009751577887e-02,8.933641171737746398e-03,1.218526273968743645e+01,8.082442262474401340e-02,9.967132649484710116e-01,5.484540375974462922e-03,6.556791216317984228e-01,-9.347820296576167878e-03,-4.744300098431856322e-03,9.999450534265764690e-01,9.104343420893784566e-02,0.000000000000000000e+00,0.000000000000000000e+00,0.000000000000000000e+00,1.000000000000000056e-01
9.965358450194615747e-01,-8.282733515521129020e-02,7.479448003297650867e-03,1.305894225228136385e+01,8.276841275415847132e-02,9.965377217669215693e-01,7.871400494884836854e-03,7.530976605350397923e-01,-8.105519200211113579e-03,-7.225070704146462595e-03,9.999410477182217871e-01,1.020724386315982751e-01,0.000000000000000000e+00,0.000000000000000000e+00,0.000000000000000000e+00,1.000000000000000056e-01
9.968519855957986842e-01,-7.899402906269829827e-02,6.786912858963402122e-03,1.393771972741531684e+01,7.891081200094292314e-02,9.968123016193043417e-01,1.176091364549561660e-02,8.496106877671669722e-01,-7.694320182149127531e-03,-1.118832931525258478e-02,9.999078051120853239e-01,1.041706655587058550e-01,0.000000000000000000e+00,0.000000000000000000e+00,0.000000000000000000e+00,1.000000000000000056e-01
9.948583473286750634e-01,-1.010310359945517378e-01,7.042621410020807882e-03,1.490467147488947930e+01,1.009625320146826100e-01,9.948450075649364344e-01,9.485676164919663172e-03,9.899608403895221453e-01,-7.964664439979793689e-03,-8.725863223150467224e-03,9.999302092803123987e-01,9.164858910103115819e-02,0.000000000000000000e+00,0.000000000000000000e+00,0.000000000000000000e+00,1.000000000000000056e-01
9.945410178097574549e-01,-1.039797119508966139e-01,8.739759524164402577e-03,1.586832319509980138e+01,1.039040745237031493e-01,9.945492289676274300e-01,8.704852512848538712e-03,1.094718864139775594e+00,-9.597249152981213172e-03,-7.749236253094188460e-03,9.999239181788729391e-01,8.886819323830481843e-02,0.000000000000000000e+00,0.000000000000000000e+00,0.000000000000000000e+00,1.000000000000000056e-01
9.941487105169815042e-01,-1.074416081918801030e-01,1.116432741213946658e-02,1.677799720302990139e+01,1.073374039112924699e-01,9.941767913405095136e-01,9.549307905448724612e-03,1.213046214819116342e+00,-1.212530820255655270e-02,-8.295082219696740464e-03,9.998920784324483169e-01,8.871746744988040501e-02,0.000000000000000000e+00,0.000000000000000000e+00,0.000000000000000000e+00,1.000000000000000056e-01
9.937651668311386910e-01,-1.109119043819671163e-01,1.137289142850301561e-02,1.765773117891839661e+01,1.108166098219306867e-01,9.938028419130946478e-01,8.694273576934877235e-03,1.321249820751594140e+00,-1.226671026205103550e-02,-7.379760959678650749e-03,9.998975282235299522e-01,8.973497343182731956e-02,0.000000000000000000e+00,0.000000000000000000e+00,0.000000000000000000e+00,1.000000000000000056e-01
9.933592700740391246e-01,-1.145382387113323408e-01,1.087899034277192700e-02,1.856995637136692778e+01,1.144541772187463446e-01,9.933958270329686924e-01,8.060530420752934008e-03,1.431444982504668673e+00,-1.173038256631375384e-02,-6.761856726516073980e-03,9.999083335078561285e-01,8.361674536179317108e-02,0.000000000000000000e+00,0.000000000000000000e+00,0.000000000000000000e+00,1.000000000000000056e-01
9.930560088296598309e-01,-1.171372469744797473e-01,1.089168024439775284e-02,1.949409023471243785e+01,1.170659795612633280e-01,9.930996966706481244e-01,6.967704215056456929e-03,1.548251168235609709e+00,-1.163270203642929185e-02,-5.644275321631080089e-03,9.999164077058768640e-01,8.588112198006980780e-02,0.000000000000000000e+00,0.000000000000000000e+00,0.000000000000000000e+00,1.000000000000000056e-01
9.930237547714722002e-01,-1.171389942615945895e-01,1.350105488282984760e-02,2.041535952118182706e+01,1.170532248903448508e-01,9.931011160060203569e-01,6.979679818387074172e-03,1.664349904456480234e+00,-1.422550534559066486e-02,-5.350645846900628846e-03,9.998844961227689732e-01,8.411333872935305989e-02,0.000000000000000000e+00,0.000000000000000000e+00,0.000000000000000000e+00,1.000000000000000056e-01
9.921035956782253695e-01,-1.244006516757886621e-01,1.596663098388065999e-02,2.129361299272133934e+01,1.243148068117645583e-01,9.922230502753794923e-01,6.264767320133928126e-03,1.778093859128983212e+00,-1.662180043466929963e-02,-4.230409538196451026e-03,9.998528988733538236e-01,8.142642517313268546e-02,0.000000000000000000e+00,0.000000000000000000e+00,0.000000000000000000e+00,1.000000000000000056e-01
9.922415157306854194e-01,-1.228900361827006960e-01,1.883649297205816295e-02,2.220877777630215277e+01,1.227962997364039355e-01,9.924133998385449296e-01,6.059091676783905783e-03,1.902954261427202809e+00,-1.943819002682937655e-02,-3.699030672343723083e-03,9.998042178049489914e-01,7.700973587791676289e-02,0.000000000000000000e+00,0.000000000000000000e+00,0.000000000000000000e+00,1.000000000000000056e-01
9.921468239394359845e-01,-1.232252380729378788e-01,2.145274921210654079e-02,2.315338725881872506e+01,1.231183408344565106e-01,9.923723817710580208e-01,6.239394859121019654e-03,2.022073994979646905e+00,-2.205796674810160674e-02,-3.549168903448713525e-03,9.997503935998397484e-01,7.622491095496571056e-02,0.000000000000000000e+00,0.000000000000000000e+00,0.000000000000000000e+00,1.000000000000000056e-01
9.923998316383055851e-01,-1.211383559829397466e-01,2.163499188845004195e-02,2.407083408136797331e+01,1.210785561123838977e-01,9.926346347196778330e-01,4.057733933130657812e-03,2.132789938505138760e+00,-2.196718948803043359e-02,-1.407360892715236013e-03,9.997577016064015387e-01,6.603525019418848840e-02,0.000000000000000000e+00,0.000000000000000000e+00,0.000000000000000000e+00,1.000000000000000056e-01
9.925955858990958003e-01,-1.198083018793035248e-01,1.999934134986205980e-02,2.501888995414924466e+01,1.197586596487274502e-01,9.927962650246598963e-01,3.666004940754822618e-03,2.245676663198172385e+00,-2.029448922172926578e-02,-1.243766008160662349e-03,9.997932720084418134e-01,5.370463393700392052e-02,0.000000000000000000e+00,0.000000000000000000e+00,0.000000000000000000e+00,1.000000000000000056e-01
9.926685755720456861e-01,-1.197429721605194480e-01,1.645356161840961021e-02,2.594194280093156024e+01,1.197113095044321091e-01,9.928045099919423633e-01,2.899537272282442894e-03,2.362621015931662516e+00,-1.668236939106068975e-02,-9.086021265429895192e-04,9.998604267564927817e-01,4.334530347903905317e-02,0.000000000000000000e+00,0.000000000000000000e+00,0.000000000000000000e+00,1.000000000000000056e-01
9.928502354909107819e-01,-1.184312114154705553e-01,1.491502759994294686e-02,2.687841632401365288e+01,1.184003255816882816e-01,9.929615895237545731e-01,2.940175608520075208e-03,2.474263908471817874e+00,-1.515825807252127108e-02,-1.153209921410677449e-03,9.998844419827143115e-01,3.737307380256759543e-02,0.000000000000000000e+00,0.000000000000000000e+00,0.000000000000000000e+00,1.000000000000000056e-01
9.929632618149698553e-01,-1.172039543707117659e-01,1.694679219332570139e-02,2.782920355822134084e+01,1.172168501169836285e-01,9.931063162638660291e-01,2.337636984113798406e-04,2.585089652725654386e+00,-1.685736439744506612e-02,1.754330836020231684e-03,9.998563654790069144e-01,3.164402937704645369e-02,0.000000000000000000e+00,0.000000000000000000e+00,0.000000000000000000e+00,1.000000000000000056e-01
9.929062540787140234e-01,-1.168225999201324833e-01,2.212805367123210978e-02,2.882383860479980342e+01,1.168524089755565293e-01,9.931492896581436414e-01,-5.448058444533997700e-05,2.686050641375184789e+00,-2.197009622158137623e-02,2.639810490445521247e-03,9.997551431588581616e-01,2.476545749377819308e-02,0.000000000000000000e+00,0.000000000000000000e+00,0.000000000000000000e+00,1.000000000000000056e-01
9.927051738068676245e-01,-1.177609671762306631e-01,2.586102292631647231e-02,2.976468410287525401e+01,1.178882737811259851e-01,9.930208747560532734e-01,-3.449232324605451885e-03,2.797888919444694089e+00,-2.527435067381607336e-02,6.472782125295293079e-03,9.996595972077572112e-01,1.213246864484820650e-02,0.000000000000000000e+00,0.000000000000000000e+00,0.000000000000000000e+00,1.000000000000000056e-01
9.926608936997727284e-01,-1.181444797906255340e-01,2.581147059295440041e-02,3.066187048323808284e+01,1.184602790905613656e-01,9.928971538791608875e-01,-1.106363848144967070e-02,2.896187857386447906e+00,-2.432102787619766157e-02,1.404007527274622226e-02,9.996056041706553597e-01,7.407454559458685923e-03,0.000000000000000000e+00,0.000000000000000000e+00,0.000000000000000000e+00,1.000000000000000056e-01
9.925285286969591780e-01,-1.199034285688390100e-01,2.258954492872148126e-02,3.158417344991011078e+01,1.202260058137239740e-01,9.926547046654826678e-01,-1.350351182329546235e-02,2.992286922727132925e+00,-2.080450068441469166e-02,1.611847148214728617e-02,9.996536238259486895e-01,2.315795522467879719e-04,0.000000000000000000e+00,0.000000000000000000e+00,0.000000000000000000e+00,1.000000000000000056e-01
9.925341837771293196e-01,-1.204554180700781046e-01,1.914121969547496679e-02,3.254409779943836867e+01,1.207211067599695126e-01,9.925961991060676670e-01,-1.338655679537062958e-02,3.118637777463177940e+00,-1.738701862067744061e-02,1.559736444885283409e-02,9.997271696846764533e-01,-1.051461723021261674e-02,0.000000000000000000e+00,0.000000000000000000e+00,0.000000000000000000e+00,1.000000000000000056e-01
9.921570131594679154e-01,-1.233913828195417201e-01,1.997568232538272232e-02,3.349727837389747975e+01,1.236744299793173657e-01,9.922295019862412691e-01,-1.361068541354707589e-02,3.242704828661514771e+00,-1.814102003125052376e-02,1.597441811199763750e-02,9.997078179939420384e-01,-2.299836863760430089e-02,0.000000000000000000e+00,0.000000000000000000e+00,0.000000000000000000e+00,1.000000000000000056e-01
9.924018764787748692e-01,-1.211802790381884265e-01,2.130388541166393368e-02,3.446749376252434871e+01,1.214927076750461354e-01,9.924930928178848921e-01,-1.403505221133911907e-02,3.366873836083914551e+00,-1.944318757797453695e-02,1.651667887367248497e-02,9.996745279218590685e-01,-2.582140084200663238e-02,0.000000000000000000e+00,0.000000000000000000e+00,0.000000000000000000e+00,1.000000000000000056e-01
9.920229971055961604e-01,-1.239911739273035357e-01,2.272800039069672318e-02,3.543084854161574526e+01,1.243119313364057649e-01,9.921542589894939423e-01,-1.328420477186443259e-02,3.502507977953640772e+00,-2.090255824159047843e-02,1.600359825593151292e-02,9.996534238934110528e-01,-4.092751787559361504e-02,0.000000000000000000e+00,0.000000000000000000e+00,0.000000000000000000e+00,1.000000000000000056e-01
9.916657226802275682e-01,-1.266112037964998716e-01,2.384738003016751220e-02,3.639959547642356341e+01,1.269203742237973165e-01,9.918412272749279612e-01,-1.192470061074666493e-02,3.629153263220214587e+00,-2.214301397717345979e-02,1.485203524658741323e-02,9.996444887964124337e-01,-4.638380463414355087e-02,0.000000000000000000e+00,0.000000000000000000e+00,0.000000000000000000e+00,1.000000000000000056e-01
9.915629162618579961e-01,-1.272981263623845505e-01,2.445751661362932650e-02,3.739157694658267417e+01,1.276292514888397733e-01,9.917433586469381890e-01,-1.248538121520847630e-02,3.767190253970225999e+00,-2.266621403494788883e-02,1.550153554706651046e-02,9.996229014668506219e-01,-5.388034353620516775e-02,0.000000000000000000e+00,0.000000000000000000e+00,0.000000000000000000e+00,1.000000000000000056e-01
9.914440792399773494e-01,-1.276531152923983670e-01,2.726389363497459112e-02,3.837710049528709533e+01,1.279653920212892038e-01,9.917279479636983419e-01,-1.002674785510134642e-02,3.896657453765323798e+00,-2.575841968815882621e-02,1.342979463199862888e-02,9.995779831665516646e-01,-4.583351148438859213e-02,0.000000000000000000e+00,0.000000000000000000e+00,0.000000000000000000e+00,1.000000000000000056e-01
9.914201537158743305e-01,-1.276346096934583563e-01,2.820434743777565020e-02,3.938607035969016579e+01,1.279510809358488377e-01,9.917329577123535911e-01,-9.708834865984424314e-03,4.033249160148366208e+00,-2.673199755611392267e-02,1.323431129698995033e-02,9.995550276553833990e-01,-6.482231114089037627e-02,0.000000000000000000e+00,0.000000000000000000e+00,0.000000000000000000e+00,1.000000000000000056e-01
9.910555191648940943e-01,-1.307701002998712114e-01,2.661087748203528128e-02,4.039063589714653091e+01,1.311214388262249286e-01,9.912947822214881466e-01,-1.190894708162887686e-02,4.170699748383118077e+00,-2.482188979394639797e-02,1.529168427656380988e-02,9.995749287467363686e-01,-6.963024795901751052e-02,0.000000000000000000e+00,0.000000000000000000e+00,0.000000000000000000e+00,1.000000000000000056e-01
9.911231412418447517e-01,-1.303163318827389450e-01,2.631677296946056954e-02,4.140704410354172893e+01,1.306837935887774638e-01,9.913420467979342510e-01,-1.275509089454789080e-02,4.316815123959416134e+00,-2.442672692245318605e-02,1.608104148089326002e-02,9.995722760844989452e-01,-6.096891255367490464e-02,0.000000000000000000e+00,0.000000000000000000e+00,0.000000000000000000e+00,1.000000000000000056e-01
9.913540073264373031e-01,-1.289485086319769325e-01,2.427991514406795809e-02,4.243327136570724889e+01,1.291664661766466216e-01,9.915935939187634496e-01,-7.626828614015695486e-03,4.463235797907162627e+00,-2.309234014237995097e-02,1.069703794792450056e-02,9.996761061493314449e-01,-6.311439904235553733e-02,0.000000000000000000e+00,0.000000000000000000e+00,0.000000000000000000e+00,1.000000000000000056e-01
9.914557691037562126e-01,-1.281770822770404439e-01,2.420936781132475984e-02,4.347552500403710951e+01,1.284038179999893448e-01,9.916893014615051349e-01,-8.049154602661709804e-03,4.593609189650822877e+00,-2.297645390187130765e-02,1.108895602555714892e-02,9.996745058369541637e-01,-6.730749362759042009e-02,0.000000000000000000e+00,0.000000000000000000e+00,0.000000000000000000e+00,1.000000000000000056e-01
9.916148775063765575e-01,-1.264996834967718198e-01,2.641523770913843661e-02,4.446192453703464054e+01,1.268398043731238656e-01,9.918551836964483170e-01,-1.161716837583612674e-02,4.719419764623169478e+00,-2.473052232771087711e-02,1.487026057947237606e-02,9.995835515932108839e-01,-7.383156521039360709e-02,0.000000000000000000e+00,0.000000000000000000e+00,0.000000000000000000e+00,1.000000000000000056e-01
9.917557140218209444e-01,-1.251919575193142231e-01,2.734186309581608867e-02,4.542901357524939243e+01,1.255373586548210185e-01,9.920245648895705814e-01,-1.129753236901537977e-02,4.858709677575779651e+00,-2.570943964848231358e-02,1.463681755506796023e-02,9.995622983510435988e-01,-7.884591576944510738e-02,0.000000000000000000e+00,0.000000000000000000e+00,0.000000000000000000e+00,1.000000000000000056e-01
9.913199036743427506e-01,-1.291356524530195560e-01,2.467451812345459322e-02,4.633613163781507893e+01,1.294472476015379181e-01,9.915199500844512626e-01,-1.147164647788196691e-02,4.977194803723868688e+00,-2.298387842549391019e-02,1.456611993841552648e-02,9.996297161861794622e-01,-8.337718174691283179e-02,0.000000000000000000e+00,0.000000000000000000e+00,0.000000000000000000e+00,1.000000000000000056e-01
9.917210233665305630e-01,-1.270220261151426833e-01,1.883657862897123586e-02,4.728022608055665188e+01,1.272054651362811706e-01,9.918366545768318998e-01,-8.878078468931844061e-03,5.114395221181665008e+00,-1.755509761589933021e-02,1.120069281081186897e-02,9.997831580039013843e-01,-9.600006674378687432e-02,0.000000000000000000e+00,0.000000000000000000e+00,0.000000000000000000e+00,1.000000000000000056e-01
9.919810266260444820e-01,-1.250535340582711596e-01,1.831000910637539322e-02,4.822185600489491009e+01,1.252252450365334002e-01,9.920915110693844241e-01,-8.548196862825581041e-03,5.241466438015358165e+00,-1.709622237451598539e-02,1.077252447675426834e-02,9.997958151027233065e-01,-9.592960249991114297e-02,0.000000000000000000e+00,0.000000000000000000e+00,0.000000000000000000e+00,1.000000000000000056e-01
9.922310819725532749e-01,-1.230771032393011971e-01,1.815231736717298067e-02,4.918114982342770958e+01,1.232842688447473162e-01,9.923129661023225578e-01,-1.076876783233875201e-02,5.383109337808035910e+00,-1.668739113798930335e-02,1.292300133224243835e-02,9.997772386954879575e-01,-1.028849634331185786e-01,0.000000000000000000e+00,0.000000000000000000e+00,0.000000000000000000e+00,1.000000000000000056e-01
9.926351650936252602e-01,-1.193607251665489838e-01,2.069894459306608273e-02,5.017629306679030776e+01,1.195854791740409290e-01,9.927737562856787656e-01,-9.979078170787572186e-03,5.522048903690629729e+00,-1.935825896784847469e-02,1.238087711510064449e-02,9.997359509848560144e-01,-9.423476720696094544e-02,0.000000000000000000e+00,0.000000000000000000e+00,0.000000000000000000e+00,1.000000000000000056e-01
9.927422684944507969e-01,-1.184690991780240621e-01,2.068479839010438359e-02,5.110826863507391948e+01,1.186932407471716355e-01,9.928809872760481214e-01,-9.962916574674159434e-03,5.649506039101174437e+00,-1.935724529538539879e-02,1.234575415628635757e-02,9.997364049632717631e-01,-9.848035075393106463e-02,0.000000000000000000e+00,0.000000000000000000e+00,0.000000000000000000e+00,1.000000000000000056e-01
9.926613841994090803e-01,-1.191958987680378917e-01,2.038906658463648935e-02,5.205035919994026727e+01,1.194718015202256983e-01,9.927538922433999380e-01,-1.289178331697112337e-02,5.767071217078273193e+00,-1.870467751191855210e-02,1.523309398840576312e-02,9.997090016033243209e-01,-9.875323273869232588e-02,0.000000000000000000e+00,0.000000000000000000e+00,0.000000000000000000e+00,1.000000000000000056e-01
9.928424343422538323e-01,-1.178934062127786203e-01,1.910615976317904183e-02,5.303200324954356404e+01,1.181671452659239091e-01,9.928965568438856693e-01,-1.389075905984320410e-02,5.892152378556876791e+00,-1.733281134292373113e-02,1.604905539604597337e-02,9.997209618047654400e-01,-8.933724093922912335e-02,0.000000000000000000e+00,0.000000000000000000e+00,0.000000000000000000e+00,1.000000000000000056e-01
9.926581687913313967e-01,-1.193805159130009591e-01,1.944356840156578892e-02,5.399598607625399893e+01,1.196512507608242376e-01,9.927254296560069635e-01,-1.340893380052342668e-02,6.022636250142651804e+00,-1.770135936054059722e-02,1.563693495037275782e-02,9.997210351603825762e-01,-9.242017241803585081e-02,0.000000000000000000e+00,0.000000000000000000e+00,0.000000000000000000e+00,1.000000000000000056e-01
9.925097095262517266e-01,-1.199991846401551737e-01,2.290572377842235025e-02,5.493407892300513140e+01,1.203599999883014776e-01,9.926157920376521560e-01,-1.507845483730236788e-02,6.141066958688755406e+00,-2.092718086440469721e-02,1.772244574437862805e-02,9.996239132883456557e-01,-9.082775967767374448e-02,0.000000000000000000e+00,0.000000000000000000e+00,0.000000000000000000e+00,1.000000000000000056e-01
9.922313576405098479e-01,-1.214982524050304130e-01,2.674149542180002254e-02,5.588297326212995841e+01,1.218890510575838665e-01,9.924519423433900700e-01,-1.349819880999295237e-02,6.256606317961053598e+00,-2.489964150650249980e-02,1.665283163176474804e-02,9.995512448351469015e-01,-8.256683845176998604e-02,0.000000000000000000e+00,0.000000000000000000e+00,0.000000000000000000e+00,1.000000000000000056e-01
9.920061279122033282e-01,-1.232768809477291089e-01,2.695649844539555612e-02,5.684424695991729948e+01,1.236150462310620785e-01,9.922664279141203414e-01,-1.125417166406033481e-02,6.382946254442923184e+00,-2.536064924108951540e-02,1.449643605687885375e-02,9.995732543499347145e-01,-9.038201565844748708e-02,0.000000000000000000e+00,0.000000000000000000e+00,0.000000000000000000e+00,1.000000000000000056e-01
9.917408549887597458e-01,-1.258896111423760122e-01,2.453329070029328096e-02,5.773590227426485910e+01,1.262054266337460651e-01,9.919342507415643828e-01,-1.177423007951346710e-02,6.502014487959314692e+00,-2.285315808280959093e-02,1.477321942545128768e-02,9.996296740060538477e-01,-9.574977337171275416e-02,0.000000000000000000e+00,0.000000000000000000e+00,0.000000000000000000e+00,1.000000000000000056e-01
9.914306401290466919e-01,-1.293883403005496868e-01,1.799842236358401362e-02,5.860643977449078079e+01,1.296295973494970277e-01,9.914779254523277130e-01,-1.294954948080163926e-02,6.625397772591005818e+00,-1.616951775150029039e-02,1.517170837505150971e-02,9.997541527599004274e-01,-1.024835951557980102e-01,0.000000000000000000e+00,0.000000000000000000e+00,0.000000000000000000e+00,1.000000000000000056e-01
9.913189118451573023e-01,-1.306313237523658854e-01,1.490879850416483750e-02,5.953619285874270872e+01,1.308430923656897782e-01,9.913008237805813749e-01,-1.423945055555955914e-02,6.735983384175172617e+00,-1.291898596317819607e-02,1.606654992975211846e-02,9.997874603009571093e-01,-1.014478183533853994e-01,0.000000000000000000e+00,0.000000000000000000e+00,0.000000000000000000e+00,1.000000000000000056e-01
9.913551549719745726e-01,-1.302994439864623988e-01,1.539518130166231055e-02,6.043234817608816911e+01,1.304765865459406593e-01,9.913890261015640970e-01,-1.112021981400697357e-02,6.868513497970231363e+00,-1.381365533853965571e-02,1.303279794253409465e-02,9.998196482886186898e-01,-1.052488365053220604e-01,0.000000000000000000e+00,0.000000000000000000e+00,0.000000000000000000e+00,1.000000000000000056e-01
9.911681987483640377e-01,-1.315832428406447097e-01,1.647580023742514777e-02,6.134927640303308038e+01,1.317357361528214144e-01,9.912481224851991124e-01,-8.535542738569016838e-03,6.997054269231576029e+00,-1.520847165884304901e-02,1.063061019451116106e-02,9.998278314373403308e-01,-9.881492025382172806e-02,0.000000000000000000e+00,0.000000000000000000e+00,0.000000000000000000e+00,1.000000000000000056e-01
9.911636711385011234e-01,-1.311900360145879518e-01,1.958957543542888535e-02,6.223395922492034771e+01,1.313454932619722015e-01,9.913128739695095115e-01,-6.866389304473726266e-03,7.120263634710975786e+00,-1.851859646459342451e-02,9.378718078847337811e-03,9.997845274018692940e-01,-9.415312673843249935e-02,0.000000000000000000e+00,0.000000000000000000e+00,0.000000000000000000e+00,1.000000000000000056e-01
9.910002098447681096e-01,-1.323257803895772633e-01,2.021068855618229215e-02,6.304269710587259823e+01,1.324620301847183601e-01,9.911725275632059518e-01,-5.552581679585853747e-03,7.236806708946255107e+00,-1.929752955609589926e-02,8.179758447232756552e-03,9.997803243236869086e-01,-9.477469441554239871e-02,0.000000000000000000e+00,0.000000000000000000e+00,0.000000000000000000e+00,1.000000000000000056e-01
9.906259543162062586e-01,-1.351981927195806121e-01,1.953630774902936906e-02,6.385196845339204685e+01,1.353090685393503745e-01,9.907933857589378279e-01,-4.463486009151873719e-03,7.355430283327901719e+00,-1.875298925822291990e-02,7.065084691612366456e-03,9.997991848227228973e-01,-9.723537827253750376e-02,0.000000000000000000e+00,0.000000000000000000e+00,0.000000000000000000e+00,1.000000000000000056e-01
9.899892838022452679e-01,-1.397040208287554375e-01,2.009986370590957291e-02,6.464322672817439752e+01,1.398174154312946116e-01,9.901677714408676501e-01,-4.344507099586072084e-03,7.472179812756995609e+00,-1.929529214161441672e-02,7.111326465874545817e-03,9.997885380104462039e-01,-9.740950219572279412e-02,0.000000000000000000e+00,0.000000000000000000e+00,0.000000000000000000e+00,1.000000000000000056e-01
9.899042784657174909e-01,-1.405515752302621268e-01,1.829683512411735963e-02,6.543249231095975915e+01,1.406829563496074798e-01,9.900359262678950500e-01,-6.096760746939201142e-03,7.575708210103937468e+00,-1.725761478309215113e-02,8.609262405279127436e-03,9.998140103703465620e-01,-9.600917335868265623e-02,0.000000000000000000e+00,0.000000000000000000e+00,0.000000000000000000e+00,1.000000000000000056e-01
9.898982489030307974e-01,-1.403378052269209086e-01,2.016822359069328843e-02,6.618329194874840482e+01,1.404715441017381772e-01,9.900701644936440449e-01,-5.367930439390680881e-03,7.689014595962465393e+00,-1.921463287150742758e-02,8.146766451759900052e-03,9.997821903194683557e-01,-9.144165208133218925e-02,0.000000000000000000e+00,0.000000000000000000e+00,0.000000000000000000e+00,1.000000000000000056e-01
9.896841031577535697e-01,-1.414472499186038568e-01,2.276074355765004414e-02,6.697316344370977959e+01,1.415670484643145044e-01,9.899216311244678490e-01,-3.732964100471212587e-03,7.814639860227299728e+00,-2.200333488213812583e-02,6.916626514204618492e-03,9.997339713802504413e-01,-9.118485091038443235e-02,0.000000000000000000e+00,0.000000000000000000e+00,0.000000000000000000e+00,1.000000000000000056e-01
9.895947816920132034e-01,-1.417793934396838484e-01,2.451064348017078023e-02,6.771199549673281126e+01,1.418740282099642813e-01,9.898823699416126054e-01,-2.157266384715861730e-03,7.928091197561395020e+00,-2.395679793743255362e-02,5.612243281584538071e-03,9.996972414475961966e-01,-9.567911260479862456e-02,0.000000000000000000e+00,0.000000000000000000e+00,0.000000000000000000e+00,1.000000000000000056e-01
9.893456420432581444e-01,-1.431310994240596601e-01,2.662121236294795121e-02,6.839204788218486897e+01,1.431808570824826266e-01,9.896965397347540216e-01,3.744569693223879885e-05,8.034047887884616657e+00,-2.635228140292425122e-02,3.774601265628486912e-03,9.996455920225660874e-01,-9.554006289818225972e-02,0.000000000000000000e+00,0.000000000000000000e+00,0.000000000000000000e+00,1.000000000000000056e-01
9.894443476353658173e-01,-1.431706327590777095e-01,2.240653582753462936e-02,6.907184510845289083e+01,1.431282470622350922e-01,9.896979883571768166e-01,3.492382374454715104e-03,8.143969187609352289e+00,-2.267571002895136384e-02,-2.485098044533971817e-04,9.997428421436984625e-01,-9.812568802580773353e-02,0.000000000000000000e+00,0.000000000000000000e+00,0.000000000000000000e+00,1.000000000000000056e-01
9.896497279721722107e-01,-1.425981943810281649e-01,1.609878516770856319e-02,6.976295710117558713e+01,1.425757445308925009e-01,9.897806360099680179e-01,2.539616342072384056e-03,8.254625734997624420e+00,-1.629641052708249646e-02,-2.180343407566810981e-04,9.998671809120244225e-01,-1.013164288300960753e-01,0.000000000000000000e+00,0.000000000000000000e+00,0.000000000000000000e+00,1.000000000000000056e-01
9.899418247846079044e-01,-1.411343186785877779e-01,9.812626215819641312e-03,7.049644395097067218e+01,1.411204014581319832e-01,9.899902132318399994e-01,2.099999397994752569e-03,8.359970401570562260e+00,-1.001078590402506435e-02,-6.941154851624455144e-04,9.999496499170731356e-01,-9.936559414378742794e-02,0.000000000000000000e+00,0.000000000000000000e+00,0.000000000000000000e+00,1.000000000000000056e-01
9.898436476972966025e-01,-1.418530246353658930e-01,9.341975974514821895e-03,7.120714386051223244e+01,1.418286703521948466e-01,9.898859729089358739e-01,3.223182318451455527e-03,8.469117322856796193e+00,-9.704709137248079820e-03,-1.865486512361831748e-03,9.999511680980395223e-01,-9.511839321210578679e-02,0.000000000000000000e+00,0.000000000000000000e+00,0.000000000000000000e+00,1.000000000000000056e-01
9.896061934577695673e-01,-1.433132856704852631e-01,1.186945745826380877e-02,7.187273566996432805e+01,1.432626753898990912e-01,9.896719983768639262e-01,5.014126930289274260e-03,8.576737170647339425e+00,-1.246546068751773484e-02,-3.261560834100194449e-03,9.999169838095427476e-01,-8.456243234685636989e-02,0.000000000000000000e+00,0.000000000000000000e+00,0.000000000000000000e+00,1.000000000000000056e-01
9.893414391689504539e-01,-1.449947556761960188e-01,1.341780792492030042e-02,7.248955755216668706e+01,1.449582031636302282e-01,9.894309992071192994e-01,3.662941928722157191e-03,8.668049458942583385e+00,-1.380710247233426016e-02,-1.678878912163105867e-03,9.999032679649150213e-01,-7.570351618244644532e-02,0.000000000000000000e+00,0.000000000000000000e+00,0.000000000000000000e+00,1.000000000000000056e-01
9.895746229204568367e-01,-1.436256928834555302e-01,1.066424003775663133e-02,7.305802933659045095e+01,1.436297860778152080e-01,9.896314143625771775e-01,3.850428108138359844e-04,8.742788868164163674e+00,-1.060896899216005017e-02,1.150673920986122496e-03,9.999430612422144371e-01,-7.319475635462013852e-02,0.000000000000000000e+00,0.000000000000000000e+00,0.000000000000000000e+00,1.000000000000000056e-01
9.898078531343569297e-01,-1.421819515987641780e-01,8.044035872744836196e-03,7.368791549641002803e+01,1.422376297436064863e-01,9.898089653040637037e-01,-6.831463138996716339e-03,8.821960804391880018e+00,-6.990748062692765663e-03,7.906000459488603249e-03,9.999443107484828897e-01,-5.761042680853953324e-02,0.000000000000000000e+00,0.000000000000000000e+00,0.000000000000000000e+00,1.000000000000000056e-01
9.902649434166829190e-01,-1.391388156755007932e-01,3.966334879066207159e-03,7.429059949923443185e+01,1.391740288651995283e-01,9.902098767308300520e-01,-1.072332570347764823e-02,8.905655891050905382e+00,-2.435473133188805102e-03,1.117094432594116331e-02,9.999346371005878309e-01,-4.718749686778975910e-02,0.000000000000000000e+00,0.000000000000000000e+00,0.000000000000000000e+00,1.000000000000000056e-01
9.909797880024907579e-01,-1.339730337090274115e-01,3.207180902010952055e-03,7.486845402604132005e+01,1.339971330972533625e-01,9.909397709235825413e-01,-9.118043849132570836e-03,8.979305652248651626e+00,-1.956551112388994328e-03,9.465550206804540165e-03,9.999532865424399786e-01,-3.752645475348184018e-02,0.000000000000000000e+00,0.000000000000000000e+00,0.000000000000000000e+00,1.000000000000000056e-01
9.917660442636472284e-01,-1.279833289788571693e-01,4.514526456558914415e-03,7.544274332557968421e+01,1.280189871705968430e-01,9.917329176911403588e-01,-8.772621708037593377e-03,9.071868611046935982e+00,-3.354455164690178272e-03,9.278333433725379983e-03,9.999513288951821233e-01,-4.185016099733040312e-02,0.000000000000000000e+00,0.000000000000000000e+00,0.000000000000000000e+00,1.000000000000000056e-01
9.926083650941894820e-01,-1.212206311782883100e-01,5.847402994292434653e-03,7.599573731550925970e+01,1.212736256288975550e-01,9.925710345980583993e-01,-9.769800599903212535e-03,9.123490342455760072e+00,-4.619661444550339849e-03,1.040672156239727530e-02,9.999351773362413764e-01,-3.302916246891838409e-02,0.000000000000000000e+00,0.000000000000000000e+00,0.000000000000000000e+00,1.000000000000000056e-01
9.937705960801668237e-01,-1.110665388278260363e-01,9.177489813500546920e-03,7.656898174687364644e+01,1.111877390605055665e-01,9.937013355308954576e-01,-1.396217915397428289e-02,9.184670016863329067e+00,-7.568952971370733300e-03,1.489562744303704958e-02,9.998604058737377009e-01,-2.064465764221014299e-02,0.000000000000000000e+00,0.000000000000000000e+00,0.000000000000000000e+00,1.000000000000000056e-01
9.947488301478715211e-01,-1.016026200751583564e-01,1.231553950519436412e-02,7.712270814779158457e+01,1.018113336231323274e-01,9.946461567993882813e-01,-1.770522832628975557e-02,9.222650741110349770e+00,-1.045070645077266457e-02,1.886611666638990381e-02,9.997673991367241886e-01,-1.135926282260737996e-02,0.000000000000000000e+00,0.000000000000000000e+00,0.000000000000000000e+00,1.000000000000000056e-01
9.959007764841901755e-01,-8.964604351408396454e-02,1.205115266097194111e-02,7.761255897189224129e+01,8.980784429590667195e-02,9.958658261683115409e-01,-1.363111782021174737e-02,9.268260129008190518e+00,-1.077935531974296042e-02,1.465752886325913038e-02,9.998344674727479564e-01,9.777663481225925234e-04,0.000000000000000000e+00,0.000000000000000000e+00,0.000000000000000000e+00,1.000000000000000056e-01
9.970932168530827200e-01,-7.562521578908242004e-02,9.270579400778201570e-03,7.810516918085761517e+01,7.571143965723388380e-02,9.970861022192507583e-01,-9.331809377112764564e-03,9.308255490355477946e+00,-8.537845782189279129e-03,1.000657274377474149e-02,9.999134831030748183e-01,-2.380495141859015687e-03,0.000000000000000000e+00,0.000000000000000000e+00,0.000000000000000000e+00,1.000000000000000056e-01
9.981600051990024980e-01,-5.983921582999229827e-02,9.791438606191487162e-03,7.860447429756622739e+01,5.987689757086908648e-02,9.981992722881932734e-01,-3.601380375513720325e-03,9.334374983526704028e+00,-9.558303113778600021e-03,4.181034820840741871e-03,9.999455774137970820e-01,2.910174959434783971e-03,0.000000000000000000e+00,0.000000000000000000e+00,0.000000000000000000e+00,1.000000000000000056e-01
9.992904881117102844e-01,-3.592436324128588793e-02,1.131196248084110831e-02,7.910031991826755871e+01,3.597511339845620854e-02,9.993433691494091331e-01,-4.315292930496083049e-03,9.353135447982598549e+00,-1.114951054656776810e-02,4.719180311867784972e-03,9.999267061898867714e-01,1.305405066321891489e-02,0.000000000000000000e+00,0.000000000000000000e+00,0.000000000000000000e+00,1.000000000000000056e-01
9.998766393811227005e-01,-1.075067025631076985e-02,1.145116190403679124e-02,7.960101234845500073e+01,1.085066452412188943e-02,9.999032279116147892e-01,-8.706198442386155548e-03,9.375988860249645285e+00,-1.135645628254480094e-02,8.829377156590342487e-03,9.998965311469628636e-01,1.509200758418997174e-02,0.000000000000000000e+00,0.000000000000000000e+00,0.000000000000000000e+00,1.000000000000000056e-01
9.997767109486976889e-01,1.700358035929863329e-02,1.254617469865101399e-02,8.008033790139586472e+01,-1.691245877176878257e-02,9.998300790512029135e-01,-7.333605031538554739e-03,9.376115812206290201e+00,-1.266874038321956671e-02,7.119780855494093133e-03,9.998944002931871022e-01,2.481879547257982710e-02,0.000000000000000000e+00,0.000000000000000000e+00,0.000000000000000000e+00,1.000000000000000056e-01
9.987213264843878280e-01,4.898538328183355689e-02,1.249576928391244943e-02,8.057035053568426974e+01,-4.887986934781438780e-02,9.987675170295663429e-01,-8.614249772070035546e-03,9.347970158445287225e+00,-1.290234078783785571e-02,7.992443389031550147e-03,9.998848185920554688e-01,2.506765229701012412e-02,0.000000000000000000e+00,0.000000000000000000e+00,0.000000000000000000e+00,1.000000000000000056e-01
