1.000000000000000000e+00,-1.410368486225429545e-09,5.577646538887020793e-10,1.687357731084501798e-15,1.410368486180870980e-09,1.000000000000000000e+00,7.988792420652775270e-11,2.751289337484707838e-15,-5.577646540013735913e-10,-7.988792341987405293e-11,1.000000000000000000e+00,-1.462634820938988023e-15,0.000000000000000000e+00,0.000000000000000000e+00,0.000000000000000000e+00,1.000000000000000056e-01
9.999901028692930183e-01,-4.399003190708523914e-03,-6.655331613134008416e-04,6.429374926827609027e-01,4.397474111642901695e-03,9.999877277226392192e-01,-2.281803135732321432e-03,2.011386544717563146e-02,6.755626529805075497e-04,2.278853887581124438e-03,9.999971752160408123e-01,9.648931593173924390e-03,0.000000000000000000e+00,0.000000000000000000e+00,0.000000000000000000e+00,1.000000000000000056e-01
9.999551451252459700e-01,-9.442353363341487657e-03,-7.414179051295383431e-04,1.290494666909517418e+00,9.440996880073189781e-03,9.999537906013261646e-01,-1.812247209870587608e-03,3.868624442760927595e-02,7.584955231913040634e-04,1.805166197619806996e-03,9.999980830279326938e-01,1.392128105634363525e-02,0.000000000000000000e+00,0.000000000000000000e+00,0.000000000000000000e+00,1.000000000000000056e-01
9.998594178522962617e-01,-1.664189935203720661e-02,-2.047368560823416717e-03,1.997484364600238926e+00,1.663783054537562589e-02,9.998596042358478542e-01,-1.988570360125340841e-03,5.099745997963025385e-02,2.080174706737469067e-03,1.954227031454344992e-03,9.999959269266545103e-01,1.617219687967480848e-02,0.000000000000000000e+00,0.000000000000000000e+00,0.000000000000000000e+00,1.000000000000000056e-01
9.997190471840134984e-01,-2.363559522595864992e-02,-1.784750907776606367e-03,2.700725521611726521e+00,2.363559974565040273e-02,9.997206400190516984e-01,-1.856235632082534328e-05,6.153759243520012800e-02,1.784691052137451616e-03,-2.362651692734842358e-05,9.999984071585494849e-01,1.592651616344227181e-02,0.000000000000000000e+00,0.000000000000000000e+00,0.000000000000000000e+00,1.000000000000000056e-01
9.995719439002971329e-01,-2.922310455218909281e-02,-1.392525659734057675e-03,3.410139973803651525e+00,2.922458992314747039e-02,9.995723099639987064e-01,1.058535336963510902e-03,8.418692327497681593e-02,1.360996401560241823e-03,-1.098778215818960917e-03,9.999984701864434999e-01,2.784535795303704625e-02,0.000000000000000000e+00,0.000000000000000000e+00,0.000000000000000000e+00,1.000000000000000056e-01
9.994007901494759150e-01,-3.456257809096112410e-02,-1.867844830125590461e-03,4.146246724612929313e+00,3.456555230889067631e-02,9.994011771401113409e-01,1.584211015329040854e-03,1.063555483644128968e-01,1.811971905012715487e-03,-1.647824828663943877e-03,9.999970007110768888e-01,4.094534277026579128e-02,0.000000000000000000e+00,0.000000000000000000e+00,0.000000000000000000e+00,1.000000000000000056e-01
9.990990804991446428e-01,-4.241587874070235770e-02,-1.385848627315128950e-03,4.913376376803244128e+00,4.241882903991624904e-02,9.990975516714385440e-01,2.173749530082993552e-03,1.482742182455693281e-01,1.292396474057110316e-03,-2.230577232738649180e-03,9.999966771127605236e-01,4.348636336610407077e-02,0.000000000000000000e+00,0.000000000000000000e+00,0.000000000000000000e+00,1.000000000000000056e-01
9.987919653126191566e-01,-4.913501581299528631e-02,6.002066414088139124e-04,5.681372667654263076e+00,4.913272508302915509e-02,9.987865716208477185e-01,3.370411812912779866e-03,1.906221816275595338e-01,-7.650835713605484527e-04,-3.336850450626675443e-03,9.999941400209297893e-01,3.951811022064546236e-02,0.000000000000000000e+00,0.000000000000000000e+00,0.000000000000000000e+00,1.000000000000000056e-01
9.985234629575072685e-01,-5.424972623339222033e-02,2.803770131381467905e-03,6.475214903914519482e+00,5.423905533847668547e-02,9.985209323931483194e-01,3.751326259779290666e-03,2.458109184555349880e-01,-3.003131588408244901e-03,-3.593713444285882939e-03,9.999890331520356890e-01,4.700961829939299258e-02,0.000000000000000000e+00,0.000000000000000000e+00,0.000000000000000000e+00,1.000000000000000056e-01
9.982206533553276140e-01,-5.935284698294636396e-02,5.724226574983107795e-03,7.295540140782530436e+00,5.932682855831732105e-02,9.982279540788417949e-01,4.612928438834854386e-03,2.830748566659386234e-01,-5.987873418402569863e-03,-4.265120231452113400e-03,9.999729766955387511e-01,5.855240102959749504e-02,0.000000000000000000e+00,0.000000000000000000e+00,0.000000000000000000e+00,1.000000000000000056e-01
9.980131047321532112e-01,-6.262657294808751662e-02,6.910509653135958955e-03,8.107104577482756369e+00,6.259286091336288549e-02,9.980266621008663241e-01,4.991542695757879983e-03,3.391886020905696686e-01,-7.209476095294471351e-03,-4.549076453637232800e-03,9.999636640187734571e-01,6.070543025334609877e-02,0.000000000000000000e+00,0.000000000000000000e+00,0.000000000000000000e+00,1.000000000000000056e-01
9.978101318529446484e-01,-6.576846084022673622e-02,7.032092883117814323e-03,8.936453683183064101e+00,6.573703185098649093e-02,9.978263279880232872e-01,4.611053823158352619e-03,3.844816592233901709e-01,-7.320069332432728275e-03,-4.138687309430049560e-03,9.999646433011134539e-01,6.458917933289426427e-02,0.000000000000000000e+00,0.000000000000000000e+00,0.000000000000000000e+00,1.000000000000000056e-01
9.976290067387623139e-01,-6.836397157996712548e-02,7.920372670780434846e-03,9.716551608657416850e+00,6.834373769426649314e-02,9.976579094465458653e-01,2.798077326491555522e-03,4.545330943341263641e-01,-8.093110119595183297e-03,-2.250135231753366827e-03,9.999647186076271455e-01,7.061980731250985799e-02,0.000000000000000000e+00,0.000000000000000000e+00,0.000000000000000000e+00,1.000000000000000056e-01
9.972910433945760822e-01,-7.304820397513518693e-02,8.633345873108041330e-03,1.051789236941793249e+01,7.302813535525383426e-02,9.973264453582852962e-01,2.617792112036821522e-03,5.230080842926708717e-01,-8.801489163340031618e-03,-1.980223475813236607e-03,9.999593054237224665e-01,7.110773958133910500e-02,0.000000000000000000e+00,0.000000000000000000e+00,0.000000000000000000e+00,1.000000000000000056e-01
9.970683433529030637e-01,-7.590706857121308493e-02,9.635124515160523734e-03,1.132812070543780258e+01,7.587399210068175581e-02,9.971103482507954752e-01,3.753762630090300145e-03,5.910148656845206627e-01,-9.892219478113809666e-03,-3.011702525571796803e-03,9.999465353916149324e-01,8.668820890653980427e-02,0.000000000000000000e+00,0.000000000000000000e+00,0.000000000000000000e+00,1.000000000000000056e-01
9.966814978031914851e-01,-8.090893391626262365e-02,8.929521225728315539e-03,1.218520492623584950e+01,8.086211553435816712e-02,9.967102008791788315e-01,5.485775669401612292e-03,6.559422444126787877e-01,-9.343993155765615774e-03,-4.745511133770157278e-03,9.999450834500783758e-01,9.106891918740656067e-02,0.000000000000000000e+00,0.000000000000000000e+00,0.000000000000000000e+00,1.000000000000000056e-01
9.965325888346323602e-01,-8.286690292333599717e-02,7.475011066214008390e-03,1.305887809919360265e+01,8.280800261721076028e-02,9.965344230131507608e-01,7.872639480810282933e-03,7.533953188540402079e-01,-8.101487091493221951e-03,-7.226351066838877964e-03,9.999410711422774822e-01,1.021013492739741985e-01,0.000000000000000000e+00,0.000000000000000000e+00,0.000000000000000000e+00,1.000000000000000056e-01
9.968487368026679452e-01,-7.903542981706027093e-02,6.782091753863141691e-03,1.393764912035681114e+01,7.895225529928370789e-02,9.968090050109659206e-01,1.176218143904089915e-02,8.499447430244755353e-01,-7.690079198682240637e-03,-1.118965426993753613e-02,9.999078229113107508e-01,1.042032044413233327e-01,0.000000000000000000e+00,0.000000000000000000e+00,0.000000000000000000e+00,1.000000000000000056e-01
9.948540051021602659e-01,-1.010741297238754582e-01,7.037672395905508055e-03,1.490459247669626741e+01,1.010056577229243163e-01,9.948406172458451602e-01,9.487011429592927259e-03,9.903365668991948034e-01,-7.960253774243246372e-03,-8.727346587993591726e-03,9.999302314568665473e-01,9.168527369369978974e-02,0.000000000000000000e+00,0.000000000000000000e+00,0.000000000000000000e+00,1.000000000000000056e-01
9.945363799081741174e-01,-1.040244938619084153e-01,8.734627405779514173e-03,1.586823705918154737e+01,1.039488824949341556e-01,9.945445338509326660e-01,8.706320421707014826e-03,1.095137844242469072e+00,-9.592646516910238383e-03,-7.750797636684696526e-03,9.999239502426156001e-01,8.890923790335372723e-02,0.000000000000000000e+00,0.000000000000000000e+00,0.000000000000000000e+00,1.000000000000000056e-01
9.941437560032569953e-01,-1.074880011359067439e-01,1.115894311948322469e-02,1.677790312814236273e+01,1.073838229613599121e-01,9.941717628116355510e-01,9.550947293768884822e-03,1.213507663675682080e+00,-1.212051838577302317e-02,-8.296724643638071772e-03,9.998921228783872461e-01,8.876279201879262726e-02,0.000000000000000000e+00,0.000000000000000000e+00,0.000000000000000000e+00,1.000000000000000056e-01
9.937598778958174339e-01,-1.109598517729097622e-01,1.136733825589491577e-02,1.765762943887625624e+01,1.108645790373730122e-01,9.937974768390308578e-01,8.695984317024493815e-03,1.321753834241165437e+00,-1.226173720792074311e-02,-7.381485142554988776e-03,9.998975764935796873e-01,8.978461695768004402e-02,0.000000000000000000e+00,0.000000000000000000e+00,0.000000000000000000e+00,1.000000000000000056e-01
9.933536316975551950e-01,-1.145876718377661085e-01,1.087326335918814384e-02,1.856984673648521778e+01,1.145036304047695463e-01,9.933901138542439169e-01,8.062277642222358265e-03,1.431994509640388547e+00,-1.172522995108302331e-02,-6.763664646681381148e-03,9.999083817146156017e-01,8.367103937456170371e-02,0.000000000000000000e+00,0.000000000000000000e+00,0.000000000000000000e+00,1.000000000000000056e-01
9.930500725881322710e-01,-1.171881072899977755e-01,1.088580922546815953e-02,1.949397216635583518e+01,1.171168542396180540e-01,9.930936855921032036e-01,6.969511468453743960e-03,1.548848192272237689e+00,-1.162737226209672146e-02,-5.646162137312366047e-03,9.999164590441532718e-01,8.594029256869348266e-02,0.000000000000000000e+00,0.000000000000000000e+00,0.000000000000000000e+00,1.000000000000000056e-01
9.930176744109727727e-01,-1.171912265622674365e-01,1.349498885714886867e-02,2.041523290920151723e+01,1.171054652319649392e-01,9.930949431520782467e-01,6.981683076126114773e-03,1.664995610704793183e+00,-1.421999719508842963e-02,-5.352597743312599576e-03,9.998845640258529066e-01,8.417754012499291394e-02,0.000000000000000000e+00,0.000000000000000000e+00,0.000000000000000000e+00,1.000000000000000056e-01
9.920969860096611193e-01,-1.244541504987518865e-01,1.596041271961196051e-02,2.129347780712661731e+01,1.243683018615671099e-01,9.922163325806834244e-01,6.266965151387828697e-03,1.778787254525292516e+00,-1.661613199924872469e-02,-4.232467811171548508e-03,9.998529843800092465e-01,8.149558078117909166e-02,0.000000000000000000e+00,0.000000000000000000e+00,0.000000000000000000e+00,1.000000000000000056e-01
9.922348543727870229e-01,-1.229447888612173329e-01,1.883009983204880777e-02,2.220863327893398065e+01,1.228510385119428588e-01,9.924066104219980700e-01,6.061511961364620185e-03,1.903698491547245908e+00,-1.943234685650110927e-02,-3.701146118612773459e-03,9.998043235618944147e-01,7.708420283109333748e-02,0.000000000000000000e+00,0.000000000000000000e+00,0.000000000000000000e+00,1.000000000000000056e-01
9.921400188637745643e-01,-1.232811624658740057e-01,2.144616399386813435e-02,2.315323358980498725e+01,1.231742432146160360e-01,9.923654280964023799e-01,6.242029121252631700e-03,2.022871834314755368e+00,-2.205195631901446171e-02,-3.551351870306561527e-03,9.997505184406745293e-01,7.630503389587521557e-02,0.000000000000000000e+00,0.000000000000000000e+00,0.000000000000000000e+00,1.000000000000000056e-01
9.923930094384844081e-01,-1.211954173404624913e-01,2.162835253317539619e-02,2.407067163307699076e+01,1.211355807042489574e-01,9.926276662739953460e-01,4.060447621401269865e-03,2.133640959536744042e+00,-2.196100874442196565e-02,-1.409596790887326706e-03,9.997578342437805077e-01,6.612103215816632351e-02,0.000000000000000000e+00,0.000000000000000000e+00,0.000000000000000000e+00,1.000000000000000056e-01
9.925887065303037327e-01,-1.198664156500724581e-01,1.999255030511562156e-02,2.501871849411667981e+01,1.198167390981463160e-01,9.927892473908344062e-01,3.668691459822123919e-03,2.246583647326203526e+00,-2.028814186625404678e-02,-1.246059526949010133e-03,9.997933979754367595e-01,5.379642152650838949e-02,0.000000000000000000e+00,0.000000000000000000e+00,0.000000000000000000e+00,1.000000000000000056e-01
9.926615602233875846e-01,-1.198020648321646286e-01,1.644664454591430666e-02,2.594176196285117442e+01,1.197703741580765646e-01,9.927973788295949564e-01,2.902079102992646646e-03,2.363583497292773394e+00,-1.667586066457057634e-02,-9.109615993593241697e-04,9.998605331845338284e-01,4.344308256751259339e-02,0.000000000000000000e+00,0.000000000000000000e+00,0.000000000000000000e+00,1.000000000000000056e-01
9.928431817902600987e-01,-1.184912219405363926e-01,1.490794069048931823e-02,2.687822628112617096e+01,1.184603129571365349e-01,9.929544273777095587e-01,2.942686714939283903e-03,2.475283600367022885e+00,-1.515158825634701535e-02,-1.155627121330451978e-03,9.998845402841602947e-01,3.747709284421363307e-02,0.000000000000000000e+00,0.000000000000000000e+00,0.000000000000000000e+00,1.000000000000000056e-01
9.929561944961518005e-01,-1.172648375399261839e-01,1.693970744892000363e-02,2.782900425735192229e+01,1.172776841860543456e-01,9.930991334598897602e-01,2.364596626884173320e-04,2.586168279323707075e+00,-1.685053719251639742e-02,1.751855573583657646e-03,9.998564849008946265e-01,3.175453784186898359e-02,0.000000000000000000e+00,0.000000000000000000e+00,0.000000000000000000e+00,1.000000000000000056e-01
9.928991574890649874e-01,-1.168842674399031417e-01,2.212082915584782927e-02,2.882363056590510197e+01,1.169140048632383994e-01,9.931420406088493635e-01,-5.140164674374749637e-05,2.687191696076131286e+00,-2.196311736397359854e-02,2.637271379251075916e-03,9.997553031994020900e-01,2.488293042035504693e-02,0.000000000000000000e+00,0.000000000000000000e+00,0.000000000000000000e+00,1.000000000000000056e-01
9.926979565945184270e-01,-1.178233638799520838e-01,2.585385652238332901e-02,2.976446661520487069e+01,1.179505585152226949e-01,9.930134902586446044e-01,-3.445854072914852472e-03,2.799089829825240905e+00,-2.526722618362782849e-02,6.470169113493018376e-03,9.996597942263298897e-01,1.225665155102653552e-02,0.000000000000000000e+00,0.000000000000000000e+00,0.000000000000000000e+00,1.000000000000000056e-01
9.926535601560627642e-01,-1.182075725517769960e-01,2.580463719780387577e-02,3.066164426116441533e+01,1.185232071458133807e-01,9.928896823988688780e-01,-1.106019682211753681e-02,2.897446567257291772e+00,-2.431375901345813467e-02,1.403739211141961409e-02,9.996058186832176284e-01,7.538190336811693287e-03,0.000000000000000000e+00,0.000000000000000000e+00,0.000000000000000000e+00,1.000000000000000056e-01
9.925209892405291168e-01,-1.199671058579082211e-01,2.258272412883246746e-02,3.158393858857770198e+01,1.202895125219563405e-01,9.926470558497250130e-01,-1.350021074290986937e-02,2.993605604942212839e+00,-2.079709340825336081e-02,1.611570739838360036e-02,9.996538225209855577e-01,3.691941486186662994e-04,0.000000000000000000e+00,0.000000000000000000e+00,0.000000000000000000e+00,1.000000000000000056e-01
9.925265265224980649e-01,-1.205196025453150188e-01,1.913425074321275024e-02,3.254385233447273862e+01,1.207851318887420422e-01,9.925884525413830595e-01,-1.338341496486497063e-02,3.120019374938351131e+00,-1.737947248347980131e-02,1.559452736769786386e-02,9.997273451558550406e-01,-1.036975688133375678e-02,0.000000000000000000e+00,0.000000000000000000e+00,0.000000000000000000e+00,1.000000000000000056e-01
9.921491184627460047e-01,-1.234559928180127136e-01,1.996858960755334630e-02,3.349702240295614075e+01,1.237388722681494052e-01,9.922215122581118374e-01,-1.360742819316640081e-02,3.244149398842325116e+00,-1.813334562078102244e-02,1.597148864521930056e-02,9.997080040327039896e-01,-2.284617577997981666e-02,0.000000000000000000e+00,0.000000000000000000e+00,0.000000000000000000e+00,1.000000000000000056e-01
9.923940908312914866e-01,-1.212452872938315912e-01,2.129668500425761432e-02,3.446722714842484692e+01,1.215575367300026771e-01,9.924852029792393671e-01,-1.403164749386827219e-02,3.368382931624196885e+00,-1.943537360763570795e-02,1.651369662717491749e-02,9.996747291376516520e-01,-2.566160791927954085e-02,0.000000000000000000e+00,0.000000000000000000e+00,0.000000000000000000e+00,1.000000000000000056e-01
9.920150038190399533e-01,-1.240564620472494189e-01,2.272061667802138807e-02,3.543057058848246754e+01,1.243770354700570874e-01,9.921461472501625911e-01,-1.328064547899847347e-02,3.504081492520225716e+00,-2.089462240841835627e-02,1.600052252203182368e-02,9.996536390337563693e-01,-4.076007296360537741e-02,0.000000000000000000e+00,0.000000000000000000e+00,0.000000000000000000e+00,1.000000000000000056e-01
9.916575413585102527e-01,-1.266766979405686833e-01,2.383977486614424768e-02,3.639930665559745648e+01,1.269856851494536865e-01,9.918329120181980096e-01,-1.192100686289805991e-02,3.630791866242823573e+00,-2.213495954182731484e-02,1.484886650136547220e-02,9.996447142508714245e-01,-4.620851789486408318e-02,0.000000000000000000e+00,0.000000000000000000e+00,0.000000000000000000e+00,1.000000000000000056e-01
9.915546747757010282e-01,-1.273637832631068501e-01,2.444981888199172435e-02,3.739127649535031139e+01,1.276947149355101840e-01,9.917349796002928874e-01,-1.248158702832075431e-02,3.768895701875732751e+00,-2.265803848510826793e-02,1.549828861891197965e-02,9.996231371581453251e-01,-5.369691953656613448e-02,0.000000000000000000e+00,0.000000000000000000e+00,0.000000000000000000e+00,1.000000000000000056e-01
9.914358334822618302e-01,-1.277188457864236459e-01,2.725590795252572085e-02,3.837678882595982088e+01,1.280309299740734208e-01,9.917195300399248570e-01,-1.002270958196312470e-02,3.898429516295209396e+00,-2.575012732602940252e-02,1.342647267059387389e-02,9.995782414470210098e-01,-4.564186288778886158e-02,0.000000000000000000e+00,0.000000000000000000e+00,0.000000000000000000e+00,1.000000000000000056e-01
9.914119184296104059e-01,-1.277003577451282512e-01,2.819621654558769619e-02,3.938574722201893508e+01,1.280166308444845302e-01,9.917245391189779546e-01,-9.704676010956482871e-03,4.035089419851419557e+00,-2.672358926017215364e-02,1.323091610648783299e-02,9.995552974378340005e-01,-6.462213248146088385e-02,0.000000000000000000e+00,0.000000000000000000e+00,0.000000000000000000e+00,1.000000000000000056e-01
9.910470676978724303e-01,-1.308357833575831408e-01,2.660277054474467773e-02,4.039030110986957567e+01,1.311869116380814104e-01,9.912861691182514035e-01,-1.190483640054500018e-02,4.172607964149560367e+00,-2.481337990502263668e-02,1.528818851496459123e-02,9.995751935045306125e-01,-6.942146122853694312e-02,0.000000000000000000e+00,0.000000000000000000e+00,0.000000000000000000e+00,1.000000000000000056e-01
9.911147352594300575e-01,-1.303818962439863283e-01,2.630860474164655946e-02,4.140669698218324868e+01,1.307491396897395020e-01,9.913334836917706561e-01,-1.275094435446964998e-02,4.318792055064565538e+00,-2.441810848576901963e-02,1.607747627459560000e-02,9.995725440079960000e-01,-6.075131855468859227e-02,0.000000000000000000e+00,0.000000000000000000e+00,0.000000000000000000e+00,1.000000000000000056e-01
9.913457188975361989e-01,-1.290138360163752274e-01,2.427129456512151437e-02,4.243291200574209654e+01,1.292316231678828919e-01,9.915851355661181588e-01,-7.622761816910249982e-03,4.465281934323881430e+00,-2.308361316868245625e-02,1.069341108640604887e-02,9.996763465054155917e-01,-6.288780015208328411e-02,0.000000000000000000e+00,0.000000000000000000e+00,0.000000000000000000e+00,1.000000000000000056e-01
9.914475686728958514e-01,-1.282421395887730908e-01,2.420066541021190579e-02,4.347515451037607193e+01,1.284686995188780434e-01,9.916809318475856561e-01,-8.045039082092770438e-03,4.595725368697524793e+00,-2.296762540036769926e-02,1.108526245056072265e-02,9.996747496760486351e-01,-6.707159733320167128e-02,0.000000000000000000e+00,0.000000000000000000e+00,0.000000000000000000e+00,1.000000000000000056e-01
9.916068433615179423e-01,-1.265644357606072190e-01,2.640666202315510719e-02,4.446154326748472130e+01,1.269043380823265399e-01,9.918469793928773592e-01,-1.161285688844862322e-02,4.721602028010782881e+00,-2.472159328385982457e-02,1.486650832657580683e-02,9.995838282783906514e-01,-7.358677057694555657e-02,0.000000000000000000e+00,0.000000000000000000e+00,0.000000000000000000e+00,1.000000000000000056e-01
9.917478301097305549e-01,-1.252562961588482293e-01,2.733316200530104198e-02,4.542862068288030031e+01,1.256014735821370520e-01,9.920164996071857422e-01,-1.129311033782393579e-02,4.860956422223648765e+00,-2.570041452266584245e-02,1.463300309825174388e-02,9.995625862914686577e-01,-7.859234234736704738e-02,0.000000000000000000e+00,0.000000000000000000e+00,0.000000000000000000e+00,1.000000000000000056e-01
9.913118071729448699e-01,-1.291994695783525993e-01,2.466572561637854835e-02,4.633572852446081924e+01,1.295108506227848344e-01,9.915116940997071859e-01,-1.146734644507617709e-02,4.979501738142963596e+00,-2.297478031391899170e-02,1.456219503375211222e-02,9.996299825161939490e-01,-8.311525105582208417e-02,0.000000000000000000e+00,0.000000000000000000e+00,0.000000000000000000e+00,1.000000000000000056e-01
9.917130925621968629e-01,-1.270852727324484899e-01,1.882751962534567544e-02,4.727981168003589829e+01,1.272685477961950362e-01,9.918285976400702530e-01,-8.874099682741529854e-03,5.116764251906475991e+00,-1.754590500861135868e-02,1.119671192139891705e-02,9.997833639642029757e-01,-9.572939599073852779e-02,0.000000000000000000e+00,0.000000000000000000e+00,0.000000000000000000e+00,1.000000000000000056e-01
9.919732984146414356e-01,-1.251161647963409951e-01,1.830083438075113048e-02,4.822143091819150129e+01,1.252877155518088148e-01,9.920836582659996461e-01,-8.544198813249668373e-03,5.243896911884658785e+00,-1.708694133500451504e-02,1.076848681134605010e-02,9.997960172593247652e-01,-9.565010659452902186e-02,0.000000000000000000e+00,0.000000000000000000e+00,0.000000000000000000e+00,1.000000000000000056e-01
9.922235606466137670e-01,-1.231390692112177554e-01,1.814318967410476907e-02,4.918071328063447112e+01,1.233460545304043698e-01,9.923053317794418016e-01,-1.076472730144414046e-02,5.385601753297971861e+00,-1.667802534888745969e-02,1.291890691532631384e-02,9.997774478925672836e-01,-1.025964352180490369e-01,0.000000000000000000e+00,0.000000000000000000e+00,0.000000000000000000e+00,1.000000000000000056e-01
9.926279953578820425e-01,-1.194219408635467800e-01,2.068968033044590871e-02,5.017584518362282608e+01,1.196465064472030243e-01,9.927664459792427953e-01,-9.974829959587611788e-03,5.524604864708652308e+00,-1.934880685654562227e-02,1.237674343786845932e-02,9.997361851484126705e-01,-9.393677344535694695e-02,0.000000000000000000e+00,0.000000000000000000e+00,0.000000000000000000e+00,1.000000000000000056e-01
9.927352560175044527e-01,-1.185294785431348918e-01,2.067544863243216124e-02,5.110781035302155573e+01,1.187534299339806088e-01,9.928738332482685003e-01,-9.958620878644200425e-03,5.652120846468294602e+00,-1.934772179805611947e-02,1.234155448806726132e-02,9.997366411680843612e-01,-9.817340960962109286e-02,0.000000000000000000e+00,0.000000000000000000e+00,0.000000000000000000e+00,1.000000000000000056e-01
9.926544291053767122e-01,-1.192553884050094326e-01,2.037981142819860966e-02,5.204989118793016445e+01,1.195310747733840384e-01,9.927468134362855690e-01,-1.288745807444313836e-02,5.769744707142827167e+00,-1.869509403555557128e-02,1.522881310119730651e-02,9.997092460863461483e-01,-9.843714962184633988e-02,0.000000000000000000e+00,0.000000000000000000e+00,0.000000000000000000e+00,1.000000000000000056e-01
9.928356617404643369e-01,-1.179519299404019755e-01,1.909688455504410590e-02,5.303152506863161619e+01,1.182254488348399996e-01,9.928896763414268856e-01,-1.388646327965369423e-02,5.894886082724164034e+00,-1.732316438110565945e-02,1.604471370735684882e-02,9.997211987038556735e-01,-8.901158153969880582e-02,0.000000000000000000e+00,0.000000000000000000e+00,0.000000000000000000e+00,1.000000000000000056e-01
9.926514409581879139e-01,-1.194379715879531068e-01,1.943418911579448613e-02,5.399549765785132394e+01,1.197084864251036218e-01,9.927185883838007818e-01,-1.340457217089489374e-02,6.025428121327549569e+00,-1.769166587531931581e-02,1.563250524481782366e-02,9.997212760256364295e-01,-9.208507434704568673e-02,0.000000000000000000e+00,0.000000000000000000e+00,0.000000000000000000e+00,1.000000000000000056e-01
9.925031110008448731e-01,-1.200555329145820277e-01,2.289636805784292170e-02,5.493358105360858445e+01,1.204160920936249851e-01,9.926090588587795915e-01,-1.507385273868032914e-02,6.143914496016363636e+00,-2.091744292556148646e-02,1.771793690257158008e-02,9.996241970327510717e-01,-9.048339476431420392e-02,0.000000000000000000e+00,0.000000000000000000e+00,0.000000000000000000e+00,1.000000000000000056e-01
9.922248609133563768e-01,-1.215533892304730829e-01,2.673198369099471020e-02,5.588246617053734155e+01,1.219439207751196880e-01,9.924452679196658078e-01,-1.349334539148760656e-02,6.259509096034398645e+00,-2.488986885184068035e-02,1.664823565570111921e-02,9.995515647919772650e-01,-8.221304004776390506e-02,0.000000000000000000e+00,0.000000000000000000e+00,0.000000000000000000e+00,1.000000000000000056e-01
9.919996989150476896e-01,-1.233307231726374770e-01,2.694680081510669040e-02,5.684373035062785107e+01,1.236686376655381087e-01,9.922598056513104448e-01,-1.124927316645150943e-02,6.385903768271517400e+00,-2.535084634493733197e-02,1.449174974038187902e-02,9.995735709686693893e-01,-9.001865081413516767e-02,0.000000000000000000e+00,0.000000000000000000e+00,0.000000000000000000e+00,1.000000000000000056e-01
9.917344300607355834e-01,-1.259421103069602588e-01,2.452356180364805710e-02,5.773537667608404433e+01,1.262576824729676195e-01,9.919276577429065878e-01,-1.176942739586349200e-02,6.505021757835750762e+00,-2.284333269606642763e-02,1.476843444988908301e-02,9.996299692862534725e-01,-9.537749658075619918e-02,0.000000000000000000e+00,0.000000000000000000e+00,0.000000000000000000e+00,1.000000000000000056e-01
9.914241481756308483e-01,-1.294394267710580471e-01,1.798869676782144378e-02,5.860590513282544123e+01,1.296804658961555889e-01,9.914713321625592268e-01,-1.294504788543798801e-02,6.628452487707281904e+00,-1.615967757044525777e-02,1.516681565062886344e-02,9.997543860988252762e-01,-1.021026083106091054e-01,0.000000000000000000e+00,0.000000000000000000e+00,0.000000000000000000e+00,1.000000000000000056e-01
9.913125171088956744e-01,-1.306809501471117296e-01,1.489908359173452816e-02,5.953564992297462055e+01,1.308925050605980189e-01,9.912943635281226129e-01,-1.423506081249777296e-02,6.739087393353511146e+00,-1.290912631384164878e-02,1.606157233966475431e-02,9.997876676333785628e-01,-1.010574328910512076e-01,0.000000000000000000e+00,0.000000000000000000e+00,0.000000000000000000e+00,1.000000000000000056e-01
9.913489895781806283e-01,-1.303475144841545752e-01,1.538526340767187514e-02,6.043179606388574143e+01,1.305244678317149243e-01,9.913827732872774190e-01,-1.111576027423387403e-02,6.871663740404128973e+00,-1.380377338150492322e-02,1.302775103499215908e-02,9.998198505447880580e-01,-1.048494568810665606e-01,0.000000000000000000e+00,0.000000000000000000e+00,0.000000000000000000e+00,1.000000000000000056e-01
9.911621998649634557e-01,-1.316296837617872417e-01,1.646571928638471474e-02,6.134871540382753352e+01,1.317820043965559074e-01,9.912420115953943789e-01,-8.530988544253877842e-03,7.000250408206360575e+00,-1.519858138354550012e-02,1.062547886393628085e-02,9.998280363756758549e-01,-9.840629510995596574e-02,0.000000000000000000e+00,0.000000000000000000e+00,0.000000000000000000e+00,1.000000000000000056e-01
9.911579461819792769e-01,-1.312348023395162600e-01,1.957938648754867228e-02,6.223338981258672931e+01,1.313900830657076246e-01,9.913069977449073811e-01,-6.861653879689771224e-03,7.123502682146853004e+00,-1.850869504603581961e-02,9.373519983779537296e-03,9.997847595011670752e-01,-9.373555876785805152e-02,0.000000000000000000e+00,0.000000000000000000e+00,0.000000000000000000e+00,1.000000000000000056e-01
9.909946737653234639e-01,-1.323688020244421226e-01,2.020041631685071462e-02,6.304211984213517894e+01,1.325048826987306194e-01,9.911668265971236291e-01,-5.547784637404882396e-03,7.240083740620913311e+00,-1.928762893037079193e-02,8.174478821395153930e-03,9.997805585558476871e-01,-9.434894535340195010e-02,0.000000000000000000e+00,0.000000000000000000e+00,0.000000000000000000e+00,1.000000000000000056e-01
9.906205334982748356e-01,-1.352393992518232668e-01,1.952596992723349204e-02,6.385138346931898923e+01,1.353501189557018702e-01,9.907878004056999144e-01,-4.458684325262611201e-03,7.358743910407382849e+00,-1.874310300538948107e-02,7.059706597368554590e-03,9.997994081977086278e-01,-9.680144518938137155e-02,0.000000000000000000e+00,0.000000000000000000e+00,0.000000000000000000e+00,1.000000000000000056e-01
9.899839424490349815e-01,-1.397433554381077581e-01,2.008950731014611663e-02,6.464263429035153763e+01,1.398565897762212018e-01,9.901622603035327153e-01,-4.339650534888309444e-03,7.475527840386310352e+00,-1.928543463942455211e-02,7.105834328061295252e-03,9.997887672549989890e-01,-9.696756533320489979e-02,0.000000000000000000e+00,0.000000000000000000e+00,0.000000000000000000e+00,1.000000000000000056e-01
9.898991521857336551e-01,-1.405890149659162203e-01,1.828653528909206932e-02,6.543189314353885777e+01,1.407202292360475171e-01,9.900306587811474879e-01,-6.091941982763286571e-03,7.579089093812907407e+00,-1.724777045649832086e-02,8.603693641716163645e-03,9.998142281794150099e-01,-9.555920174077499329e-02,0.000000000000000000e+00,0.000000000000000000e+00,0.000000000000000000e+00,1.000000000000000056e-01
9.898934297819311778e-01,-1.403732778980980311e-01,2.015788993690172809e-02,6.618268584752270556e+01,1.405068442537620033e-01,9.900651821024657462e-01,-5.363012796975261294e-03,7.692425382530892364e+00,-1.920480128545920540e-02,8.141132633410956207e-03,9.997824251141000929e-01,-9.098409570957675940e-02,0.000000000000000000e+00,0.000000000000000000e+00,0.000000000000000000e+00,1.000000000000000056e-01
9.896795637005912916e-01,-1.414806793471147239e-01,2.275035307168324014e-02,6.697255023713843514e+01,1.416003033162904212e-01,9.899168937956331904e-01,-3.727932233783677520e-03,7.818080443266204327e+00,-2.199352846047889290e-02,6.910915242139445760e-03,9.997342266604529737e-01,-9.071935899817382132e-02,0.000000000000000000e+00,0.000000000000000000e+00,0.000000000000000000e+00,1.000000000000000056e-01
9.895905506478896996e-01,-1.418107254480450441e-01,2.450020849514449386e-02,6.771137590064058998e+01,1.419051883795185154e-01,9.898779145547722536e-01,-2.152158838995177521e-03,7.931558225189262679e+00,-2.394701608509341648e-02,5.606462752403919107e-03,9.996975082473829044e-01,-9.520618363911384496e-02,0.000000000000000000e+00,0.000000000000000000e+00,0.000000000000000000e+00,1.000000000000000056e-01
9.893417033819574824e-01,-1.431602711343629430e-01,2.661072561999264924e-02,6.839142232186388526e+01,1.432098629020554792e-01,9.896923427763903991e-01,4.263043672420485826e-05,8.037537972660569352e+00,-2.634253436671025322e-02,3.768742298878720656e-03,9.996458710286474370e-01,-9.506029716802545659e-02,0.000000000000000000e+00,0.000000000000000000e+00,0.000000000000000000e+00,1.000000000000000056e-01
9.894406880735405752e-01,-1.431975736067448712e-01,2.239597503346183599e-02,6.907121372286584915e+01,1.431550822807013124e-01,9.896940891895334991e-01,3.497462009137930657e-03,8.147480847029290985e+00,-2.266599218574386759e-02,-2.544335681607409836e-04,9.997430610220784386e-01,-9.763912244566883003e-02,0.000000000000000000e+00,0.000000000000000000e+00,0.000000000000000000e+00,1.000000000000000056e-01
9.896463394874586150e-01,-1.426228943518810244e-01,1.608827976403737550e-02,6.976232011811271150e+01,1.426003695986797215e-01,9.897770758223434218e-01,2.544556324988287484e-03,8.258157774974332455e+00,-1.628672248777190620e-02,-2.240162120856299330e-04,9.998673374439945860e-01,-1.008229679693897068e-01,0.000000000000000000e+00,0.000000000000000000e+00,0.000000000000000000e+00,1.000000000000000056e-01
9.899387346968059331e-01,-1.411567182037999635e-01,9.802165720895998982e-03,7.049580169840454857e+01,1.411427610569242208e-01,9.899870154209240436e-01,2.104827593678718686e-03,8.363522340503244834e+00,-1.000112734219960921e-02,-7.001456306564364691e-04,9.999497423610753666e-01,-9.886479414835087909e-02,0.000000000000000000e+00,0.000000000000000000e+00,0.000000000000000000e+00,1.000000000000000056e-01
9.898408757191604623e-01,-1.418730533002752758e-01,9.331532713477709226e-03,7.120649647167223861e+01,1.418486722226329766e-01,9.898830910351321677e-01,3.228044517690078097e-03,8.472686955364352457e+00,-9.695098978426673966e-03,-1.871584887041906429e-03,9.999512499246195896e-01,-9.461053591672215213e-02,0.000000000000000000e+00,0.000000000000000000e+00,0.000000000000000000e+00,1.000000000000000056e-01
9.896037693322459194e-01,-1.433308867868573200e-01,1.185903100190384939e-02,7.187208336853082358e+01,1.432802500320307926e-01,9.896694290601353305e-01,5.019077061024466990e-03,8.580321925488414436e+00,-1.245590920686883742e-02,-3.267732651068435464e-03,9.999170826869352435e-01,-8.404800890107189115e-02,0.000000000000000000e+00,0.000000000000000000e+00,0.000000000000000000e+00,1.000000000000000056e-01
9.893393580219629335e-01,-1.450099123324128936e-01,1.340746038726950938e-02,7.248890090683504184e+01,1.449733094557996149e-01,9.894287673609331035e-01,3.667950934450304144e-03,8.671646844110680874e+00,-1.379761624786083989e-02,-1.685124319005125567e-03,9.999033884040529063e-01,-7.518298548359617084e-02,0.000000000000000000e+00,0.000000000000000000e+00,0.000000000000000000e+00,1.000000000000000056e-01
9.895728916866718405e-01,-1.436383809078255747e-01,1.065399310385293542e-02,7.305736889212982987e+01,1.436424100048927233e-01,9.896295801518926183e-01,3.900466317512351591e-04,8.746396585234307963e+00,-1.059953238897043924e-02,1.144385672338226476e-03,9.999431685323761920e-01,-7.266856840789226446e-02,0.000000000000000000e+00,0.000000000000000000e+00,0.000000000000000000e+00,1.000000000000000056e-01
9.898064686635423826e-01,-1.421921612771066823e-01,8.033919538635116153e-03,7.368725124915590641e+01,1.422477244674753838e-01,9.898075491951339178e-01,-6.826451504831733581e-03,8.825578271856906909e+00,-6.981366315641944140e-03,7.899672630426058523e-03,9.999444263041316061e-01,-5.707800515881317899e-02,0.000000000000000000e+00,0.000000000000000000e+00,0.000000000000000000e+00,1.000000000000000056e-01
9.902639088377437337e-01,-1.391464646024725971e-01,3.956291448526789295e-03,7.428993165826489076e+01,1.391815529993387646e-01,9.902088735366455508e-01,-1.071830555544229027e-02,8.909281188317374145e+00,-2.426140574059539728e-03,1.116459394337354638e-02,9.999347307119572648e-01,-4.664917890169534981e-02,0.000000000000000000e+00,0.000000000000000000e+00,0.000000000000000000e+00,1.000000000000000056e-01
9.909791453723306720e-01,-1.339780264086670447e-01,3.197166990254179855e-03,7.486778289363461170e+01,1.340020209522155004e-01,9.909391565580490946e-01,-9.112978697678696810e-03,8.982937010945855505e+00,-1.947259060078496227e-03,9.459198679637664114e-03,9.999533647838243500e-01,-3.698248160745030988e-02,0.000000000000000000e+00,0.000000000000000000e+00,0.000000000000000000e+00,1.000000000000000056e-01
9.917657925739210567e-01,-1.279856306250634901e-01,4.504556995652742382e-03,7.544206914395418551e+01,1.280211791244576791e-01,9.917326799983611219e-01,-8.767503570107903002e-03,9.075504406488834164e+00,-3.345201908076304593e-03,9.271988825119535302e-03,9.999514187436412405e-01,-4.130070463224348037e-02,0.000000000000000000e+00,0.000000000000000000e+00,0.000000000000000000e+00,1.000000000000000056e-01
9.926084749700836429e-01,-1.212202095314208194e-01,5.837483937727773117e-03,7.599506029335100266e+01,1.212730769768378680e-01,9.925711524293578947e-01,-9.764638530239712344e-03,9.127129039762793994e+00,-4.610446630724079550e-03,1.040039259906647487e-02,9.999352857138558148e-01,-3.247427004107421994e-02,0.000000000000000000e+00,0.000000000000000000e+00,0.000000000000000000e+00,1.000000000000000056e-01
9.937710405543651593e-01,-1.110633777153122725e-01,9.167610700729550421e-03,7.656830199458777031e+01,1.111843917723796815e-01,9.937017829647871725e-01,-1.395698960410235619e-02,9.188310104966564751e+00,-7.559760690672909927e-03,1.488934730164183200e-02,9.998605689571075095e-01,-2.008422010741046579e-02,0.000000000000000000e+00,0.000000000000000000e+00,0.000000000000000000e+00,1.000000000000000056e-01
9.947495599754465623e-01,-1.015966685693435317e-01,1.230568422584920468e-02,7.712202578860970448e+01,1.018051425050467557e-01,9.946468829966095271e-01,-1.770003120494536772e-02,9.226290669414234813e+00,-1.044154625438558498e-02,1.885988018890576504e-02,9.997676125135669389e-01,-1.079339851613148916e-02,0.000000000000000000e+00,0.000000000000000000e+00,0.000000000000000000e+00,1.000000000000000056e-01
9.959016928223094478e-01,-8.963717733617466987e-02,1.204137337937345384e-02,7.761187412941131925e+01,8.979877889123312473e-02,9.958667150308309068e-01,-1.362590192777120984e-02,9.271898740563241148e+00,-1.077021556431138546e-02,1.465135942173925385e-02,9.998346563926423514e-01,1.548347052765287196e-03,0.000000000000000000e+00,0.000000000000000000e+00,0.000000000000000000e+00,1.000000000000000056e-01
9.970942037665093682e-01,-7.561338802561100303e-02,9.260905275349376811e-03,7.810448208577068385e+01,7.569947026498492770e-02,9.970870602753911793e-01,-9.326544535842647143e-03,9.311891273120124879e+00,-8.528717185560160882e-03,1.000048912137706594e-02,9.999136218696602629e-01,-1.805186286098040948e-03,0.000000000000000000e+00,0.000000000000000000e+00,0.000000000000000000e+00,1.000000000000000056e-01
9.981609880967203807e-01,-5.982437519518515878e-02,9.781920787072651349e-03,7.860378481493793856e+01,5.986196615083880235e-02,9.982001868663253896e-01,-3.596101860197843062e-03,9.338006473778095895e+00,-9.549180610642934650e-03,4.175053597117462864e-03,9.999456895637515164e-01,3.490304146769317249e-03,0.000000000000000000e+00,0.000000000000000000e+00,0.000000000000000000e+00,1.000000000000000056e-01
9.992912358885797097e-01,-3.590652870667800090e-02,1.130252505024285752e-02,7.909962796746204106e+01,3.595717468534388728e-02,9.993440374951981786e-01,-4.310024529339511433e-03,9.356761256670301563e+00,-1.114035299811110165e-02,4.713376606250831678e-03,9.999268356315101913e-01,1.363895877202374839e-02,0.000000000000000000e+00,0.000000000000000000e+00,0.000000000000000000e+00,1.000000000000000056e-01
9.998769710809951583e-01,-1.072984458859124399e-02,1.144172788521663660e-02,7.960031813299865178e+01,1.082969512483576702e-02,9.999035011692430919e-01,-8.700922536865539694e-03,9.379607382638662116e+00,-1.134726422525593643e-02,8.823762496469713182e-03,9.998966850680164331e-01,1.568166723647247685e-02,0.000000000000000000e+00,0.000000000000000000e+00,0.000000000000000000e+00,1.000000000000000056e-01
9.997764211878580332e-01,1.702747132496439109e-02,1.253685993685282711e-02,8.007964094151300571e+01,-1.693648389924645031e-02,9.998297109153385653e-01,-7.328347977622476708e-03,9.379726031226251592e+00,-1.265950828149797931e-02,7.114379187819061187e-03,9.998945556701679394e-01,2.541308115157549230e-02,0.000000000000000000e+00,0.000000000000000000e+00,0.000000000000000000e+00,1.000000000000000056e-01
9.987201207628617627e-01,4.901231827380150841e-02,1.248651435919376392e-02,8.056965023936636783e+01,-4.890694739209593134e-02,9.987662368103539245e-01,-8.608989747402213955e-03,9.351570308736748771e+00,-1.289305550292597392e-02,7.987293979296039570e-03,9.998849795124871154e-01,2.566676659449546732e-02,0.000000000000000000e+00,0.000000000000000000e+00,0.000000000000000000e+00,1.000000000000000056e-01
