1.000000000000000000e+00,-4.101236026683034795e-12,-1.961713369707623375e-12,1.330782119067230142e-19,4.101236026682966941e-12,1.000000000000000000e+00,-3.427113504463850162e-14,1.019548731952480589e-18,1.961713369707763931e-12,3.427113503659305440e-14,1.000000000000000000e+00,5.529811663235758687e-19,0.000000000000000000e+00,0.000000000000000000e+00,0.000000000000000000e+00,1.000000000000000056e-01
9.999986336802302311e-01,-1.629807037498492636e-03,-2.763452428186958122e-04,6.752054087098601221e-01,1.629838967510199334e-03,9.999986651578319785e-01,1.153581126920993341e-04,-3.145024365921611498e-02,2.761568624775145950e-04,-1.158083533212613404e-04,9.999999551629052963e-01,9.748849612998319175e-03,0.000000000000000000e+00,0.000000000000000000e+00,0.000000000000000000e+00,1.000000000000000056e-01
9.999844098326665653e-01,-5.495791418741360033e-03,-9.881135032007938492e-04,1.344792582809607229e+00,5.497078482144638310e-03,9.999840399683749270e-01,1.304582955873355606e-03,-5.715480799547563787e-03,9.809280170641084245e-04,-1.309994354683134948e-03,9.999986608466113758e-01,1.987313964787264242e-02,0.000000000000000000e+00,0.000000000000000000e+00,0.000000000000000000e+00,1.000000000000000056e-01
9.999488301241832300e-01,-9.938368699101819345e-03,-1.888375195259075915e-03,2.062133768909724552e+00,9.937560405489600027e-03,9.999505257650407319e-01,-4.369386751260525528e-04,1.954254360394325814e-03,1.892624226993274089e-03,4.181504744571915250e-04,9.999981215600938222e-01,1.629304548947319367e-02,0.000000000000000000e+00,0.000000000000000000e+00,0.000000000000000000e+00,1.000000000000000056e-01
9.998897175519654290e-01,-1.442909517876236891e-02,-3.514818085333568619e-03,2.749144580710260577e+00,1.442667859805765035e-02,9.998956766097690796e-01,-7.119281708914860932e-04,1.569589147337710835e-02,3.524723886933096850e-03,6.611425068622276248e-04,9.999935695853781059e-01,2.063528582410209880e-02,0.000000000000000000e+00,0.000000000000000000e+00,0.000000000000000000e+00,1.000000000000000056e-01
9.998132449640715347e-01,-1.917490133610754918e-02,-2.407976985754092976e-03,3.450640857634503345e+00,1.917202718530922403e-02,9.998154663253854268e-01,-1.211061583007216327e-03,2.694362890649827993e-02,2.430754619278638166e-03,1.164669610925293764e-03,9.999963674817414772e-01,2.397851138394602871e-02,0.000000000000000000e+00,0.000000000000000000e+00,0.000000000000000000e+00,1.000000000000000056e-01
9.996244751542989748e-01,-2.708902975738804869e-02,-4.134384996051099735e-03,4.189394799866660968e+00,2.708359620652103089e-02,9.996322406886978262e-01,-1.364621638155446345e-03,2.278275699623803080e-02,4.169830813635862048e-03,1.252135175029990641e-03,9.999905222893310519e-01,2.540471117812608676e-02,0.000000000000000000e+00,0.000000000000000000e+00,0.000000000000000000e+00,1.000000000000000056e-01
9.996198597652866669e-01,-2.740669924842654634e-02,-3.001466164207878574e-03,4.961193761483557729e+00,2.741272961688481433e-02,9.996222261444088764e-01,1.986769500450122090e-03,6.212953670530708267e-02,2.945881494587816035e-03,-2.068292629839558767e-03,9.999935219529260122e-01,2.769190352744740902e-02,0.000000000000000000e+00,0.000000000000000000e+00,0.000000000000000000e+00,1.000000000000000056e-01
9.995860624199447431e-01,-2.858618909130671709e-02,-3.245552191297902504e-03,5.713115260817580143e+00,2.859506777752394979e-02,9.995873685224230254e-01,2.723011056985084194e-03,1.012780178577866869e-01,3.166372465328959156e-03,-2.814690685263346835e-03,9.999910257606100528e-01,4.197485045225322897e-02,0.000000000000000000e+00,0.000000000000000000e+00,0.000000000000000000e+00,1.000000000000000056e-01
9.994806688375107440e-01,-3.220279302096523688e-02,-1.171640632222544550e-03,6.476643183395307979e+00,3.220481328205906935e-02,9.994797613145418591e-01,1.748348962371053337e-03,1.496795014721211126e-01,1.114729379676553285e-03,-1.785173458066388781e-03,9.999977852646148024e-01,4.534928495850810287e-02,0.000000000000000000e+00,0.000000000000000000e+00,0.000000000000000000e+00,1.000000000000000056e-01
9.993674930714676607e-01,-3.554431684489228055e-02,1.102421008498616437e-03,7.268191559494977305e+00,3.554197079739907644e-02,9.993660214619114468e-01,2.079292963304903239e-03,1.744673378844539546e-01,-1.175629145140354680e-03,-2.038795580808667584e-03,9.999972306005115996e-01,5.646343672153959076e-02,0.000000000000000000e+00,0.000000000000000000e+00,0.000000000000000000e+00,1.000000000000000056e-01
9.993296854906251747e-01,-3.659872732206271434e-02,8.443077718313682194e-04,8.054298258095347052e+00,3.659648005137263599e-02,9.993268987978392026e-01,2.539091755459316462e-03,1.968964965416382662e-01,-9.366669940589079490e-04,-2.506491072885952496e-03,9.999964200723139296e-01,6.392406238899353554e-02,0.000000000000000000e+00,0.000000000000000000e+00,0.000000000000000000e+00,1.000000000000000056e-01
9.992869743763482804e-01,-3.775459325720421228e-02,-3.654172225159011463e-04,8.883591519223477562e+00,3.775522977906081018e-02,9.992851562334212900e-01,1.928511311129416008e-03,2.476681505961386143e-01,2.923458461485765056e-04,-1.940932644350392734e-03,9.999980736553327754e-01,8.416467650094973385e-02,0.000000000000000000e+00,0.000000000000000000e+00,0.000000000000000000e+00,1.000000000000000056e-01
9.992117819768592257e-01,-3.969613517396456542e-02,1.777944879799243981e-04,9.645614157840107339e+00,3.969570416240571914e-02,9.992098371328378414e-01,1.988076461901851048e-03,3.108907940402537706e-01,-2.565729533453696572e-04,-1.979451746806640093e-03,9.999980079685667489e-01,9.486953779338440362e-02,0.000000000000000000e+00,0.000000000000000000e+00,0.000000000000000000e+00,1.000000000000000056e-01
9.990599399888339116e-01,-4.334998419035352574e-02,-1.232079694658092949e-04,1.042247144663178027e+01,4.335014758694078624e-02,9.990577228221172446e-01,2.105035314695423692e-03,3.613561147143284358e-01,3.183862579586592184e-05,-2.108397538834216097e-03,9.999977768205887685e-01,1.019004870357803488e-01,0.000000000000000000e+00,0.000000000000000000e+00,0.000000000000000000e+00,1.000000000000000056e-01
9.990064943765798455e-01,-4.455830878851382848e-02,7.624377508806733181e-04,1.119493043101742380e+01,4.455900427179591838e-02,9.990063298577317452e-01,-9.208922254373444428e-04,3.542576072357202510e-01,-7.206467391103060782e-04,9.539507808312789336e-04,9.999992853228372169e-01,1.215846810566074548e-01,0.000000000000000000e+00,0.000000000000000000e+00,0.000000000000000000e+00,1.000000000000000056e-01
9.989724955862107070e-01,-4.530168650099473254e-02,-1.307770019488624889e-03,1.205916280549628716e+01,4.530086250593421543e-02,9.989731755503189481e-01,-6.529832540072070786e-04,4.030725519782101252e-01,1.336008411921487879e-03,5.930692009893471237e-04,9.999989316746523693e-01,1.262659612146584676e-01,0.000000000000000000e+00,0.000000000000000000e+00,0.000000000000000000e+00,1.000000000000000056e-01
9.987731570655075108e-01,-4.939383346477891484e-02,-3.525612152925492165e-03,1.294945210728363350e+01,4.939737661393436147e-02,9.987787760678155102e-01,9.250189930814027009e-04,4.923888871606745266e-01,3.475616356892718885e-03,-1.098040131378193911e-03,9.999933571773412799e-01,1.468000773209804932e-01,0.000000000000000000e+00,0.000000000000000000e+00,0.000000000000000000e+00,1.000000000000000056e-01
9.988430900044701355e-01,-4.806551016627776118e-02,-1.479284549185136150e-03,1.381424722484109857e+01,4.806963722025078822e-02,9.988397951147663933e-01,2.893729877697687799e-03,5.513178533887302946e-01,1.338479673169580900e-03,-2.961490764302667378e-03,9.999947190083643411e-01,1.442180870254856639e-01,0.000000000000000000e+00,0.000000000000000000e+00,0.000000000000000000e+00,1.000000000000000056e-01
9.982012045852121096e-01,-5.993755569013611145e-02,-1.358154086732810909e-03,1.476679684234821899e+01,5.993625429985417058e-02,9.982017261083430126e-01,-9.794972321369263980e-04,6.598980461513924700e-01,1.414420423597333425e-03,8.963326482861571883e-04,9.999985980003416319e-01,1.502564810169360610e-01,0.000000000000000000e+00,0.000000000000000000e+00,0.000000000000000000e+00,1.000000000000000056e-01
9.974471414702573702e-01,-7.136200565499306592e-02,2.581496021500494925e-03,1.575387937023585394e+01,7.137109683039413732e-02,9.974432629997327382e-01,-3.619894152111647733e-03,7.338270748091912932e-01,-2.316572908152814483e-03,3.794897276966453011e-03,9.999901160734632199e-01,1.490547734829439919e-01,0.000000000000000000e+00,0.000000000000000000e+00,0.000000000000000000e+00,1.000000000000000056e-01
9.972990877529266385e-01,-7.340649366310111890e-02,2.452805591456489864e-03,1.669253013495112725e+01,7.341495868429817606e-02,9.972951254547961497e-01,-3.560419285030848747e-03,7.965087341092227380e-01,-2.184813164363225580e-03,3.730875526136586805e-03,9.999906535359444071e-01,1.662477423960062317e-01,0.000000000000000000e+00,0.000000000000000000e+00,0.000000000000000000e+00,1.000000000000000056e-01
9.972685253949992168e-01,-7.375574881918761649e-02,3.946868708812366518e-03,1.760607902857276841e+01,7.377575459080182307e-02,9.972613566505756921e-01,-5.188888706742622765e-03,8.677771791148407576e-01,-3.553349270966698649e-03,5.465898606275435521e-03,9.999787486048813401e-01,1.699269579726908341e-01,0.000000000000000000e+00,0.000000000000000000e+00,0.000000000000000000e+00,1.000000000000000056e-01
9.971026750928930760e-01,-7.604746643921300731e-02,1.743034931720285419e-03,1.854124982498741403e+01,7.605699580224034584e-02,9.970837006771530175e-01,-6.279110883839773144e-03,9.282122790467897122e-01,-1.260441245922308507e-03,6.393488259966545809e-03,9.999787670724490374e-01,1.630199711162488296e-01,0.000000000000000000e+00,0.000000000000000000e+00,0.000000000000000000e+00,1.000000000000000056e-01
9.969589157838980586e-01,-7.787946755819399880e-02,2.776467512284674661e-03,1.948582305694696259e+01,7.790284954157827846e-02,9.969142678439941729e-01,-9.648243486519037654e-03,1.012979238714368790e+00,-2.016500011599996634e-03,9.835197096405668554e-03,9.999496000428111930e-01,1.722783231808084903e-01,0.000000000000000000e+00,0.000000000000000000e+00,0.000000000000000000e+00,1.000000000000000056e-01
9.966620396784308111e-01,-8.159799955346772049e-02,2.558345735481470928e-03,2.043164540615154223e+01,8.161582702078706841e-02,9.966327065617992531e-01,-7.880671990102361760e-03,1.089956453513541312e+00,-1.906683965144337009e-03,8.063168122698522247e-03,9.999656743489159227e-01,1.869456844418506125e-01,0.000000000000000000e+00,0.000000000000000000e+00,0.000000000000000000e+00,1.000000000000000056e-01
9.966117775657639122e-01,-8.199436430522086261e-02,6.472174239853795488e-03,2.135407739644311320e+01,8.203690531198426505e-02,9.966073977699229092e-01,-6.606124211304593291e-03,1.158251927679220916e+00,-5.908551771866971114e-03,7.114698338326050364e-03,9.999572341272969789e-01,1.893691911824624818e-01,0.000000000000000000e+00,0.000000000000000000e+00,0.000000000000000000e+00,1.000000000000000056e-01
9.968361941472622112e-01,-7.904848942177970794e-02,8.302912629708232573e-03,2.232376555078522173e+01,7.911014140780646409e-02,9.968385688198825312e-01,-7.379243834243031167e-03,1.257276279327094182e+00,-7.693345464662989380e-03,8.012741931644353985e-03,9.999383022978458602e-01,1.922218277399245778e-01,0.000000000000000000e+00,0.000000000000000000e+00,0.000000000000000000e+00,1.000000000000000056e-01
9.968661524880361169e-01,-7.826606099190670796e-02,1.150207461767874598e-02,2.330421861872329359e+01,7.833835024393272228e-02,9.969089290347703525e-01,-5.974118496160659916e-03,1.334793665088221282e+00,-1.099895016619474586e-02,6.856450069706854916e-03,9.999160025660571716e-01,1.996895483088367285e-01,0.000000000000000000e+00,0.000000000000000000e+00,0.000000000000000000e+00,1.000000000000000056e-01
9.969320608596177191e-01,-7.717867554312800304e-02,1.303526262121554487e-02,2.424572236975285122e+01,7.726105825667616001e-02,9.969932108915013913e-01,-5.938544713366046383e-03,1.398826709931981327e+00,-1.253773931990842007e-02,6.927443804371808019e-03,9.998974025444227198e-01,2.118612245455356591e-01,0.000000000000000000e+00,0.000000000000000000e+00,0.000000000000000000e+00,1.000000000000000056e-01
9.969481177679772044e-01,-7.705932406653334676e-02,1.250244189334071346e-02,2.519214089144615798e+01,7.715974914934686790e-02,9.969885534663260884e-01,-7.758696303669715064e-03,1.484768501430929533e+00,-1.186691156524025473e-02,8.699702956521339695e-03,9.998917399290641050e-01,2.000863112777689912e-01,0.000000000000000000e+00,0.000000000000000000e+00,0.000000000000000000e+00,1.000000000000000056e-01
9.976526537145005147e-01,-6.797990616292590160e-02,8.241049356402603901e-03,2.613821336749262514e+01,6.803402525648219457e-02,9.976619925740397576e-01,-6.474564124100752605e-03,1.584316416913115422e+00,-7.781641460207414443e-03,7.020037840107226645e-03,9.999450810544088242e-01,2.021399219956632187e-01,0.000000000000000000e+00,0.000000000000000000e+00,0.000000000000000000e+00,1.000000000000000056e-01
9.978900202819489529e-01,-6.479086946195980468e-02,4.201268386414078876e-03,2.708723202070382285e+01,6.483018060203846189e-02,9.978460508614345192e-01,-1.001531144531231030e-02,1.645708570180632213e+00,-3.543318331518178523e-03,1.026654832954159574e-02,9.999410197009614976e-01,2.036492751689698566e-01,0.000000000000000000e+00,0.000000000000000000e+00,0.000000000000000000e+00,1.000000000000000056e-01
9.977431251628612330e-01,-6.673043636937515954e-02,7.463581727275024440e-03,2.807392243172277091e+01,6.680989751706893631e-02,9.977055420316743861e-01,-1.095851235531634764e-02,1.704418377776136362e+00,-6.715190541279179685e-03,1.143242149483867341e-02,9.999120991140965087e-01,2.146027946313233681e-01,0.000000000000000000e+00,0.000000000000000000e+00,0.000000000000000000e+00,1.000000000000000056e-01
9.974848491063232903e-01,-6.979658231511462474e-02,1.234556197444225921e-02,2.910073709047314239e+01,6.995280803968212391e-02,9.974693236609973868e-01,-1.271035021688438418e-02,1.755496302398994901e+00,-1.142718034769514036e-02,1.354198849511760103e-02,9.998430047246914532e-01,2.109024246422665505e-01,0.000000000000000000e+00,0.000000000000000000e+00,0.000000000000000000e+00,1.000000000000000056e-01
9.975028108563879226e-01,-6.822163816509614620e-02,1.827431037483771142e-02,3.006806651654155260e+01,6.853244124137704285e-02,9.975047534848867636e-01,-1.695792654048212597e-02,1.823615578129924586e+00,-1.707181393708374906e-02,1.816796249241731456e-02,9.996891908527227866e-01,2.132057565410130640e-01,0.000000000000000000e+00,0.000000000000000000e+00,0.000000000000000000e+00,1.000000000000000056e-01
9.977452377399416150e-01,-6.532181390007167632e-02,1.541107381306438748e-02,3.100859008097596714e+01,6.568679395110078867e-02,9.975394226075356974e-01,-2.450194776441280003e-02,1.873134710313937301e+00,-1.377264200119011212e-02,2.545900572741964518e-02,9.995809888946859401e-01,2.171066612117215078e-01,0.000000000000000000e+00,0.000000000000000000e+00,0.000000000000000000e+00,1.000000000000000056e-01
9.978368825296405342e-01,-6.409104886673960833e-02,1.462509209166262467e-02,3.194743201125776366e+01,6.444622749287398644e-02,9.976012936041819268e-01,-2.526544599249055598e-02,1.953866261711535435e+00,-1.297072185597824417e-02,2.615332587691129515e-02,9.995737911330563330e-01,2.146979012127689102e-01,0.000000000000000000e+00,0.000000000000000000e+00,0.000000000000000000e+00,1.000000000000000056e-01
9.979727398559189444e-01,-6.265143569082451402e-02,1.118964299469788794e-02,3.292225563157025903e+01,6.292782309560931986e-02,9.976703451393799105e-01,-2.634333900473267986e-02,2.028830390453642885e+00,-9.513126978970087508e-03,2.699407407837974004e-02,9.995903262735854611e-01,2.131185563510519243e-01,0.000000000000000000e+00,0.000000000000000000e+00,0.000000000000000000e+00,1.000000000000000056e-01
9.978173588188412602e-01,-6.497478485127612668e-02,1.178116179848968936e-02,3.386580156140617959e+01,6.527800082996108866e-02,9.974882081213204410e-01,-2.749649553235873276e-02,2.084772265164287042e+00,-9.964991090583748268e-03,2.820553123853197439e-02,9.995524733400026340e-01,2.030695042960226626e-01,0.000000000000000000e+00,0.000000000000000000e+00,0.000000000000000000e+00,1.000000000000000056e-01
9.979177734752807671e-01,-6.314393134984880307e-02,1.315147580402703173e-02,3.480461056298057088e+01,6.352241964242189010e-02,9.975086003842352778e-01,-3.068378011679979978e-02,2.142935998427311084e+00,-1.118121571701307868e-02,3.145530310090250553e-02,9.994426168229569862e-01,2.041936890173872976e-01,0.000000000000000000e+00,0.000000000000000000e+00,0.000000000000000000e+00,1.000000000000000056e-01
9.978578518126929309e-01,-6.342632950369576916e-02,1.602523951291783683e-02,3.578673267551580039e+01,6.387972819379893197e-02,9.975193654768842455e-01,-2.957187556582470053e-02,2.222245410664950516e+00,-1.410985122686060633e-02,3.053221617051181738e-02,9.994341878653506539e-01,2.002288057411956701e-01,0.000000000000000000e+00,0.000000000000000000e+00,0.000000000000000000e+00,1.000000000000000056e-01
9.977646883559715407e-01,-6.511839515148275248e-02,1.500737428087609189e-02,3.676692395925628176e+01,6.553512423198447345e-02,9.974232977385963927e-01,-2.918754220830531085e-02,2.298289700124033885e+00,-1.306805883860782079e-02,3.010580909323961815e-02,9.994612879431760133e-01,1.995637980551948076e-01,0.000000000000000000e+00,0.000000000000000000e+00,0.000000000000000000e+00,1.000000000000000056e-01
9.974769160634178178e-01,-6.906906274361310216e-02,1.640934161787331938e-02,3.776441561914125344e+01,6.953048099780426150e-02,9.971451896352416799e-01,-2.944457504383445751e-02,2.376153157915495306e+00,-1.432878685818212566e-02,3.051123332506989333e-02,9.994317137794637151e-01,2.024522539927164078e-01,0.000000000000000000e+00,0.000000000000000000e+00,0.000000000000000000e+00,1.000000000000000056e-01
9.975075611213174431e-01,-6.750866624456255960e-02,2.052426582563581306e-02,3.873814187187599600e+01,6.811585190079902374e-02,9.972116052938276853e-01,-3.048351992693215315e-02,2.436830145408982684e+00,-1.840913429875280435e-02,3.180556946805881274e-02,9.993245266304550123e-01,2.137713970456518731e-01,0.000000000000000000e+00,0.000000000000000000e+00,0.000000000000000000e+00,1.000000000000000056e-01
9.973125468284895767e-01,-7.027548306558245583e-02,2.071329086289160071e-02,3.974952528106523175e+01,7.086600565982320576e-02,9.970552579690955541e-01,-2.930566153497108500e-02,2.516323701129025370e+00,-1.859282604376274323e-02,3.069477212945895955e-02,9.993558614345677826e-01,2.017035671666286001e-01,0.000000000000000000e+00,0.000000000000000000e+00,0.000000000000000000e+00,1.000000000000000056e-01
9.973064408784378942e-01,-7.025902758201559017e-02,2.106020003733239873e-02,4.076813969774474344e+01,7.094654614588559449e-02,9.969038806896165505e-01,-3.390044625004837858e-02,2.606979669886893891e+00,-1.861318275719149248e-02,3.530328184761672566e-02,9.992032964909769444e-01,2.058956143699590124e-01,0.000000000000000000e+00,0.000000000000000000e+00,0.000000000000000000e+00,1.000000000000000056e-01
9.973393097154095166e-01,-7.069628380230311149e-02,1.778585822878850364e-02,4.178738635075802677e+01,7.123887087046668065e-02,9.969462360146329472e-01,-3.198790042120096960e-02,2.689165573942409182e+00,-1.547011872906355057e-02,3.316983498300692806e-02,9.993299942830240479e-01,2.283155593550722784e-01,0.000000000000000000e+00,0.000000000000000000e+00,0.000000000000000000e+00,1.000000000000000056e-01
9.974782166789750715e-01,-6.901358325208543920e-02,1.656298818568228623e-02,4.280464456850444321e+01,6.949683782647504693e-02,9.971118307547113258e-01,-3.062983024942491500e-02,2.779867201938998722e+00,-1.440127713267838790e-02,3.170366375823827770e-02,9.993935565738115701e-01,2.303889082142890898e-01,0.000000000000000000e+00,0.000000000000000000e+00,0.000000000000000000e+00,1.000000000000000056e-01
9.974595180288563512e-01,-6.940371719646540316e-02,1.605097918990077213e-02,4.383454619581555534e+01,6.980071515785724046e-02,9.972308968089500514e-01,-2.565927927805059655e-02,2.822768107865481824e+00,-1.422568300972759138e-02,2.671446216809112567e-02,9.995418787894664314e-01,2.512245638814304405e-01,0.000000000000000000e+00,0.000000000000000000e+00,0.000000000000000000e+00,1.000000000000000056e-01
9.974756637993286157e-01,-6.893656891328203695e-02,1.703084244989120505e-02,4.483055058915302737e+01,6.938221175696124288e-02,9.972211485316844204e-01,-2.713097146916133504e-02,2.867661204084326343e+00,-1.511320018397454418e-02,2.824412129298014759e-02,9.994867987085104266e-01,2.513452129149766900e-01,0.000000000000000000e+00,0.000000000000000000e+00,0.000000000000000000e+00,1.000000000000000056e-01
9.977760339929400146e-01,-6.436317044099380824e-02,1.733113614576364467e-02,4.577476730868549737e+01,6.479745233905119528e-02,9.975652486544271946e-01,-2.578497328676425740e-02,2.946608637723290958e+00,-1.562933650823996115e-02,2.685064185106826942e-02,9.995172669206360272e-01,2.521493033432665176e-01,0.000000000000000000e+00,0.000000000000000000e+00,0.000000000000000000e+00,1.000000000000000056e-01
9.976461364068429649e-01,-6.703869420363817166e-02,1.442220482346468977e-02,4.667472527474620847e+01,6.733311571160979780e-02,9.975094914225941523e-01,-2.100157256979735473e-02,2.997581786858799724e+00,-1.297836819734458566e-02,2.192322971892115072e-02,9.996754143008746984e-01,2.518547567457500302e-01,0.000000000000000000e+00,0.000000000000000000e+00,0.000000000000000000e+00,1.000000000000000056e-01
9.980566529081789096e-01,-6.138270743606089735e-02,1.072757258384932771e-02,4.760770616855671733e+01,6.163254113514025218e-02,9.977917639296346453e-01,-2.475935595716412946e-02,3.084751862775447329e+00,-9.184087268098311413e-03,2.537240749332370787e-02,9.996358804479982263e-01,2.470664879962910787e-01,0.000000000000000000e+00,0.000000000000000000e+00,0.000000000000000000e+00,1.000000000000000056e-01
9.980733654068120186e-01,-6.119796602781116257e-02,1.021597864030490861e-02,4.852803317265666294e+01,6.144532006231021026e-02,9.977725993200730059e-01,-2.596753142879258333e-02,3.145661770978213312e+00,-8.604063456330005369e-03,2.654522556174543704e-02,9.996105847238291320e-01,2.504495203687642779e-01,0.000000000000000000e+00,0.000000000000000000e+00,0.000000000000000000e+00,1.000000000000000056e-01
9.982053906807136778e-01,-5.825372988696478349e-02,1.387447188978398194e-02,4.948737293359850042e+01,5.856896113821372096e-02,9.980063719637367603e-01,-2.351506561695979047e-02,3.198435343835193567e+00,-1.247697107291153434e-02,2.428547866598596006e-02,9.996272008698090517e-01,2.476197882464181710e-01,0.000000000000000000e+00,0.000000000000000000e+00,0.000000000000000000e+00,1.000000000000000056e-01
9.983426783556677009e-01,-5.511516678094730004e-02,1.655943731955275902e-02,5.046881370694456592e+01,5.556490363760907547e-02,9.980609435441930577e-01,-2.805163908612455861e-02,3.278052457272164766e+00,-1.498125686900305710e-02,2.892527203646210257e-02,9.994693044712487096e-01,2.643997472934815351e-01,0.000000000000000000e+00,0.000000000000000000e+00,0.000000000000000000e+00,1.000000000000000056e-01
9.985397307224714858e-01,-5.111842477378448352e-02,1.747320283580081068e-02,5.141665728136660363e+01,5.164139025887801854e-02,9.981869834596015512e-01,-3.091784054476463470e-02,3.332876434983344627e+00,-1.586105232399034892e-02,3.177503265880571304e-02,9.993691881975886870e-01,2.584035928301937068e-01,0.000000000000000000e+00,0.000000000000000000e+00,0.000000000000000000e+00,1.000000000000000056e-01
9.984639550478998649e-01,-5.284353400366707809e-02,1.665206846336933499e-02,5.235190284816938089e+01,5.336223175687397624e-02,9.980488500404001151e-01,-3.241859273566143063e-02,3.401111075971903652e+00,-1.490646477308181679e-02,3.325738785650927953e-02,9.993356510507021007e-01,2.641121777498836032e-01,0.000000000000000000e+00,0.000000000000000000e+00,0.000000000000000000e+00,1.000000000000000056e-01
9.985166708684720671e-01,-5.220609392441984131e-02,1.545903473371398884e-02,5.333056755324168563e+01,5.271755115700590966e-02,9.980040775840770539e-01,-3.476666399820361325e-02,3.445042367439469455e+00,-1.361314797363147311e-02,3.553005604710152837e-02,9.992758864895808779e-01,2.772426923537871790e-01,0.000000000000000000e+00,0.000000000000000000e+00,0.000000000000000000e+00,1.000000000000000056e-01
9.985453579952386916e-01,-5.144274320204268724e-02,1.614968104976819557e-02,5.427964865372138092e+01,5.201708081491179803e-02,9.979446824558350082e-01,-3.742504591336748981e-02,3.489324325371966573e+00,-1.419124130072791853e-02,3.821066513385262126e-02,9.991689315327879628e-01,2.772420883279329007e-01,0.000000000000000000e+00,0.000000000000000000e+00,0.000000000000000000e+00,1.000000000000000056e-01
9.987867854612129115e-01,-4.558235923258853461e-02,1.863345686791215497e-02,5.520481071453718158e+01,4.631125048103712505e-02,9.980950469992585505e-01,-4.076205630768114235e-02,3.543451171494589325e+00,-1.673993031466171691e-02,4.157554187667528850e-02,9.989951196330846273e-01,2.750592876315338664e-01,0.000000000000000000e+00,0.000000000000000000e+00,0.000000000000000000e+00,1.000000000000000056e-01
9.987835052019850002e-01,-4.330375656066502710e-02,2.358589417789772047e-02,5.613967575172448932e+01,4.419425940758793525e-02,9.982753113735767236e-01,-3.864285363949146457e-02,3.591464668796578330e+00,-2.187183512765113191e-02,3.963820593471649445e-02,9.989746921010691505e-01,2.858989816170190434e-01,0.000000000000000000e+00,0.000000000000000000e+00,0.000000000000000000e+00,1.000000000000000056e-01
9.986548297492716664e-01,-4.692276089667122424e-02,2.206321663509151071e-02,5.705905775564909277e+01,4.767932205777829918e-02,9.982452505325419834e-01,-3.511555264171673657e-02,3.644750809361850141e+00,-2.037678253708892495e-02,3.612027545654027810e-02,9.991396861472272573e-01,2.780823509875313126e-01,0.000000000000000000e+00,0.000000000000000000e+00,0.000000000000000000e+00,1.000000000000000056e-01
9.986265286703706057e-01,-4.884295755437324110e-02,1.895842116599199059e-02,5.789464188634077857e+01,4.947663775762072697e-02,9.981780655528080803e-01,-3.453421152212956396e-02,3.687340849765632367e+00,-1.723712713785617232e-02,3.542477870919875232e-02,9.992236819158349936e-01,2.831676097439045359e-01,0.000000000000000000e+00,0.000000000000000000e+00,0.000000000000000000e+00,1.000000000000000056e-01
9.986711343844316691e-01,-4.964339892549514410e-02,1.383829073391885239e-02,5.876426619441009080e+01,5.010147653874878759e-02,9.981307926323584878e-01,-3.499661194654253571e-02,3.738225952455485945e+00,-1.207507333102048747e-02,3.564342495080720374e-02,9.992916185287589181e-01,2.959620867066780625e-01,0.000000000000000000e+00,0.000000000000000000e+00,0.000000000000000000e+00,1.000000000000000056e-01
9.986960495925757408e-01,-4.996582415136455874e-02,1.046981112811878889e-02,5.970599505706810106e+01,5.029581341628285712e-02,9.981531455031293909e-01,-3.406800955446553925e-02,3.790001185589515043e+00,-8.748238735770002411e-03,3.455017422653045012e-02,9.993646750710865057e-01,3.139486868070172632e-01,0.000000000000000000e+00,0.000000000000000000e+00,0.000000000000000000e+00,1.000000000000000056e-01
9.991660391569620048e-01,-3.939989875594573226e-02,1.071793699409642579e-02,6.059310101271075411e+01,3.968760190945375826e-02,9.988168147420166676e-01,-2.810453421226892859e-02,3.844753783552309123e+00,-9.597939886502608944e-03,2.850646534793637929e-02,9.995475281262526934e-01,3.060011879479424546e-01,0.000000000000000000e+00,0.000000000000000000e+00,0.000000000000000000e+00,1.000000000000000056e-01
9.990917371680317904e-01,-4.127539135747833321e-02,1.058502672889937747e-02,6.151585203473565144e+01,4.154655697899835298e-02,9.987764268837295845e-01,-2.682410678029764281e-02,3.895629782949427966e+00,-9.464899669587320194e-03,2.723951485722478708e-02,9.995841257766090449e-01,3.188061659446518870e-01,0.000000000000000000e+00,0.000000000000000000e+00,0.000000000000000000e+00,1.000000000000000056e-01
9.989157739535526881e-01,-4.498664277804565598e-02,1.197825188978990027e-02,6.242169310666499626e+01,4.529446363098470901e-02,9.986140255159872137e-01,-2.680372375504337656e-02,3.952692395560856387e+00,-1.075584079261801898e-02,2.731721095419124140e-02,9.995689480343654676e-01,3.297337281376450102e-01,0.000000000000000000e+00,0.000000000000000000e+00,0.000000000000000000e+00,1.000000000000000056e-01
9.988711043421198976e-01,-4.631508484822520477e-02,1.055603267594258654e-02,6.325519419771227092e+01,4.657229118898946474e-02,9.985872491233717119e-01,-2.558373666267733590e-02,3.998842791252641860e+00,-9.356206697259381033e-03,2.604647392103097772e-02,9.996169479318161022e-01,3.409514498043075270e-01,0.000000000000000000e+00,0.000000000000000000e+00,0.000000000000000000e+00,1.000000000000000056e-01
9.987765316666830095e-01,-4.806386585604174866e-02,1.163205015651637940e-02,6.408382221142234414e+01,4.831912921203815325e-02,9.985725878324247518e-01,-2.276068061031599060e-02,4.039633472832901973e+00,-1.052148012694268352e-02,2.329488417285815322e-02,9.996732700374215685e-01,3.442140307376123642e-01,0.000000000000000000e+00,0.000000000000000000e+00,0.000000000000000000e+00,1.000000000000000056e-01
9.986911017694938275e-01,-4.992383730140925735e-02,1.112176764444491178e-02,6.489270211149640488e+01,5.016262370340905663e-02,9.984911919299909178e-01,-2.233944541425000180e-02,4.085589124954090323e+00,-9.989716193405478312e-03,2.286810239894183916e-02,9.996885792400784787e-01,3.567655953024238547e-01,0.000000000000000000e+00,0.000000000000000000e+00,0.000000000000000000e+00,1.000000000000000056e-01
9.985130039000648106e-01,-5.299199827001822155e-02,1.279176148228345668e-02,6.572521490429707569e+01,5.327631905882888180e-02,9.983145275074424285e-01,-2.301603778094342759e-02,4.123017911411568370e+00,-1.155053548590328182e-02,2.366331098858177537e-02,9.996532563059286058e-01,3.694995537096275040e-01,0.000000000000000000e+00,0.000000000000000000e+00,0.000000000000000000e+00,1.000000000000000056e-01
9.984120563503013912e-01,-5.481730400473311393e-02,1.297801664412944964e-02,6.650589494343890351e+01,5.510872536010170963e-02,9.982090004958970031e-01,-2.327702124772832587e-02,4.166899329745973546e+00,-1.167878947269421902e-02,2.395526060461425355e-02,9.996448126038656179e-01,3.756087677558402338e-01,0.000000000000000000e+00,0.000000000000000000e+00,0.000000000000000000e+00,1.000000000000000056e-01
9.982894423696420105e-01,-5.652350476015754327e-02,1.494264578103772674e-02,6.732813158065275161e+01,5.684137633258686678e-02,9.981456157893890957e-01,-2.178044115803155420e-02,4.222175548288041647e+00,-1.368382950516229025e-02,2.259254501046062749e-02,9.996511039958011491e-01,3.754754865477719639e-01,0.000000000000000000e+00,0.000000000000000000e+00,0.000000000000000000e+00,1.000000000000000056e-01
9.982355954260336839e-01,-5.628718203698423322e-02,1.890632599865209318e-02,6.805709058907594056e+01,5.671587350714752535e-02,9.981263229911578883e-01,-2.295981368547984555e-02,4.269847271692128743e+00,-1.757855843785689764e-02,2.399159207902021654e-02,9.995576010379595422e-01,3.721891872855381811e-01,0.000000000000000000e+00,0.000000000000000000e+00,0.000000000000000000e+00,1.000000000000000056e-01
9.982455278469447579e-01,-5.556804643647771103e-02,2.044647521721093195e-02,6.878750580266259362e+01,5.602954211014576913e-02,9.981702079412150264e-01,-2.273601525155450123e-02,4.335484976852363559e+00,-1.914566646794948687e-02,2.384173219011098341e-02,9.995323983051640493e-01,3.816004673910270983e-01,0.000000000000000000e+00,0.000000000000000000e+00,0.000000000000000000e+00,1.000000000000000056e-01
9.983643570411391277e-01,-5.405440065778369108e-02,1.862075077328097239e-02,6.947099851790493119e+01,5.439494814725381877e-02,9.983518851168819985e-01,-1.829489271970726610e-02,4.383001974777500642e+00,-1.760114217573446882e-02,1.927784358002272019e-02,9.996592242064361589e-01,3.987833015886823040e-01,0.000000000000000000e+00,0.000000000000000000e+00,0.000000000000000000e+00,1.000000000000000056e-01
9.982855512560506739e-01,-5.707500212908846876e-02,1.297699061291480473e-02,7.016201802170542123e+01,5.727548426862306280e-02,9.982358827856038230e-01,-1.564101087017719452e-02,4.430959419054567583e+00,-1.206138695166704584e-02,1.635745858044079445e-02,9.997934569167730157e-01,4.088722096844440990e-01,0.000000000000000000e+00,0.000000000000000000e+00,0.000000000000000000e+00,1.000000000000000056e-01
9.982685633337594622e-01,-5.803958003353997669e-02,9.554193272186331520e-03,7.088306653493646081e+01,5.819392555420813823e-02,9.981646317403245483e-01,-1.675813149768321658e-02,4.476681968975410264e+00,-8.564022894835383870e-03,1.728511186636257080e-02,9.998139238976541110e-01,4.230094547818480377e-01,0.000000000000000000e+00,0.000000000000000000e+00,0.000000000000000000e+00,1.000000000000000056e-01
9.984602105488155077e-01,-5.382898438841268035e-02,1.340329774820302883e-02,7.158829895021089840e+01,5.401366089176291158e-02,9.984445549852450918e-01,-1.382009614240997837e-02,4.515717927603861703e+00,-1.263852791604316156e-02,1.452277728355830765e-02,9.998146611007899809e-01,4.272206111246422133e-01,0.000000000000000000e+00,0.000000000000000000e+00,0.000000000000000000e+00,1.000000000000000056e-01
9.983298524173830346e-01,-5.571829459652583028e-02,1.526359785702593834e-02,7.224112310870566489e+01,5.592674241031658777e-02,9.983424106868110659e-01,-1.358788090236315478e-02,4.554135507245677950e+00,-1.448120352927694150e-02,1.441883044152573491e-02,9.997911742324204765e-01,4.414918737243543889e-01,0.000000000000000000e+00,0.000000000000000000e+00,0.000000000000000000e+00,1.000000000000000056e-01
9.984006577960667927e-01,-5.413942456032238421e-02,1.628033232640949818e-02,7.286226033783417222e+01,5.433287568773300519e-02,9.984545123237996700e-01,-1.168441011539715635e-02,4.586503168886147286e+00,-1.562258403346017399e-02,1.255028001761732473e-02,9.997991925079739994e-01,4.490290979438132934e-01,0.000000000000000000e+00,0.000000000000000000e+00,0.000000000000000000e+00,1.000000000000000056e-01
9.984232231495501209e-01,-5.446100192927456896e-02,1.360392386494270640e-02,7.343882087072297793e+01,5.462059695345417021e-02,9.984392279019409511e-01,-1.164897313175812001e-02,4.611918726341386332e+00,-1.294827649194743753e-02,1.237365974300496350e-02,9.998396044768642632e-01,4.559228482706732533e-01,0.000000000000000000e+00,0.000000000000000000e+00,0.000000000000000000e+00,1.000000000000000056e-01
9.986139453401885469e-01,-5.143340252698701265e-02,1.117109111053690707e-02,7.408008593252498031e+01,5.163696285490344817e-02,9.984895209020638873e-01,-1.876967543375078831e-02,4.632816864722636652e+00,-1.018882913902829576e-02,1.932050085437622342e-02,9.997614245446319048e-01,4.681874120443085263e-01,0.000000000000000000e+00,0.000000000000000000e+00,0.000000000000000000e+00,1.000000000000000056e-01
9.987199808840565574e-01,-5.005278763427556399e-02,7.288225640574456932e-03,7.469508469523424310e+01,5.021109422084864271e-02,9.984631253815285934e-01,-2.345705161556079638e-02,4.689157076464435470e+00,-6.102933728533859598e-03,2.379297592543089257e-02,9.996982787303961837e-01,4.724237028369226987e-01,0.000000000000000000e+00,0.000000000000000000e+00,0.000000000000000000e+00,1.000000000000000056e-01
9.988836578040236613e-01,-4.690067049114623327e-02,5.636069511192480334e-03,7.528369271467062163e+01,4.702365320617363925e-02,9.986020479494296387e-01,-2.413971562281894481e-02,4.691213286856955378e+00,-4.496021708086344985e-03,2.437779601781052755e-02,9.996927072106279732e-01,4.788871953164489659e-01,0.000000000000000000e+00,0.000000000000000000e+00,0.000000000000000000e+00,1.000000000000000056e-01
9.990448413030721397e-01,-4.300412424183118476e-02,7.749216987060439203e-03,7.584417315680254035e+01,4.317441179039427368e-02,9.987948551717523715e-01,-2.334111070604136945e-02,4.741654468218365004e+00,-6.736114033540575342e-03,2.365338412640700244e-02,9.996975253480903101e-01,4.758620831940515439e-01,0.000000000000000000e+00,0.000000000000000000e+00,0.000000000000000000e+00,1.000000000000000056e-01
9.992477189803964377e-01,-3.711883667819143584e-02,1.123334661320776577e-02,7.639297371511511869e+01,3.739296512256874705e-02,9.989811930699324938e-01,-2.526543195586889931e-02,4.740711469250304511e+00,-1.028407855945652309e-02,2.566647338907381351e-02,9.996176618447429885e-01,4.949348677276642072e-01,0.000000000000000000e+00,0.000000000000000000e+00,0.000000000000000000e+00,1.000000000000000056e-01
9.993249912512580657e-01,-3.294442556607993927e-02,1.625505105479676735e-02,7.696255821611151759e+01,3.337028131903759659e-02,9.990873566061077016e-01,-2.666229912270176236e-02,4.753901835016232980e+00,-1.536184186096581708e-02,2.718673746408624761e-02,9.995123286486753411e-01,4.977586871624293807e-01,0.000000000000000000e+00,0.000000000000000000e+00,0.000000000000000000e+00,1.000000000000000056e-01
9.995364917888261980e-01,-2.343067809487479544e-02,1.943720418424777288e-02,7.750375399895652606e+01,2.401145607476659269e-02,9.992552813612691764e-01,-3.020484478987202695e-02,4.767148003960981484e+00,-1.871500894082979774e-02,3.065756017078102511e-02,9.993547230311765617e-01,5.155931439879292144e-01,0.000000000000000000e+00,0.000000000000000000e+00,0.000000000000000000e+00,1.000000000000000056e-01
9.997540359099694740e-01,-1.345354925708637517e-02,1.763149721704088124e-02,7.800182878784477225e+01,1.390168857319867488e-02,9.995769876513166396e-01,-2.554581791083231426e-02,4.769955791443080351e+00,-1.728035695641635255e-02,2.578464214036631577e-02,9.995181546591097588e-01,5.013803459959020881e-01,0.000000000000000000e+00,0.000000000000000000e+00,0.000000000000000000e+00,1.000000000000000056e-01
9.998544577977634962e-01,2.135152621984731484e-03,1.692643923632968991e-02,7.850320219205671890e+01,-1.745345998850216223e-03,9.997336914328140978e-01,-2.301086659522521768e-02,4.770068173848978965e+00,-1.697106329269404065e-02,2.297797505002966909e-02,9.995919145697985675e-01,5.042942140722938005e-01,0.000000000000000000e+00,0.000000000000000000e+00,0.000000000000000000e+00,1.000000000000000056e-01
9.996558912947548503e-01,1.956510757093064476e-02,1.747299531926681596e-02,7.899140895946744934e+01,-1.927220143169740621e-02,9.996734987774110737e-01,-1.677730890535309924e-02,4.787252693638162526e+00,-1.779554021841675202e-02,1.643479260190016181e-02,9.997065651182186485e-01,5.020141131408283330e-01,0.000000000000000000e+00,0.000000000000000000e+00,0.000000000000000000e+00,1.000000000000000056e-01
9.989723647984922739e-01,4.006373428348188048e-02,2.119225245628076487e-02,7.949719323923467584e+01,-3.970381885024763802e-02,9.990644754467308264e-01,-1.714003118595075481e-02,4.764713652677338374e+00,-2.185912023881336069e-02,1.628100413399624635e-02,9.996284848716416871e-01,5.118168418877497849e-01,0.000000000000000000e+00,0.000000000000000000e+00,0.000000000000000000e+00,1.000000000000000056e-01
9.975856422268105650e-01,6.613372422120263050e-02,2.119473858191504856e-02,7.999869531304671000e+01,-6.567760073942006949e-02,9.976083889198227306e-01,-2.153961740396011584e-02,4.734676020860623780e+00,-2.256854412750479433e-02,2.009559348288994171e-02,9.995433096862462730e-01,5.119281416330238033e-01,0.000000000000000000e+00,0.000000000000000000e+00,0.000000000000000000e+00,1.000000000000000056e-01
9.952118065808345237e-01,9.460897941681246925e-02,2.454793384015950888e-02,8.047687581774201249e+01,-9.408250788417417410e-02,9.953260411583941814e-01,-2.178424894695377492e-02,4.694854546117880112e+00,-2.649418336797721221e-02,1.937041057044751671e-02,9.994612776100914031e-01,5.064071279364434908e-01,0.000000000000000000e+00,0.000000000000000000e+00,0.000000000000000000e+00,1.000000000000000056e-01
9.913540886116590789e-01,1.286255636324768747e-01,2.593328697204614133e-02,8.093285952648126624e+01,-1.280803437733835926e-01,9.915264327990264137e-01,-2.169697213275744579e-02,4.661466123755122481e+00,-2.850432479184044840e-02,1.818783772374884394e-02,9.994281895299410579e-01,5.133989740739163254e-01,0.000000000000000000e+00,0.000000000000000000e+00,0.000000000000000000e+00,1.000000000000000056e-01
