1.000000000000000000e+00,0.000000000000000000e+00,0.000000000000000000e+00,0.000000000000000000e+00,0.000000000000000000e+00,1.000000000000000000e+00,0.000000000000000000e+00,0.000000000000000000e+00,0.000000000000000000e+00,0.000000000000000000e+00,1.000000000000000000e+00,0.000000000000000000e+00,0.000000000000000000e+00,0.000000000000000000e+00,0.000000000000000000e+00,1.000000000000000000e+00
9.999936104749886923e-01,-3.463175048266960935e-03,-8.862436361408357463e-04,6.450102217519174674e-01,3.461895024817826169e-03,9.999929682150436872e-01,-1.441805570936058409e-03,1.917977790132874283e-02,8.912306293438936391e-04,1.438728276048578105e-03,9.999985678834307778e-01,1.101185656300329718e-02,0.000000000000000000e+00,0.000000000000000000e+00,0.000000000000000000e+00,1.000000000000000000e+00
9.999554306359341727e-01,-9.301948859160708710e-03,-1.615700815713443919e-03,1.325312319054380072e+00,9.303045971774739908e-03,9.999564993588517803e-01,6.728488962350290953e-04,2.626539630193248584e-02,1.609371725669345426e-03,-6.878498467527711241e-04,9.999984683914452388e-01,1.642490014553772346e-02,0.000000000000000000e+00,0.000000000000000000e+00,0.000000000000000000e+00,1.000000000000000000e+00
9.998889238888342135e-01,-1.476407367933372204e-02,-2.040101179010049733e-03,2.044722709292889906e+00,1.476604091488840573e-02,9.998905222935229320e-01,9.526086731417263576e-04,3.324231111504022396e-02,2.025813448774163236e-03,-9.826270785546157432e-04,9.999974652587348967e-01,1.700631570387725958e-02,0.000000000000000000e+00,0.000000000000000000e+00,0.000000000000000000e+00,1.000000000000000000e+00
9.997994605919073852e-01,-1.985163543175111345e-02,-2.636507313974750886e-03,2.750071237062531537e+00,1.985805243560164607e-02,9.997998553209894723e-01,2.430443085266036432e-03,3.727007097674590874e-02,2.587731360998376823e-03,-2.482311586136050352e-03,9.999935708671291446e-01,1.871741046597433927e-02,0.000000000000000000e+00,0.000000000000000000e+00,0.000000000000000000e+00,1.000000000000000000e+00
9.996874784768730038e-01,-2.485084219871081315e-02,-2.716803004886048003e-03,3.458491906904904489e+00,2.486116427979358917e-02,9.996835614473781328e-01,3.833990419379380843e-03,5.777743856572351011e-02,2.620665412772070751e-03,-3.900335100674153042e-03,9.999889596885037646e-01,2.889117675975100968e-02,0.000000000000000000e+00,0.000000000000000000e+00,0.000000000000000000e+00,1.000000000000000000e+00
9.995804463287363273e-01,-2.884148253364903630e-02,-2.664620518334754381e-03,4.190598812460378575e+00,2.885325968406030409e-02,9.995735626040884725e-01,4.492476886050774006e-03,8.318974991904268257e-02,2.533914530857981229e-03,-4.567475038655140381e-03,9.999863586314168273e-01,3.659277027948242694e-02,0.000000000000000000e+00,0.000000000000000000e+00,0.000000000000000000e+00,1.000000000000000000e+00
9.994265583062004188e-01,-3.369049682570112586e-02,-3.391898563119287273e-03,4.957286601886901067e+00,3.371470853707379811e-02,9.994044436888684935e-01,7.353663250439212637e-03,1.189269480826520703e-01,3.142129928127120747e-03,-7.463803224772134690e-03,9.999672087928365150e-01,5.132786316948042410e-02,0.000000000000000000e+00,0.000000000000000000e+00,0.000000000000000000e+00,1.000000000000000000e+00
9.993170964596300720e-01,-3.682723882260199866e-02,-3.015825624735495297e-03,5.717254993619297565e+00,3.684971409434808359e-02,9.992906045630070011e-01,7.770856018655728469e-03,1.560794068436988924e-01,2.727507041343466953e-03,-7.876681585598762150e-03,9.999652586927898490e-01,5.192878433111157432e-02,0.000000000000000000e+00,0.000000000000000000e+00,0.000000000000000000e+00,1.000000000000000000e+00
9.991784516144939232e-01,-4.051314891643793131e-02,-1.051947783175803198e-03,6.511102599081956654e+00,4.051939891196486287e-02,9.991554642183089197e-01,6.821776491888116925e-03,2.005441103290734051e-01,7.746877287419355346e-04,-6.858796364285973252e-03,9.999761781019362861e-01,5.758783992561825049e-02,0.000000000000000000e+00,0.000000000000000000e+00,0.000000000000000000e+00,1.000000000000000000e+00
9.990844913789477255e-01,-4.277103001519235587e-02,9.044763734410464018e-04,7.325444656736656235e+00,4.276730266908403827e-02,9.990778259857429067e-01,3.802031826411469192e-03,2.341870452190818741e-01,-1.066259106199097650e-03,-3.759869018676829065e-03,9.999923632090793602e-01,6.709147943508128598e-02,0.000000000000000000e+00,0.000000000000000000e+00,0.000000000000000000e+00,1.000000000000000000e+00
9.989749544926687097e-01,-4.519316452058003836e-02,2.572581774654916602e-03,8.139434237735885702e+00,4.517923807338737607e-02,9.989651746362143703e-01,5.236058741288913097e-03,2.829895518488107498e-01,-2.806553665918569678e-03,-5.114464258339514700e-03,9.999829826111389375e-01,6.673252479971231166e-02,0.000000000000000000e+00,0.000000000000000000e+00,0.000000000000000000e+00,1.000000000000000000e+00
9.989389415300298225e-01,-4.604462863032445646e-02,9.398240044432761703e-04,8.951657907004216597e+00,4.604046768454474192e-02,9.989313603714053968e-01,4.051246958484582168e-03,3.190821278296762653e-01,-1.125357832961363302e-03,-4.003678411879508896e-03,9.999913520270667933e-01,6.564075148108841629e-02,0.000000000000000000e+00,0.000000000000000000e+00,0.000000000000000000e+00,1.000000000000000000e+00
9.988269431831421352e-01,-4.841476353254576398e-02,8.650106988517205662e-04,9.727883139430829829e+00,4.841017942260083390e-02,9.988164530338016212e-01,4.706131877013215205e-03,3.737531875673469894e-01,-1.091833180041922296e-03,-4.658735993799876379e-03,9.999885519740940865e-01,8.002927219406431869e-02,0.000000000000000000e+00,0.000000000000000000e+00,0.000000000000000000e+00,1.000000000000000000e+00
9.986747856043499683e-01,-5.142623072259353695e-02,2.003844248701579147e-03,1.055489806454465906e+01,5.141825584512008107e-02,9.986697988460947473e-01,3.846535914874991188e-03,4.223111112175740312e-01,-2.198991576210798660e-03,-3.738404253853632418e-03,9.999905943406073305e-01,8.230186516419352172e-02,0.000000000000000000e+00,0.000000000000000000e+00,0.000000000000000000e+00,1.000000000000000000e+00
9.986165916116380714e-01,-5.250939772256452143e-02,2.768773874667886277e-03,1.137113256613617907e+01,5.249807384595568671e-02,9.986129532801812925e-01,4.015194079655104269e-03,4.817148206400557742e-01,-2.975768878808987983e-03,-3.864284131149270645e-03,9.999881059831325913e-01,9.590786802213500939e-02,0.000000000000000000e+00,0.000000000000000000e+00,0.000000000000000000e+00,1.000000000000000000e+00
9.985033066358018905e-01,-5.468133538944490446e-02,1.047949138784105578e-03,1.223501821280883206e+01,5.467493888666642016e-02,9.984896902187853085e-01,5.384197668308062824e-03,5.381366161571091711e-01,-1.340781529453388774e-03,-5.318842620266954827e-03,9.999849559958741141e-01,1.001850983219273739e-01,0.000000000000000000e+00,0.000000000000000000e+00,0.000000000000000000e+00,1.000000000000000000e+00
9.983462740584566619e-01,-5.748369830493978150e-02,-5.843823962919166438e-04,1.312263471864480913e+01,5.748631315205805087e-02,9.983242663095190927e-01,6.631975402691072351e-03,6.091437411742346431e-01,2.021726538082666968e-04,-6.654601922357695869e-03,9.999778374541470338e-01,1.009625508919557435e-01,0.000000000000000000e+00,0.000000000000000000e+00,0.000000000000000000e+00,1.000000000000000000e+00
9.985761227514204919e-01,-5.334102594106938933e-02,-6.797222194708298646e-04,1.399319131557853346e+01,5.334507961315689689e-02,9.985309333540425270e-01,9.501453371403069739e-03,6.568660852247472093e-01,1.719063914678324514e-04,-9.524184304031532364e-03,9.999546291515105656e-01,1.066216436978220383e-01,0.000000000000000000e+00,0.000000000000000000e+00,0.000000000000000000e+00,1.000000000000000000e+00
9.974818291563353201e-01,-7.091524489435471756e-02,-1.014171832757487009e-03,1.498580734649816293e+01,7.092165445343746877e-02,9.974376788918605241e-01,9.391254250728248848e-03,7.695566916400562452e-01,3.455901038076081289e-04,-9.439532212367788763e-03,9.999553869043814602e-01,1.092230602549829760e-01,0.000000000000000000e+00,0.000000000000000000e+00,0.000000000000000000e+00,1.000000000000000000e+00
9.972780321659654446e-01,-7.372966881486048285e-02,6.800703137379385818e-04,1.595714801959685580e+01,7.372171983659389638e-02,9.972456141439414168e-01,8.142057172742529769e-03,8.383476593568021107e-01,-1.278508316502601286e-03,-8.069758801876804333e-03,9.999666216476245095e-01,1.243926772534521275e-01,0.000000000000000000e+00,0.000000000000000000e+00,0.000000000000000000e+00,1.000000000000000000e+00
9.971577804464184513e-01,-7.531501083307431954e-02,2.002508024549980604e-03,1.687541480422053652e+01,7.529741843363668696e-02,9.971309839893794935e-01,7.752389670112406692e-03,9.249942533859257798e-01,-2.580634108952864145e-03,-7.579571991963692836e-03,9.999679446942355554e-01,1.326804442190946676e-01,0.000000000000000000e+00,0.000000000000000000e+00,0.000000000000000000e+00,1.000000000000000000e+00
9.969664910665215762e-01,-7.776719188098130120e-02,3.174831878497451354e-03,1.775171553533721180e+01,7.774168975145009930e-02,9.969453894103414981e-01,7.491342205989307002e-03,1.000029858315731213e+00,-3.747714650200256997e-03,-7.221800357572439981e-03,9.999668995694284135e-01,1.434601088771793875e-01,0.000000000000000000e+00,0.000000000000000000e+00,0.000000000000000000e+00,1.000000000000000000e+00
9.970478093238743789e-01,-7.673970331845705872e-02,2.585315659834394077e-03,1.865363137347707934e+01,7.672153827773493806e-02,9.970312753461924027e-01,6.514717633097446593e-03,1.087632968283759993e+00,-3.077578067864572119e-03,-6.297135550087313953e-03,9.999754369968789636e-01,1.449329419947257835e-01,0.000000000000000000e+00,0.000000000000000000e+00,0.000000000000000000e+00,1.000000000000000000e+00
9.967730537601351415e-01,-8.022238709857006100e-02,2.801411413011201806e-03,1.958188386234425593e+01,8.020883425350686102e-02,9.967672116878393274e-01,4.654955610943479517e-03,1.174836934437650138e+00,-3.165786693885418168e-03,-4.415236375735786568e-03,9.999852416322723148e-01,1.582286437893255515e-01,0.000000000000000000e+00,0.000000000000000000e+00,0.000000000000000000e+00,1.000000000000000000e+00
9.967333881779912863e-01,-8.061194004238760036e-02,4.926257588505263477e-03,2.051136042165643047e+01,8.059190736574439740e-02,9.967385908222481383e-01,4.138361128186424272e-03,1.254185759282982149e+00,-5.243792365933241766e-03,-3.727826213568568702e-03,9.999793027624838126e-01,1.614864287273030941e-01,0.000000000000000000e+00,0.000000000000000000e+00,0.000000000000000000e+00,1.000000000000000000e+00
9.967613151502466851e-01,-8.001480424939924618e-02,8.031918879373179179e-03,2.142800656391861125e+01,7.998251788462550083e-02,9.967871460598866085e-01,4.264068786802223399e-03,1.341053652485932446e+00,-8.347302126436851460e-03,-3.607845716406662007e-03,9.999586521434251640e-01,1.604264718103579623e-01,0.000000000000000000e+00,0.000000000000000000e+00,0.000000000000000000e+00,1.000000000000000000e+00
9.968488225893172849e-01,-7.856093772506068940e-02,1.098198370304627122e-02,2.237477700259955427e+01,7.850559741563850613e-02,9.968991382240816046e-01,5.383250179299870104e-03,1.435758718025380354e+00,-1.137084327165212121e-02,-4.504139411522251925e-03,9.999252055286194096e-01,1.656533553874993681e-01,0.000000000000000000e+00,0.000000000000000000e+00,0.000000000000000000e+00,1.000000000000000000e+00
9.969129173204792638e-01,-7.726683987505862661e-02,1.394527645103698331e-02,2.333461811872296110e+01,7.718487940421243920e-02,9.969967434258089067e-01,6.323605750208947419e-03,1.511879784439100316e+00,-1.439200024079087883e-02,-5.227719775293567656e-03,9.998827637653419087e-01,1.671231480901420874e-01,0.000000000000000000e+00,0.000000000000000000e+00,0.000000000000000000e+00,1.000000000000000000e+00
9.970882811799737233e-01,-7.497542230096562732e-02,1.391565968108165324e-02,2.425706260823277205e+01,7.490442875602987272e-02,9.971752425185700375e-01,5.555381243266072945e-03,1.586680458227561763e+00,-1.429286837204521605e-02,-4.496860995972786976e-03,9.998877397762613306e-01,1.639173797074840733e-01,0.000000000000000000e+00,0.000000000000000000e+00,0.000000000000000000e+00,1.000000000000000000e+00
9.973020215332185634e-01,-7.238622570645443510e-02,1.220295758133388940e-02,2.521536334115553402e+01,7.234219399902454273e-02,9.973717998414536323e-01,4.012461640908537332e-03,1.658313098160925758e+00,-1.246133272026118607e-02,-3.118847381091706915e-03,9.999174905850216621e-01,1.564199391233966618e-01,0.000000000000000000e+00,0.000000000000000000e+00,0.000000000000000000e+00,1.000000000000000000e+00
9.975496492726398934e-01,-6.943880433620626402e-02,8.541058973794677517e-03,2.615922945848239678e+01,6.941489320111107753e-02,9.975831680393688616e-01,3.065199244353875897e-03,1.736955241544373418e+00,-8.733260440069343447e-03,-2.464811734665493283e-03,9.999588265849735924e-01,1.624516874651054099e-01,0.000000000000000000e+00,0.000000000000000000e+00,0.000000000000000000e+00,1.000000000000000000e+00
9.976655221933147244e-01,-6.799038398279200202e-02,6.388545422517229351e-03,2.711515170315378143e+01,6.798067794836326616e-02,9.976851473160553985e-01,1.724601581271986142e-03,1.803658208042298261e+00,-6.491013204727416781e-03,-1.286277888228367109e-03,9.999781058787080568e-01,1.605862404110039998e-01,0.000000000000000000e+00,0.000000000000000000e+00,0.000000000000000000e+00,1.000000000000000000e+00
9.977960831943456510e-01,-6.597333706589696145e-02,7.105994540910935860e-03,2.807456062293071852e+01,6.597164794465369686e-02,9.978213862166218640e-01,4.720976576610676841e-04,1.867217731991573926e+00,-7.121659181156385701e-03,-2.263023549716658861e-06,9.999746406611441651e-01,1.724459527713604612e-01,0.000000000000000000e+00,0.000000000000000000e+00,0.000000000000000000e+00,1.000000000000000000e+00
9.977049737798568962e-01,-6.682120469798685791e-02,1.094129323471708382e-02,2.906757824996949324e+01,6.682846180011103865e-02,9.977644348869347812e-01,-2.986104116394836102e-04,1.918640639998520969e+00,-1.089687975382862793e-02,1.029114889895280105e-03,9.999400976729417856e-01,1.710870788954001742e-01,0.000000000000000000e+00,0.000000000000000000e+00,0.000000000000000000e+00,1.000000000000000000e+00
9.976390713885294748e-01,-6.709699670748225930e-02,1.463817857080624424e-02,3.001660170675440398e+01,6.716940706447943610e-02,9.977313835905669004e-01,-4.511868022224734681e-03,1.972183145455765674e+00,-1.430223736486451076e-02,5.484453599024930598e-03,9.998826765051374021e-01,1.755495321376576434e-01,0.000000000000000000e+00,0.000000000000000000e+00,0.000000000000000000e+00,1.000000000000000000e+00
9.976312905362372252e-01,-6.721324960835947659e-02,1.463513649023553444e-02,3.096330921025229088e+01,6.735790699864495357e-02,9.976824414308228528e-01,-9.625924650886161921e-03,2.023098130315962084e+00,-1.395422902798025902e-02,1.058891579468993274e-02,9.998465654061756691e-01,1.812760267344520615e-01,0.000000000000000000e+00,0.000000000000000000e+00,0.000000000000000000e+00,1.000000000000000000e+00
9.976620392906705437e-01,-6.699639609901401893e-02,1.348844943371006050e-02,3.192772762111805918e+01,6.715689739678742942e-02,9.976724126349838517e-01,-1.181982229643080071e-02,2.064958711604594210e+00,-1.266516839284286509e-02,1.269803043097193426e-02,9.998391638322402519e-01,1.782896534042183456e-01,0.000000000000000000e+00,0.000000000000000000e+00,0.000000000000000000e+00,1.000000000000000000e+00
9.976392365912776228e-01,-6.761818930890692303e-02,1.198891522029707328e-02,3.291913703444141248e+01,6.775557828340859901e-02,9.976362522572248537e-01,-1.144944512330613694e-02,2.143451187365050803e+00,-1.118638570117711645e-02,1.223473157595095402e-02,9.998625786167852914e-01,1.820061935944929099e-01,0.000000000000000000e+00,0.000000000000000000e+00,0.000000000000000000e+00,1.000000000000000000e+00
9.976243703301327370e-01,-6.809989465536996078e-02,1.039327048315561407e-02,3.387824110811978073e+01,6.824112855990185911e-02,9.975720262719245390e-01,-1.389966807481536962e-02,2.213123225583601084e+00,-9.421469963834187833e-03,1.457589611813446366e-02,9.998493782345780900e-01,1.737839226857861852e-01,0.000000000000000000e+00,0.000000000000000000e+00,0.000000000000000000e+00,1.000000000000000000e+00
9.976351341525016014e-01,-6.774205640800143313e-02,1.162552786489707245e-02,3.485724295121308813e+01,6.791402841077047448e-02,9.975769521717411381e-01,-1.509666323242363738e-02,2.284590619776941001e+00,-1.057467964258822050e-02,1.585049807884100423e-02,9.998184524507975901e-01,1.788477308358043527e-01,0.000000000000000000e+00,0.000000000000000000e+00,0.000000000000000000e+00,1.000000000000000000e+00
9.976053741238537498e-01,-6.784147306635283925e-02,1.345555838291593968e-02,3.585266535015640699e+01,6.801668705666590042e-02,9.975992019514279274e-01,-1.302161847476718433e-02,2.359036872443011301e+00,-1.253984852557154563e-02,1.390563907392178451e-02,9.998246773314308777e-01,1.709918672034960174e-01,0.000000000000000000e+00,0.000000000000000000e+00,0.000000000000000000e+00,1.000000000000000000e+00
9.974161296735769566e-01,-7.038209133532632999e-02,1.440227364866604291e-02,3.683856632266012809e+01,7.056426312110514187e-02,9.974281938800884095e-01,-1.255718213903635194e-02,2.434126337703087728e+00,-1.348143305293177455e-02,1.354102183601052674e-02,9.998174291791850354e-01,1.744027730850423730e-01,0.000000000000000000e+00,0.000000000000000000e+00,0.000000000000000000e+00,1.000000000000000000e+00
9.973608458232177121e-01,-7.080248512956864582e-02,1.607331074410987826e-02,3.783633033866201600e+01,7.101176121458249724e-02,9.973927674713202185e-01,-1.284512222974351810e-02,2.501603070330657985e+00,-1.512193730983535205e-02,1.395261607624818760e-02,9.997883033505767791e-01,1.731717724985713802e-01,0.000000000000000000e+00,0.000000000000000000e+00,0.000000000000000000e+00,1.000000000000000000e+00
9.973873847596185227e-01,-6.986725945765566437e-02,1.835676382834251774e-02,3.882519204536671253e+01,7.011566231038167396e-02,9.974507969467509838e-01,-1.325524685021716234e-02,2.569940655538454077e+00,-1.738386093908415517e-02,1.450771264398078436e-02,9.997436309638031426e-01,1.803016716921907459e-01,0.000000000000000000e+00,0.000000000000000000e+00,0.000000000000000000e+00,1.000000000000000000e+00
9.975168931624515123e-01,-6.785835089351950622e-02,1.884919280890312576e-02,3.982818032325725710e+01,6.809226602069491652e-02,9.976061632193908846e-01,-1.205762890642021745e-02,2.641976580835561528e+00,-1.798586010459668830e-02,1.331117277665719648e-02,9.997496294150886031e-01,1.667016428713857523e-01,0.000000000000000000e+00,0.000000000000000000e+00,0.000000000000000000e+00,1.000000000000000000e+00
9.975374880656056042e-01,-6.780054042624000799e-02,1.794565746012800889e-02,4.082537633852763292e+01,6.804785770276487733e-02,9.975900540112325743e-01,-1.354891877314462478e-02,2.719324848297744346e+00,-1.698378537990577475e-02,1.473671794419691324e-02,9.997471581246939465e-01,1.708287604107674995e-01,0.000000000000000000e+00,0.000000000000000000e+00,0.000000000000000000e+00,1.000000000000000000e+00
9.975327107219373879e-01,-6.848474897546427687e-02,1.543794667423381735e-02,4.182438887506195613e+01,6.868013823060357959e-02,9.975603882049040028e-01,-1.250241964973120880e-02,2.791685049286827702e+00,-1.454405900613756249e-02,1.353185287536233343e-02,9.998026601811904612e-01,1.834829787506400689e-01,0.000000000000000000e+00,0.000000000000000000e+00,0.000000000000000000e+00,1.000000000000000000e+00
9.976427923821173938e-01,-6.746494775034903024e-02,1.254350959899958040e-02,4.283720793785106906e+01,6.757304619451622030e-02,9.976789417080454969e-01,-8.403136337070580067e-03,2.854999684879220290e+00,-1.194747822811511283e-02,9.230931553657166500e-03,9.998860173372960958e-01,1.928810113534537296e-01,0.000000000000000000e+00,0.000000000000000000e+00,0.000000000000000000e+00,1.000000000000000000e+00
9.977142613634965018e-01,-6.628550145538980587e-02,1.313335329244807656e-02,4.385812886508473696e+01,6.641042096136055839e-02,9.977489095985851986e-01,-9.315008457289346636e-03,2.931938372611560872e+00,-1.248633892026046292e-02,1.016590830334491123e-02,9.998703644216763164e-01,1.995715398183644518e-01,0.000000000000000000e+00,0.000000000000000000e+00,0.000000000000000000e+00,1.000000000000000000e+00
9.977168903383013543e-01,-6.600410808561002485e-02,1.429910659786381988e-02,4.483855938897726645e+01,6.617558481265656267e-02,9.977373861464262639e-01,-1.187014154887631838e-02,3.004394201078340654e+00,-1.348327513539827188e-02,1.278929245543247717e-02,9.998273027328828944e-01,2.051105574496163986e-01,0.000000000000000000e+00,0.000000000000000000e+00,0.000000000000000000e+00,1.000000000000000000e+00
9.976979305196287395e-01,-6.587356186118834001e-02,1.610941602213777218e-02,4.581194235757094191e+01,6.607076295370233054e-02,9.977424023909811091e-01,-1.203132385817911980e-02,3.073196075329943877e+00,-1.528050128659977532e-02,1.306798832203792497e-02,9.997978465478134513e-01,2.053822606097435444e-01,0.000000000000000000e+00,0.000000000000000000e+00,0.000000000000000000e+00,1.000000000000000000e+00
9.974573786552001220e-01,-7.002798718324797222e-02,1.322341776407127446e-02,4.671467353705750014e+01,7.016506949051930231e-02,9.974832088575483757e-01,-1.020348325969254628e-02,3.139883252277135384e+00,-1.247560778843550405e-02,1.110536169168320833e-02,9.998605053466236292e-01,2.134741599289914638e-01,0.000000000000000000e+00,0.000000000000000000e+00,0.000000000000000000e+00,1.000000000000000000e+00
9.976608404261625429e-01,-6.795569838796609863e-02,7.407464935422021848e-03,4.765573921564993043e+01,6.801958401578529767e-02,9.976456725497734324e-01,-8.743468020268096996e-03,3.208216722470682569e+00,-6.795856861737803803e-03,9.226868336858925351e-03,9.999343384593852857e-01,2.071250865435168009e-01,0.000000000000000000e+00,0.000000000000000000e+00,0.000000000000000000e+00,1.000000000000000000e+00
9.978436806747477128e-01,-6.523714560117095662e-02,7.218294208913899300e-03,4.859824824833955859e+01,6.530370671952931416e-02,9.978211095292215393e-01,-9.405278653716445114e-03,3.284034625482201264e+00,-6.588992803494739606e-03,9.856379237630323586e-03,9.999297160111599858e-01,2.113669818509545661e-01,0.000000000000000000e+00,0.000000000000000000e+00,0.000000000000000000e+00,1.000000000000000000e+00
9.979632254732628827e-01,-6.295576058183000034e-02,1.029430971786091803e-02,4.956140588097131428e+01,6.304897330629591345e-02,9.979698927223117355e-01,-8.995564731001777503e-03,3.363554807499341770e+00,-9.707088545280625341e-03,9.626288452512310814e-03,9.999065491347693957e-01,2.152879243040054791e-01,0.000000000000000000e+00,0.000000000000000000e+00,0.000000000000000000e+00,1.000000000000000000e+00
9.980559876670369590e-01,-6.091765619096930345e-02,1.316376261471539390e-02,5.055948223593422597e+01,6.107396078922585486e-02,9.980632897286976224e-01,-1.181697970866605989e-02,3.446110947360550014e+00,-1.241840551334234127e-02,1.259797047614394372e-02,9.998435249299705285e-01,2.294618494417320631e-01,0.000000000000000000e+00,0.000000000000000000e+00,0.000000000000000000e+00,1.000000000000000000e+00
9.982328247317662218e-01,-5.771915103262297703e-02,1.413248853226589836e-02,5.149295316965936564e+01,5.791898328833393339e-02,9.982208030359392970e-01,-1.416403053932322256e-02,3.499941633774380723e+00,-1.328980823364482589e-02,1.495753958197863255e-02,9.997998064646576033e-01,2.247221117789069134e-01,0.000000000000000000e+00,0.000000000000000000e+00,0.000000000000000000e+00,1.000000000000000000e+00
9.983219489931380863e-01,-5.644295517347035912e-02,1.294136661367686902e-02,5.243477238247125882e+01,5.665322453807861147e-02,9.982575381075150522e-01,-1.650150783868430809e-02,3.544113009513348178e+00,-1.198742290828236357e-02,1.720698761543526870e-02,9.997800864536263710e-01,2.331964061476901329e-01,0.000000000000000000e+00,0.000000000000000000e+00,0.000000000000000000e+00,1.000000000000000000e+00
9.983019597068144568e-01,-5.699233396544219066e-02,1.204454709434394678e-02,5.341026131768144580e+01,5.720822427909540153e-02,9.981924762570124621e-01,-1.841193685401386337e-02,3.612722404359498984e+00,-1.097343703536281766e-02,1.906971979487366228e-02,9.997579354356613823e-01,2.528212152003334601e-01,0.000000000000000000e+00,0.000000000000000000e+00,0.000000000000000000e+00,1.000000000000000000e+00
9.983578470010037176e-01,-5.576995558315415991e-02,1.308897955442936932e-02,5.437478254468761207e+01,5.597927257841206483e-02,9.983003228411252428e-01,-1.621068958700624604e-02,3.655404787652575926e+00,-1.216266307660812326e-02,1.691678070873596160e-02,9.997829225173517909e-01,2.568067517225298690e-01,0.000000000000000000e+00,0.000000000000000000e+00,0.000000000000000000e+00,1.000000000000000000e+00
9.982945418003379423e-01,-5.587156716052234240e-02,1.692264148065328669e-02,5.532455383707878127e+01,5.617274614353962719e-02,9.982609910710188439e-01,-1.787781576671794090e-02,3.713278631313330358e+00,-1.589435127172291948e-02,1.879791714319757265e-02,9.996969580371483088e-01,2.648867882001881280e-01,0.000000000000000000e+00,0.000000000000000000e+00,0.000000000000000000e+00,1.000000000000000000e+00
9.981290270371567797e-01,-5.718656644664511790e-02,2.163658947025328544e-02,5.628715004748342920e+01,5.761871377387264848e-02,9.981401855312580507e-01,-1.990612595806187657e-02,3.765180232951590877e+00,-2.045798643330636740e-02,2.111555459032888118e-02,9.995677086348060403e-01,2.797073024609101899e-01,0.000000000000000000e+00,0.000000000000000000e+00,0.000000000000000000e+00,1.000000000000000000e+00
9.981512991088561382e-01,-5.595027073161475129e-02,2.373923529441813660e-02,5.725074277756218777e+01,5.635299668654116662e-02,9.982720904417985430e-01,-1.664851973589761419e-02,3.828638379587323115e+00,-2.276672685634450327e-02,1.795551865051316781e-02,9.995795493597490200e-01,2.756248343487479602e-01,0.000000000000000000e+00,0.000000000000000000e+00,0.000000000000000000e+00,1.000000000000000000e+00
9.980350305084519924e-01,-5.872208104838292503e-02,2.185852408883326783e-02,5.814410172513282049e+01,5.907609109911220180e-02,9.981265648696538983e-01,-1.591778759574208682e-02,3.885768762609907334e+00,-2.088284794859969137e-02,1.717782578910770699e-02,9.996343476305293851e-01,2.721274709737330211e-01,0.000000000000000000e+00,0.000000000000000000e+00,0.000000000000000000e+00,1.000000000000000000e+00
9.978740131356379495e-01,-6.273438408209805472e-02,1.765930243292193266e-02,5.905660008115644644e+01,6.301235442990690827e-02,9.978900285159253425e-01,-1.565037308422376205e-02,3.938449359019277285e+00,-1.664022529226603930e-02,1.672985482051267056e-02,9.997215686679500335e-01,2.720472252535852120e-01,0.000000000000000000e+00,0.000000000000000000e+00,0.000000000000000000e+00,1.000000000000000000e+00
9.978204832848236450e-01,-6.478406001383234247e-02,1.254227672176641724e-02,6.000259151852828410e+01,6.498922757038740061e-02,9.977461047041749076e-01,-1.670661089025078302e-02,4.009150299531859751e+00,-1.143168566072257086e-02,1.748531142868339078e-02,9.997817664106480873e-01,2.727835677153318539e-01,0.000000000000000000e+00,0.000000000000000000e+00,0.000000000000000000e+00,1.000000000000000000e+00
9.978846971078224604e-01,-6.359783169819147042e-02,1.347022944565158531e-02,6.091234648792473649e+01,6.378091175866124063e-02,9.978708699805938220e-01,-1.362799102562860590e-02,4.078193859780589570e+00,-1.257483889613820842e-02,1.445830721243973778e-02,9.998163985348942351e-01,2.600761493073228126e-01,0.000000000000000000e+00,0.000000000000000000e+00,0.000000000000000000e+00,1.000000000000000000e+00
9.977051532173415449e-01,-6.598623949120972776e-02,1.517377478977975473e-02,6.183840964821521879e+01,6.618978287944060623e-02,9.977180439999205896e-01,-1.332731478331777679e-02,4.136669605979192532e+00,-1.425972951828766155e-02,1.430107949666302621e-02,9.997960488216057762e-01,2.690297907161648960e-01,0.000000000000000000e+00,0.000000000000000000e+00,0.000000000000000000e+00,1.000000000000000000e+00
9.976508548220071049e-01,-6.675657524532405129e-02,1.537307823549761976e-02,6.272562450034792647e+01,6.693090658489388167e-02,9.976956574709165970e-01,-1.111884919352809989e-02,4.209931989584526413e+00,-1.459539710468750646e-02,1.212166346586283916e-02,9.998200036297415494e-01,2.796149029106175243e-01,0.000000000000000000e+00,0.000000000000000000e+00,0.000000000000000000e+00,1.000000000000000000e+00
9.975387997761492320e-01,-6.849737114061124621e-02,1.498175850779281081e-02,6.355752981125950640e+01,6.865506850026385777e-02,9.975875192704214411e-01,-1.027730339629352903e-02,4.273559856187167938e+00,-1.424164703903701458e-02,1.128058255148110464e-02,9.998349483524339165e-01,2.834532519715810550e-01,0.000000000000000000e+00,0.000000000000000000e+00,0.000000000000000000e+00,1.000000000000000000e+00
9.973405354472032469e-01,-7.109324850301446119e-02,1.605012059693152610e-02,6.437179079200141985e+01,7.124826388750891970e-02,9.974152419646896695e-01,-9.301612200357909852e-03,4.331558664949692883e+00,-1.534735309111221607e-02,1.042041812014389036e-02,9.998279220142322066e-01,2.873862095102028835e-01,0.000000000000000000e+00,0.000000000000000000e+00,0.000000000000000000e+00,1.000000000000000000e+00
9.972473422107186458e-01,-7.224439749574988745e-02,1.668788435168854639e-02,6.517307079077144749e+01,7.241205313152231093e-02,9.973279223490596479e-01,-9.670049853840309226e-03,4.380337034098757520e+00,-1.594468610342639203e-02,1.085183548411482526e-02,9.998139850250586935e-01,2.881215198660443400e-01,0.000000000000000000e+00,0.000000000000000000e+00,0.000000000000000000e+00,1.000000000000000000e+00
9.971813331515150258e-01,-7.300454574345058290e-02,1.731257100952719383e-02,6.596727618422420392e+01,7.317992291358432766e-02,9.972713698062217746e-01,-9.721823243259845523e-03,4.440282759308185057e+00,-1.655559411586639967e-02,1.096135327429070480e-02,9.998028610870577371e-01,2.896859044545727069e-01,0.000000000000000000e+00,0.000000000000000000e+00,0.000000000000000000e+00,1.000000000000000000e+00
9.969335360502465937e-01,-7.618245364928853680e-02,1.788179113862872760e-02,6.671388042926753315e+01,7.636892446305716675e-02,9.970296153610560541e-01,-9.986664574792516666e-03,4.500768748692847154e+00,-1.706786672983365283e-02,1.132165398462602578e-02,9.997902320368730056e-01,2.887872326380337418e-01,0.000000000000000000e+00,0.000000000000000000e+00,0.000000000000000000e+00,1.000000000000000000e+00
9.969751580157919513e-01,-7.524446558975313171e-02,1.946290567974151564e-02,6.749884849953585331e+01,7.543056266873224280e-02,9.971103495696594932e-01,-9.010049752275782475e-03,4.575262515403806240e+00,-1.872870830742133855e-02,1.045089370209700136e-02,9.997699806985416160e-01,2.848720604102409903e-01,0.000000000000000000e+00,0.000000000000000000e+00,0.000000000000000000e+00,1.000000000000000000e+00
9.967611566534250178e-01,-7.698562910863458730e-02,2.324670939451427970e-02,6.823232249979061237e+01,7.722132799610373355e-02,9.969695090269636850e-01,-9.416186756908155944e-03,4.644815427458502732e+00,-2.245134939025650658e-02,1.118083097406472222e-02,9.996854134823041083e-01,2.869393841944099521e-01,0.000000000000000000e+00,0.000000000000000000e+00,0.000000000000000000e+00,1.000000000000000000e+00
9.964883092872010018e-01,-8.050021727968466323e-02,2.303832615138979786e-02,6.894632982720612802e+01,8.063936665383431013e-02,9.967299118436523386e-01,-5.174493386001618317e-03,4.711986632163590372e+00,-2.254644095201470758e-02,7.014118195247478517e-03,9.997211912059980055e-01,2.905977917968439739e-01,0.000000000000000000e+00,0.000000000000000000e+00,0.000000000000000000e+00,1.000000000000000000e+00
9.965086487597695220e-01,-8.103506247150940589e-02,2.009556162975877081e-02,6.960461846622614246e+01,8.110769198438190497e-02,9.967013415141761090e-01,-2.824557451396129786e-03,4.769848690999051399e+00,-1.980038504533316798e-02,4.444600552155114973e-03,9.997940739362217721e-01,2.941832527732960445e-01,0.000000000000000000e+00,0.000000000000000000e+00,0.000000000000000000e+00,1.000000000000000000e+00
9.965880148988311982e-01,-8.135004875087992193e-02,1.394625857478298467e-02,7.027916568419499299e+01,8.140765230817609277e-02,9.966743410801267578e-01,-3.612752157840540008e-03,4.832918343260376837e+00,-1.360598051138973801e-02,4.735757670360004647e-03,9.998962195616155624e-01,2.944462894909621320e-01,0.000000000000000000e+00,0.000000000000000000e+00,0.000000000000000000e+00,1.000000000000000000e+00
9.965557597812016999e-01,-8.243587639091230768e-02,8.996884492455319710e-03,7.101472451745220837e+01,8.248232503515884328e-02,9.965803862937187008e-01,-4.919320221697172368e-03,4.896354904161611010e+00,-8.560590149207930599e-03,5.644460852151182532e-03,9.999474267970217545e-01,2.998395626110646472e-01,0.000000000000000000e+00,0.000000000000000000e+00,0.000000000000000000e+00,1.000000000000000000e+00
9.962874759009354708e-01,-8.580612750281629841e-02,6.969493949338548093e-03,7.172665409117972501e+01,8.583408358389643666e-02,9.963021377797055544e-01,-3.815802784161538303e-03,4.962372343580007339e+00,-6.616302460745319622e-03,4.399856650553288923e-03,9.999684324033443206e-01,2.985705161791635254e-01,0.000000000000000000e+00,0.000000000000000000e+00,0.000000000000000000e+00,1.000000000000000000e+00
9.963079435990925825e-01,-8.530599146850048609e-02,9.662781220770803176e-03,7.241496227357350790e+01,8.531570115070323534e-02,9.963537903024601849e-01,-5.963950637259327319e-04,5.038646772338079671e+00,-9.576672621960352627e-03,1.418580094429570081e-03,9.999531363879041734e-01,3.092726891142911771e-01,0.000000000000000000e+00,0.000000000000000000e+00,0.000000000000000000e+00,1.000000000000000000e+00
9.961552038624067462e-01,-8.705850286885073730e-02,9.778900555692547625e-03,7.302338073708315846e+01,8.708319793434649014e-02,9.961987699257890405e-01,-2.127777210811154524e-03,5.091563637815041510e+00,-9.556487606395843923e-03,2.971174273881267962e-03,9.999499215801068708e-01,3.139756093643322199e-01,0.000000000000000000e+00,0.000000000000000000e+00,0.000000000000000000e+00,1.000000000000000000e+00
9.963356004972335755e-01,-8.514386485368088953e-02,8.117478647415103318e-03,7.362363171602447665e+01,8.518932330036502187e-02,9.963499935814830177e-01,-5.428580458092412651e-03,5.140585016777548866e+00,-7.625639477378691293e-03,6.100210483439831577e-03,9.999523173904932838e-01,3.239538005957460776e-01,0.000000000000000000e+00,0.000000000000000000e+00,0.000000000000000000e+00,1.000000000000000000e+00
9.963874115539941290e-01,-8.480131986267869237e-02,4.567520801837635612e-03,7.426384741534879197e+01,8.485345793606294262e-02,9.963114194611009111e-01,-1.278460510466958473e-02,5.177740157908601759e+00,-3.466521746697791024e-03,1.312598952221306729e-02,9.999078415664323094e-01,3.422517469895816067e-01,0.000000000000000000e+00,0.000000000000000000e+00,0.000000000000000000e+00,1.000000000000000000e+00
9.965350461217055145e-01,-8.316811990818266664e-02,-9.826912763560083364e-04,7.486836471749073496e+01,8.314198308335868370e-02,9.964102159000278736e-01,-1.594027286497453483e-02,5.224018764469439802e+00,2.304886151840419492e-03,1.580333765321547887e-02,9.998724628765635059e-01,3.515217759194125269e-01,0.000000000000000000e+00,0.000000000000000000e+00,0.000000000000000000e+00,1.000000000000000000e+00
9.967062807466680052e-01,-8.107366077153281558e-02,-1.910876564045871579e-03,7.544790325511495155e+01,8.103836043022492885e-02,9.966087565132397685e-01,-1.427482328779431861e-02,5.266919659524202046e+00,3.061708497152372446e-03,1.407295172375902688e-02,9.998962836068842064e-01,3.673297968273482872e-01,0.000000000000000000e+00,0.000000000000000000e+00,0.000000000000000000e+00,1.000000000000000000e+00
9.971689748095668993e-01,-7.519306066041797632e-02,1.982567844217445537e-04,7.602759388926286022e+01,7.519071196222619491e-02,9.971089274875277741e-01,-1.096100174569238778e-02,5.329166534527028709e+00,6.265076594809877199e-04,1.094487794241047300e-02,9.999399067618902626e-01,3.683812057926872940e-01,0.000000000000000000e+00,0.000000000000000000e+00,0.000000000000000000e+00,1.000000000000000000e+00
9.975870729447373630e-01,-6.930292450681631300e-02,4.139631426849013987e-03,7.657582254771693897e+01,6.934796203627908995e-02,9.975208025624694441e-01,-1.196280136615129712e-02,5.357106069151451599e+00,-3.300311343254780285e-03,1.222101100211195161e-02,9.999198742074905111e-01,3.822259039803503899e-01,0.000000000000000000e+00,0.000000000000000000e+00,0.000000000000000000e+00,1.000000000000000000e+00
9.980494778579076520e-01,-6.191116202972599819e-02,8.015470272075277472e-03,7.716169788049676015e+01,6.203101395188023726e-02,9.979509803378522337e-01,-1.568420067474893959e-02,5.372690438838686688e+00,-7.028019326605305234e-03,1.615081604233030779e-02,9.998448670096333757e-01,3.926076548221870133e-01,0.000000000000000000e+00,0.000000000000000000e+00,0.000000000000000000e+00,1.000000000000000000e+00
9.986032373836901677e-01,-5.159565612682204955e-02,1.137816134754609035e-02,7.770938008410266207e+01,5.179621650481806838e-02,9.984936529781018866e-01,-1.809908611548001825e-02,5.387287644058957881e+00,-1.042718766466151775e-02,1.866315169718930911e-02,9.997714541464631788e-01,4.068610531349068915e-01,0.000000000000000000e+00,0.000000000000000000e+00,0.000000000000000000e+00,1.000000000000000000e+00
9.991111588967728219e-01,-4.103240876649628943e-02,9.655754696654491806e-03,7.820813775803141255e+01,4.116880943200084547e-02,9.990487330812086730e-01,-1.437908407265666051e-02,5.398071560560840254e+00,-9.056561041278545984e-03,1.476381927673529014e-02,9.998499929201728476e-01,4.197762116129940546e-01,0.000000000000000000e+00,0.000000000000000000e+00,0.000000000000000000e+00,1.000000000000000000e+00
9.996335982265375231e-01,-2.545300963503788899e-02,9.209429796622798856e-03,7.869901254726605089e+01,2.554919909047553145e-02,9.996186074423891732e-01,-1.048227459849232317e-02,5.416034623004804871e+00,-8.939111952286004845e-03,1.071372742987358392e-02,9.999026494224639849e-01,4.246972920973057786e-01,0.000000000000000000e+00,0.000000000000000000e+00,0.000000000000000000e+00,1.000000000000000000e+00
9.999320065735082252e-01,-6.783404204846992490e-03,9.485128215668331073e-03,7.917581306204453995e+01,6.841292755942135831e-03,9.999580898468186652e-01,-6.084017037618519134e-03,5.419272710050392128e+00,-9.443460345736549508e-03,6.148493903404658907e-03,9.999365065239982364e-01,4.329794487718456875e-01,0.000000000000000000e+00,0.000000000000000000e+00,0.000000000000000000e+00,1.000000000000000000e+00
9.998094361751185266e-01,1.618406909109511987e-02,1.091637498632089254e-02,7.966426502993861902e+01,-1.611027633024973010e-02,9.998470009538504844e-01,-6.814226305160643767e-03,5.421039880389751708e+00,-1.102498670068569921e-02,6.637061942578363974e-03,9.999171961102678585e-01,4.318468786448833585e-01,0.000000000000000000e+00,0.000000000000000000e+00,0.000000000000000000e+00,1.000000000000000000e+00
9.990679500422291470e-01,4.164079340242701072e-02,1.136993945582430790e-02,8.015710851248472579e+01,-4.152955667715891447e-02,9.990887180795035016e-01,-9.850346615074110843e-03,5.396663361598909248e+00,-1.176975448390173325e-02,9.368977054881344815e-03,9.998868411717065641e-01,4.429383696780184176e-01,0.000000000000000000e+00,0.000000000000000000e+00,0.000000000000000000e+00,1.000000000000000000e+00
9.975460178485970886e-01,6.889783330086966806e-02,1.245113813457304243e-02,8.062803460917504594e+01,-6.877475957593486011e-02,9.975815226565030169e-01,-1.005674398544233357e-02,5.367046374662566954e+00,-1.311391320975243725e-02,9.175740883549110549e-03,9.998719073259159096e-01,4.443747599777009838e-01,0.000000000000000000e+00,0.000000000000000000e+00,0.000000000000000000e+00,1.000000000000000000e+00
9.948080311797330433e-01,1.007430481939627503e-01,1.441594051341744780e-02,8.109333564040589692e+01,-1.005988370922295400e-01,9.948726767835838203e-01,-1.040341122619804423e-02,5.313688363820251226e+00,-1.539009668547912033e-02,8.899170188246952398e-03,9.998419623590379945e-01,4.406780075917680062e-01,0.000000000000000000e+00,0.000000000000000000e+00,0.000000000000000000e+00,1.000000000000000000e+00
