9.999474849770391138e-01,-1.010333854280743779e-02,-1.717509354707434741e-03,6.678127339866349876e-01,1.009727086098547583e-02,9.999428765143489883e-01,-3.505542664025581429e-03,1.865507974188045440e-02,1.752828928897361051e-03,3.488016413211332371e-03,9.999923806370962787e-01,1.150003615271303486e-02,0.000000000000000000e+00,0.000000000000000000e+00,0.000000000000000000e+00,1.000000000000000056e-01
9.997998794166939041e-01,-1.920523021367169861e-02,-5.600022393195092443e-03,1.362580380494705867e+00,1.918301234524441221e-02,9.998080093803731749e-01,-3.994548312122293832e-03,1.796306899904331206e-02,5.675663461359840151e-03,3.886323622081720459e-03,9.999763413866239459e-01,1.989551254858533749e-02,0.000000000000000000e+00,0.000000000000000000e+00,0.000000000000000000e+00,1.000000000000000056e-01
9.996365796713192475e-01,-2.530567328549889958e-02,-9.291473650271489179e-03,2.115672644652419443e+00,2.527396661327377045e-02,9.996743855846175197e-01,-3.514173821621672383e-03,3.132658150830348182e-02,9.377376747109226682e-03,3.278064304591303373e-03,9.999506583325787901e-01,2.256182161652219714e-02,0.000000000000000000e+00,0.000000000000000000e+00,0.000000000000000000e+00,1.000000000000000056e-01
9.993348497414957787e-01,-3.465357484162716328e-02,-1.135728148976700332e-02,2.868307584714435698e+00,3.462786927275504634e-02,9.993972668070035814e-01,-2.452298578881196775e-03,6.783769172892306631e-02,1.143541699156819073e-02,2.057388973125992386e-03,9.999324969160879872e-01,4.175991022538504127e-02,0.000000000000000000e+00,0.000000000000000000e+00,0.000000000000000000e+00,1.000000000000000056e-01
9.991047300534541264e-01,-4.034704472166158323e-02,-1.272219977215993322e-02,3.584227232063162738e+00,4.028925074692484704e-02,9.991766875285362781e-01,-4.766904000829312073e-03,1.006097745554896811e-01,1.290405591532839055e-02,4.250068438266279246e-03,9.999077068705911620e-01,5.594939560357758274e-02,0.000000000000000000e+00,0.000000000000000000e+00,0.000000000000000000e+00,1.000000000000000056e-01
9.988245602100208620e-01,-4.541334901643461625e-02,-1.694478245271734476e-02,4.320840238367554598e+00,4.533847156043568222e-02,9.989602591969934942e-01,-4.777399045413121929e-03,1.454135721366295320e-01,1.714412196124331586e-02,4.003532963152240005e-03,9.998450133925712580e-01,8.213145253672365920e-02,0.000000000000000000e+00,0.000000000000000000e+00,0.000000000000000000e+00,1.000000000000000056e-01
9.982438832415001517e-01,-5.569199795759456617e-02,-2.018789078684411070e-02,5.109995014527348722e+00,5.561815199585987135e-02,9.984432723260288078e-01,-4.201561073797449412e-03,1.797917948879960426e-01,2.039045706931776059e-02,3.071369463725378418e-03,9.997873753704442645e-01,1.035453005612640004e-01,0.000000000000000000e+00,0.000000000000000000e+00,0.000000000000000000e+00,1.000000000000000056e-01
9.977500775107992492e-01,-6.339517511297047825e-02,-2.181363334224377393e-02,5.893766687679771188e+00,6.330576353472479323e-02,9.979827982215181414e-01,-4.766000129473665567e-03,2.557021551561812212e-01,2.207177225506706808e-02,3.374348284401556663e-03,9.997506942449082556e-01,1.202881224719961339e-01,0.000000000000000000e+00,0.000000000000000000e+00,0.000000000000000000e+00,1.000000000000000056e-01
9.974500402126834642e-01,-6.841158942944740307e-02,-2.032908535701815136e-02,6.698539991710260821e+00,6.833324725013371903e-02,9.976522922779542668e-01,-4.524492545631963840e-03,3.250233613494143969e-01,2.059088633275172123e-02,3.123802855512394176e-03,9.997831051061782937e-01,1.551891564528615763e-01,0.000000000000000000e+00,0.000000000000000000e+00,0.000000000000000000e+00,1.000000000000000056e-01
9.970660500259228565e-01,-7.336130764934652160e-02,-2.184972369806555820e-02,7.506611010913144533e+00,7.324108127764560050e-02,9.972946573415593097e-01,-6.253834924519938686e-03,3.861320679870814954e-01,2.224940221635597626e-02,4.635189096441142027e-03,9.997417062036849655e-01,1.804021136238022627e-01,0.000000000000000000e+00,0.000000000000000000e+00,0.000000000000000000e+00,1.000000000000000056e-01
9.967506551817520988e-01,-7.721167691577415781e-02,-2.294533378711514568e-02,8.332329149167017945e+00,7.709888637733036676e-02,9.970068032713941264e-01,-5.761592655777146403e-03,4.629025918648353444e-01,2.332151611974494707e-02,3.973811571993532236e-03,9.997201186869586476e-01,2.114719705406667150e-01,0.000000000000000000e+00,0.000000000000000000e+00,0.000000000000000000e+00,1.000000000000000056e-01
9.960591088599545229e-01,-8.497286682774145283e-02,-2.541384583624165319e-02,9.187112042555433788e+00,8.484000624827602033e-02,9.963749024433278256e-01,-6.263155821265177677e-03,5.304792620902910594e-01,2.585391647131681306e-02,4.082362566440963549e-03,9.996573959707246715e-01,2.444934925833744388e-01,0.000000000000000000e+00,0.000000000000000000e+00,0.000000000000000000e+00,1.000000000000000056e-01
9.959464759146141599e-01,-8.543245569142093876e-02,-2.814094219805592101e-02,9.948744427464877305e+00,8.521928928509631129e-02,9.963243115567387287e-01,-8.691313751880520508e-03,6.115786807307307393e-01,2.878002513904381193e-02,6.257932208322327175e-03,9.995661801188914231e-01,2.849902752820682172e-01,0.000000000000000000e+00,0.000000000000000000e+00,0.000000000000000000e+00,1.000000000000000056e-01
9.958376521368180745e-01,-8.696166220092876875e-02,-2.729541891749157762e-02,1.071828613028586119e+01,8.683938155554363214e-02,9.962063828658458409e-01,-5.636004648544130739e-03,6.925057469820043998e-01,2.768198688101182470e-02,3.242228338543924442e-03,9.996115223214067091e-01,3.128317658297684045e-01,0.000000000000000000e+00,0.000000000000000000e+00,0.000000000000000000e+00,1.000000000000000056e-01
9.953080267332997666e-01,-9.237839941562783763e-02,-2.877782552021083962e-02,1.151909970319774601e+01,9.209538832137176279e-02,9.956892954959457587e-01,-1.101209719912602490e-02,8.074609032404767017e-01,2.967105273158855694e-02,8.310123717128923074e-03,9.995251725062281878e-01,3.373630064511183857e-01,0.000000000000000000e+00,0.000000000000000000e+00,0.000000000000000000e+00,1.000000000000000056e-01
9.948624025346037847e-01,-9.649517886355167551e-02,-3.061830300926307244e-02,1.236788087024649130e+01,9.621413448301786853e-02,9.953049933669601002e-01,-1.052665685197495121e-02,9.064563066990138918e-01,3.149032150930871493e-02,7.526661603038122504e-03,9.994757170718825412e-01,3.773859903682499350e-01,0.000000000000000000e+00,0.000000000000000000e+00,0.000000000000000000e+00,1.000000000000000056e-01
9.943496430840383926e-01,-9.998832629261873717e-02,-3.565279657819662301e-02,1.325430134793893977e+01,9.977550176611497956e-02,9.949801501912632906e-01,-7.703893346294179816e-03,1.012668577547519932e+00,3.624412429574543765e-02,4.103087931290320088e-03,9.993345426449856683e-01,4.286316856732190206e-01,0.000000000000000000e+00,0.000000000000000000e+00,0.000000000000000000e+00,1.000000000000000056e-01
9.943227819796752742e-01,-9.886299882929659721e-02,-3.934860478692676911e-02,1.416598810412313547e+01,9.883886242921195719e-02,9.951001507668217894e-01,-2.563048487204316883e-03,1.121134608837366375e+00,3.940919321552482923e-02,-1.340673833170690768e-03,9.992222565994887118e-01,4.724903832974187146e-01,0.000000000000000000e+00,0.000000000000000000e+00,0.000000000000000000e+00,1.000000000000000056e-01
9.920693316014334018e-01,-1.187507568904266481e-01,-4.119100671064005598e-02,1.506686976582011006e+01,1.185594191735096642e-01,9.929218178933195693e-01,-7.065951929186361537e-03,1.330797119217700608e+00,4.173853640372689883e-02,2.126332376730149555e-03,9.991263049732492796e-01,5.041099790541675452e-01,0.000000000000000000e+00,0.000000000000000000e+00,0.000000000000000000e+00,1.000000000000000056e-01
9.915218211789145197e-01,-1.237586975614835827e-01,-3.960129927077964129e-02,1.601535550262863339e+01,1.235407360874258564e-01,9.923079440197983825e-01,-7.913959955523875225e-03,1.471225186245725958e+00,4.027610523654945318e-02,2.954490325907477375e-03,9.991842204187817433e-01,5.549910039148108210e-01,0.000000000000000000e+00,0.000000000000000000e+00,0.000000000000000000e+00,1.000000000000000056e-01
9.910543485074452263e-01,-1.273941447137675320e-01,-3.977449178972600197e-02,1.693182040841722369e+01,1.271497051265982892e-01,9.918460257945523884e-01,-8.626331883904041209e-03,1.595982489376484903e+00,4.054911578200484645e-02,3.491848822587557185e-03,9.991714448487295508e-01,6.008418004316513628e-01,0.000000000000000000e+00,0.000000000000000000e+00,0.000000000000000000e+00,1.000000000000000056e-01
9.904491569640240245e-01,-1.317013913430571392e-01,-4.080699679659263723e-02,1.779393132971278746e+01,1.314195327479603104e-01,9.912810702316898759e-01,-9.526080653833205597e-03,1.742619722356673284e+00,4.170580153362350717e-02,4.072262100904678814e-03,9.991216356379335473e-01,6.569174736085620081e-01,0.000000000000000000e+00,0.000000000000000000e+00,0.000000000000000000e+00,1.000000000000000056e-01
9.902099386714349194e-01,-1.328257062346782647e-01,-4.291397347685395325e-02,1.869482695411548789e+01,1.324804848243547051e-01,9.911267366474445506e-01,-1.080338110458694059e-02,1.856817212925267135e+00,4.396815321362838869e-02,5.012351329064062416e-03,9.990203590703929937e-01,6.881902751265611684e-01,0.000000000000000000e+00,0.000000000000000000e+00,0.000000000000000000e+00,1.000000000000000056e-01
9.898328651287641167e-01,-1.356931661369854825e-01,-4.264110428568085309e-02,1.961319492000021825e+01,1.352777619592013536e-01,9.907289333687986366e-01,-1.249430691283743428e-02,1.980856384931750647e+00,4.394116783031043472e-02,6.598882454096188094e-03,9.990123265105719241e-01,7.475303622120212932e-01,0.000000000000000000e+00,0.000000000000000000e+00,0.000000000000000000e+00,1.000000000000000056e-01
9.878639735901261210e-01,-1.496692307443933945e-01,-4.151976699245967656e-02,2.053203262976494514e+01,1.492539650203640600e-01,9.887141556942281584e-01,-1.294497027997857860e-02,2.147784048003742008e+00,4.298864511038428399e-02,6.590879928439482421e-03,9.990538207190553521e-01,7.898229289312977963e-01,0.000000000000000000e+00,0.000000000000000000e+00,0.000000000000000000e+00,1.000000000000000056e-01
9.878703321515878155e-01,-1.499045400952653817e-01,-4.050723038592544956e-02,2.144650711715273061e+01,1.494783380156998742e-01,9.886745978600099960e-01,-1.337034069916657499e-02,2.287385145969091482e+00,4.205274448565318735e-02,7.153209431758384904e-03,9.990897848922537516e-01,8.344966652670603446e-01,0.000000000000000000e+00,0.000000000000000000e+00,0.000000000000000000e+00,1.000000000000000056e-01
9.877973140751522552e-01,-1.512260839594047612e-01,-3.724429937880515545e-02,2.239714016837555732e+01,1.508433473084125620e-01,9.884735495845032860e-01,-1.289675713526833994e-02,2.455040893511084121e+00,3.876533088609759176e-02,7.121327272042021934e-03,9.992229660186838780e-01,8.812769095140211562e-01,0.000000000000000000e+00,0.000000000000000000e+00,0.000000000000000000e+00,1.000000000000000056e-01
9.876229865897132587e-01,-1.524179449710118817e-01,-3.700819382824251103e-02,2.335799257783576266e+01,1.520474342405354895e-01,9.882923148170371652e-01,-1.264429572781061543e-02,2.614302725138327510e+00,3.850213111615001516e-02,6.860796192563177812e-03,9.992349650483207668e-01,9.334704169737323420e-01,0.000000000000000000e+00,0.000000000000000000e+00,0.000000000000000000e+00,1.000000000000000056e-01
9.877872830379568203e-01,-1.513643403366514983e-01,-3.694752959186512614e-02,2.429678252275959593e+01,1.509247389923189797e-01,9.884399809415389537e-01,-1.442661555565035413e-02,2.756173832291423320e+00,3.870409059249160094e-02,8.674131123085760189e-03,9.992130667783861719e-01,9.830551179535563788e-01,0.000000000000000000e+00,0.000000000000000000e+00,0.000000000000000000e+00,1.000000000000000056e-01
9.876749281690186955e-01,-1.513485751044895689e-01,-3.989793328186859445e-02,2.524693698058119296e+01,1.508446263397383302e-01,9.884379927962932966e-01,-1.536987642304497859e-02,2.912740090549834626e+00,4.176284198601055986e-02,9.162052754466368243e-03,9.990855427932965327e-01,1.032828869735268107e+00,0.000000000000000000e+00,0.000000000000000000e+00,0.000000000000000000e+00,1.000000000000000056e-01
9.879746843771265441e-01,-1.483752856556826982e-01,-4.348330296230670106e-02,2.619863597213287676e+01,1.477991909902225398e-01,9.888847895962379342e-01,-1.619481546174493178e-02,3.062625402869250113e+00,4.540288727110760453e-02,9.573270694951580700e-03,9.989228850695374140e-01,1.080114672897517947e+00,0.000000000000000000e+00,0.000000000000000000e+00,0.000000000000000000e+00,1.000000000000000056e-01
9.875462884238697114e-01,-1.492004234040809896e-01,-4.991554744047310699e-02,2.716389444204241954e+01,1.486030476652368815e-01,9.887755559409925343e-01,-1.549303708716860510e-02,3.215067899979418442e+00,5.166684086377347496e-02,7.882488796313700738e-03,9.986332679845657534e-01,1.144805583806153937e+00,0.000000000000000000e+00,0.000000000000000000e+00,0.000000000000000000e+00,1.000000000000000056e-01
9.872395363143814384e-01,-1.520064314476911871e-01,-4.745674595148288016e-02,2.811980679274526196e+01,1.512316962116053987e-01,9.883053804545680610e-01,-1.953072004592434560e-02,3.337253756495013324e+00,4.987055242050091736e-02,1.210453481509835352e-02,9.986823359998834304e-01,1.214399084580096044e+00,0.000000000000000000e+00,0.000000000000000000e+00,0.000000000000000000e+00,1.000000000000000056e-01
9.872825992562292985e-01,-1.531722318035044494e-01,-4.255980040128450048e-02,2.911861468601341585e+01,1.525134489814539973e-01,9.881312766611214382e-01,-1.833651994909987412e-02,3.490216776445125291e+00,4.486331558907687145e-02,1.161238512949885546e-02,9.989256405889074264e-01,1.289030384567005250e+00,0.000000000000000000e+00,0.000000000000000000e+00,0.000000000000000000e+00,1.000000000000000056e-01
9.875038638002223701e-01,-1.520484417647751385e-01,-4.144140847673468547e-02,3.006380825245649646e+01,1.512206445860620752e-01,9.882451729897265835e-01,-2.244537176081526017e-02,3.617348012189540718e+00,4.436705569009164601e-02,1.589809483583135355e-02,9.988887900812498666e-01,1.338797376119172489e+00,0.000000000000000000e+00,0.000000000000000000e+00,0.000000000000000000e+00,1.000000000000000056e-01
9.868699791967553425e-01,-1.555823017702536171e-01,-4.337962120703139912e-02,3.099256029267958823e+01,1.543611433411109513e-01,9.875520065596790076e-01,-3.022700392656660004e-02,3.749911717182706994e+00,4.754241881331638941e-02,2.313399480896935131e-02,9.986012901541624354e-01,1.402230028719604116e+00,0.000000000000000000e+00,0.000000000000000000e+00,0.000000000000000000e+00,1.000000000000000056e-01
9.864521723859972502e-01,-1.573135273194488370e-01,-4.652489352228218744e-02,3.195414509514637658e+01,1.559662981526241665e-01,9.872658295267286999e-01,-3.131606120614310873e-02,3.900467963462380006e+00,5.085887764700877667e-02,2.363548119275736548e-02,9.984261307644514138e-01,1.453410524566647766e+00,0.000000000000000000e+00,0.000000000000000000e+00,0.000000000000000000e+00,1.000000000000000056e-01
9.860932493586848091e-01,-1.584310842092184757e-01,-5.019656487770984832e-02,3.292937867186362411e+01,1.569962568875603592e-01,9.871009453537075151e-01,-3.136716444169206086e-02,4.055383137261053150e+00,5.451861051536222025e-02,2.305027631306229979e-02,9.982466658443521768e-01,1.504260443578573581e+00,0.000000000000000000e+00,0.000000000000000000e+00,0.000000000000000000e+00,1.000000000000000056e-01
9.860738319064689117e-01,-1.578673869912470551e-01,-5.230952259243782515e-02,3.389072317672650314e+01,1.563153520570304822e-01,9.871701885659106557e-01,-3.256577218539596225e-02,4.214467120339349115e+00,5.677947464163030783e-02,2.393547432787438561e-02,9.980997867588792261e-01,1.563235702138086269e+00,0.000000000000000000e+00,0.000000000000000000e+00,0.000000000000000000e+00,1.000000000000000056e-01
9.854164661565881778e-01,-1.623696348452561278e-01,-5.089685557753052814e-02,3.484599702632973361e+01,1.608023104437981132e-01,9.864167230249994978e-01,-3.353603274923513261e-02,4.363724803017853482e+00,5.565074288271619485e-02,2.486262690947167037e-02,9.981406937900899612e-01,1.637210750700706763e+00,0.000000000000000000e+00,0.000000000000000000e+00,0.000000000000000000e+00,1.000000000000000056e-01
9.848779263721513244e-01,-1.651381732111875666e-01,-5.239135323088273122e-02,3.582964934361056208e+01,1.634873993614722743e-01,9.859455842396910308e-01,-3.439731338748347467e-02,4.550776624677064675e+00,5.733533286651244787e-02,2.531182859309247940e-02,9.980340529953675155e-01,1.698317812680779193e+00,0.000000000000000000e+00,0.000000000000000000e+00,0.000000000000000000e+00,1.000000000000000056e-01
9.845011458363290835e-01,-1.675239665621531815e-01,-5.189618939997062141e-02,3.680600888143794691e+01,1.658096605288347791e-01,9.855086961029526638e-01,-3.577382256302397145e-02,4.707966445044422521e+00,5.713711860312534196e-02,2.661447975709338443e-02,9.980115325711380603e-01,1.776852895991477554e+00,0.000000000000000000e+00,0.000000000000000000e+00,0.000000000000000000e+00,1.000000000000000056e-01
9.842575862369001838e-01,-1.690258400801276650e-01,-5.164561278867874083e-02,3.780535720449283588e+01,1.673140947860112249e-01,9.852507959059066955e-01,-3.587287070635901409e-02,4.880535383559141849e+00,5.694732321232214012e-02,2.666710617942269490e-02,9.980209756447840919e-01,1.844874931687111363e+00,0.000000000000000000e+00,0.000000000000000000e+00,0.000000000000000000e+00,1.000000000000000056e-01
9.843680225385069704e-01,-1.692305019387648213e-01,-4.879173513191738254e-02,3.878037254302629577e+01,1.676563065142909204e-01,9.852325873143609192e-01,-3.475790240846560186e-02,5.047104421191948020e+00,5.395330471449920340e-02,2.603432556076686055e-02,9.982040146197471708e-01,1.923246376439828209e+00,0.000000000000000000e+00,0.000000000000000000e+00,0.000000000000000000e+00,1.000000000000000056e-01
9.840970868730671839e-01,-1.707764543097430587e-01,-4.887050502434985011e-02,3.977840311689945452e+01,1.694003788531332211e-01,9.850575645534351832e-01,-3.106615780024560639e-02,5.237191967792353964e+00,5.344562893593539366e-02,2.229343332569190192e-02,9.983218757385792230e-01,1.982561525053297302e+00,0.000000000000000000e+00,0.000000000000000000e+00,0.000000000000000000e+00,1.000000000000000056e-01
9.830937362192442297e-01,-1.750316337396847777e-01,-5.376460728866003236e-02,4.077625274354118545e+01,1.732794729650843357e-01,9.842247081432924372e-01,-3.572041613970215745e-02,5.430571020556318018e+00,5.916865771191362477e-02,2.580021454693224789e-02,9.979145348545148675e-01,2.068074818167556117e+00,0.000000000000000000e+00,0.000000000000000000e+00,0.000000000000000000e+00,1.000000000000000056e-01
9.829263342692702299e-01,-1.757180623568656286e-01,-5.458006927005033121e-02,4.179390392275464450e+01,1.741438410578068641e-01,9.841867943576323441e-01,-3.240796867563157380e-02,5.607633954526463960e+00,5.941164887131233224e-02,2.234986294356414854e-02,9.979833363362314858e-01,2.159267952754874820e+00,0.000000000000000000e+00,0.000000000000000000e+00,0.000000000000000000e+00,1.000000000000000056e-01
9.821598434765891339e-01,-1.788892190938148330e-01,-5.797145119838749416e-02,4.281007040155871124e+01,1.771472984689707597e-01,9.835985626761094558e-01,-3.395146751816544711e-02,5.790118601628093664e+00,6.309418758639578906e-02,2.307628205532175417e-02,9.977407522494587955e-01,2.238996025980191540e+00,0.000000000000000000e+00,0.000000000000000000e+00,0.000000000000000000e+00,1.000000000000000056e-01
9.829022806501176435e-01,-1.740268712577486276e-01,-6.014777446453393323e-02,4.381605509052442216e+01,1.721894697743895364e-01,9.844585155152552058e-01,-3.452850602494456772e-02,5.916758026517662472e+00,6.522187663362687127e-02,2.358133392620168078e-02,9.975921147937412137e-01,2.322341406144080800e+00,0.000000000000000000e+00,0.000000000000000000e+00,0.000000000000000000e+00,1.000000000000000056e-01
9.825763919779829658e-01,-1.767724582276076761e-01,-5.740323980140808746e-02,4.480825318482860808e+01,1.748526650318009135e-01,9.839013533893726793e-01,-3.694147167936970289e-02,6.103652009334866513e+00,6.300936008884784612e-02,2.626070849633617421e-02,9.976673773009040458e-01,2.416825240209549364e+00,0.000000000000000000e+00,0.000000000000000000e+00,0.000000000000000000e+00,1.000000000000000056e-01
9.825799901740572828e-01,-1.770373139704847221e-01,-5.651860199673591073e-02,4.578759997118113745e+01,1.751749778878797792e-01,9.838642189336493926e-01,-3.639953054725971610e-02,6.266439979635000768e+00,6.205070532661383781e-02,2.586480551243465834e-02,9.977378021325410407e-01,2.491558903843758443e+00,0.000000000000000000e+00,0.000000000000000000e+00,0.000000000000000000e+00,1.000000000000000056e-01
9.815795144840763209e-01,-1.812712164478420818e-01,-6.035232251309512880e-02,4.670441964104161769e+01,1.794109337953238292e-01,9.831521533803788682e-01,-3.497942449803693316e-02,6.445248324386930072e+00,6.567627866966119221e-02,2.350721997692455795e-02,9.975640515922080676e-01,2.577086884549601553e+00,0.000000000000000000e+00,0.000000000000000000e+00,0.000000000000000000e+00,1.000000000000000056e-01
9.814173060671329551e-01,-1.802246778787534309e-01,-6.587212487411450712e-02,4.766546295594186944e+01,1.781752599705826723e-01,9.833468363598772966e-01,-3.581307240988812479e-02,6.609079461579374204e+00,7.122954503818385019e-02,2.341078607223954014e-02,9.971851819041100962e-01,2.637797646799073359e+00,0.000000000000000000e+00,0.000000000000000000e+00,0.000000000000000000e+00,1.000000000000000056e-01
9.813388564584558660e-01,-1.807447129063511626e-01,-6.561552835427561514e-02,4.861644324917721605e+01,1.784612310740558982e-01,9.831663552611087376e-01,-3.918554435145266829e-02,6.786832667469905545e+00,7.159355982448750710e-02,2.674446931587801807e-02,9.970752707557587469e-01,2.724113398534929953e+00,0.000000000000000000e+00,0.000000000000000000e+00,0.000000000000000000e+00,1.000000000000000056e-01
9.818671824784208635e-01,-1.785767381730047898e-01,-6.361748623906350597e-02,4.958623319318854783e+01,1.763360523763315424e-01,9.835454331701126707e-01,-3.929347938967951009e-02,6.991088239273722138e+00,6.958758944107056033e-02,2.736292151261646849e-02,9.972005003619258678e-01,2.812331771093266042e+00,0.000000000000000000e+00,0.000000000000000000e+00,0.000000000000000000e+00,1.000000000000000056e-01
9.827603113706835369e-01,-1.740060976105366752e-01,-6.248238462918545566e-02,5.058313723966948317e+01,1.717851360826544715e-01,9.843480611512579470e-01,-3.935430762728856641e-02,7.178822763853274225e+00,6.835230366023492543e-02,2.794230667127839754e-02,9.972698682313766438e-01,2.912073967279755760e+00,0.000000000000000000e+00,0.000000000000000000e+00,0.000000000000000000e+00,1.000000000000000056e-01
9.826624157237997537e-01,-1.748012965529316953e-01,-6.179873337925431004e-02,5.151625945461172051e+01,1.722356458067069163e-01,9.840412132799674083e-01,-4.469645265606953660e-02,7.360098452417282999e+00,6.862549844928431120e-02,3.327757938768537843e-02,9.970873300131155581e-01,2.991984743574197747e+00,0.000000000000000000e+00,0.000000000000000000e+00,0.000000000000000000e+00,1.000000000000000056e-01
9.831545925579885381e-01,-1.718781215712400223e-01,-6.216879005801599634e-02,5.245292221914279196e+01,1.692936552422042717e-01,9.845501085056673762e-01,-4.472965611551583259e-02,7.528738122169878366e+00,6.889633826894810131e-02,3.345138512260217162e-02,9.970628362377719212e-01,3.069787481761202752e+00,0.000000000000000000e+00,0.000000000000000000e+00,0.000000000000000000e+00,1.000000000000000056e-01
9.833762252169463425e-01,-1.712287671581751158e-01,-6.043102659694756656e-02,5.343422145059393813e+01,1.685911976363326514e-01,9.845946284376191349e-01,-4.637268302927721048e-02,7.700934752515184556e+00,6.744040152324543014e-02,3.541365484214011733e-02,9.970946120068572283e-01,3.165586422804492095e+00,0.000000000000000000e+00,0.000000000000000000e+00,0.000000000000000000e+00,1.000000000000000056e-01
9.819780077883765168e-01,-1.793713876733132040e-01,-5.954072139402648983e-02,5.439985370546150989e+01,1.766250793052336621e-01,9.830773558519638744e-01,-4.860549116644186096e-02,7.878780304463037787e+00,6.725156935262566194e-02,3.721313874508735964e-02,9.970418289742651874e-01,3.242040642478285939e+00,0.000000000000000000e+00,0.000000000000000000e+00,0.000000000000000000e+00,1.000000000000000056e-01
9.822096609403040413e-01,-1.795608805369090510e-01,-5.497337661398293829e-02,5.531809191360569855e+01,1.769458392251376244e-01,9.829869926054508600e-01,-4.926197671026950886e-02,8.042379572138214527e+00,6.288363806623060992e-02,3.865827918184221168e-02,9.972718714143370411e-01,3.321463997574261917e+00,0.000000000000000000e+00,0.000000000000000000e+00,0.000000000000000000e+00,1.000000000000000056e-01
9.822210028492255329e-01,-1.808802114675377715e-01,-5.024192135378999918e-02,5.623553685137397196e+01,1.784639386668118444e-01,9.827233085616181585e-01,-4.904611508809973708e-02,8.231131059378688164e+00,5.824537885008580079e-02,3.920775317670630034e-02,9.975320686240841672e-01,3.407463271723612408e+00,0.000000000000000000e+00,0.000000000000000000e+00,0.000000000000000000e+00,1.000000000000000056e-01
9.822827281644452846e-01,-1.814198851419732417e-01,-4.698369105219118297e-02,5.714529984985814792e+01,1.795543798209175701e-01,9.828803347238306287e-01,-4.130946986220433714e-02,8.410785642683251240e+00,5.367370526561563576e-02,3.214145124669923193e-02,9.980411116155566420e-01,3.491696572771931351e+00,0.000000000000000000e+00,0.000000000000000000e+00,0.000000000000000000e+00,1.000000000000000056e-01
9.815207165178366777e-01,-1.848997790793096008e-01,-4.928645597661644034e-02,5.800334583995547888e+01,1.830226654352344329e-01,9.822845069182970512e-01,-4.024737761966890731e-02,8.584149490765197399e+00,5.585505333713936676e-02,3.048309637652469109e-02,9.979734434602981485e-01,3.576371727613997464e+00,0.000000000000000000e+00,0.000000000000000000e+00,0.000000000000000000e+00,1.000000000000000056e-01
9.810351159939914023e-01,-1.859533799011468813e-01,-5.469407362773028719e-02,5.891024548190284094e+01,1.839476449488740839e-01,9.821335472589302062e-01,-3.971094642984163148e-02,8.782808047116695604e+00,6.110126925374628065e-02,2.889698690054955457e-02,9.977131847598540437e-01,3.642636775970980345e+00,0.000000000000000000e+00,0.000000000000000000e+00,0.000000000000000000e+00,1.000000000000000056e-01
9.804222697631671535e-01,-1.872486225456113096e-01,-6.091080616122832025e-02,5.988047709536821372e+01,1.851042363264375767e-01,9.819377513310160177e-01,-3.917491805982675074e-02,8.964558622130622823e+00,6.714606947875567666e-02,2.713311382349959527e-02,9.973741522055777908e-01,3.717663684936435953e+00,0.000000000000000000e+00,0.000000000000000000e+00,0.000000000000000000e+00,1.000000000000000056e-01
9.809937882180953528e-01,-1.843991913376211988e-01,-6.039971615448164188e-02,6.078926888079778479e+01,1.824692434429820709e-01,9.825488561676781751e-01,-3.609321876659063455e-02,9.172895405570082872e+00,6.600123237376953611e-02,2.438613289594306760e-02,9.975215054561605843e-01,3.793824239807417786e+00,0.000000000000000000e+00,0.000000000000000000e+00,0.000000000000000000e+00,1.000000000000000056e-01
9.806368305544059805e-01,-1.873076284005054937e-01,-5.715994142043308301e-02,6.172509774596579746e+01,1.855530315806508679e-01,9.820233089794281334e-01,-3.464524631640945873e-02,9.373746567672540664e+00,6.262171373764197080e-02,2.336820412596671281e-02,9.977637235360323764e-01,3.873018855147567052e+00,0.000000000000000000e+00,0.000000000000000000e+00,0.000000000000000000e+00,1.000000000000000056e-01
9.799844230990504279e-01,-1.909567851426086371e-01,-5.626754562997073050e-02,6.261255315672909916e+01,1.891305053505061562e-01,9.812838331815322279e-01,-3.621727049932221137e-02,9.566384337065134247e+00,6.213036640068525518e-02,2.485045159667150991e-02,9.977586244309583074e-01,3.953609050637673317e+00,0.000000000000000000e+00,0.000000000000000000e+00,0.000000000000000000e+00,1.000000000000000056e-01
9.793644201213314027e-01,-1.944541608030914970e-01,-5.507187981877529476e-02,6.343941502328488014e+01,1.927380134224769004e-01,9.806267085870868927e-01,-3.497594298391006745e-02,9.735257320335266584e+00,6.080617388362224290e-02,2.363974940692168542e-02,9.978696164658049650e-01,4.020956961966026810e+00,0.000000000000000000e+00,0.000000000000000000e+00,0.000000000000000000e+00,1.000000000000000056e-01
9.785580461086306192e-01,-1.985294081515961151e-01,-5.486551280208829678e-02,6.426640038058782523e+01,1.968179262529876905e-01,9.798127942914847122e-01,-3.506553932547241959e-02,9.891048211830330672e+00,6.071947217765191057e-02,2.351514919556587507e-02,9.978778399467429505e-01,4.082425187359277174e+00,0.000000000000000000e+00,0.000000000000000000e+00,0.000000000000000000e+00,1.000000000000000056e-01
9.779818573142526894e-01,-2.014043362619102884e-01,-5.466058999923199130e-02,6.507370221205616190e+01,1.998008691207877052e-01,9.792663504094749616e-01,-3.342196365094751709e-02,1.005219656318502786e+01,6.025860488546534027e-02,2.176484069794150725e-02,9.979454856086331649e-01,4.146196146790867232e+00,0.000000000000000000e+00,0.000000000000000000e+00,0.000000000000000000e+00,1.000000000000000056e-01
9.773171427109896836e-01,-2.041160268454950133e-01,-5.646104983115490805e-02,6.587139094312367149e+01,2.023487940814680530e-01,9.786704991448603730e-01,-3.548266671665885330e-02,1.021859933421441724e+01,6.249934477258649312e-02,2.325299310538349665e-02,9.977740877646794626e-01,4.218379015289310807e+00,0.000000000000000000e+00,0.000000000000000000e+00,0.000000000000000000e+00,1.000000000000000056e-01
9.764691819319781807e-01,-2.084066141224359958e-01,-5.544925542435542171e-02,6.662834568463992468e+01,2.067161869618697190e-01,9.777849268237788216e-01,-3.471390102196613564e-02,1.037353482369445068e+01,6.145205273250572281e-02,2.243479588138940634e-02,9.978578682100581743e-01,4.285461517592110248e+00,0.000000000000000000e+00,0.000000000000000000e+00,0.000000000000000000e+00,1.000000000000000056e-01
9.756871806129788771e-01,-2.128218189990068454e-01,-5.235837034754155933e-02,6.741699956784843550e+01,2.112064680614668954e-01,9.768244669267067692e-01,-3.472446777642164417e-02,1.054436195582185221e+01,5.853506159983882379e-02,2.282179158850457940e-02,9.980244548066915522e-01,4.356530860124757432e+00,0.000000000000000000e+00,0.000000000000000000e+00,0.000000000000000000e+00,1.000000000000000056e-01
9.716666708570662614e-01,-2.306849754521699547e-01,-5.146185816872064778e-02,6.822403115636545579e+01,2.293447155019288364e-01,9.728621102338150806e-01,-3.066457145872969470e-02,1.075327986640499667e+01,5.713914784878323938e-02,1.799323684165664294e-02,9.982040679195186561e-01,4.422457737596750427e+00,0.000000000000000000e+00,0.000000000000000000e+00,0.000000000000000000e+00,1.000000000000000056e-01
9.707728761694921493e-01,-2.348620172336527978e-01,-4.939489603745772506e-02,6.896103585313811379e+01,2.336210129205672503e-01,9.718760147181843001e-01,-2.963501876948540850e-02,1.091617383951508735e+01,5.496585499726194812e-02,1.722918676081324277e-02,9.983395764508091741e-01,4.491080768374759558e+00,0.000000000000000000e+00,0.000000000000000000e+00,0.000000000000000000e+00,1.000000000000000056e-01
9.705543767549350553e-01,-2.349970385195810363e-01,-5.292063537851808552e-02,6.963610634984826220e+01,2.338695594159835855e-01,9.719023082097094646e-01,-2.666331703319555629e-02,1.108924772615113241e+01,5.769948821621578849e-02,1.350167336538442113e-02,9.982426928737927474e-01,4.546855754557964424e+00,0.000000000000000000e+00,0.000000000000000000e+00,0.000000000000000000e+00,1.000000000000000056e-01
9.695714357742412082e-01,-2.381744123001207636e-01,-5.660547902958276006e-02,7.030100715728606531e+01,2.368876624965569055e-01,9.711175888514363974e-01,-2.854582246651733018e-02,1.127196844398818776e+01,6.176946080057530569e-02,1.426807446240206667e-02,9.979884547245732040e-01,4.599676091080302065e+00,0.000000000000000000e+00,0.000000000000000000e+00,0.000000000000000000e+00,1.000000000000000056e-01
9.683624596491936520e-01,-2.417176613185725575e-01,-6.202192313080692049e-02,7.102157499158241194e+01,2.401403878835869643e-01,9.702155783658574784e-01,-3.184847882278086378e-02,1.145831385298621363e+01,6.787297583931525824e-02,1.594690261099534351e-02,9.975665168036822461e-01,4.660075476845947584e+00,0.000000000000000000e+00,0.000000000000000000e+00,0.000000000000000000e+00,1.000000000000000056e-01
9.667791663923210876e-01,-2.474217984989461883e-01,-6.419109796004110469e-02,7.173757803184236082e+01,2.458173858795865141e-01,9.687905511402675751e-01,-3.191677960983824169e-02,1.164485327773556911e+01,7.008463618436780451e-02,1.507718968784908450e-02,9.974271011567820144e-01,4.718654845229477424e+00,0.000000000000000000e+00,0.000000000000000000e+00,0.000000000000000000e+00,1.000000000000000056e-01
9.664697204634287164e-01,-2.493474354199669840e-01,-6.133625254959301082e-02,7.240708699650734559e+01,2.478679944425708770e-01,9.683049772594457538e-01,-3.077220085729882870e-02,1.181063014939012312e+01,6.706516799620884650e-02,1.453710645450743792e-02,9.976426894322288907e-01,4.791192199821204589e+00,0.000000000000000000e+00,0.000000000000000000e+00,0.000000000000000000e+00,1.000000000000000056e-01
9.648175739831711395e-01,-2.563847630152779056e-01,-5.825720750969755335e-02,7.297448281357317512e+01,2.548725067948954814e-01,9.664390289922667465e-01,-3.218087196721779175e-02,1.197158226755781563e+01,6.455272429041322702e-02,1.620051030320708227e-02,9.977827866086894648e-01,4.839349314023108306e+00,0.000000000000000000e+00,0.000000000000000000e+00,0.000000000000000000e+00,1.000000000000000056e-01
9.651168557206221132e-01,-2.544916691952351373e-01,-6.150971560788523473e-02,7.350655814602320959e+01,2.527186357091132374e-01,9.668994726901164460e-01,-3.519518258084977647e-02,1.209503159674074979e+01,6.843059234921478051e-02,1.842281253766264726e-02,9.974857663189674595e-01,4.889953455208839728e+00,0.000000000000000000e+00,0.000000000000000000e+00,0.000000000000000000e+00,1.000000000000000056e-01
9.641502050734431783e-01,-2.581012685002668228e-01,-6.162886706236402057e-02,7.412850436566368728e+01,2.557672875797398770e-01,9.657685717594802766e-01,-4.329157430443235366e-02,1.224904598409354151e+01,7.069283316532172512e-02,2.597693207841743693e-02,9.971598278805927640e-01,4.954550150140233811e+00,0.000000000000000000e+00,0.000000000000000000e+00,0.000000000000000000e+00,1.000000000000000056e-01
9.637583019110512739e-01,-2.581315538452791380e-01,-6.736494939468640197e-02,7.471405805920794307e+01,2.552418320449625910e-01,9.656546196529396386e-01,-4.860825770656162365e-02,1.239536516830173163e+01,7.759859967717194773e-02,2.965225880701464339e-02,9.965436271813612468e-01,5.011318498851937697e+00,0.000000000000000000e+00,0.000000000000000000e+00,0.000000000000000000e+00,1.000000000000000056e-01
9.646152350680670118e-01,-2.548943670279917861e-01,-6.742632966413983353e-02,7.528998045254714100e+01,2.522570564867820386e-01,9.666021065836016835e-01,-4.524096595750320970e-02,1.252746899347135212e+01,7.670609967403066443e-02,2.663135756102006854e-02,9.966980210009723784e-01,5.074823230684441633e+00,0.000000000000000000e+00,0.000000000000000000e+00,0.000000000000000000e+00,1.000000000000000056e-01
9.647313968622666103e-01,-2.552058624540202159e-01,-6.452363657823072252e-02,7.585915867050908901e+01,2.526293294018183699e-01,9.664931252893016467e-01,-4.549132548635828610e-02,1.269474452473060744e+01,7.397130412644793707e-02,2.758634694224539052e-02,9.968787487092974908e-01,5.115986510346663962e+00,0.000000000000000000e+00,0.000000000000000000e+00,0.000000000000000000e+00,1.000000000000000056e-01
9.653251394973435540e-01,-2.534037687196081245e-01,-6.272085022648751784e-02,7.644254609961656399e+01,2.506827485797202826e-01,9.668721548106925523e-01,-4.812894987681527043e-02,1.282136561208187153e+01,7.283910089334480475e-02,3.073705012566450151e-02,9.968699509618200727e-01,5.169514756370141129e+00,0.000000000000000000e+00,0.000000000000000000e+00,0.000000000000000000e+00,1.000000000000000056e-01
9.659470880311060714e-01,-2.521871207260101277e-01,-5.786086124619516102e-02,7.703488664711682077e+01,2.493259220775591312e-01,9.670027413956751028e-01,-5.236680927289839860e-02,1.295602406469636136e+01,6.915784629672586115e-02,3.615735434422721883e-02,9.969502685803461883e-01,5.230803021638275929e+00,0.000000000000000000e+00,0.000000000000000000e+00,0.000000000000000000e+00,1.000000000000000056e-01
9.676586512959177711e-01,-2.463214914049456916e-01,-5.442846171084331913e-02,7.760755015184004435e+01,2.435282763585204235e-01,9.684351198555154472e-01,-5.317327565875135803e-02,1.307145935552999028e+01,6.580815440364180813e-02,3.819871074364599578e-02,9.971008701788950379e-01,5.301897031263955284e+00,0.000000000000000000e+00,0.000000000000000000e+00,0.000000000000000000e+00,1.000000000000000056e-01
9.698087005000122218e-01,-2.380815242458922398e-01,-5.280409309163615339e-02,7.810613140658743703e+01,2.355422013095791467e-01,9.705728113131295576e-01,-5.008282482015153497e-02,1.321839828595001975e+01,6.317401235251117464e-02,3.613316693124100226e-02,9.973482031922471513e-01,5.356149674020344698e+00,0.000000000000000000e+00,0.000000000000000000e+00,0.000000000000000000e+00,1.000000000000000056e-01
9.728595396412653695e-01,-2.250422551559913831e-01,-5.385442900348017675e-02,7.860973185211389591e+01,2.225555391686846740e-01,9.737134020308987337e-01,-4.848961425655479857e-02,1.332987357718543642e+01,6.335099142334939260e-02,3.518798231952325467e-02,9.973707724742888470e-01,5.399720586562044566e+00,0.000000000000000000e+00,0.000000000000000000e+00,0.000000000000000000e+00,1.000000000000000056e-01
9.768456408470801433e-01,-2.071079505248044628e-01,-5.365529598718494358e-02,7.907788243001219541e+01,2.051957096684942083e-01,9.779418091566556281e-01,-3.904534078543006603e-02,1.344278417831657357e+01,6.055835773615646928e-02,2.713143440407254567e-02,9.977958561627108258e-01,5.441517955755367453e+00,0.000000000000000000e+00,0.000000000000000000e+00,0.000000000000000000e+00,1.000000000000000056e-01
9.813215699854148655e-01,-1.854010743352274004e-01,-5.132658099565851062e-02,7.956100011454029186e+01,1.833885183337776170e-01,9.821633379402321395e-01,-4.151901912910561931e-02,1.351986494398112981e+01,5.810875686763668224e-02,3.133080339609595200e-02,9.978184970894521388e-01,5.490817824547708170e+00,0.000000000000000000e+00,0.000000000000000000e+00,0.000000000000000000e+00,1.000000000000000056e-01
9.850361867870226495e-01,-1.646439710685130009e-01,-5.095167819485823396e-02,8.011480419418107601e+01,1.626111921600534582e-01,9.858051063219119836e-01,-4.178387887606932471e-02,1.366713733663485009e+01,5.710788828496387443e-02,3.287331958343285565e-02,9.978266552639278864e-01,5.546082673853764966e+00,0.000000000000000000e+00,0.000000000000000000e+00,0.000000000000000000e+00,1.000000000000000056e-01
9.892672394955134285e-01,-1.374747180313100337e-01,-4.950788586819657167e-02,8.060994824477232612e+01,1.355448181803227403e-01,9.899453068245577247e-01,-4.044615878542162646e-02,1.377931574956861915e+01,5.457042354050246902e-02,3.330152246135438532e-02,9.979544465938142705e-01,5.585771228832654423e+00,0.000000000000000000e+00,0.000000000000000000e+00,0.000000000000000000e+00,1.000000000000000056e-01
9.929200060455050103e-01,-1.075812632563836330e-01,-5.036003763655304277e-02,8.108950095635617572e+01,1.054754442810214715e-01,9.935020344246047186e-01,-4.276257999574743091e-02,1.381651857413996076e+01,5.463325222165978101e-02,3.714807384417453257e-02,9.978152275653805470e-01,5.613612394692319540e+00,0.000000000000000000e+00,0.000000000000000000e+00,0.000000000000000000e+00,1.000000000000000056e-01
9.960684587913823940e-01,-7.352583910482128615e-02,-4.941231005419779998e-02,8.160868148198885308e+01,7.161468643408715196e-02,9.966540123630622805e-01,-3.939690758874739990e-02,1.385779716194089417e+01,5.214366776424167460e-02,3.570336993255487229e-02,9.980011559550177047e-01,5.655040843304105280e+00,0.000000000000000000e+00,0.000000000000000000e+00,0.000000000000000000e+00,1.000000000000000056e-01
