1.000000000000000000e+00,-7.322665828585359996e-09,1.217296331713091165e-09,6.855336293521796701e-15,7.322665828408707305e-09,1.000000000000000000e+00,1.451194929691644873e-10,4.737885953359382092e-14,-1.217296332775752728e-09,-1.451194840553102312e-10,1.000000000000000000e+00,-7.022776125812849383e-15,0.000000000000000000e+00,0.000000000000000000e+00,0.000000000000000000e+00,1.000000000000000056e-01
9.999497583955969660e-01,-1.002396234984817211e-02,-2.938360378473541470e-05,6.442714991204600006e-01,1.002387215691795050e-02,9.999472838802090369e-01,-2.225184840523805347e-03,3.126502503371479669e-02,5.168722385802194442e-05,2.224778506179476544e-03,9.999975238414490208e-01,8.260598081234039533e-03,0.000000000000000000e+00,0.000000000000000000e+00,0.000000000000000000e+00,1.000000000000000056e-01
9.997916898005445585e-01,-2.040436016870609756e-02,4.889702213806790092e-04,1.293052725458341268e+00,2.040516497194799425e-02,9.997903447528024845e-01,-1.701699603290268313e-03,6.462988275509154446e-02,-4.541456146035643677e-04,1.711322639940136186e-03,9.999984325620629999e-01,1.073996476949226446e-02,0.000000000000000000e+00,0.000000000000000000e+00,0.000000000000000000e+00,1.000000000000000056e-01
9.994676735796643730e-01,-3.262366408383227806e-02,-2.569260568272442309e-04,2.001205256047130732e+00,3.262313569119858897e-02,9.994660199557471314e-01,-1.845527429144013746e-03,9.583992967765228577e-02,3.169967303459427931e-04,1.836163272519546457e-03,9.999982640072480056e-01,1.074506174209770293e-02,0.000000000000000000e+00,0.000000000000000000e+00,0.000000000000000000e+00,1.000000000000000056e-01
9.990170021332850370e-01,-4.432601623124292345e-02,4.834601240821778645e-04,2.705526215520892563e+00,4.432593547422283842e-02,9.990171071068288944e-01,1.764999652736425030e-04,1.287682013687786731e-01,-4.908084748876191585e-04,-1.548966439198768807e-04,9.999998675570265227e-01,7.871797707931931648e-03,0.000000000000000000e+00,0.000000000000000000e+00,0.000000000000000000e+00,1.000000000000000056e-01
9.985235469120812279e-01,-5.430459372291702308e-02,1.318090552871207426e-03,3.415686109158797112e+00,5.430287738880219123e-02,9.985236577349551057e-01,1.304780020929069200e-03,1.772442824634715142e-01,-1.387000149013179395e-03,-1.231277464758210238e-03,9.999982800917166514e-01,1.678731452509173508e-02,0.000000000000000000e+00,0.000000000000000000e+00,0.000000000000000000e+00,1.000000000000000056e-01
9.979679753763760486e-01,-6.370520922915545725e-02,1.251575106188627766e-03,4.152379855635764727e+00,6.370283630283360421e-02,9.979671927321256408e-01,1.852262760704713549e-03,2.290259920474649047e-01,-1.367029681934543630e-03,-1.768770033055303958e-03,9.999975013380877353e-01,2.647607987391398243e-02,0.000000000000000000e+00,0.000000000000000000e+00,0.000000000000000000e+00,1.000000000000000056e-01
9.971607116597556164e-01,-7.527370142570209699e-02,2.094038176347279984e-03,4.919307423904571763e+00,7.526843995997652137e-02,9.971602055135815323e-01,2.487264783485895834e-03,3.044440136738139069e-01,-2.275317164958520592e-03,-2.322587734836750132e-03,9.999947142450368309e-01,2.518615570819607991e-02,0.000000000000000000e+00,0.000000000000000000e+00,0.000000000000000000e+00,1.000000000000000056e-01
9.963398134404617412e-01,-8.536897359126470464e-02,4.372013426323464493e-03,5.686818953749358307e+00,8.535268864823321311e-02,9.963436103491605245e-01,3.785321243683072330e-03,3.831745293286609177e-01,-4.679176630964557680e-03,-3.398303161000526366e-03,9.999832782810331722e-01,1.708601310053356817e-02,0.000000000000000000e+00,0.000000000000000000e+00,0.000000000000000000e+00,1.000000000000000056e-01
9.955949301079586311e-01,-9.350846336486488830e-02,6.848534330114944800e-03,6.479501481903195526e+00,9.348060877684012671e-02,9.956118967864729941e-01,4.280976518589529531e-03,4.782805217467074321e-01,-7.218789790567393429e-03,-3.621913359410720845e-03,9.999673848769151663e-01,2.007541810088479470e-02,0.000000000000000000e+00,0.000000000000000000e+00,0.000000000000000000e+00,1.000000000000000056e-01
9.948085429232640386e-01,-1.012742715865020821e-01,9.974208816533729552e-03,7.299109886080208831e+00,1.012254046548374947e-01,9.948494562612902881e-01,5.289312722799518161e-03,5.589299793238742264e-01,-1.045850751095988608e-02,-4.252210159268196045e-03,9.999362671337631570e-01,2.676965687716986037e-02,0.000000000000000000e+00,0.000000000000000000e+00,0.000000000000000000e+00,1.000000000000000056e-01
9.942095950464100440e-01,-1.068581262316505021e-01,1.134116289954206248e-02,8.108943054939759421e+00,1.067984564526410218e-01,9.942640955294431704e-01,5.744392078504674190e-03,6.602379457106790639e-01,-1.188994604641421295e-02,-4.499911030108886406e-03,9.999191867264746181e-01,2.389902653037149702e-02,0.000000000000000000e+00,0.000000000000000000e+00,0.000000000000000000e+00,1.000000000000000056e-01
9.936465019278090116e-01,-1.119431672116488752e-01,1.163428215462273575e-02,8.936817605081765592e+00,1.118868260414374594e-01,9.937063500506583269e-01,5.387766454813439077e-03,7.534096326294604795e-01,-1.216418369647816015e-02,-4.051812387478093136e-03,9.999178043476248945e-01,2.250793613912932187e-02,0.000000000000000000e+00,0.000000000000000000e+00,0.000000000000000000e+00,1.000000000000000056e-01
9.931517320235159207e-01,-1.161369333842737495e-01,1.272202353351309378e-02,9.714193752647732438e+00,1.160997443204571378e-01,9.932309397270860929e-01,3.626256688909296373e-03,8.706580646371124832e-01,-1.305704972093545135e-02,-2.124399431872418809e-03,9.999124963613760242e-01,2.336001219236800985e-02,0.000000000000000000e+00,0.000000000000000000e+00,0.000000000000000000e+00,1.000000000000000056e-01
9.924296381313211235e-01,-1.220684674445465107e-01,1.351675309661178222e-02,1.051266137667357015e+01,1.220321846851963737e-01,9.925200415251409503e-01,3.480383871142053113e-03,9.886102998520399643e-01,-1.384049347000323137e-02,-1.804557195565665694e-03,9.999025874123111945e-01,1.847077016910830122e-02,0.000000000000000000e+00,0.000000000000000000e+00,0.000000000000000000e+00,1.000000000000000056e-01
9.919450579180051353e-01,-1.258373400908439632e-01,1.449020051299055624e-02,1.131996539932790569e+01,1.257823581461346429e-01,9.920469678074934627e-01,4.648875472145754147e-03,1.107557450743019922e+00,-1.495996160566325471e-02,-2.788817458936932586e-03,9.998842043186489947e-01,2.856844581928597374e-02,0.000000000000000000e+00,0.000000000000000000e+00,0.000000000000000000e+00,1.000000000000000056e-01
9.912391301359386730e-01,-1.313690019786607210e-01,1.368108937469372441e-02,1.217406176770901638e+01,1.312930130309860333e-01,9.913234876191353573e-01,6.315664959388158674e-03,1.226519216855897820e+00,-1.439206783589690175e-02,-4.464102795024199426e-03,9.998864636395686789e-01,2.720572109890143087e-02,0.000000000000000000e+00,0.000000000000000000e+00,0.000000000000000000e+00,1.000000000000000056e-01
9.909756789057786452e-01,-1.334996583441536155e-01,1.204346458563209342e-02,1.304304778214094185e+01,1.334019913933973678e-01,9.910248568093210642e-01,8.581484623339085543e-03,1.379278170871644171e+00,-1.308099803176555019e-02,-6.897420391633772747e-03,9.998906505625673180e-01,3.242226591486777054e-02,0.000000000000000000e+00,0.000000000000000000e+00,0.000000000000000000e+00,1.000000000000000056e-01
9.915178784923238675e-01,-1.295001904354423083e-01,1.104523912214933935e-02,1.391709888393189942e+01,1.293626294044178393e-01,9.915201296244428031e-01,1.237508234734188868e-02,1.531539989202424623e+00,-1.255415244676153473e-02,-1.084127421996245420e-02,9.998624205507631313e-01,2.874362592910126649e-02,0.000000000000000000e+00,0.000000000000000000e+00,0.000000000000000000e+00,1.000000000000000056e-01
9.885031176482469428e-01,-1.507806902010938588e-01,1.125921232493237202e-02,1.487694150749618593e+01,1.506707330687112600e-01,9.885328921876508357e-01,1.005242556079878613e-02,1.731869650035754660e+00,-1.264581338757259955e-02,-8.240420232002696604e-03,9.998860829505362702e-01,1.011779437868094711e-02,0.000000000000000000e+00,0.000000000000000000e+00,0.000000000000000000e+00,1.000000000000000056e-01
9.881933799999127466e-01,-1.526772231607165242e-01,1.278707364023764191e-02,1.583543393214035433e+01,1.525658113817519590e-01,9.882497182294754934e-01,9.282651387937200863e-03,1.895892214116976948e+00,-1.405407135942362586e-02,-7.222184385285474947e-03,9.998751537721742855e-01,1.415621345831351990e-03,0.000000000000000000e+00,0.000000000000000000e+00,0.000000000000000000e+00,1.000000000000000056e-01
9.878486130306796120e-01,-1.547017522678215684e-01,1.491595047685952309e-02,1.673951674906670206e+01,1.545613239799881744e-01,9.879310082478750532e-01,1.015480535954568428e-02,2.069824055171302746e+00,-1.630689617663958271e-02,-7.725981335900373309e-03,9.998371839202029321e-01,-4.197958553868515186e-03,0.000000000000000000e+00,0.000000000000000000e+00,0.000000000000000000e+00,1.000000000000000056e-01
9.875892540472530623e-01,-1.563535057266236816e-01,1.486763388656704710e-02,1.761441048906423745e+01,1.562289308699773283e-01,9.876779529982567807e-01,9.207731555444804983e-03,2.230923162327793641e+00,-1.612409531149551142e-02,-6.770702191644471964e-03,9.998470738779094980e-01,-8.267238664225426067e-03,0.000000000000000000e+00,0.000000000000000000e+00,0.000000000000000000e+00,1.000000000000000056e-01
9.873754235886706976e-01,-1.577724427923492267e-01,1.405806488916868865e-02,1.852190913501872060e+01,1.576652253397493320e-01,9.874565449100631831e-01,8.440890524484630578e-03,2.393914761195371721e+00,-1.521346810097071872e-02,-6.117859888487008589e-03,9.998655520512372830e-01,-1.931298681016079336e-02,0.000000000000000000e+00,0.000000000000000000e+00,0.000000000000000000e+00,1.000000000000000056e-01
9.873797489755410384e-01,-1.577749246343978784e-01,1.372240757329354875e-02,1.944137858289087362e+01,1.576877428443198281e-01,9.874625903339980804e-01,7.225541331585003633e-03,2.562027544704307047e+00,-1.469037336697687039e-02,-4.970497709570338186e-03,9.998797363097513546e-01,-2.167493484816657157e-02,0.000000000000000000e+00,0.000000000000000000e+00,0.000000000000000000e+00,1.000000000000000056e-01
9.878175985618593558e-01,-1.548032743059332417e-01,1.588515771540482263e-02,2.035840419251198696e+01,1.547057534887568420e-01,9.879343404895443159e-01,7.201994096441843851e-03,2.726920075872670601e+00,-1.680838507880205723e-02,-4.656731219554427481e-03,9.998478849532019819e-01,-2.766572675165259940e-02,0.000000000000000000e+00,0.000000000000000000e+00,0.000000000000000000e+00,1.000000000000000056e-01
9.871684705139384119e-01,-1.586775730210119861e-01,1.788403319536543620e-02,2.123298763431170144e+01,1.585863026457264846e-01,9.873242460800508713e-01,6.420102461578357581e-03,2.885069746541147673e+00,-1.867606586863426385e-02,-3.501560026692636298e-03,9.998194555223707258e-01,-3.402205047300328050e-02,0.000000000000000000e+00,0.000000000000000000e+00,0.000000000000000000e+00,1.000000000000000056e-01
9.879521243362050509e-01,-1.534334254503149364e-01,2.021840681562683470e-02,2.214456192369647880e+01,1.533393945764864597e-01,9.881545633137431839e-01,6.130992834933082780e-03,3.052647291675661290e+00,-2.091961018987046825e-02,-2.956849135152865571e-03,9.997767885646754449e-01,-4.171825899911012908e-02,0.000000000000000000e+00,0.000000000000000000e+00,0.000000000000000000e+00,1.000000000000000056e-01
9.884935479024231642e-01,-1.496194990088846877e-01,2.223760939512504572e-02,2.308633284906726146e+01,1.495176176122432199e-01,9.887397165950370104e-01,6.185050616191328961e-03,3.211946473939060631e+00,-2.291261178562621278e-02,-2.788968249404302942e-03,9.997335814492104289e-01,-4.530186075281510127e-02,0.000000000000000000e+00,0.000000000000000000e+00,0.000000000000000000e+00,1.000000000000000056e-01
9.894829156326619968e-01,-1.429932074322852187e-01,2.182893261966441234e-02,2.400177408986426286e+01,1.429443024263691298e-01,9.897234678096547000e-01,3.792581003768166932e-03,3.358180157764039997e+00,-2.214692021309312003e-02,-6.323725633514288430e-04,9.997545268864832524e-01,-5.767391266035375164e-02,0.000000000000000000e+00,0.000000000000000000e+00,0.000000000000000000e+00,1.000000000000000056e-01
9.904193026762010410e-01,-1.367090609614387553e-01,1.949968044428439240e-02,2.494838027620986054e+01,1.366735375513401518e-01,9.906111379232699354e-01,3.149215071504106369e-03,3.503060038188585246e+00,-1.974712686924363220e-02,-4.539530876554445302e-04,9.998049034221647702e-01,-7.156876732829278720e-02,0.000000000000000000e+00,0.000000000000000000e+00,0.000000000000000000e+00,1.000000000000000056e-01
9.912280848559192892e-01,-1.312842387138721256e-01,1.520961729253626424e-02,2.587057709532980354e+01,1.312671766055380496e-01,9.913447623589211055e-01,2.119077522090567420e-03,3.646835153571228449e+00,-1.535617591970283788e-02,-1.039656346410572883e-04,9.998820815737573531e-01,-8.280524819382437118e-02,0.000000000000000000e+00,0.000000000000000000e+00,0.000000000000000000e+00,1.000000000000000056e-01
9.921734004230846615e-01,-1.242036383082372325e-01,1.286078239804491936e-02,2.680695449912154871e+01,1.241889033666558756e-01,9.922566946659462372e-01,1.941177786442522526e-03,3.780478375363560684e+00,-1.300229877678132397e-02,-3.288185027500447558e-04,9.999154124749310979e-01,-8.891899360298405330e-02,0.000000000000000000e+00,0.000000000000000000e+00,0.000000000000000000e+00,1.000000000000000056e-01
9.930567032457091603e-01,-1.167972161797807273e-01,1.402834385867187186e-02,2.775834292876272968e+01,1.168221927632339119e-01,9.931523706538972762e-01,-9.715670505487391346e-04,3.907945068047440351e+00,-1.381880663275191629e-02,2.603643062606781841e-03,9.999011259249832584e-01,-9.397809963631434393e-02,0.000000000000000000e+00,0.000000000000000000e+00,0.000000000000000000e+00,1.000000000000000056e-01
9.937863239240447566e-01,-1.097949268634662023e-01,1.827064357321993640e-02,2.875428025227960305e+01,1.098407122640913947e-01,9.939480428667500922e-01,-1.518555456392692510e-03,4.019605048048231488e+00,-1.799334073624516903e-02,3.515980148289115509e-03,9.998319246617134448e-01,-9.922525880632271367e-02,0.000000000000000000e+00,0.000000000000000000e+00,0.000000000000000000e+00,1.000000000000000056e-01
9.943861371038877905e-01,-1.037150358079571011e-01,2.096191028895516562e-02,2.969717286110162391e+01,1.038453734037756149e-01,9.945797288445393791e-01,-5.225073602633354894e-03,4.135894131188675438e+00,-2.030637235545625779e-02,7.372538157019071017e-03,9.997666212286169252e-01,-1.094816515262327927e-01,0.000000000000000000e+00,0.000000000000000000e+00,0.000000000000000000e+00,1.000000000000000056e-01
9.951176714498124465e-01,-9.671446863992208542e-02,1.967565815927799916e-02,3.059690269400883622e+01,9.698198220714562834e-02,9.951995630591520259e-01,-1.312725462713815530e-02,4.232581685934393434e+00,-1.831161094705008319e-02,1.497134738660347436e-02,9.997202326961045493e-01,-1.111228486550199374e-01,0.000000000000000000e+00,0.000000000000000000e+00,0.000000000000000000e+00,1.000000000000000056e-01
9.957657399989798819e-01,-9.066264880980086371e-02,1.519457650198511450e-02,3.152231580188509952e+01,9.090039983687454861e-02,9.957352301836667197e-01,-1.576288934734255617e-02,4.319809425463208008e+00,-1.370066982962161312e-02,1.707733825486102211e-02,9.997602993539744798e-01,-1.141327674070980736e-01,0.000000000000000000e+00,0.000000000000000000e+00,0.000000000000000000e+00,1.000000000000000056e-01
9.964978397695137824e-01,-8.295876485186746974e-02,1.048325660017366580e-02,3.248681462791873997e+01,8.311787422017456739e-02,9.964147489836645555e-01,-1.578185644783312858e-02,4.428882991109532874e+00,-9.136428175811671035e-03,1.659793186132933057e-02,9.998205010591225683e-01,-1.193856996799282782e-01,0.000000000000000000e+00,0.000000000000000000e+00,0.000000000000000000e+00,1.000000000000000056e-01
9.969630348942938314e-01,-7.723448815005135026e-02,9.977018320050273434e-03,3.344527768725666306e+01,7.739003032933192139e-02,9.968679930345637485e-01,-1.627844184392434473e-02,4.527929205901155107e+00,-8.688513105481717250e-03,1.700112653445406963e-02,9.998177191051254020e-01,-1.253259092445923040e-01,0.000000000000000000e+00,0.000000000000000000e+00,0.000000000000000000e+00,1.000000000000000056e-01
9.977765725522309559e-01,-6.591067931668900814e-02,9.884008191782523572e-03,3.442139709638510681e+01,6.607218936272238330e-02,9.976697346558782709e-01,-1.701664903810362964e-02,4.617912312217971937e+00,-8.739396932237103455e-03,1.763187181447340920e-02,9.998063512688738497e-01,-1.202959044797566046e-01,0.000000000000000000e+00,0.000000000000000000e+00,0.000000000000000000e+00,1.000000000000000056e-01
9.981975231216999589e-01,-5.919364701910303367e-02,9.890247028310527114e-03,3.539209827225769800e+01,5.935233980914658009e-02,9.980989568950101587e-01,-1.660638444310679612e-02,4.710818771156006335e+00,-8.888452783401923005e-03,1.716346112153662590e-02,9.998131880553720041e-01,-1.263668985007730394e-01,0.000000000000000000e+00,0.000000000000000000e+00,0.000000000000000000e+00,1.000000000000000056e-01
9.986091668684615730e-01,-5.184430106375204766e-02,9.586464076405041418e-03,3.636821284209847960e+01,5.198965327658056773e-02,9.985259051286982102e-01,-1.559143159222179352e-02,4.785095293666495664e+00,-8.764005845394051697e-03,1.606814345607590969e-02,9.998324894538168639e-01,-1.214769112437071030e-01,0.000000000000000000e+00,0.000000000000000000e+00,0.000000000000000000e+00,1.000000000000000056e-01
9.983913086909483869e-01,-5.563744697450035553e-02,1.092104502944490386e-02,3.736854434853940887e+01,5.581080075360767695e-02,9.983088222962681613e-01,-1.626806210583385884e-02,4.849886645615978154e+00,-9.997462158798443507e-03,1.685140408386861730e-02,9.998080220376237559e-01,-1.159413027014933456e-01,0.000000000000000000e+00,0.000000000000000000e+00,0.000000000000000000e+00,1.000000000000000056e-01
9.981510714905608150e-01,-5.899183179664833215e-02,1.464248146733744364e-02,3.836142682317716890e+01,5.919815412584768927e-02,9.981469308932920947e-01,-1.408129597707220328e-02,4.909666232565729871e+00,-1.378466649352651403e-02,1.492206854217865454e-02,9.997936361270183259e-01,-9.567958969110942902e-02,0.000000000000000000e+00,0.000000000000000000e+00,0.000000000000000000e+00,1.000000000000000056e-01
9.979471015119264488e-01,-6.192645147174277026e-02,1.633086623736110590e-02,3.937834588652778223e+01,6.215513954173274708e-02,9.979698653502641070e-01,-1.388835776193198847e-02,4.978001754696283143e+00,-1.543765566698595583e-02,1.487489364310124428e-02,9.997701817550941339e-01,-1.028463510614475024e-01,0.000000000000000000e+00,0.000000000000000000e+00,0.000000000000000000e+00,1.000000000000000056e-01
9.975683744618996096e-01,-6.799152861200190301e-02,1.531307645271423948e-02,4.039056331383252285e+01,6.823587350743486046e-02,9.975402215202848755e-01,-1.604281820436360972e-02,5.050467506782674754e+00,-1.418463394383848858e-02,1.704870922575186382e-02,9.997540385882994762e-01,-9.656979771686445557e-02,0.000000000000000000e+00,0.000000000000000000e+00,0.000000000000000000e+00,1.000000000000000056e-01
9.973986646224352048e-01,-7.035894087075304781e-02,1.566918150156406883e-02,4.141480182613473460e+01,7.062222501541938480e-02,9.973593593422511727e-01,-1.693545589246961414e-02,5.133728500364667546e+00,-1.443624408405987623e-02,1.799799355373225135e-02,9.997337981106696470e-01,-7.734685063728299892e-02,0.000000000000000000e+00,0.000000000000000000e+00,0.000000000000000000e+00,1.000000000000000056e-01
9.973209487849991062e-01,-7.167482994676278862e-02,1.461656138398865351e-02,4.244874476769160054e+01,7.184907920121387515e-02,9.973461137529018306e-01,-1.176601886457297880e-02,5.219622309458154419e+00,-1.373444329148314907e-02,1.278468357396572719e-02,9.998239429686541779e-01,-6.949607059536072606e-02,0.000000000000000000e+00,0.000000000000000000e+00,0.000000000000000000e+00,1.000000000000000056e-01
9.971737378719701672e-01,-7.358102627295762255e-02,1.517791392324888133e-02,4.349755063658096788e+01,7.376951747033158591e-02,9.971999998771408080e-01,-1.225636721156851683e-02,5.291427314489512312e+00,-1.423357968459360023e-02,1.334139489141553114e-02,9.998096880865445790e-01,-6.425219980024021726e-02,0.000000000000000000e+00,0.000000000000000000e+00,0.000000000000000000e+00,1.000000000000000056e-01
9.970586174384178380e-01,-7.453874837405509435e-02,1.783503245357664566e-02,4.449017025860203489e+01,7.482579812335142522e-02,9.970681301430056598e-01,-1.600761657254894457e-02,5.364571447119388381e+00,-1.658955475575791053e-02,1.729505258620470456e-02,9.997127926704979517e-01,-6.246812661003597195e-02,0.000000000000000000e+00,0.000000000000000000e+00,0.000000000000000000e+00,1.000000000000000056e-01
9.969365908685277056e-01,-7.576712886126739377e-02,1.941071795575378608e-02,4.546401131261163187e+01,7.607785805563917203e-02,9.969766462114173500e-01,-1.580273465892568716e-02,5.454783560178262825e+00,-1.815470465481991078e-02,1.723105026266518250e-02,9.996866997243395447e-01,-5.987328021247147192e-02,0.000000000000000000e+00,0.000000000000000000e+00,0.000000000000000000e+00,1.000000000000000056e-01
9.964635603095479688e-01,-8.221391397333277506e-02,1.735642026471196503e-02,4.637669132200271349e+01,8.249124907342841873e-02,9.964646714334076671e-01,-1.591704782353001169e-02,5.529690114782709998e+00,-1.598645681586322725e-02,1.729251093093150948e-02,9.997226626740929323e-01,-5.786589697344265287e-02,0.000000000000000000e+00,0.000000000000000000e+00,0.000000000000000000e+00,1.000000000000000056e-01
9.965168165058440053e-01,-8.248836982142863927e-02,1.224349889783703585e-02,4.732706146434129124e+01,8.264775018789678740e-02,9.964922199216224019e-01,-1.313792314469989196e-02,5.623845483925651756e+00,-1.111682553326805156e-02,1.410405898598900663e-02,9.998387328515446759e-01,-6.415877022034957577e-02,0.000000000000000000e+00,0.000000000000000000e+00,0.000000000000000000e+00,1.000000000000000056e-01
9.964843510768364165e-01,-8.286936562691979424e-02,1.231285099269103026e-02,4.827420646142601157e+01,8.302675883100035792e-02,9.964641603433570527e-01,-1.287379001022503910e-02,5.710261777079578493e+00,-1.120247191450321131e-02,1.385082639413075939e-02,9.998413170254589755e-01,-5.833681618713567468e-02,0.000000000000000000e+00,0.000000000000000000e+00,0.000000000000000000e+00,1.000000000000000056e-01
9.964532184861608632e-01,-8.319511868876960925e-02,1.263153177302671175e-02,4.923945785856782464e+01,8.338321558646213938e-02,9.964019974159753490e-01,-1.517560225876676480e-02,5.812755669926851887e+00,-1.132354745797550973e-02,1.617503545023152647e-02,9.998050537485548839e-01,-5.989983321314483466e-02,0.000000000000000000e+00,0.000000000000000000e+00,0.000000000000000000e+00,1.000000000000000056e-01
9.965328430656940073e-01,-8.169398231954637379e-02,1.576026472425453781e-02,5.024010610796243270e+01,8.192440852415604213e-02,9.965319737168809588e-01,-1.457452050342554657e-02,5.913278625379969178e+00,-1.451495709163919817e-02,1.581513871931658488e-02,9.997695721554625825e-01,-4.619644852331432350e-02,0.000000000000000000e+00,0.000000000000000000e+00,0.000000000000000000e+00,1.000000000000000056e-01
9.964188734351138166e-01,-8.297146799129649641e-02,1.628386200100923054e-02,5.117703958830773558e+01,8.321124639023290415e-02,9.964243220464117368e-01,-1.464441560912268722e-02,6.007015488441714623e+00,-1.501056749368938348e-02,1.594697255650815229e-02,9.997601597032157450e-01,-4.622027190395758961e-02,0.000000000000000000e+00,0.000000000000000000e+00,0.000000000000000000e+00,1.000000000000000056e-01
9.961751899266013677e-01,-8.582335085785959550e-02,1.641168553892195792e-02,5.212350960000625832e+01,8.611015935772937946e-02,9.961292838015904927e-01,-1.764909086374778086e-02,6.092533970484365291e+00,-1.483345644434158096e-02,1.899479930031130331e-02,9.997095409014834511e-01,-4.273477362165455790e-02,0.000000000000000000e+00,0.000000000000000000e+00,0.000000000000000000e+00,1.000000000000000056e-01
9.961239122341750685e-01,-8.656503243407147330e-02,1.560918431467875345e-02,5.310955123282938217e+01,8.685123171281146359e-02,9.960458188931858858e-01,-1.869733177141297623e-02,6.186201585005869141e+00,-1.392892764174591402e-02,1.998053615624237681e-02,9.997033375705315361e-01,-2.984877727450541141e-02,0.000000000000000000e+00,0.000000000000000000e+00,0.000000000000000000e+00,1.000000000000000056e-01
9.958022810447022533e-01,-9.003861031199771048e-02,1.645799864053855768e-02,5.407796440070498534e+01,9.033601130588649053e-02,9.957428358202674579e-01,-1.831966085806798622e-02,6.287905804611700233e+00,-1.473845743320842915e-02,1.972951002169340273e-02,9.996967161628537157e-01,-2.994665843775392786e-02,0.000000000000000000e+00,0.000000000000000000e+00,0.000000000000000000e+00,1.000000000000000056e-01
9.954965450456443321e-01,-9.258702707116429897e-02,2.035365373364248637e-02,5.501992975254952256e+01,9.299636942912804793e-02,9.954619599220139170e-01,-2.017824623756496807e-02,6.380238824225568983e+00,-1.839304420661971862e-02,2.198019031642256191e-02,9.995891992005851989e-01,-2.591891523345415949e-02,0.000000000000000000e+00,0.000000000000000000e+00,0.000000000000000000e+00,1.000000000000000056e-01
9.950798897130603837e-01,-9.594831630555761270e-02,2.469683556191431401e-02,5.597242359593438721e+01,9.642261528028894801e-02,9.951631700496524902e-01,-1.878681024644421327e-02,6.471174725398960881e+00,-2.277481835609131838e-02,2.107571054211892364e-02,9.995184450894299966e-01,-1.562219978913203383e-02,0.000000000000000000e+00,0.000000000000000000e+00,0.000000000000000000e+00,1.000000000000000056e-01
9.947102134406020646e-01,-9.952731002092220225e-02,2.541467758896670190e-02,5.693743376510629872e+01,9.996643736686065818e-02,9.948517802740852733e-01,-1.663269928967313349e-02,6.574445538265377031e+00,-2.362842942578735270e-02,1.908533063592050827e-02,9.995386173016969078e-01,-2.173007234233670718e-02,0.000000000000000000e+00,0.000000000000000000e+00,0.000000000000000000e+00,1.000000000000000056e-01
9.943132131412737440e-01,-1.038901169304492222e-01,2.341106099376040126e-02,5.783248067592133168e+01,1.043034769367363890e-01,9.943970479208634750e-01,-1.718417251948878288e-02,6.673849588074276085e+00,-2.149462424848791811e-02,1.952830485345408845e-02,9.995782242716009236e-01,-2.589316502959951652e-02,0.000000000000000000e+00,0.000000000000000000e+00,0.000000000000000000e+00,1.000000000000000056e-01
9.938823562804126599e-01,-1.090852358604202654e-01,1.727058747615002957e-02,5.870633754544252270e+01,1.093976991726564596e-01,9.938292806109020328e-01,-1.831677963360290110e-02,6.779612999957858932e+00,-1.516592530061492208e-02,2.009408663496523376e-02,9.996830609708672322e-01,-3.176377075968324359e-02,0.000000000000000000e+00,0.000000000000000000e+00,0.000000000000000000e+00,1.000000000000000056e-01
9.936061258798740692e-01,-1.119591700645315296e-01,1.456059244842720750e-02,5.963895201937689450e+01,1.122337841380793150e-01,9.934874870578918049e-01,-1.965173675384200569e-02,6.872816766964476187e+00,-1.226557426437526084e-02,2.116027641257541697e-02,9.997008544510245232e-01,-3.023348597999383700e-02,0.000000000000000000e+00,0.000000000000000000e+00,0.000000000000000000e+00,1.000000000000000056e-01
9.934516806130988531e-01,-1.131979887751660696e-01,1.549108208831431570e-02,6.053823735681491769e+01,1.134521924251225555e-01,9.934039134410367344e-01,-1.665127004063494259e-02,6.990147399649976556e+00,-1.350401129081573760e-02,1.829972943216812836e-02,9.997413473402843032e-01,-3.376286940808858467e-02,0.000000000000000000e+00,0.000000000000000000e+00,0.000000000000000000e+00,1.000000000000000056e-01
9.931039430642332189e-01,-1.160007065619233502e-01,1.698217734587386188e-02,6.145804124694489445e+01,1.162452113601761816e-01,9.931191048017555811e-01,-1.419487631462456462e-02,7.104502544531287711e+00,-1.521870908126334368e-02,1.607108443428984998e-02,9.997550255632655647e-01,-2.739430033720428870e-02,0.000000000000000000e+00,0.000000000000000000e+00,0.000000000000000000e+00,1.000000000000000056e-01
9.929128123910347936e-01,-1.170687766776996597e-01,2.047067455929895557e-02,6.234534805730707063e+01,1.173417535541688983e-01,9.930106251442422094e-01,-1.268113652138569587e-02,7.215446044939197279e+00,-1.884303220181226396e-02,1.499332777698858706e-02,9.997100280879517298e-01,-2.310514544491905353e-02,0.000000000000000000e+00,0.000000000000000000e+00,0.000000000000000000e+00,1.000000000000000056e-01
9.925882334923192829e-01,-1.196191677465095610e-01,2.144419362507064830e-02,6.315645739749900400e+01,1.198833321585335981e-01,9.927215687567538804e-01,-1.148362293425865197e-02,7.322137871198063586e+00,-1.991445211809296512e-02,1.396931038963393143e-02,9.997040927014724243e-01,-2.433420302028182006e-02,0.000000000000000000e+00,0.000000000000000000e+00,0.000000000000000000e+00,1.000000000000000056e-01
9.920753760608650440e-01,-1.238592546440749897e-01,2.110292047815662611e-02,6.396797398895085252e+01,1.240998559855682748e-01,9.922142200316048655e-01,-1.049606171071429742e-02,7.432066035271889248e+00,-1.963858340243587394e-02,1.303175376102906971e-02,9.997222111346019124e-01,-2.763482430635446491e-02,0.000000000000000000e+00,0.000000000000000000e+00,0.000000000000000000e+00,1.000000000000000056e-01
9.913118489398579092e-01,-1.296841219046052651e-01,2.197377248612170444e-02,6.476131081946880386e+01,1.299370056875640556e-01,9.914667116492997812e-01,-1.049448637495974980e-02,7.541425331425622325e+00,-2.042529569896844518e-02,1.325851489254193001e-02,9.997034655728936903e-01,-2.886215334411985911e-02,0.000000000000000000e+00,0.000000000000000000e+00,0.000000000000000000e+00,1.000000000000000056e-01
9.910663111028471528e-01,-1.317931292424327216e-01,2.044842491445460556e-02,6.555238111519781796e+01,1.320609043579612230e-01,9.911647438808672828e-01,-1.234374447775924560e-02,7.638623888202582535e+00,-1.864093713180965325e-02,1.493390679166773510e-02,9.997147062491307246e-01,-2.880668221921747416e-02,0.000000000000000000e+00,0.000000000000000000e+00,0.000000000000000000e+00,1.000000000000000056e-01
9.908852927551002887e-01,-1.327976663429058235e-01,2.260788392391863133e-02,6.630495805276476062e+01,1.330857186111597257e-01,9.910349231189002905e-01,-1.174617641901144760e-02,7.746926327316448813e+00,-2.084533768952493565e-02,1.464789993799760909e-02,9.996754027803305132e-01,-2.564596637634884713e-02,0.000000000000000000e+00,0.000000000000000000e+00,0.000000000000000000e+00,1.000000000000000056e-01
9.905068529669571742e-01,-1.350813598077324484e-01,2.547941243413197679e-02,6.709655773985699057e+01,1.353768506514937409e-01,9.907412151458416805e-01,-1.024465319198782608e-02,7.868200669127105584e+00,-2.385964235226164035e-02,1.359672180471705079e-02,9.996228521912587928e-01,-2.700474143890907106e-02,0.000000000000000000e+00,0.000000000000000000e+00,0.000000000000000000e+00,1.000000000000000056e-01
9.902525629393192919e-01,-1.365431710821477240e-01,2.749225387160594836e-02,6.783688604987150939e+01,1.368291013837973080e-01,9.905556352334824455e-01,-8.793777441725870309e-03,7.978591555024821425e+00,-2.603187674010488950e-02,1.246980104185407834e-02,9.995833359232058068e-01,-3.323461051375180969e-02,0.000000000000000000e+00,0.000000000000000000e+00,0.000000000000000000e+00,1.000000000000000056e-01
9.898441746579488276e-01,-1.389865882161233634e-01,2.985361270878077178e-02,6.851828467145399770e+01,1.392442749947913616e-01,9.902352387608062134e-01,-6.723376941977855618e-03,8.082606894273180131e+00,-2.862764008609571670e-02,1.081204015765582088e-02,9.995316693385608575e-01,-3.486665788715608699e-02,0.000000000000000000e+00,0.000000000000000000e+00,0.000000000000000000e+00,1.000000000000000056e-01
9.898012785292300553e-01,-1.400847326919631985e-01,2.587849857551152016e-02,6.919932304911570498e+01,1.402172883378206558e-01,9.901150154557043503e-01,-3.371679157143379728e-03,8.191350495434717160e+00,-2.515036924361151865e-02,6.965905237043253616e-03,9.996594095446401651e-01,-3.933991563313773282e-02,0.000000000000000000e+00,0.000000000000000000e+00,0.000000000000000000e+00,1.000000000000000056e-01
9.898806813673305394e-01,-1.405164419090328687e-01,1.978297775803366382e-02,6.989156201656030021e+01,1.406294297374668656e-01,9.900523736746572601e-01,-4.434058286909065352e-03,8.301515262756574032e+00,-1.896312599400045568e-02,7.171257518889268684e-03,9.997944653368178169e-01,-4.458818359637004014e-02,0.000000000000000000e+00,0.000000000000000000e+00,0.000000000000000000e+00,1.000000000000000056e-01
9.900546416825894980e-01,-1.400147568620685457e-01,1.369942858717337203e-02,7.062607183049827597e+01,1.400939440986421203e-01,9.901256036679217942e-01,-4.997578225489944341e-03,8.406944727693709041e+00,-1.286442029963947783e-02,6.867082501992965472e-03,9.998936692810216353e-01,-4.501840740071471475e-02,0.000000000000000000e+00,0.000000000000000000e+00,0.000000000000000000e+00,1.000000000000000056e-01
9.898248406087095663e-01,-1.416568940432621770e-01,1.342048001968137831e-02,7.133770714391474144e+01,1.417218255948811401e-01,9.898983900153461857e-01,-4.012679289404398782e-03,8.516895172167732397e+00,-1.271648787978696578e-02,5.873824566797449832e-03,9.999018897476700252e-01,-4.316744305474969068e-02,0.000000000000000000e+00,0.000000000000000000e+00,0.000000000000000000e+00,1.000000000000000056e-01
9.894459324076047002e-01,-1.440024466567493555e-01,1.612582397634039488e-02,7.200415983659478059e+01,1.440584499386259043e-01,9.895663644568385431e-01,-2.360791595178840345e-03,8.625937956106790594e+00,-1.561761324038563915e-02,4.658936847126489422e-03,9.998671834119410295e-01,-3.495204918054940768e-02,0.000000000000000000e+00,0.000000000000000000e+00,0.000000000000000000e+00,1.000000000000000056e-01
9.890468316334576349e-01,-1.465195297169100963e-01,1.784354918043016061e-02,7.262175287390235212e+01,1.466097453111902260e-01,9.891869177080679920e-01,-3.850248693249542532e-03,8.719239116770078013e+00,-1.708646878693395946e-02,6.424114471849882817e-03,9.998333777873419370e-01,-2.844774204628832195e-02,0.000000000000000000e+00,0.000000000000000000e+00,0.000000000000000000e+00,1.000000000000000056e-01
9.891748085612918073e-01,-1.459466334850485769e-01,1.525707318304203586e-02,7.319091657243416194e+01,1.460695904885409291e-01,9.892475609823827565e-01,-7.275838433945312593e-03,8.796461821180905361e+00,-1.403113830883860602e-02,9.425670521921393832e-03,9.998571317408154746e-01,-2.829309952307018997e-02,0.000000000000000000e+00,0.000000000000000000e+00,0.000000000000000000e+00,1.000000000000000056e-01
9.893131790514558821e-01,-1.452423024162623755e-01,1.281043886543036490e-02,7.382148164480494756e+01,1.454242848433699165e-01,9.892609747603298143e-01,-1.464585927955492153e-02,8.878625267926492981e+00,-1.054566891649611794e-02,1.635229051433166603e-02,9.998106778095733338e-01,-1.538789755420061009e-02,0.000000000000000000e+00,0.000000000000000000e+00,0.000000000000000000e+00,1.000000000000000056e-01
9.896943723834831230e-01,-1.429193812717325651e-01,8.893802863153407387e-03,7.442474534270108677e+01,1.430646709836880526e-01,9.895366098037315927e-01,-1.870288144822799745e-02,8.965752603557989531e+00,-6.127739288888233750e-03,1.978252549707752370e-02,9.997855282490164530e-01,-7.559376136073503623e-03,0.000000000000000000e+00,0.000000000000000000e+00,0.000000000000000000e+00,1.000000000000000056e-01
9.903327002837208903e-01,-1.384659417380156576e-01,8.265937778517546547e-03,7.500315263763936002e+01,1.385913174817648696e-01,9.901993224703949936e-01,-1.725539039950790832e-02,9.043188411452719677e+00,-5.795642106145540429e-03,1.823416457574150024e-02,9.998169461330420615e-01,-5.210833164786740895e-04,0.000000000000000000e+00,0.000000000000000000e+00,0.000000000000000000e+00,1.000000000000000056e-01
9.910485157769961528e-01,-1.331494186576736571e-01,9.699056002343296734e-03,7.557778494254830548e+01,1.333002919843184753e-01,9.909288743461912574e-01,-1.705866770547281516e-02,9.140040298719172895e+00,-7.339722958564577453e-03,1.819885430772642462e-02,9.998074465459725335e-01,-7.355340477541284436e-03,0.000000000000000000e+00,0.000000000000000000e+00,0.000000000000000000e+00,1.000000000000000056e-01
9.918372573119944580e-01,-1.270213200756310779e-01,1.115523437963509071e-02,7.613134020374955924e+01,1.272096068225024024e-01,9.917087980585533868e-01,-1.820372998381951726e-02,9.196117241251887009e+00,-8.750482265844267138e-03,1.947419059944590844e-02,9.997720665034663945e-01,-1.330201940659316538e-03,0.000000000000000000e+00,0.000000000000000000e+00,0.000000000000000000e+00,1.000000000000000056e-01
9.929708524384803781e-01,-1.174527341941285913e-01,1.461989869735904821e-02,7.670507316792527774e+01,1.177626092747875580e-01,9.927861584550982110e-01,-2.253023383727809081e-02,9.262193514520237869e+00,-1.186819549853239744e-02,2.409354291697438782e-02,9.996392584954416627e-01,8.183508369288713252e-03,0.000000000000000000e+00,0.000000000000000000e+00,0.000000000000000000e+00,1.000000000000000056e-01
9.939308788392974270e-01,-1.085429355274623170e-01,1.788404978809678483e-02,7.725938490218344157e+01,1.089919595296344607e-01,9.936918443395653666e-01,-2.640589424585867984e-02,9.305315324085091433e+00,-1.490506114152128150e-02,2.819485130505407916e-02,9.994913153761033620e-01,1.445514286285288531e-02,0.000000000000000000e+00,0.000000000000000000e+00,0.000000000000000000e+00,1.000000000000000056e-01
9.951117636864859062e-01,-9.715925854287832397e-02,1.768208845610784799e-02,7.774976282751437395e+01,9.754572326007177052e-02,9.949768874786986128e-01,-2.249055928318653350e-02,9.355897226376519882e+00,-1.540810327201216391e-02,2.410543222178682457e-02,9.995906754721953780e-01,2.414732327937215567e-02,0.000000000000000000e+00,0.000000000000000000e+00,0.000000000000000000e+00,1.000000000000000056e-01
9.963799880647548068e-01,-8.368653967099659585e-02,1.494932981688057959e-02,7.824283009672511469e+01,8.395547522211097013e-02,9.963001348635500687e-01,-1.837170245517575143e-02,9.401289839538234716e+00,-1.335655510633900096e-02,1.956027476204552293e-02,9.997194596920301324e-01,1.804848242464203098e-02,0.000000000000000000e+00,0.000000000000000000e+00,0.000000000000000000e+00,1.000000000000000056e-01
9.975358930189907047e-01,-6.842616697393043290e-02,1.549199186871795531e-02,7.874273036881653809e+01,6.862657646495627650e-02,9.975603460327958638e-01,-1.279644582015313989e-02,9.433035719460376001e+00,-1.457858503093288974e-02,1.382807637324864891e-02,9.997981042001987673e-01,2.040581657193463877e-02,0.000000000000000000e+00,0.000000000000000000e+00,0.000000000000000000e+00,1.000000000000000056e-01
9.988422209505019023e-01,-4.497279203671293579e-02,1.707822072381338235e-02,7.923924781272766893e+01,4.520817467950713486e-02,9.988842448420817144e-01,-1.365600045442485512e-02,9.457587056256366864e+00,-1.644501714246261737e-02,1.441226500889611871e-02,9.997608954287506844e-01,2.754016321426733943e-02,0.000000000000000000e+00,0.000000000000000000e+00,0.000000000000000000e+00,1.000000000000000056e-01
9.996459967160052917e-01,-2.020512595782303356e-02,1.730994323193579473e-02,7.974051804751906047e+01,2.051990798614974215e-02,9.996236914352742975e-01,-1.820463945140240319e-02,9.486573254357676177e+00,-1.693560231891036091e-02,1.855339339161746204e-02,9.996844286912504041e-01,2.655733071510880602e-02,0.000000000000000000e+00,0.000000000000000000e+00,0.000000000000000000e+00,1.000000000000000056e-01
9.998045264523414133e-01,7.144856821731907122e-03,1.843528970226351871e-02,8.022067145993521819e+01,-6.831932341545262320e-03,9.998324589472503687e-01,-1.698171769802530109e-02,9.492766502397781636e+00,-1.855353297595851991e-02,1.685244956947888270e-02,9.996858313278318420e-01,3.314613559263759196e-02,0.000000000000000000e+00,0.000000000000000000e+00,0.000000000000000000e+00,1.000000000000000056e-01
9.990778080862411370e-01,3.877843421043207506e-02,1.843275426459778030e-02,8.071173434745448105e+01,-3.843906009995651241e-02,9.990911123905849012e-01,-1.842248085290483853e-02,9.471074017296945868e+00,-1.913039592438660688e-02,1.769695404104630956e-02,9.996603652088269509e-01,2.990111904760830996e-02,0.000000000000000000e+00,0.000000000000000000e+00,0.000000000000000000e+00,1.000000000000000056e-01
