9.999936071909133473e-01,-3.464187462294800179e-03,-8.859923991055726434e-04,6.450087574095667575e-01,3.462907787370118201e-03,9.999929646885444834e-01,-1.441819361659826869e-03,1.918048994438619967e-02,8.909808984286536138e-04,1.438742034405497130e-03,9.999985680861733783e-01,1.101176549854116296e-02,0.000000000000000000e+00,0.000000000000000000e+00,0.000000000000000000e+00,1.000000000000000056e-01
9.999554127745247101e-01,-9.303954883379910584e-03,-1.615204772763683847e-03,1.325309384544806957e+00,9.305051609943441188e-03,9.999564807171368308e-01,6.728196894790224427e-04,2.626750931465262132e-02,1.608874596174733650e-03,-6.878192540870163964e-04,9.999984692124320729e-01,1.642454818413888185e-02,0.000000000000000000e+00,0.000000000000000000e+00,0.000000000000000000e+00,1.000000000000000056e-01
9.998888814169253347e-01,-1.476705194335123719e-02,-2.039361594264458340e-03,2.044718296733370799e+00,1.476901836548364169e-02,9.998904783621380687e-01,9.525635173873411073e-04,3.324657912784784869e-02,2.025071685101861776e-03,-9.825770387185542906e-04,9.999974668103080999e-01,1.700551502911756135e-02,0.000000000000000000e+00,0.000000000000000000e+00,0.000000000000000000e+00,1.000000000000000056e-01
9.997993850978228458e-01,-1.985556671799231648e-02,-2.635531886106300733e-03,2.750065349431234374e+00,1.986198114008218274e-02,9.997997774334513865e-01,2.430380466548880906e-03,3.727715139845223791e-02,2.586747611644177065e-03,-2.482239780625259112e-03,9.999935735905831624e-01,1.871599521616901587e-02,0.000000000000000000e+00,0.000000000000000000e+00,0.000000000000000000e+00,1.000000000000000056e-01
9.996873608503780151e-01,-2.485570545946087090e-02,-2.715596089020073239e-03,3.458484484356189270e+00,2.486602260713319246e-02,9.996834409166523994e-01,3.833911415710271938e-03,5.778801433534497961e-02,2.619441869504831114e-03,-3.900238858646953768e-03,9.999889632696641328e-01,2.888897373170056307e-02,0.000000000000000000e+00,0.000000000000000000e+00,0.000000000000000000e+00,1.000000000000000056e-01
9.995802835928204733e-01,-2.884725483181482461e-02,-2.663182525653986533e-03,4.190589811488642624e+00,2.885902513379815307e-02,9.995733965915284402e-01,4.492381862871391678e-03,8.320459529100336649e-02,2.532453518511086979e-03,-4.567353187939969701e-03,9.999863628890311995e-01,3.658958061283348884e-02,0.000000000000000000e+00,0.000000000000000000e+00,0.000000000000000000e+00,1.000000000000000056e-01
9.994263393484866809e-01,-3.369715775197933832e-02,-3.390247177073729256e-03,4.957275951987175411e+00,3.372135662397767603e-02,9.994042202529328511e-01,7.353546631779526999e-03,1.189469266550201021e-01,3.140433715580466609e-03,-7.463651925529344103e-03,9.999672152505864053e-01,5.132346290542776079e-02,0.000000000000000000e+00,0.000000000000000000e+00,0.000000000000000000e+00,1.000000000000000056e-01
9.993168248710794233e-01,-3.683476123080622194e-02,-3.013950008516452349e-03,5.717242633224224768e+00,3.685722117161593231e-02,9.992903287255089362e-01,7.770724751972133554e-03,1.561051528943445954e-01,2.725578303943446568e-03,-7.876501808151983863e-03,9.999652653678402503e-01,5.192300426839557836e-02,0.000000000000000000e+00,0.000000000000000000e+00,0.000000000000000000e+00,1.000000000000000056e-01
9.991781150149779966e-01,-4.052150431538195652e-02,-1.049839575255739638e-03,6.511088451209465333e+00,4.052773955679220275e-02,9.991551268429460508e-01,6.821644220652053892e-03,2.005765316378734509e-01,7.725293082542404816e-04,-6.858585238576315329e-03,9.999761812198293409e-01,5.758043826421640338e-02,0.000000000000000000e+00,0.000000000000000000e+00,0.000000000000000000e+00,1.000000000000000056e-01
9.990840971386703018e-01,-4.278018810180055781e-02,9.068354771608549232e-04,7.325428784212194344e+00,4.277645196424609969e-02,9.990774347884705531e-01,3.801901345367547386e-03,2.342269752631517543e-01,-1.068644916996357858e-03,-3.759627968818586314e-03,9.999923615686159284e-01,6.708222762735625844e-02,0.000000000000000000e+00,0.000000000000000000e+00,0.000000000000000000e+00,1.000000000000000056e-01
9.989744979415698944e-01,-4.520310905389769013e-02,2.575149364542295323e-03,8.139416453039244104e+00,4.518916973896885264e-02,9.989647260910357041e-01,5.235930114571031233e-03,2.830376482080315670e-01,-2.809163699561040110e-03,-5.114191795723243075e-03,9.999829766758960847e-01,6.672124003214095767e-02,0.000000000000000000e+00,0.000000000000000000e+00,0.000000000000000000e+00,1.000000000000000056e-01
9.989384456337714324e-01,-4.605532864474804616e-02,9.426230471244317075e-04,8.951638296221792856e+00,4.605115659165832237e-02,9.989308683129609623e-01,4.051087271873779656e-03,3.191390111750164182e-01,-1.128189414630520384e-03,-4.003377940942315187e-03,9.999913500394423949e-01,6.562725340691012710e-02,0.000000000000000000e+00,0.000000000000000000e+00,0.000000000000000000e+00,1.000000000000000056e-01
9.988263862753337108e-01,-4.842619767656287932e-02,8.680200160301340890e-04,9.727861520137778939e+00,4.842159961986450267e-02,9.988159002887104787e-01,4.705955875947929155e-03,3.738190863241303008e-01,-1.094883743285596320e-03,-4.658401983866002939e-03,9.999885501947236577e-01,8.001348593578426482e-02,0.000000000000000000e+00,0.000000000000000000e+00,0.000000000000000000e+00,1.000000000000000056e-01
9.986741540749537460e-01,-5.143836718245130279e-02,2.007078543289036402e-03,1.055487443258888369e+01,5.143038054548405846e-02,9.986691751963645558e-01,3.846357960409071616e-03,4.223871773776827210e-01,-2.202257846463449246e-03,-3.738033469114963002e-03,9.999905885387929683e-01,8.228346353253516987e-02,0.000000000000000000e+00,0.000000000000000000e+00,0.000000000000000000e+00,1.000000000000000056e-01
9.986159080634895435e-01,-5.252221400485114489e-02,2.772219067953621274e-03,1.137110679318505646e+01,5.251087731620607268e-02,9.986122808456568967e-01,4.015010301008630628e-03,4.818015056865828094e-01,-2.979249236714244346e-03,-3.863881502255038774e-03,9.999880971760224391e-01,9.588670918675321064e-02,0.000000000000000000e+00,0.000000000000000000e+00,0.000000000000000000e+00,1.000000000000000056e-01
9.985025649371541689e-01,-5.469480762112682165e-02,1.051586045989531164e-03,1.223499026698000947e+01,5.468839189001559881e-02,9.984889546728292764e-01,5.383975189832242852e-03,5.382350880792590164e-01,-1.344472539053415171e-03,-5.318403486816348710e-03,9.999849533757710907e-01,1.001608399477343370e-01,0.000000000000000000e+00,0.000000000000000000e+00,0.000000000000000000e+00,1.000000000000000056e-01
9.983454644336698935e-01,-5.749779646606629352e-02,-5.805568592061351434e-04,1.312260435453695173e+01,5.750038549334827304e-02,9.983234576284607531e-01,6.631712966600587442e-03,6.092548840138836130e-01,1.982746486576151624e-04,-6.654122804836813676e-03,9.999778414229296697e-01,1.009349255321092265e-01,0.000000000000000000e+00,0.000000000000000000e+00,0.000000000000000000e+00,1.000000000000000056e-01
9.985753396537692117e-01,-5.335573461259348477e-02,-6.757361244732692802e-04,1.399315883645844849e+01,5.335974960782310234e-02,9.985301522070247904e-01,9.501171254447869988e-03,6.569902101761709856e-01,1.678009232609561441e-04,-9.523692422921765585e-03,9.999546345337291253e-01,1.065905274734013919e-01,0.000000000000000000e+00,0.000000000000000000e+00,0.000000000000000000e+00,1.000000000000000056e-01
9.974807488770097708e-01,-7.093049800933834415e-02,-1.009986092472440989e-03,1.498577175803396244e+01,7.093686727800188607e-02,9.974365999662094806e-01,9.390948228527002534e-03,7.696961108735212997e-01,3.412924594595352894e-04,-9.438935321050688498e-03,9.999553940148840914e-01,1.091877880844979859e-01,0.000000000000000000e+00,0.000000000000000000e+00,0.000000000000000000e+00,1.000000000000000056e-01
9.972768629112475081e-01,-7.374544189770415592e-02,6.844714845148799041e-04,1.595710998308815398e+01,7.373745727464461885e-02,9.972444530642632365e-01,8.141758239372590134e-03,8.385026010152455411e-01,-1.283002950399931164e-03,-8.069115928698168683e-03,9.999666210787030440e-01,1.243531287380192918e-01,0.000000000000000000e+00,0.000000000000000000e+00,0.000000000000000000e+00,1.000000000000000056e-01
9.971565424550513645e-01,-7.533127737856658290e-02,2.007109264814171436e-03,1.687537397339378487e+01,7.531365043455014174e-02,9.971297604190035857e-01,7.752092940809379544e-03,9.251643954056105734e-01,-2.585323443947456536e-03,-7.578887468093529513e-03,9.999679377697248128e-01,1.326366716963661430e-01,0.000000000000000000e+00,0.000000000000000000e+00,0.000000000000000000e+00,1.000000000000000056e-01
9.969651706440390004e-01,-7.778392174308214335e-02,3.179629061443250450e-03,1.775167206949316068e+01,7.775838572825340134e-02,9.969440895464972696e-01,7.491045804276237619e-03,1.000214973478702696e+00,-3.752595320369791522e-03,-7.221068935530101929e-03,9.999668865476445401e-01,1.434121269774276675e-01,0.000000000000000000e+00,0.000000000000000000e+00,0.000000000000000000e+00,1.000000000000000056e-01
9.970464751406366011e-01,-7.675686718634719408e-02,2.590318391497291057e-03,1.865358498330856918e+01,7.673867136329495797e-02,9.970299589359304937e-01,6.514391883584678099e-03,1.087833898820498080e+00,-3.082649352113657048e-03,-6.296373873441466797e-03,9.999754261725724014e-01,1.448804594324714368e-01,0.000000000000000000e+00,0.000000000000000000e+00,0.000000000000000000e+00,1.000000000000000056e-01
9.967716260614851720e-01,-8.023994196330232198e-02,2.806633654142060182e-03,1.958183457713498044e+01,8.022636704427134335e-02,9.967658022850308663e-01,4.654613405698664920e-03,1.175054522917935440e+00,-3.171042355525948743e-03,-4.414420551389839666e-03,9.999852285816900332e-01,1.581713543016343149e-01,0.000000000000000000e+00,0.000000000000000000e+00,0.000000000000000000e+00,1.000000000000000056e-01
9.967319115552462083e-01,-8.062986471350337692e-02,4.931673519908507872e-03,2.051130829344182871e+01,8.060981364625370571e-02,9.967371441850612079e-01,4.138036457643122501e-03,1.254420407543171745e+00,-5.249231500046004639e-03,-3.726971705107940281e-03,9.999792774105712434e-01,1.614241487529217978e-01,0.000000000000000000e+00,0.000000000000000000e+00,0.000000000000000000e+00,1.000000000000000056e-01
9.967598034472735513e-01,-8.003307194252490264e-02,8.037513744640203267e-03,2.142795140479708493e+01,8.000076827300506288e-02,9.967856827071238657e-01,4.263780695802461655e-03,1.341305479978887050e+00,-8.352922092393383346e-03,-3.606957933714286489e-03,9.999586084168597955e-01,1.603591035139584620e-01,0.000000000000000000e+00,0.000000000000000000e+00,0.000000000000000000e+00,1.000000000000000056e-01
9.968472943292474575e-01,-7.857952309541384184e-02,1.098773582481787046e-02,2.237471867472592990e+01,7.852416069497304696e-02,9.968976775626964271e-01,5.382997051113076054e-03,1.436028588282913354e+00,-1.137664166653385746e-02,-4.503223312202476319e-03,9.999251437003631171e-01,1.655805655949708077e-01,0.000000000000000000e+00,0.000000000000000000e+00,0.000000000000000000e+00,1.000000000000000056e-01
9.969113719005697760e-01,-7.728571023203935353e-02,1.395118522754049302e-02,2.333455691756527628e+01,7.720372357768541527e-02,9.969952857553764369e-01,6.323388909096169970e-03,1.512168236716866732e+00,-1.439797350547081765e-02,-5.226774864539786118e-03,9.998826827100523174e-01,1.670446838076292961e-01,0.000000000000000000e+00,0.000000000000000000e+00,0.000000000000000000e+00,1.000000000000000056e-01
9.970867583879740037e-01,-7.499453984392884243e-02,1.392175423426813587e-02,2.425699850956278070e+01,7.492352394569828933e-02,9.971738092885880089e-01,5.555144322609071976e-03,1.586987055929152124e+00,-1.429901419400536784e-02,-4.495893958270322406e-03,9.998876562547392988e-01,1.638332983190950998e-01,0.000000000000000000e+00,0.000000000000000000e+00,0.000000000000000000e+00,1.000000000000000056e-01
9.973005413744937542e-01,-7.240555501543606554e-02,1.220924965131941348e-02,2.521529635985454831e+01,7.236150865355252260e-02,9.973703998740436338e-01,4.012171540714246087e-03,1.658638759023908227e+00,-1.246764771412102457e-02,-3.117861125344322144e-03,9.999174149410938739e-01,1.563298590810932864e-01,0.000000000000000000e+00,0.000000000000000000e+00,0.000000000000000000e+00,1.000000000000000056e-01
9.975482352414964948e-01,-6.945831856661929815e-02,8.547534643044455219e-03,2.615915952822164670e+01,6.943439547405311218e-02,9.975818119964138253e-01,3.064816324754476504e-03,1.737299886912246016e+00,-8.739742085943380881e-03,-2.463809215364838774e-03,9.999587724263543365e-01,1.623555443468319703e-01,0.000000000000000000e+00,0.000000000000000000e+00,0.000000000000000000e+00,1.000000000000000056e-01
9.976641393370233590e-01,-6.801004618018050007e-02,6.395209104173213248e-03,2.711507899208753969e+01,6.800033487222223449e-02,9.976838085037958992e-01,1.724153887220923219e-03,1.804022252611908073e+00,-6.497656360721312287e-03,-1.285250143317182925e-03,9.999780640563507017e-01,1.604837943496888741e-01,0.000000000000000000e+00,0.000000000000000000e+00,0.000000000000000000e+00,1.000000000000000056e-01
9.977947264595682375e-01,-6.599311577053047773e-02,7.112841933631363148e-03,2.807448527431545671e+01,6.599143039520406762e-02,9.978200783054145262e-01,4.716407227965077088e-04,1.867601383880739485e+00,-7.128461536011689026e-03,-1.214012614611699199e-06,9.999745921945496496e-01,1.723370252961158033e-01,0.000000000000000000e+00,0.000000000000000000e+00,0.000000000000000000e+00,1.000000000000000056e-01
9.977035663775575269e-01,-6.684106613499697647e-02,1.094831107703673687e-02,2.906750040778621624e+01,6.684833605560268344e-02,9.977631034252596454e-01,-2.990147018680733250e-04,1.919044690951212662e+00,-1.090383437602641947e-02,1.030204412572127779e-03,9.999400207386283101e-01,1.709712810900110291e-01,0.000000000000000000e+00,0.000000000000000000e+00,0.000000000000000000e+00,1.000000000000000056e-01
9.976376270396095647e-01,-6.711688630069026495e-02,1.464543232810487476e-02,3.001652136468707610e+01,6.718934336592247147e-02,9.977300396331061361e-01,-4.512222487501869363e-03,1.972606806720261563e+00,-1.430934145350696955e-02,5.485579916541549229e-03,9.998825686850162375e-01,1.754270206788980102e-01,0.000000000000000000e+00,0.000000000000000000e+00,0.000000000000000000e+00,1.000000000000000056e-01
9.976298407482273589e-01,-6.723313097588236309e-02,1.464264142312925177e-02,3.096322642721832352e+01,6.737787416878142366e-02,9.976810895011412050e-01,-9.626303772051708271e-03,2.023541412878027579e+00,-1.396147990588214940e-02,1.059007795041219495e-02,9.998464518754076602e-01,1.811466733383450822e-01,0.000000000000000000e+00,0.000000000000000000e+00,0.000000000000000000e+00,1.000000000000000056e-01
9.976606010479868170e-01,-6.701626092271315005e-02,1.349614346799077151e-02,3.192764251376961582e+01,6.717686556116139740e-02,9.976710632445821014e-01,-1.182024948140645432e-02,2.065422005075965739e+00,-1.267256287999427543e-02,1.269922581750047852e-02,9.998390549551906537e-01,1.781531825643493938e-01,0.000000000000000000e+00,0.000000000000000000e+00,0.000000000000000000e+00,1.000000000000000056e-01
9.976377979853878752e-01,-6.763802316006595206e-02,1.199674346915431851e-02,3.291904891939901745e+01,6.777551327725131469e-02,9.976348926050618848e-01,-1.144992824832228966e-02,2.143935028300725243e+00,-1.119391937041913122e-02,1.223596665102438634e-02,9.998624791886350227e-01,1.818622903723774442e-01,0.000000000000000000e+00,0.000000000000000000e+00,0.000000000000000000e+00,1.000000000000000056e-01
9.976229384814297996e-01,-6.811964398688297173e-02,1.040128447730168451e-02,3.387815007383623112e+01,6.826099878539260146e-02,9.975706592651342186e-01,-1.390020928425813977e-02,2.213626945771919541e+00,-9.429138905439216761e-03,1.457716969874006847e-02,9.998492873743902720e-01,1.736326875215458143e-01,0.000000000000000000e+00,0.000000000000000000e+00,0.000000000000000000e+00,1.000000000000000056e-01
9.976337049786636602e-01,-6.776169825647425371e-02,1.163369846365321612e-02,3.485714906801223378e+01,6.793380439684072736e-02,9.975755974170087415e-01,-1.509720696916765775e-02,2.285114544978335438e+00,-1.058248131188791429e-02,1.585180391932207444e-02,9.998183492023873242e-01,1.786888805866311269e-01,0.000000000000000000e+00,0.000000000000000000e+00,0.000000000000000000e+00,1.000000000000000056e-01
9.976039345656464441e-01,-6.786100045753094834e-02,1.346381654823323483e-02,3.585256846478684878e+01,6.803633590305289969e-02,9.975978551047666176e-01,-1.302215371035115796e-02,2.359581244408273104e+00,-1.254777813114535921e-02,1.390698052317762556e-02,9.998245591886105732e-01,1.708251449742722861e-01,0.000000000000000000e+00,0.000000000000000000e+00,0.000000000000000000e+00,1.000000000000000056e-01
9.974146421070425594e-01,-7.040145560219278342e-02,1.441064743766719801e-02,3.683846652115312992e+01,7.058374839597907069e-02,9.974268083140257479e-01,-1.255772745638489805e-02,2.434690832396315230e+00,-1.348948378750596845e-02,1.354241874955138501e-02,9.998173016714395622e-01,1.742281276641983179e-01,0.000000000000000000e+00,0.000000000000000000e+00,0.000000000000000000e+00,1.000000000000000056e-01
9.973593480958319324e-01,-7.082165020014752344e-02,1.608181049462702530e-02,3.783622774442360281e+01,7.103105373456025662e-02,9.973913867211687823e-01,-1.284566462982252542e-02,2.502187764369632195e+00,-1.513010810322139646e-02,1.395405164645034841e-02,9.997881596975596308e-01,1.729889779061630495e-01,0.000000000000000000e+00,0.000000000000000000e+00,0.000000000000000000e+00,1.000000000000000056e-01
9.973858994757711649e-01,-6.988619357771953811e-02,1.836538793830596802e-02,3.882508672365914748e+01,7.013473200647947492e-02,9.974494492258982881e-01,-1.325577630059480809e-02,2.570545176580020019e+00,-1.739215033531692559e-02,1.450917593006648305e-02,9.997434655553113503e-01,1.801106809708696854e-01,0.000000000000000000e+00,0.000000000000000000e+00,0.000000000000000000e+00,1.000000000000000056e-01
9.975154570836262113e-01,-6.787703773673603447e-02,1.885790622868687913e-02,3.982807204613312280e+01,6.811108050036737693e-02,9.976048721758258297e-01,-1.205818079673422194e-02,2.642600993377763441e+00,-1.799426553979656743e-02,1.331265409826181204e-02,9.997494584387347505e-01,1.665022242025298860e-01,0.000000000000000000e+00,0.000000000000000000e+00,0.000000000000000000e+00,1.000000000000000056e-01
9.975360793412172411e-01,-6.781892139131212582e-02,1.795450678441913583e-02,4.082526517342575545e+01,6.806638031561504376e-02,9.975887821995529370e-01,-1.354952029936462923e-02,2.719968767727137138e+00,-1.699230070598969911e-02,1.473823364354999096e-02,9.997469910861374043e-01,1.706208539290165749e-01,0.000000000000000000e+00,0.000000000000000000e+00,0.000000000000000000e+00,1.000000000000000056e-01
9.975313320261681715e-01,-6.850281358522077035e-02,1.544688178912126744e-02,4.182427501090456445e+01,6.869833419672190244e-02,9.975591267436689780e-01,-1.250310077556822733e-02,2.792348209909780277e+00,-1.455268032680251747e-02,1.353340981855629885e-02,9.998025136565665827e-01,1.832664546260867888e-01,0.000000000000000000e+00,0.000000000000000000e+00,0.000000000000000000e+00,1.000000000000000056e-01
9.976414794363311911e-01,-6.748269350571238501e-02,1.255247327431401397e-02,4.283709153603839326e+01,6.759088452409821313e-02,9.976777268930563380e-01,-8.403903304656826570e-03,2.855682016373726206e+00,-1.195620497224364476e-02,9.232515297473696883e-03,9.998858984023845098e-01,1.926556337840891198e-01,0.000000000000000000e+00,0.000000000000000000e+00,0.000000000000000000e+00,1.000000000000000056e-01
9.977129892205901518e-01,-6.630284784530263154e-02,1.314243159073778811e-02,4.385800968194469363e+01,6.642787014210863039e-02,9.977477406424687389e-01,-9.315799012002235618e-03,2.932639659663357268e+00,-1.249516742175663109e-02,1.016751741830404510e-02,9.998702377712073153e-01,1.993371456001814535e-01,0.000000000000000000e+00,0.000000000000000000e+00,0.000000000000000000e+00,1.000000000000000056e-01
9.977156401894848869e-01,-6.602100588195174147e-02,1.430832287941318816e-02,4.483843752341166322e+01,6.619261172519801117e-02,9.977362470943906825e-01,-1.187094718201466871e-02,3.005113337056927403e+00,-1.349220049819239119e-02,1.279093492815509304e-02,9.998271613180851336e-01,2.048674008261883728e-01,0.000000000000000000e+00,0.000000000000000000e+00,0.000000000000000000e+00,1.000000000000000056e-01
9.976966946884506804e-01,-6.589000024104969822e-02,1.611872439043997990e-02,4.581181785567520137e+01,6.608733615745378265e-02,9.977412949815929188e-01,-1.203213564026142310e-02,3.073932529493871968e+00,-1.528951952653180568e-02,1.306966551555228256e-02,9.997976867526546796e-01,2.051303063882102540e-01,0.000000000000000000e+00,0.000000000000000000e+00,0.000000000000000000e+00,1.000000000000000056e-01
9.974561334409036695e-01,-7.004395262924713317e-02,1.323278357693435069e-02,4.671454653659207423e+01,7.018115057519978828e-02,9.974820683804670463e-01,-1.020437961693310830e-02,3.140635399562065277e+00,-1.248470925025223395e-02,1.110711301361112791e-02,9.998603722897709822e-01,2.132139587633660460e-01,0.000000000000000000e+00,0.000000000000000000e+00,0.000000000000000000e+00,1.000000000000000056e-01
9.976597166739737954e-01,-6.797116627345414774e-02,7.416891628766582312e-03,4.765560959035029498e+01,6.803514562371032470e-02,9.976446024589485928e-01,-8.744492237229339882e-03,3.208984757259488951e+00,-6.805048564628296548e-03,9.228636949890397373e-03,9.999342596261416860e-01,2.068562060732872243e-01,0.000000000000000000e+00,0.000000000000000000e+00,0.000000000000000000e+00,1.000000000000000056e-01
9.978426365200403492e-01,-6.525206120808683952e-02,7.227810929375674820e-03,4.859811601470198639e+01,6.531872280437138467e-02,9.978201166595914717e-01,-9.406340449125324618e-03,3.284818071535588135e+00,-6.598272042012678570e-03,9.858158932338609640e-03,9.999296372788059051e-01,2.110893360066011804e-01,0.000000000000000000e+00,0.000000000000000000e+00,0.000000000000000000e+00,1.000000000000000056e-01
9.979622219086718982e-01,-6.297009896707041199e-02,1.030389631081798062e-02,4.956127102227430470e+01,6.306341431242769302e-02,9.979689707862946513e-01,-8.996617308908104113e-03,3.364353458201454039e+00,-9.716450914084915139e-03,9.628083081341358082e-03,9.999064409222560013e-01,2.150012458874168697e-01,0.000000000000000000e+00,0.000000000000000000e+00,0.000000000000000000e+00,1.000000000000000056e-01
9.980550236534061481e-01,-6.093135231489301556e-02,1.317346064165305503e-02,5.055934485179551530e+01,6.108779227617586877e-02,9.980624308061842864e-01,-1.181803063430954780e-02,3.446924735093329861e+00,-1.242784756189052944e-02,1.259978247149817591e-02,9.998433847791610152e-01,2.291657356183706418e-01,0.000000000000000000e+00,0.000000000000000000e+00,0.000000000000000000e+00,1.000000000000000056e-01
9.982319325069798355e-01,-5.773218099427938205e-02,1.414228415158887663e-02,5.149281352927119570e+01,5.793217398925385592e-02,9.982200222915704746e-01,-1.416510900400885266e-02,3.500769073076186011e+00,-1.329932856422963612e-02,1.495935740131909032e-02,9.997996526734145295e-01,2.244170672145859580e-01,0.000000000000000000e+00,0.000000000000000000e+00,0.000000000000000000e+00,1.000000000000000056e-01
9.983211234220820129e-01,-5.645528821330079994e-02,1.295125329939866149e-02,5.243463077466605426e+01,5.666574055492826223e-02,9.982568089526301369e-01,-1.650264303296863216e-02,3.544953591621513134e+00,-1.199701532188746783e-02,1.720882949143172358e-02,9.997799396921810411e-01,2.328822701553669994e-01,0.000000000000000000e+00,0.000000000000000000e+00,0.000000000000000000e+00,1.000000000000000056e-01
9.983011767597148589e-01,-5.700394009615122881e-02,1.205451341543303974e-02,5.341011757481921052e+01,5.722003227282186633e-02,9.981917775348244648e-01,-1.841312489950197584e-02,3.613575900251937423e+00,-1.098309550471433284e-02,1.907160390166066921e-02,9.997577934368666597e-01,2.524976272706865310e-01,0.000000000000000000e+00,0.000000000000000000e+00,0.000000000000000000e+00,1.000000000000000056e-01
9.983571075273072193e-01,-5.578084563245896965e-02,1.309897363294175270e-02,5.437463687043356941e+01,5.599034593808176197e-02,9.982996820533538429e-01,-1.621190839804163494e-02,3.656270397813598638e+00,-1.217238725323229083e-02,1.691869004090872444e-02,9.997827718638969685e-01,2.564737190353461593e-01,0.000000000000000000e+00,0.000000000000000000e+00,0.000000000000000000e+00,1.000000000000000056e-01
9.982938057906931562e-01,-5.588166902024426647e-02,1.693270171725871215e-02,5.532440613511234062e+01,5.618305628926694578e-02,9.982603889539910513e-01,-1.787903888422177207e-02,3.714155474941597923e+00,-1.590413486898443335e-02,1.879986470531965631e-02,9.996967658150799352e-01,2.645444142648349928e-01,0.000000000000000000e+00,0.000000000000000000e+00,0.000000000000000000e+00,1.000000000000000056e-01
9.981282759542172700e-01,-5.719584394174948017e-02,2.164671283250320724e-02,5.628700049091894186e+01,5.762823034066644201e-02,9.981396116772828231e-01,-1.990735212242306096e-02,3.766067702291584940e+00,-2.046782373543684294e-02,2.111755280599741241e-02,9.995674650342621925e-01,2.793553947439887941e-01,0.000000000000000000e+00,0.000000000000000000e+00,0.000000000000000000e+00,1.000000000000000056e-01
9.981505827515005924e-01,-5.595874913904171077e-02,2.374936941549509253e-02,5.725059111105792908e+01,5.636168691045140289e-02,9.982715788123139866e-01,-1.664978030420108390e-02,3.829535740748947426e+00,-2.277661962294022166e-02,1.795754243663955085e-02,9.995792876346468736e-01,2.752633437876975120e-01,0.000000000000000000e+00,0.000000000000000000e+00,0.000000000000000000e+00,1.000000000000000056e-01
9.980343591821019267e-01,-5.872970515994390545e-02,2.186869049113894861e-02,5.814394806194736276e+01,5.908391843996051856e-02,9.981260803424640837e-01,-1.591911812786543645e-02,3.886674604456456628e+00,-2.089278520808717995e-02,1.717991478485556001e-02,9.996341040872074313e-01,2.717570386533453841e-01,0.000000000000000000e+00,0.000000000000000000e+00,0.000000000000000000e+00,1.000000000000000056e-01
9.978734090414967950e-01,-6.274112072996806955e-02,1.766950190155809619e-02,5.905644453935344984e+01,6.301928542874832284e-02,9.978895686499681394e-01,-1.565178723438846037e-02,3.939363056997461587e+00,-1.665020095829305991e-02,1.673202166888949211e-02,9.997213663110938731e-01,2.716676076440908694e-01,0.000000000000000000e+00,0.000000000000000000e+00,0.000000000000000000e+00,1.000000000000000056e-01
9.978199775601196420e-01,-6.478986643569857595e-02,1.255251326096095375e-02,6.000243402852882468e+01,6.499522970440475833e-02,9.977456886721450813e-01,-1.670810736793810342e-02,4.010071271574192409e+00,-1.144169994336169914e-02,1.748753680171181296e-02,9.997816129330518997e-01,2.723944119660080543e-01,0.000000000000000000e+00,0.000000000000000000e+00,0.000000000000000000e+00,1.000000000000000056e-01
9.978842473527236301e-01,-6.360271751546525687e-02,1.348047513762664837e-02,6.091218698859182723e+01,6.378596504406083834e-02,9.978705259580006315e-01,-1.362952998826511518e-02,4.079121037242482650e+00,-1.258489367003506540e-02,1.446055839001729633e-02,9.998162394672146513e-01,2.596777802197945406e-01,0.000000000000000000e+00,0.000000000000000000e+00,0.000000000000000000e+00,1.000000000000000056e-01
9.977047387645723298e-01,-6.599014389640091294e-02,1.518404278341882983e-02,6.183824847859008145e+01,6.619385677841570226e-02,9.977177526055872603e-01,-1.332889569524513089e-02,4.137602169939995633e+00,-1.426981329643037776e-02,1.430339275096773922e-02,9.997958718579991189e-01,2.686219907965003428e-01,0.000000000000000000e+00,0.000000000000000000e+00,0.000000000000000000e+00,1.000000000000000056e-01
9.976505013142281664e-01,-6.675948956896252118e-02,1.538336048985226162e-02,6.272546167487453062e+01,6.693396954972494206e-02,9.976954337967237629e-01,-1.112048117141278825e-02,4.210868868765836659e+00,-1.460551087040975679e-02,1.212402299811561612e-02,9.998198273281818649e-01,2.791980606979254098e-01,0.000000000000000000e+00,0.000000000000000000e+00,0.000000000000000000e+00,1.000000000000000056e-01
9.975385157563395611e-01,-6.849925367951269217e-02,1.499205883088952813e-02,6.355736536472467435e+01,6.865709137786100980e-02,9.975873626868191346e-01,-1.027898881645891369e-02,4.274499993938985831e+00,-1.425178536784522769e-02,1.128299840054108882e-02,9.998347766310803353e-01,2.830278901619336374e-01,0.000000000000000000e+00,0.000000000000000000e+00,0.000000000000000000e+00,1.000000000000000056e-01
9.973403106310412269e-01,-7.109407253446103914e-02,1.606043713113133528e-02,6.437162480302222889e+01,7.124922220047372190e-02,9.974151573052313369e-01,-9.303349590772844527e-03,4.332501159232965193e+00,-1.535751041691828592e-02,1.042289922456327532e-02,9.998277401860526936e-01,2.869524759087680454e-01,0.000000000000000000e+00,0.000000000000000000e+00,0.000000000000000000e+00,1.000000000000000056e-01
9.972471891005427747e-01,-7.224412383956571593e-02,1.669821552501246642e-02,6.517290329706163732e+01,7.241192019942480074e-02,9.973279146217216562e-01,-9.671842085149094312e-03,4.381281008079011663e+00,-1.595486271010850693e-02,1.085436718290926604e-02,9.998137951983659955e-01,2.876795110003165790e-01,0.000000000000000000e+00,0.000000000000000000e+00,0.000000000000000000e+00,1.000000000000000056e-01
9.971812556410544204e-01,-7.300315116467825938e-02,1.732291309673854307e-02,6.596710724955909200e+01,7.317867224822185990e-02,9.972714435508693853e-01,-9.723672451936926295e-03,4.441227335233276285e+00,-1.656578782060613708e-02,1.096393168495545488e-02,9.998026639671901972e-01,2.892356948394796401e-01,0.000000000000000000e+00,0.000000000000000000e+00,0.000000000000000000e+00,1.000000000000000056e-01
9.969335446839180381e-01,-7.617991075927606215e-02,1.789214019247300363e-02,6.671371009609178770e+01,7.636653112998355308e-02,9.970297795645846062e-01,-9.988572699297372862e-03,4.501713101231006320e+00,-1.707806801519498596e-02,1.132430386843405988e-02,9.997900278232243476e-01,2.883293007144139830e-01,0.000000000000000000e+00,0.000000000000000000e+00,0.000000000000000000e+00,1.000000000000000056e-01
9.969752355104914976e-01,-7.524075925229165018e-02,1.947326182072727646e-02,6.749867683997612744e+01,7.542700107701913459e-02,9.971106011673365188e-01,-9.012022427854987291e-03,4.576205700401742682e+00,-1.873892439088382933e-02,1.045357292276163051e-02,9.997697612579714566e-01,2.844060220729331956e-01,0.000000000000000000e+00,0.000000000000000000e+00,0.000000000000000000e+00,1.000000000000000056e-01
9.967612943937161907e-01,-7.698071802093292559e-02,2.325706455133833006e-02,6.823214964561773854e+01,7.721657783719118595e-02,9.969698575585380640e-01,-9.418239050969610601e-03,4.645756697415039937e+00,-2.246156952834107295e-02,1.118356708254691044e-02,9.996851532965934650e-01,2.864657554057615796e-01,0.000000000000000000e+00,0.000000000000000000e+00,0.000000000000000000e+00,1.000000000000000056e-01
9.964885611190346104e-01,-8.049412850142929898e-02,2.304870572746641963e-02,6.894615586701226562e+01,8.063339703673626235e-02,9.967303837923503496e-01,-5.176611581906331513e-03,4.712925197190638293e+00,-2.255665846777859737e-02,7.016929666831666149e-03,9.997209409914442624e-01,2.901167634615930968e-01,0.000000000000000000e+00,0.000000000000000000e+00,0.000000000000000000e+00,1.000000000000000056e-01
9.965090331545773950e-01,-8.102775578732884787e-02,2.010596014614672924e-02,6.960444342538720264e+01,8.110047301716752366e-02,9.967019228027931277e-01,-2.826722060402023923e-03,4.770784012610144842e+00,-1.981060619267186254e-02,4.447456945724754390e-03,9.997938587573914626e-01,2.936953817931852728e-01,0.000000000000000000e+00,0.000000000000000000e+00,0.000000000000000000e+00,1.000000000000000056e-01
9.965885695494475227e-01,-8.134147092000057477e-02,1.395665260571707887e-02,7.027898963823021461e+01,8.139915261579502848e-02,9.966750273990135911e-01,-3.614929128782404678e-03,4.833849488130085525e+00,-1.361620346559486681e-02,4.738656744934285209e-03,9.998960666666497632e-01,2.939514138716555203e-01,0.000000000000000000e+00,0.000000000000000000e+00,0.000000000000000000e+00,1.000000000000000056e-01
9.965564832596228717e-01,-8.242599636010745912e-02,9.007263583165803569e-03,7.101454760315823478e+01,8.247252208988072042e-02,9.965811867963230153e-01,-4.921506249760452742e-03,4.897280481974590316e+00,-8.570809375269676858e-03,5.647410705433552128e-03,9.999473226020343386e-01,2.993370458650849164e-01,0.000000000000000000e+00,0.000000000000000000e+00,0.000000000000000000e+00,1.000000000000000056e-01
9.962883662250625605e-01,-8.579494521977855392e-02,6.979878174500734299e-03,7.172647634678043005e+01,8.582296151091374503e-02,9.963030874268961057e-01,-3.818017958427014340e-03,4.963291646933599921e+00,-6.626507533527311970e-03,4.402880689940241732e-03,9.999683515189559113e-01,2.980606107246960845e-01,0.000000000000000000e+00,0.000000000000000000e+00,0.000000000000000000e+00,1.000000000000000056e-01
9.963089122548088872e-01,-8.529349690807343232e-02,9.673197342763516920e-03,7.241478402579333817e+01,8.530324283538874564e-02,9.963548556249763877e-01,-5.986938274791986283e-04,5.039559098639094792e+00,-9.586872451758068209e-03,1.421639097953861968e-03,9.999530343065462512e-01,3.087556660731221592e-01,0.000000000000000000e+00,0.000000000000000000e+00,0.000000000000000000e+00,1.000000000000000056e-01
9.961563141020675083e-01,-8.704463045997988535e-02,9.789289180960322745e-03,7.302320173350474874e+01,8.706937831704335273e-02,9.961999728461078396e-01,-2.130131662010335825e-03,5.092469073413592895e+00,-9.566673092904577624e-03,2.974291428132300880e-03,9.999498149189458562e-01,3.134522554992457133e-01,0.000000000000000000e+00,0.000000000000000000e+00,0.000000000000000000e+00,1.000000000000000056e-01
9.963368229449225399e-01,-8.512857336801990527e-02,8.127806613329886451e-03,7.362345202980432646e+01,8.517411280877770774e-02,9.963512809909053081e-01,-5.430964464966305839e-03,5.141482831142852206e+00,-7.635820273922590100e-03,6.103348597922989525e-03,9.999522205508803996e-01,3.234241973932207026e-01,0.000000000000000000e+00,0.000000000000000000e+00,0.000000000000000000e+00,1.000000000000000056e-01
9.963887918787799336e-01,-8.478455047336869166e-02,4.577708965635034384e-03,7.426366701969068629e+01,8.483683183045639953e-02,9.963128048079776811e-01,-1.278698324982610601e-02,5.178628887676326009e+00,-3.476691432399466562e-03,1.312916511775478329e-02,9.999077645663096980e-01,3.417154575392430393e-01,0.000000000000000000e+00,0.000000000000000000e+00,0.000000000000000000e+00,1.000000000000000056e-01
9.965365768656552214e-01,-8.314989499620560609e-02,-9.725898426240221469e-04,7.486818372295596191e+01,8.312391475652565476e-02,9.964116861620768706e-01,-1.594259938644329577e-02,5.224898123189019472e+00,2.294725349982443263e-03,1.580653794373535620e-02,9.998724356605703800e-01,3.509791994219292888e-01,0.000000000000000000e+00,0.000000000000000000e+00,0.000000000000000000e+00,1.000000000000000056e-01
9.967078987532073109e-01,-8.105400426125665414e-02,-1.900777783570675554e-03,7.544772173447053376e+01,8.101884079634331937e-02,9.966103098776776248e-01,-1.427717344351112083e-02,5.267789219669321454e+00,3.051556813022026846e-03,1.407617273038072256e-02,9.998962693011117508e-01,3.667811930650382024e-01,0.000000000000000000e+00,0.000000000000000000e+00,0.000000000000000000e+00,1.000000000000000056e-01
9.971705637020126245e-01,-7.517195926553965624e-02,2.083899958895928919e-04,7.602741213003874066e+01,7.516972124788279253e-02,9.971104833744985907e-01,-1.096343706094911330e-02,5.330025487418367902e+00,6.163551946240928463e-04,1.094808133208003201e-02,9.999398780033829093e-01,3.678266279908335434e-01,0.000000000000000000e+00,0.000000000000000000e+00,0.000000000000000000e+00,1.000000000000000056e-01
9.975886015006018015e-01,-6.928031516406474299e-02,4.149709247806996834e-03,7.657564005190327805e+01,6.932548586458917028e-02,9.975223340537374694e-01,-1.196536976538605489e-02,5.357954193292389533e+00,-3.310463066116297801e-03,1.222419710049005813e-02,9.999198017038847253e-01,3.816656056720681978e-01,0.000000000000000000e+00,0.000000000000000000e+00,0.000000000000000000e+00,1.000000000000000056e-01
9.980508965791256015e-01,-6.188699738450961080e-02,8.025421629626602188e-03,7.716151437508136723e+01,6.200703151541820529e-02,9.979524281308378431e-01,-1.568691271126667133e-02,5.373526077558489433e+00,-7.038173076126422872e-03,1.615396986795096176e-02,9.998447446365139601e-01,3.920412255777717125e-01,0.000000000000000000e+00,0.000000000000000000e+00,0.000000000000000000e+00,1.000000000000000056e-01
9.986044540578874473e-01,-5.156992962191889185e-02,1.138800660954039298e-02,7.770919560857122121e+01,5.177070639332968793e-02,9.984949242183298601e-01,-1.810194104971563425e-02,5.388110822583224824e+00,-1.043735097063691608e-02,1.866624410592715791e-02,9.997712903637979709e-01,4.062888959134072220e-01,0.000000000000000000e+00,0.000000000000000000e+00,0.000000000000000000e+00,1.000000000000000056e-01
9.991121815259194072e-01,-4.100516899512030022e-02,9.665652704282932592e-03,7.820795222297543603e+01,4.114174354444777304e-02,9.990498067156777795e-01,-1.438195534305648088e-02,5.398882698004504377e+00,-9.066733956672427472e-03,1.476684858215882024e-02,9.998498559875430569e-01,4.191988320672617174e-01,0.000000000000000000e+00,0.000000000000000000e+00,0.000000000000000000e+00,1.000000000000000056e-01
9.996342384953638138e-01,-2.542424014370853538e-02,9.219394823362802097e-03,7.869882608133249846e+01,2.552056292785937278e-02,9.996193083266338153e-01,-1.048519377156853678e-02,5.416833185460856903e+00,-8.949306992118396739e-03,1.071664283706465735e-02,9.999025269848375030e-01,4.241148006234502499e-01,0.000000000000000000e+00,0.000000000000000000e+00,0.000000000000000000e+00,1.000000000000000056e-01
9.999321162348099312e-01,-6.753100828565825921e-03,9.495185694543934254e-03,7.917562530532464393e+01,6.811078678690493486e-03,9.999582779189045700e-01,-6.087004903187655767e-03,5.420058328398219771e+00,-9.453683377781170113e-03,6.151264151210411417e-03,9.999363928870349527e-01,4.323919623742467633e-01,0.000000000000000000e+00,0.000000000000000000e+00,0.000000000000000000e+00,1.000000000000000056e-01
9.998088102385711551e-01,1.621595966154823140e-02,1.092637275530492294e-02,7.966407584629817507e+01,-1.614206759169828712e-02,9.998464671114838387e-01,-6.817320481648882213e-03,5.421811478844666965e+00,-1.103524459166506030e-02,6.639642832224188287e-03,9.999170658208922369e-01,4.312542853761573425e-01,0.000000000000000000e+00,0.000000000000000000e+00,0.000000000000000000e+00,1.000000000000000056e-01
9.990664413217532625e-01,4.167428533663846552e-02,1.137979641154309579e-02,8.015691719743061583e+01,-4.156291957294467460e-02,9.990872994256291273e-01,-9.853519319325484277e-03,5.397419992889827434e+00,-1.178004844050570613e-02,9.371342917844204673e-03,9.998866977766308617e-01,4.423405655113693546e-01,0.000000000000000000e+00,0.000000000000000000e+00,0.000000000000000000e+00,1.000000000000000056e-01
9.975434742049787973e-01,6.893288041321210535e-02,1.246094173803487422e-02,8.062784084978115118e+01,-6.880967498940673832e-02,9.975790819029533019e-01,-1.006001876305486799e-02,5.367788010350192707e+00,-1.312424088902335202e-02,9.177872716408913209e-03,9.998717522530018442e-01,4.437719658538272771e-01,0.000000000000000000e+00,0.000000000000000000e+00,0.000000000000000000e+00,1.000000000000000056e-01
9.948041865559603680e-01,1.007796115148029276e-01,1.442568243305468109e-02,8.109313850479571784e+01,-1.006352635235030074e-01,9.948689570771374058e-01,-1.040682371351311919e-02,5.314414457204081899e+00,-1.540045928824998120e-02,8.901019445795872037e-03,9.998417863374867709e-01,4.400702256219594655e-01,0.000000000000000000e+00,0.000000000000000000e+00,0.000000000000000000e+00,1.000000000000000056e-01
9.903613211802370087e-01,1.376879698286294085e-01,1.504913534412784595e-02,8.156398007981354681e+01,-1.375014383981830179e-01,9.904188375575003755e-01,-1.280158777965941484e-02,5.238470072605197814e+00,-1.666757176574088992e-02,1.060891963020176194e-02,9.998048023868028045e-01,4.367713082174323747e-01,0.000000000000000000e+00,0.000000000000000000e+00,0.000000000000000000e+00,1.000000000000000056e-01
