9.999689567342714414e-01,-7.878569475295355354e-03,1.170931074070542913e-04,6.506867741427115881e-01,7.878701861846941143e-03,9.999682701287095909e-01,-1.176772181974339001e-03,2.782680909240093856e-03,-1.078181106655475436e-04,1.177658192806129182e-03,9.999993007479734963e-01,8.428919111360370572e-03,0.000000000000000000e+00,0.000000000000000000e+00,0.000000000000000000e+00,1.000000000000000056e-01
9.999493498009889292e-01,-1.001874550950266653e-02,9.605055935651584569e-04,1.333321956571158706e+00,1.001891949246769102e-02,9.999497937902513955e-01,-1.764965643728152176e-04,-7.604118550958436848e-03,-9.586890960581103413e-04,1.861108530006992006e-04,9.999995231388700834e-01,5.862367659350879723e-03,0.000000000000000000e+00,0.000000000000000000e+00,0.000000000000000000e+00,1.000000000000000056e-01
9.999090005680421056e-01,-1.348649534751189365e-02,-3.240775536668366965e-04,2.063560123698135129e+00,1.348599587102986171e-02,9.999079393329712850e-01,-1.496921593675879306e-03,6.084675418612872123e-03,3.442359449797769105e-04,1.492414866110524947e-03,9.999988270990529671e-01,3.620562500789573784e-03,0.000000000000000000e+00,0.000000000000000000e+00,0.000000000000000000e+00,1.000000000000000056e-01
9.998359230138541554e-01,-1.811397060437121981e-02,1.054513075639750789e-04,2.795046333237213076e+00,1.811413349351475438e-02,9.998342464580302069e-01,-1.832423936229450427e-03,4.427676010884414037e-02,-7.224135532063452993e-05,1.834033436694932056e-03,9.999983155498511911e-01,-8.538825952688880797e-03,0.000000000000000000e+00,0.000000000000000000e+00,0.000000000000000000e+00,1.000000000000000056e-01
9.997344191503626520e-01,-2.298163623666883704e-02,-1.713348176055142858e-03,3.544981440311774090e+00,2.297968741042408919e-02,9.997352723258232654e-01,-1.148579179297109544e-03,5.657508965405168289e-02,1.739290834265058835e-03,1.108901933151828622e-03,9.999978725996853113e-01,-6.278187411929665902e-03,0.000000000000000000e+00,0.000000000000000000e+00,0.000000000000000000e+00,1.000000000000000056e-01
9.996049093765593252e-01,-2.805772294795360125e-02,-1.670129712485530658e-03,4.303043973362468577e+00,2.805696437815128133e-02,9.996062125943796506e-01,-4.759123899817155876e-04,9.436524316876240825e-02,1.682825054424607171e-03,4.288655916087560243e-04,9.999984920859333881e-01,6.781296997276435937e-03,0.000000000000000000e+00,0.000000000000000000e+00,0.000000000000000000e+00,1.000000000000000056e-01
9.994353147503151069e-01,-3.359802001379921799e-02,-4.740053700233869301e-04,5.107914175683409219e+00,3.359906780592684938e-02,9.994324869715162096e-01,2.409694690781350075e-03,1.404341191213632212e-01,3.927753953523098560e-04,-2.424260110301011510e-03,9.999969843406560921e-01,1.098235372583122177e-02,0.000000000000000000e+00,0.000000000000000000e+00,0.000000000000000000e+00,1.000000000000000056e-01
9.994176233512044316e-01,-3.408730065912680268e-02,1.571645254008207900e-03,5.883772007709485052e+00,3.407823769819510323e-02,9.994041890155004326e-01,5.471808992938092739e-03,1.836912335953496678e-01,-1.757228048793727957e-03,-5.415063438610603908e-03,9.999837944874608864e-01,2.236932207073054346e-02,0.000000000000000000e+00,0.000000000000000000e+00,0.000000000000000000e+00,1.000000000000000056e-01
9.992387723038421710e-01,-3.886167002947720633e-02,3.412700870325728001e-03,6.689452450367092240e+00,3.884529575140038132e-02,9.992339944078507674e-01,4.739980771843746443e-03,2.150735357992825947e-01,-3.594290291076184408e-03,-4.603805192582098582e-03,9.999829428820534716e-01,2.781422700188037125e-02,0.000000000000000000e+00,0.000000000000000000e+00,0.000000000000000000e+00,1.000000000000000056e-01
9.990600687219621800e-01,-4.308086611544982569e-02,4.797714040134253358e-03,7.524324804341070205e+00,4.306760843545379136e-02,9.990681427602742248e-01,2.833235815589619632e-03,2.498627696249908214e-01,-4.915301508416734452e-03,-2.623946698962708723e-03,9.999844772369230750e-01,3.653070786047177276e-02,0.000000000000000000e+00,0.000000000000000000e+00,0.000000000000000000e+00,1.000000000000000056e-01
9.989255432352059927e-01,-4.595775616438720068e-02,5.970236225093043456e-03,8.368696801745562297e+00,4.593860362051110924e-02,9.989387926353633373e-01,3.306548895761372495e-03,3.039815603802427102e-01,-6.115862134339379586e-03,-3.028731836466833950e-03,9.999767112357249577e-01,3.510183404491431375e-02,0.000000000000000000e+00,0.000000000000000000e+00,0.000000000000000000e+00,1.000000000000000056e-01
9.987815557579863279e-01,-4.904438500561361658e-02,5.481986599544064892e-03,9.224615070169711828e+00,4.902266072948205378e-02,9.987895385783995827e-01,4.029436852692322088e-03,3.751143535774754678e-01,-5.672972118610836514e-03,-3.755785639367585985e-03,9.999768554629514528e-01,3.825848958226645696e-02,0.000000000000000000e+00,0.000000000000000000e+00,0.000000000000000000e+00,1.000000000000000056e-01
9.986854342036317611e-01,-5.093139694949359170e-02,5.778954427636707504e-03,1.001238101833964045e+01,5.092165469908813830e-02,9.987009913402521422e-01,1.820708297437162015e-03,4.355068194626451894e-01,-5.864178732816928939e-03,-1.524040934698304376e-03,9.999816441850415405e-01,4.635239523640848069e-02,0.000000000000000000e+00,0.000000000000000000e+00,0.000000000000000000e+00,1.000000000000000056e-01
9.984695728550779803e-01,-5.485739188536671584e-02,7.012748258237166965e-03,1.085150561992905871e+01,5.484150365108164671e-02,9.984920951108677833e-01,2.438335169376374279e-03,4.949127767756421048e-01,-7.135934408786669472e-03,-2.050013815836512331e-03,9.999724375618901373e-01,4.014664384897680127e-02,0.000000000000000000e+00,0.000000000000000000e+00,0.000000000000000000e+00,1.000000000000000056e-01
9.983791324984390148e-01,-5.647403511961648914e-02,7.056284360248012318e-03,1.166616496901506572e+01,5.645835401493054517e-02,9.984020650901633820e-01,2.402225139746732869e-03,5.566589979678666644e-01,-7.180672224042319342e-03,-1.999945250645384590e-03,9.999722186968021953e-01,6.072583970917101032e-02,0.000000000000000000e+00,0.000000000000000000e+00,0.000000000000000000e+00,1.000000000000000056e-01
9.982889138082733371e-01,-5.814719271322685290e-02,6.176451009175376074e-03,1.254296873544867985e+01,5.811258102112894230e-02,9.982940875417254389e-01,5.642934192111203305e-03,6.352787590209209023e-01,-6.494035306387649191e-03,-5.274349135640521609e-03,9.999650037609489894e-01,6.194656261336133063e-02,0.000000000000000000e+00,0.000000000000000000e+00,0.000000000000000000e+00,1.000000000000000056e-01
9.980693204052304424e-01,-6.198497856909909037e-02,3.936254263863153691e-03,1.346220436603490356e+01,6.195398269782063233e-02,9.980503685108725875e-01,7.560816304440966078e-03,7.017369011189061867e-01,-4.397237055196782929e-03,-7.302352162124580055e-03,9.999636693196312098e-01,6.194843391727310883e-02,0.000000000000000000e+00,0.000000000000000000e+00,0.000000000000000000e+00,1.000000000000000056e-01
9.984111977214170652e-01,-5.629263856214684197e-02,2.493813986040425631e-03,1.434622845672003599e+01,5.626059084755764134e-02,9.983503749490038048e-01,1.145751965598379614e-02,7.711541464462304818e-01,-3.134674140829516939e-03,-1.129901247432892226e-02,9.999312507043350839e-01,7.187417549836087882e-02,0.000000000000000000e+00,0.000000000000000000e+00,0.000000000000000000e+00,1.000000000000000056e-01
9.972238339408329155e-01,-7.439093016756163912e-02,3.257994651791629517e-03,1.534466289334639022e+01,7.433869797894089582e-02,9.971352631883276807e-01,1.396513118950888817e-02,9.327456433501484234e-01,-4.287540453680002694e-03,-1.368416658585221678e-02,9.998971750043644802e-01,7.436803598409449934e-02,0.000000000000000000e+00,0.000000000000000000e+00,0.000000000000000000e+00,1.000000000000000056e-01
9.973311580778887464e-01,-7.295557399023749889e-02,2.836432754770884957e-03,1.628966277909322358e+01,7.290705155336257848e-02,9.972328527356232319e-01,1.453269619052409076e-02,1.023905647263467333e+00,-3.888825119838355219e-03,-1.428711477260978524e-02,9.998903716861472502e-01,7.860333710508800309e-02,0.000000000000000000e+00,0.000000000000000000e+00,0.000000000000000000e+00,1.000000000000000056e-01
9.969345083778359262e-01,-7.806695463683659131e-02,5.209280101201397249e-03,1.719433218836383759e+01,7.799902656997455275e-02,9.968791489307969877e-01,1.217022108042007181e-02,1.111015105965046379e+00,-6.143114810833210336e-03,-1.172659459263411183e-02,9.999123707203951827e-01,8.479639212241341095e-02,0.000000000000000000e+00,0.000000000000000000e+00,0.000000000000000000e+00,1.000000000000000056e-01
9.966158313083600673e-01,-8.203465928026890119e-02,5.215310375870793602e-03,1.804256030385098342e+01,8.196846368759028167e-02,9.965645554347782875e-01,1.184304909129484107e-02,1.178183404274785406e+00,-6.168933963227934622e-03,-1.137547923618244944e-02,9.999162678574163854e-01,9.297503458793759945e-02,0.000000000000000000e+00,0.000000000000000000e+00,0.000000000000000000e+00,1.000000000000000056e-01
9.964100079253013220e-01,-8.448350089135249485e-02,5.443728817797106184e-03,1.894009166138854638e+01,8.443469343227390234e-02,9.963915005026775518e-01,8.646402200953013858e-03,1.243623619733381647e+00,-6.154563453145731056e-03,-8.155722111717800607e-03,9.999478014104223877e-01,9.447955055334575358e-02,0.000000000000000000e+00,0.000000000000000000e+00,0.000000000000000000e+00,1.000000000000000056e-01
9.961181026477262668e-01,-8.763350509321331250e-02,8.312301881641342635e-03,1.986925980302368444e+01,8.756050506992450744e-02,9.961205623555535738e-01,8.774007314527727114e-03,1.330940710194356003e+00,-9.048951839495255819e-03,-8.012118167714431249e-03,9.999269585490097034e-01,9.925817172078739425e-02,0.000000000000000000e+00,0.000000000000000000e+00,0.000000000000000000e+00,1.000000000000000056e-01
9.960179019991739491e-01,-8.852850127848543860e-02,1.053771125762248753e-02,2.079525324468600544e+01,8.844508646518337014e-02,9.960478284455096532e-01,8.135731629718406105e-03,1.400053420738358811e+00,-1.121630854292362048e-02,-7.171325565734890453e-03,9.999113793293384900e-01,9.800964493972359748e-02,0.000000000000000000e+00,0.000000000000000000e+00,0.000000000000000000e+00,1.000000000000000056e-01
9.962287088190409090e-01,-8.589228978224099087e-02,1.228308921689253569e-02,2.170770226582767748e+01,8.584981776570975442e-02,9.963002781693623966e-01,3.945188112820703814e-03,1.499257199820815067e+00,-1.257650644420097580e-02,-2.875808688813420028e-03,9.999167771420001127e-01,9.970120065121412800e-02,0.000000000000000000e+00,0.000000000000000000e+00,0.000000000000000000e+00,1.000000000000000056e-01
9.961879109670598309e-01,-8.583219526452058601e-02,1.557177893364876560e-02,2.264843252803533602e+01,8.579946067263467813e-02,9.963086058381929178e-01,2.759434913428004520e-03,1.610652564513313179e+00,-1.575114571611323233e-02,-1.412865467636855148e-03,9.998749447904973220e-01,9.852788904902194667e-02,0.000000000000000000e+00,0.000000000000000000e+00,0.000000000000000000e+00,1.000000000000000056e-01
9.966630380079688489e-01,-7.965333727580813095e-02,1.783632612261558739e-02,2.360232283164720357e+01,7.960503144487481031e-02,9.968206744823201459e-01,3.403218076003704153e-03,1.709301125191809323e+00,-1.805069631306334757e-02,-1.972000364781630478e-03,9.998351281972317484e-01,1.011410479913490285e-01,0.000000000000000000e+00,0.000000000000000000e+00,0.000000000000000000e+00,1.000000000000000056e-01
9.974021134216818352e-01,-6.999951853188202122e-02,1.700269235348259717e-02,2.451985798127910599e+01,6.995953034327828668e-02,9.975455093933431883e-01,2.936120454520400012e-03,1.790822934610238004e+00,-1.716648642298113786e-02,-1.738992374978384900e-03,9.998511327439747465e-01,9.616213001678274030e-02,0.000000000000000000e+00,0.000000000000000000e+00,0.000000000000000000e+00,1.000000000000000056e-01
9.974114847503352532e-01,-7.045628624627037206e-02,1.436112170115306542e-02,2.545587723760344545e+01,7.044044891131143182e-02,9.975146931316734022e-01,1.606282539378371069e-03,1.856845626943418370e+00,-1.443860260913914541e-02,-5.905207930307215802e-04,9.998955835685485738e-01,1.040986908421199370e-01,0.000000000000000000e+00,0.000000000000000000e+00,0.000000000000000000e+00,1.000000000000000056e-01
9.977465633834602388e-01,-6.666724198267418022e-02,7.567965573273914733e-03,2.636952826095690483e+01,6.665564499040124713e-02,9.977744612360097687e-01,1.774681972660813178e-03,1.932028371839030534e+00,-7.669435925039718056e-03,-1.266235212769181717e-03,9.999697877440986149e-01,9.725657964391015708e-02,0.000000000000000000e+00,0.000000000000000000e+00,0.000000000000000000e+00,1.000000000000000056e-01
9.978235641166491865e-01,-6.535838627618081875e-02,8.741638114272412205e-03,2.730209851161781742e+01,6.537403201349037407e-02,9.978596785296492966e-01,-1.515883572075801865e-03,2.000383893184162876e+00,-8.623852494476951999e-03,2.084060478607346455e-03,9.999606421555174984e-01,1.044746042632993394e-01,0.000000000000000000e+00,0.000000000000000000e+00,0.000000000000000000e+00,1.000000000000000056e-01
9.978968233870075810e-01,-6.422594014144063224e-02,8.772598649628994202e-03,2.825551476681830465e+01,6.426423981106287042e-02,9.979242642844800004e-01,-4.155747079098812136e-03,2.044864952238518718e+00,-8.487482290148869526e-03,4.710771192418503756e-03,9.999528845296398183e-01,1.087219028856333536e-01,0.000000000000000000e+00,0.000000000000000000e+00,0.000000000000000000e+00,1.000000000000000056e-01
9.978973622937613586e-01,-6.318561245653607494e-02,1.443719867723641803e-02,2.924531780302136497e+01,6.329771199922097635e-02,9.979669277037327424e-01,-7.443847475357012397e-03,2.106351029374069483e+00,-1.393750274680654808e-02,8.342037404923082974e-03,9.998680695117319051e-01,1.119137132771749060e-01,0.000000000000000000e+00,0.000000000000000000e+00,0.000000000000000000e+00,1.000000000000000056e-01
9.978304938458459894e-01,-6.314826478706787871e-02,1.861725559091741838e-02,3.020124197396716070e+01,6.337415156654398196e-02,9.979200382349767695e-01,-1.180314374746348552e-02,2.159143399606883840e+00,-1.783318436443399879e-02,1.295738953203688648e-02,9.997570122744522392e-01,1.103589281426102520e-01,0.000000000000000000e+00,0.000000000000000000e+00,0.000000000000000000e+00,1.000000000000000056e-01
9.978385383012101650e-01,-6.145268282157119455e-02,2.327701129732233018e-02,3.112715062966980639e+01,6.185895766341988067e-02,9.979374602270127959e-01,-1.715502353407112601e-02,2.208242009032143294e+00,-2.217477931568946972e-02,1.855783526413240514e-02,9.995818555339076594e-01,1.179316198904568486e-01,0.000000000000000000e+00,0.000000000000000000e+00,0.000000000000000000e+00,1.000000000000000056e-01
9.978411085511811329e-01,-6.314269781992611075e-02,1.805884263654340682e-02,3.209333359302529942e+01,6.349755506633890378e-02,9.977855186368422835e-01,-1.980200240392213790e-02,2.252427934260806452e+00,-1.676849981206427614e-02,2.090594438501108127e-02,9.996408149447598701e-01,1.145866079805826776e-01,0.000000000000000000e+00,0.000000000000000000e+00,0.000000000000000000e+00,1.000000000000000056e-01
9.977715292740914066e-01,-6.526275295010149080e-02,1.388338746182100729e-02,3.309795118873441311e+01,6.552057905817300354e-02,9.976702033915133550e-01,-1.900576187944454792e-02,2.309406425963896226e+00,-1.261067365063150460e-02,1.987305568126010447e-02,9.997229779133651739e-01,1.048333314182101073e-01,0.000000000000000000e+00,0.000000000000000000e+00,0.000000000000000000e+00,1.000000000000000056e-01
9.977381046093256600e-01,-6.509498630385118778e-02,1.677251825730599957e-02,3.408489335193489467e+01,6.542541643120997064e-02,9.976576458232735423e-01,-1.996839039999070628e-02,2.390305259522321535e+00,-1.543338897951443064e-02,2.102057298137010102e-02,9.996599151792282534e-01,8.950318956210905064e-02,0.000000000000000000e+00,0.000000000000000000e+00,0.000000000000000000e+00,1.000000000000000056e-01
9.976777263957564701e-01,-6.627239879872763584e-02,1.572015939030369305e-02,3.506681127705194001e+01,6.657734110823022855e-02,9.975859835174802903e-01,-1.973988704172317463e-02,2.458501127539845843e+00,-1.437400100015674871e-02,2.074065203709942948e-02,9.996815560208778262e-01,1.008819080705427723e-01,0.000000000000000000e+00,0.000000000000000000e+00,0.000000000000000000e+00,1.000000000000000056e-01
9.976704240676440572e-01,-6.667341382933301974e-02,1.443540193516279491e-02,3.603120950185833493e+01,6.693593038993496391e-02,9.975850543620401467e-01,-1.853754396674741137e-02,2.538942385662569468e+00,-1.316457988395287187e-02,1.946060640956027640e-02,9.997239512158599961e-01,1.004566962049972811e-01,0.000000000000000000e+00,0.000000000000000000e+00,0.000000000000000000e+00,1.000000000000000056e-01
9.976688412274148376e-01,-6.618731086590895485e-02,1.661695291823737236e-02,3.701226632774796599e+01,6.648348647024213132e-02,9.976260039794320189e-01,-1.795277724452019538e-02,2.598432362340361124e+00,-1.538925828974603734e-02,1.901567943487065052e-02,9.997007425549516713e-01,9.670174395860667294e-02,0.000000000000000000e+00,0.000000000000000000e+00,0.000000000000000000e+00,1.000000000000000056e-01
9.975630093908063323e-01,-6.762540806832903484e-02,1.717109427934163449e-02,3.802421335264259739e+01,6.797076436918431108e-02,9.974788278484866266e-01,-2.039517553437435529e-02,2.667101778627232189e+00,-1.574857092649628240e-02,2.151260508634640981e-02,9.996445319893326742e-01,8.645148972255595199e-02,0.000000000000000000e+00,0.000000000000000000e+00,0.000000000000000000e+00,1.000000000000000056e-01
9.974200525582603838e-01,-6.889383599088243215e-02,2.017122002107107209e-02,3.902383255050702360e+01,6.923518108880140354e-02,9.974598585495398906e-01,-1.674276804870519428e-02,2.735948384437300263e+00,-1.896650875300831540e-02,1.809613065805120921e-02,9.996563417499679804e-01,1.064692031854657245e-01,0.000000000000000000e+00,0.000000000000000000e+00,0.000000000000000000e+00,1.000000000000000056e-01
9.973537697386781753e-01,-6.961212501823783871e-02,2.096687956022607810e-02,4.003212038277791152e+01,6.990508159614274020e-02,9.974612278550838429e-01,-1.357860423111339337e-02,2.804127996229901054e+00,-1.996841393512332682e-02,1.500836354416460947e-02,9.996879570489192179e-01,9.852413336699879232e-02,0.000000000000000000e+00,0.000000000000000000e+00,0.000000000000000000e+00,1.000000000000000056e-01
9.970648985181583823e-01,-7.347088173337459893e-02,2.153178302637556718e-02,4.104279231130530547e+01,7.382282080056301599e-02,9.971424948178958525e-01,-1.603234722024472411e-02,2.888644490996546743e+00,-2.029234515827076091e-02,1.757482761403391172e-02,9.996396081400109601e-01,1.068687139247727902e-01,0.000000000000000000e+00,0.000000000000000000e+00,0.000000000000000000e+00,1.000000000000000056e-01
9.968285019614947506e-01,-7.698002332900398537e-02,2.017458018071788262e-02,4.204222382727093787e+01,7.726359160814298688e-02,9.969169306430853972e-01,-1.367372696011694491e-02,2.968671717073120053e+00,-1.905977673038986020e-02,1.518912128583260052e-02,9.997029636374756834e-01,1.183629555602850741e-01,0.000000000000000000e+00,0.000000000000000000e+00,0.000000000000000000e+00,1.000000000000000056e-01
9.969371950087493328e-01,-7.624799946557410391e-02,1.739171600460099817e-02,4.307251167123011015e+01,7.649081251034385576e-02,9.969754602890483763e-01,-1.375089753243693459e-02,3.051878718420730774e+00,-1.629063564119907423e-02,1.503908770298149032e-02,9.997541903045307210e-01,1.149939003749766708e-01,0.000000000000000000e+00,0.000000000000000000e+00,0.000000000000000000e+00,1.000000000000000056e-01
9.968745580344193780e-01,-7.730379538948800588e-02,1.628615246340078121e-02,4.412435787343724769e+01,7.751271532533027253e-02,9.969115862797182093e-01,-1.261222042902497044e-02,3.115681913878672216e+00,-1.526088157922974448e-02,1.383518556565745301e-02,9.997878240575790443e-01,1.209328287073397762e-01,0.000000000000000000e+00,0.000000000000000000e+00,0.000000000000000000e+00,1.000000000000000056e-01
9.967012855031704976e-01,-7.897337981271991547e-02,1.870167792694505185e-02,4.515857565629183767e+01,7.927228736019474586e-02,9.967274669106136464e-01,-1.581964483274823571e-02,3.211716444298093442e+00,-1.739114524722311719e-02,1.724998512774635409e-02,9.996999480244472824e-01,1.302619510694835725e-01,0.000000000000000000e+00,0.000000000000000000e+00,0.000000000000000000e+00,1.000000000000000056e-01
9.969921907586217769e-01,-7.472931527313669831e-02,2.054509686353517967e-02,4.615864239551856230e+01,7.506745752807111871e-02,9.970466818344424498e-01,-1.621083166279365523e-02,3.287258791483198994e+00,-1.927299630558630683e-02,1.770434075972140975e-02,9.996574953111032613e-01,1.295973063244887091e-01,0.000000000000000000e+00,0.000000000000000000e+00,0.000000000000000000e+00,1.000000000000000056e-01
9.960273675106303681e-01,-8.711917148519285337e-02,1.843185095363918807e-02,4.704349045453174227e+01,8.741685451203573543e-02,9.960431293411156073e-01,-1.601180937868168508e-02,3.369745197565150008e+00,-1.696398293636221244e-02,1.755945477773214469e-02,9.997018999836119191e-01,1.324797556070264060e-01,0.000000000000000000e+00,0.000000000000000000e+00,0.000000000000000000e+00,1.000000000000000056e-01
9.960944291660501770e-01,-8.727126087969479251e-02,1.340205987260939188e-02,4.798202054719473608e+01,8.749316110439354921e-02,9.960204979884631493e-01,-1.697393138829236120e-02,3.445030396267225292e+00,-1.186738995404590380e-02,1.808022708048972332e-02,9.997661078694338732e-01,1.273666328327056618e-01,0.000000000000000000e+00,0.000000000000000000e+00,0.000000000000000000e+00,1.000000000000000056e-01
9.962244208491460862e-01,-8.592083386369922526e-02,1.243035043552911771e-02,4.890380453569237318e+01,8.613113577668271570e-02,9.961299705928341464e-01,-1.750740233552787462e-02,3.529568948580351861e+00,-1.087799400634641318e-02,1.851194195339855159e-02,9.997694620518832176e-01,1.252542985731968372e-01,0.000000000000000000e+00,0.000000000000000000e+00,0.000000000000000000e+00,1.000000000000000056e-01
9.961056278698980915e-01,-8.670185581562037114e-02,1.601144353403165591e-02,4.983177428845582568e+01,8.697696249485217801e-02,9.960589157445421948e-01,-1.736791181967965378e-02,3.636564768856428653e+00,-1.444251089960425609e-02,1.869290143167893700e-02,9.997209557246363731e-01,1.217570299597855177e-01,0.000000000000000000e+00,0.000000000000000000e+00,0.000000000000000000e+00,1.000000000000000056e-01
9.963705216139343568e-01,-8.325348889076945869e-02,1.773810154134069714e-02,5.080686091503930157e+01,8.363342320958265519e-02,9.962564184783615495e-01,-2.187690935472067638e-02,3.737839626488612232e+00,-1.585036848225397990e-02,2.328100573820529595e-02,9.996033016105910773e-01,1.259514135989878714e-01,0.000000000000000000e+00,0.000000000000000000e+00,0.000000000000000000e+00,1.000000000000000056e-01
9.962698423152154259e-01,-8.334775302329398838e-02,2.235069035139174154e-02,5.171167577761636380e+01,8.391194114296844642e-02,9.961438074252569885e-01,-2.561837352236900553e-02,3.813081406741147372e+00,-2.012926791601742094e-02,2.739830276277355550e-02,9.994219056929283251e-01,1.180805807716731048e-01,0.000000000000000000e+00,0.000000000000000000e+00,0.000000000000000000e+00,1.000000000000000056e-01
9.960712121296385613e-01,-8.601788398669664437e-02,2.104908551561987876e-02,5.265798710373216096e+01,8.658835867385845930e-02,9.958538806755757866e-01,-2.788376742054766988e-02,3.921673600502436408e+00,-1.856331082430940846e-02,2.959682377970905554e-02,9.993895294195316303e-01,1.188517043118765826e-01,0.000000000000000000e+00,0.000000000000000000e+00,0.000000000000000000e+00,1.000000000000000056e-01
9.961652858487799467e-01,-8.515348472492166587e-02,2.008998031410261231e-02,5.365592499064363352e+01,8.570528064830006121e-02,9.959150691310095782e-01,-2.842146982076369094e-02,4.017836747317672597e+00,-1.758772693711790208e-02,3.003429900928251961e-02,9.993941228285296852e-01,1.461101986244906503e-01,0.000000000000000000e+00,0.000000000000000000e+00,0.000000000000000000e+00,1.000000000000000056e-01
9.957933537274128444e-01,-8.897175794745468269e-02,2.190029588957959072e-02,5.462615731875566638e+01,8.959474946293485842e-02,9.955463307160710151e-01,-2.933060289938433166e-02,4.126523046321835864e+00,-1.919316391285028067e-02,3.116937095141593048e-02,9.993298218173555236e-01,1.400876102976587601e-01,0.000000000000000000e+00,0.000000000000000000e+00,0.000000000000000000e+00,1.000000000000000056e-01
9.957188673768814224e-01,-8.902154447267277004e-02,2.488175575397344810e-02,5.556040948451219919e+01,8.974481715302562446e-02,9.955235704947855702e-01,-2.964267841278292112e-02,4.220648687774018804e+00,-2.213153731376213060e-02,3.174878279577993123e-02,9.992508242914368566e-01,1.401121392390461406e-01,0.000000000000000000e+00,0.000000000000000000e+00,0.000000000000000000e+00,1.000000000000000056e-01
9.955185080414544752e-01,-8.927932326621203230e-02,3.117855968520241369e-02,5.649791988716496149e+01,9.020284504281282645e-02,9.954838312455041027e-01,-2.958696461205440054e-02,4.297046235008854076e+00,-2.839624787007634030e-02,3.226676565601011015e-02,9.990758274230245872e-01,1.490819697780080000e-01,0.000000000000000000e+00,0.000000000000000000e+00,0.000000000000000000e+00,1.000000000000000056e-01
9.954752109328940390e-01,-8.985049117491959725e-02,3.091914704088560492e-02,5.743499453594205306e+01,9.054959980674905096e-02,9.956488301951086362e-01,-2.200402022243304334e-02,4.420702104664541388e+00,-2.880754055707983666e-02,2.470417306321642109e-02,9.992796552718937741e-01,1.416232081901628581e-01,0.000000000000000000e+00,0.000000000000000000e+00,0.000000000000000000e+00,1.000000000000000056e-01
9.953425599854268668e-01,-9.247899190172177708e-02,2.721808844313107489e-02,5.835206104505446945e+01,9.310956156657961003e-02,9.953927404089502051e-01,-2.288890312006178901e-02,4.505431518281926451e+00,-2.497594495782192586e-02,2.531656370840104642e-02,9.993674368196425739e-01,1.367941813539917950e-01,0.000000000000000000e+00,0.000000000000000000e+00,0.000000000000000000e+00,1.000000000000000056e-01
9.952299494594446516e-01,-9.477023536182464791e-02,2.315059801421325350e-02,5.926496655723620677e+01,9.521401032960592759e-02,9.952777310179703463e-01,-1.888201198692648214e-02,4.612007382550482149e+00,-2.125182194318947851e-02,2.099620511390332123e-02,9.995536601078052197e-01,1.445707172119491124e-01,0.000000000000000000e+00,0.000000000000000000e+00,0.000000000000000000e+00,1.000000000000000056e-01
9.952414804833434880e-01,-9.564662491937400701e-02,1.860426474911511252e-02,6.021038982136747819e+01,9.604627445856198098e-02,9.951353737818070533e-01,-2.192489477223827365e-02,4.711394032712060920e+00,-1.641671976836934360e-02,2.360743505075720006e-02,9.995865046719923930e-01,1.322914448188654557e-01,0.000000000000000000e+00,0.000000000000000000e+00,0.000000000000000000e+00,1.000000000000000056e-01
9.952610330853430831e-01,-9.584448343588640451e-02,1.641069824241966554e-02,6.114309012642490870e+01,9.613777192556872964e-02,9.952029801832006362e-01,-1.812614254780255812e-02,4.805832153140451091e+00,-1.459468502856388523e-02,1.961793132274723683e-02,9.997010212756276548e-01,1.240789040023199258e-01,0.000000000000000000e+00,0.000000000000000000e+00,0.000000000000000000e+00,1.000000000000000056e-01
9.950152025321647997e-01,-9.736682186500709990e-02,2.155107259008125914e-02,6.210571744410122363e+01,9.773239606161858439e-02,9.950740668842708025e-01,-1.661265103626359887e-02,4.911261989812008899e+00,-1.982739241377689393e-02,1.863607829737051400e-02,9.996297169931296356e-01,1.451345917585812328e-01,0.000000000000000000e+00,0.000000000000000000e+00,0.000000000000000000e+00,1.000000000000000056e-01
9.948734253104273284e-01,-9.880089306646776259e-02,2.156968104460403254e-02,6.302332009628778309e+01,9.918090559361171510e-02,9.949186667073607326e-01,-1.732035227351901713e-02,5.017210155615504874e+00,-1.974881203335096883e-02,1.937085869330830434e-02,9.996173039002251848e-01,1.568850049837272609e-01,0.000000000000000000e+00,0.000000000000000000e+00,0.000000000000000000e+00,1.000000000000000056e-01
9.946826080859062502e-01,-1.009880192359792900e-01,2.019725580896796630e-02,6.385485533992823548e+01,1.013199403360357381e-01,9.947228764573380344e-01,-1.614523901159550801e-02,5.104010834290789056e+00,-1.846019668696880639e-02,1.810577320174042160e-02,9.996656451609435834e-01,1.512313391225115766e-01,0.000000000000000000e+00,0.000000000000000000e+00,0.000000000000000000e+00,1.000000000000000056e-01
9.942943598717757236e-01,-1.047440940041925866e-01,2.018416950029474147e-02,6.467798437402421996e+01,1.050395054164654368e-01,9.943670171663342439e-01,-1.417524157083283921e-02,5.194398429318371591e+00,-1.858569958436032468e-02,1.621449792525208808e-02,9.996957846405034598e-01,1.477596741473221065e-01,0.000000000000000000e+00,0.000000000000000000e+00,0.000000000000000000e+00,1.000000000000000056e-01
9.944030769368601419e-01,-1.039615318983359432e-01,1.882871381311540179e-02,6.548102339274362294e+01,1.042458645029116920e-01,9.944413544452173070e-01,-1.480514448434415431e-02,5.286691787192714820e+00,-1.718488616620723539e-02,1.668509677865274293e-02,9.997131024613719052e-01,1.415372781886650722e-01,0.000000000000000000e+00,0.000000000000000000e+00,0.000000000000000000e+00,1.000000000000000056e-01
9.941282236566632013e-01,-1.071014526753142487e-01,1.543870992294681804e-02,6.628975437796523806e+01,1.073400023753931926e-01,9.941007392344943794e-01,-1.555133896108032779e-02,5.374872943527443603e+00,-1.368206195345043896e-02,1.711721613666356348e-02,9.997598722155398576e-01,1.382835351753697040e-01,0.000000000000000000e+00,0.000000000000000000e+00,0.000000000000000000e+00,1.000000000000000056e-01
9.940047186617100294e-01,-1.078220874375516863e-01,1.813881856306182733e-02,6.705158780766423376e+01,1.080943546482131673e-01,9.940310035197654770e-01,-1.476396067030490665e-02,5.466924275147202472e+00,-1.643866696058510907e-02,1.663615045907417683e-02,9.997264669530671055e-01,1.397024887283041805e-01,0.000000000000000000e+00,0.000000000000000000e+00,0.000000000000000000e+00,1.000000000000000056e-01
9.936820418991453296e-01,-1.105638674691209467e-01,1.927772853361993041e-02,6.782532039603967178e+01,1.108302091950834622e-01,9.937498221743306104e-01,-1.334000218367437096e-02,5.570403766919485911e+00,-1.768231706873626616e-02,1.539227529499973338e-02,9.997251689961215160e-01,1.435957839051123508e-01,0.000000000000000000e+00,0.000000000000000000e+00,0.000000000000000000e+00,1.000000000000000056e-01
9.930339679478836779e-01,-1.152935278158507548e-01,2.430927694229455954e-02,6.857595778596220271e+01,1.156632280552492564e-01,9.931842529780617879e-01,-1.438948617041838768e-02,5.653760263055796820e+00,-2.248457643632471165e-02,1.710093799137659548e-02,9.996009212392183985e-01,1.468481402173520689e-01,0.000000000000000000e+00,0.000000000000000000e+00,0.000000000000000000e+00,1.000000000000000056e-01
9.930541539655405314e-01,-1.151036437117841371e-01,2.438439041795200518e-02,6.927500786508484509e+01,1.154359192217049024e-01,9.932339528126867823e-01,-1.268319886801210460e-02,5.747303114506729926e+00,-2.275952207812090289e-02,1.540993784400768347e-02,9.996221976178897295e-01,1.542282968916174613e-01,0.000000000000000000e+00,0.000000000000000000e+00,0.000000000000000000e+00,1.000000000000000056e-01
9.929416997539991518e-01,-1.169452006153902796e-01,1.976362675890183662e-02,6.994031243533142117e+01,1.171115470469210468e-01,9.930906265708216996e-01,-7.476159806311704487e-03,5.839183609558631360e+00,-1.875277147292784413e-02,9.737939730704591595e-03,9.997767281207766699e-01,1.620339643536513052e-01,0.000000000000000000e+00,0.000000000000000000e+00,0.000000000000000000e+00,1.000000000000000056e-01
9.932794669572881929e-01,-1.147142615604290344e-01,1.537981520340477720e-02,7.060496661954306319e+01,1.148570184092282537e-01,9.933435710820106568e-01,-8.741573781687777753e-03,5.911798712862572636e+00,-1.427465737548918104e-02,1.044930546419063459e-02,9.998435108416359185e-01,1.651545250641669460e-01,0.000000000000000000e+00,0.000000000000000000e+00,0.000000000000000000e+00,1.000000000000000056e-01
9.935563193267783477e-01,-1.126083006369524853e-01,1.285344130894978086e-02,7.133246916147096783e+01,1.127218690398039125e-01,9.935903916696047222e-01,-8.480201767335184687e-03,6.005160419656851545e+00,-1.181611467438359493e-02,9.874421983040230361e-03,9.998814305828980231e-01,1.704736495881620517e-01,0.000000000000000000e+00,0.000000000000000000e+00,0.000000000000000000e+00,1.000000000000000056e-01
9.935294924809977557e-01,-1.130309970900454930e-01,1.109690349967488998e-02,7.202147430165636877e+01,1.131007624394803068e-01,9.935661675065385889e-01,-5.872675878767280241e-03,6.087396354804099907e+00,-1.036171347119815150e-02,7.089744931867621516e-03,9.999211820992401911e-01,1.705047937682310222e-01,0.000000000000000000e+00,0.000000000000000000e+00,0.000000000000000000e+00,1.000000000000000056e-01
9.935023929466902937e-01,-1.128506185887680618e-01,1.475578169168331386e-02,7.269333982159578511e+01,1.129184723660938000e-01,9.935968112045779899e-01,-3.846474047991272315e-03,6.175448809004903339e+00,-1.422722065998597782e-02,5.487681498279126623e-03,9.998837290125615063e-01,1.790298861300718691e-01,0.000000000000000000e+00,0.000000000000000000e+00,0.000000000000000000e+00,1.000000000000000056e-01
9.929337780272099456e-01,-1.177878696421565813e-01,1.444057539621162838e-02,7.330820553366234549e+01,1.178527697463173235e-01,9.930240895643108745e-01,-3.725883531870126213e-03,6.233521203310725234e+00,-1.390097535185406442e-02,5.401417418963233401e-03,9.998887876029679544e-01,1.794106947048620671e-01,0.000000000000000000e+00,0.000000000000000000e+00,0.000000000000000000e+00,1.000000000000000056e-01
9.924394631846537029e-01,-1.221482631782341982e-01,1.198806557777865565e-02,7.386835423440982140e+01,1.222009515243914629e-01,9.924982458901447924e-01,-3.762891377518633954e-03,6.295931062875327555e+00,-1.143850341126908567e-02,5.199394919268109962e-03,9.999210603503577710e-01,2.003165971621750363e-01,0.000000000000000000e+00,0.000000000000000000e+00,0.000000000000000000e+00,1.000000000000000056e-01
9.926221453094605796e-01,-1.208472669638249730e-01,9.859751955201114318e-03,7.447686326019443470e+01,1.209448931468282695e-01,9.926089510610698330e-01,-9.990149906033609500e-03,6.354994037847412791e+00,-8.579595733271437250e-03,1.110893067836621687e-02,9.999014862456385710e-01,2.092853663516723584e-01,0.000000000000000000e+00,0.000000000000000000e+00,0.000000000000000000e+00,1.000000000000000056e-01
9.930672252711246761e-01,-1.173429312619831272e-01,6.937043689837735054e-03,7.508405424343681034e+01,1.174312496267099354e-01,9.929808527039107879e-01,-1.410417578320477192e-02,6.414645166372818785e+00,-5.233326228943833459e-03,1.482102041897608372e-02,9.998764671949839089e-01,2.255436160574308679e-01,0.000000000000000000e+00,0.000000000000000000e+00,0.000000000000000000e+00,1.000000000000000056e-01
9.933977179303282723e-01,-1.146582842092640775e-01,3.801561916318413250e-03,7.565720387839311911e+01,1.146935584878598091e-01,9.933407120669803803e-01,-1.093697360590067599e-02,6.484793505017198534e+00,-2.522231592827867738e-03,1.130077928516045119e-02,9.999329631206985702e-01,2.376771903847640643e-01,0.000000000000000000e+00,0.000000000000000000e+00,0.000000000000000000e+00,1.000000000000000056e-01
9.942303026290479906e-01,-1.071633249544180905e-01,4.703947158009769321e-03,7.622834902743915109e+01,1.071802796896216409e-01,9.942333960459228681e-01,-3.513094454410145822e-03,6.572655232992869578e+00,-4.300346475115100937e-03,3.996995334613317671e-03,9.999827653757283885e-01,2.398806954330954810e-01,0.000000000000000000e+00,0.000000000000000000e+00,0.000000000000000000e+00,1.000000000000000056e-01
9.947608209219077624e-01,-1.018606454905587877e-01,8.678597756490791584e-03,7.677793536034832300e+01,1.019151541528188210e-01,9.947744672865925786e-01,-6.087740852172671309e-03,6.612749085509845415e+00,-8.013146247226191413e-03,6.940326715850187421e-03,9.999438090974401838e-01,2.459973872277810558e-01,0.000000000000000000e+00,0.000000000000000000e+00,0.000000000000000000e+00,1.000000000000000056e-01
9.953338453563816968e-01,-9.591281153136034521e-02,1.054840614633874470e-02,7.736161174678929342e+01,9.599411098079239923e-02,9.953537165995921532e-01,-7.490628036828951390e-03,6.656527843466260919e+00,-9.780948066812350170e-03,8.468260478313399328e-03,9.999163073074595065e-01,2.660212959880566275e-01,0.000000000000000000e+00,0.000000000000000000e+00,0.000000000000000000e+00,1.000000000000000056e-01
9.960291043055115034e-01,-8.782958237946258961e-02,1.455980203882564772e-02,7.791350809152778822e+01,8.793676881227507902e-02,9.961022194923561113e-01,-6.891517485897030726e-03,6.681427595083026638e+00,-1.389777202349646093e-02,8.144493934624491560e-03,9.998702511582849839e-01,2.759333669744620798e-01,0.000000000000000000e+00,0.000000000000000000e+00,0.000000000000000000e+00,1.000000000000000056e-01
9.969262221644146216e-01,-7.737267742084776023e-02,1.231163472970706746e-02,7.842260706713794605e+01,7.743131478914440369e-02,9.969881602831012213e-01,-4.358869732136885430e-03,6.736382161375385813e+00,-1.193729663754405923e-02,5.298777599290949505e-03,9.999147083151345150e-01,2.898673262054062838e-01,0.000000000000000000e+00,0.000000000000000000e+00,0.000000000000000000e+00,1.000000000000000056e-01
9.979000716046623198e-01,-6.411526142329208866e-02,9.202192349257821979e-03,7.893644388879356200e+01,6.411919661420382999e-02,9.979422382837427330e-01,-1.329465407338296175e-04,6.790675584949243060e+00,-9.174732527921412861e-03,7.227045430416652490e-04,9.999576500938349710e-01,2.920919469968381588e-01,0.000000000000000000e+00,0.000000000000000000e+00,0.000000000000000000e+00,1.000000000000000056e-01
9.991266705192293207e-01,-4.109261747697514483e-02,7.569217003787515052e-03,7.943735071822008820e+01,4.104659822019097321e-02,9.991383793778972899e-01,6.138047626012197583e-03,6.803143646760654306e+00,-7.814923653475054979e-03,-5.821996478870121797e-03,9.999525145352105016e-01,2.954155231630736789e-01,0.000000000000000000e+00,0.000000000000000000e+00,0.000000000000000000e+00,1.000000000000000056e-01
9.996821954484208517e-01,-2.371017350024844442e-02,8.563631006380138105e-03,7.994798184137087560e+01,2.366725953899603482e-02,9.997069931619166905e-01,5.078252560998435319e-03,6.804047861873690373e+00,-8.681528053235798570e-03,-4.873960991596289552e-03,9.999504365591893595e-01,3.171169721386278284e-01,0.000000000000000000e+00,0.000000000000000000e+00,0.000000000000000000e+00,1.000000000000000056e-01
9.999445235892412409e-01,1.424577625658492901e-03,1.043648994987062505e-02,8.045615801610261997e+01,-1.443185152240144360e-03,9.999973821997157897e-01,1.775615479732038952e-03,6.799820250579857728e+00,-1.043393312714007044e-02,-1.790578762295492706e-03,9.999439618634607951e-01,3.194967882626910671e-01,0.000000000000000000e+00,0.000000000000000000e+00,0.000000000000000000e+00,1.000000000000000056e-01
9.994717381148909841e-01,3.001067511452588932e-02,1.247413679454772301e-02,8.094933193417161021e+01,-3.002724913312286581e-02,9.995484264341594205e-01,1.143469498126550464e-03,6.821799671394087383e+00,-1.243418751250298035e-02,-1.517429460024444796e-03,9.999215411164706913e-01,3.312676348068474552e-01,0.000000000000000000e+00,0.000000000000000000e+00,0.000000000000000000e+00,1.000000000000000056e-01
9.980092457514568860e-01,6.205444842467258693e-02,1.126014321923986435e-02,8.140209245586430598e+01,-6.204612175547903619e-02,9.980726906321961689e-01,-1.087653121516247642e-03,6.753665431869733560e+00,-1.130593515426367608e-02,3.868396542785596491e-04,9.999360110453915373e-01,3.271645411527237535e-01,0.000000000000000000e+00,0.000000000000000000e+00,0.000000000000000000e+00,1.000000000000000056e-01
9.949684712722038915e-01,9.950472752529226916e-02,1.168547707074823853e-02,8.187243005587052380e+01,-9.950751892827766620e-02,9.950367508381907644e-01,-3.437413486551701113e-04,6.711837483428076290e+00,-1.166168302570861660e-02,-8.207810266189546813e-04,9.999316633988115655e-01,3.290158321698373745e-01,0.000000000000000000e+00,0.000000000000000000e+00,0.000000000000000000e+00,1.000000000000000056e-01
