9.999999999999998890e-01,-4.682451147387504771e-09,1.149723628347157763e-08,7.813292784398780598e-15,4.682451165930013862e-09,1.000000000000000000e+00,-1.612779674572811659e-09,5.974905515204902589e-15,-1.149723627591981569e-08,1.612779728408058987e-09,9.999999999999998890e-01,-2.210308620792236115e-14,0.000000000000000000e+00,0.000000000000000000e+00,0.000000000000000000e+00,1.000000000000000056e-01
9.998565644504581185e-01,-1.245213198646284367e-02,1.148019748604953844e-02,6.526694800016605846e-01,1.248466144265611769e-02,9.999182372658451667e-01,-2.766227002127882948e-03,4.266519103839270383e-03,-1.144481340997942700e-02,2.909156605745835417e-03,9.999302740960761549e-01,2.911981038230956713e-03,0.000000000000000000e+00,0.000000000000000000e+00,0.000000000000000000e+00,1.000000000000000056e-01
9.995400854485306796e-01,-1.912644933289523938e-02,2.353288162253221877e-02,1.337254216961743625e+00,1.920915847690050568e-02,9.998100622454483277e-01,-3.293579111233313397e-03,-1.487996891251322853e-03,-2.346541736584382282e-02,3.744111198779002860e-03,9.997176380454523281e-01,-1.293661681355849462e-02,0.000000000000000000e+00,0.000000000000000000e+00,0.000000000000000000e+00,1.000000000000000056e-01
9.990795730609967062e-01,-2.700837136348510983e-02,3.332498414926189645e-02,2.069082459373650984e+00,2.722672919130065053e-02,9.996105740968698194e-01,-6.115993073075106853e-03,2.040053242818243989e-02,-3.314682352503865725e-02,7.017694067028231591e-03,9.994258552089702041e-01,-3.711011552892444498e-02,0.000000000000000000e+00,0.000000000000000000e+00,0.000000000000000000e+00,1.000000000000000056e-01
9.983530651674668022e-01,-3.599867853037547888e-02,4.466824839626469534e-02,2.801141228375179537e+00,3.638621947231274883e-02,9.993066297962350797e-01,-7.893204533211021362e-03,7.018271228516460847e-02,-4.435313183120678793e-02,9.505513629315235496e-03,9.989706927169618167e-01,-7.913656859508179375e-02,0.000000000000000000e+00,0.000000000000000000e+00,0.000000000000000000e+00,1.000000000000000056e-01
9.975393311306924859e-01,-4.521020745267951418e-02,5.358469920990778512e-02,3.552071413584776405e+00,4.573751831892054059e-02,9.989159979302664194e-01,-8.654969497716498428e-03,9.765597772716723413e-02,-5.313532031856982307e-02,1.108450364543566574e-02,9.985257991226752505e-01,-1.156181549623831323e-01,0.000000000000000000e+00,0.000000000000000000e+00,0.000000000000000000e+00,1.000000000000000056e-01
9.964444652404930158e-01,-5.457127333839002781e-02,6.419037169088935568e-02,4.310644186385991894e+00,5.528267028819446038e-02,9.984268911429488025e-01,-9.357852768296681320e-03,1.540924437169013950e-01,-6.357872330736587252e-02,1.287319575136874374e-02,9.978937953378367309e-01,-1.495271507114428744e-01,0.000000000000000000e+00,0.000000000000000000e+00,0.000000000000000000e+00,1.000000000000000056e-01
9.950426530193887675e-01,-6.449962971718155302e-02,7.569621152001379527e-02,5.114512323114988490e+00,6.527259955454577101e-02,9.978371429734375075e-01,-7.779707578028827349e-03,2.235314665595965755e-01,-7.503070317895274566e-02,1.268202937049890330e-02,9.971005765275224864e-01,-2.031499270563572879e-01,0.000000000000000000e+00,0.000000000000000000e+00,0.000000000000000000e+00,1.000000000000000056e-01
9.937137345998450222e-01,-6.939935260447763210e-02,8.784499715810906162e-02,5.889255325454586298e+00,7.019117820261297491e-02,9.975157913541119470e-01,-5.953528509106810994e-03,2.927371052367875315e-01,-8.721360083242657435e-02,1.208204689856403821e-02,9.961163646746212796e-01,-2.556505997234138072e-01,0.000000000000000000e+00,0.000000000000000000e+00,0.000000000000000000e+00,1.000000000000000056e-01
9.919378145900138444e-01,-7.818139989458877670e-02,9.973485196715245471e-02,6.692773758870236733e+00,7.935784454301708646e-02,9.968150677906469914e-01,-7.877381228188644335e-03,3.546325719494901607e-01,-9.880133853280406719e-02,1.572861519811194486e-02,9.949828672736410473e-01,-3.245859623391555426e-01,0.000000000000000000e+00,0.000000000000000000e+00,0.000000000000000000e+00,1.000000000000000056e-01
9.900709337303507107e-01,-8.619227802215724543e-02,1.110425026359842943e-01,7.524565550092852995e+00,8.794224359000717139e-02,9.960653891764924550e-01,-1.094998981910399322e-02,4.246005501101250412e-01,-1.096617890364153941e-01,2.060659346019586696e-02,9.937553322278572798e-01,-4.009541520095728506e-01,0.000000000000000000e+00,0.000000000000000000e+00,0.000000000000000000e+00,1.000000000000000056e-01
9.881780825879832308e-01,-9.303431332337749882e-02,1.218552158800955132e-01,8.362844705808308632e+00,9.514665665887284129e-02,9.953954483776882300e-01,-1.161959877188767365e-02,5.180691443961230602e-01,-1.202131058552919352e-01,2.307634922228192498e-02,9.924798694619431094e-01,-4.961186718898766834e-01,0.000000000000000000e+00,0.000000000000000000e+00,0.000000000000000000e+00,1.000000000000000056e-01
9.863441268506719650e-01,-1.000588162478115439e-01,1.308185641194407889e-01,9.211010338345873905e+00,1.025072682091656695e-01,9.946586441393767686e-01,-1.210130584320185873e-02,6.326755077992517462e-01,-1.289089732775795805e-01,2.534590558459532197e-02,9.913324677819329578e-01,-5.956457369516765521e-01,0.000000000000000000e+00,0.000000000000000000e+00,0.000000000000000000e+00,1.000000000000000056e-01
9.844433746032631438e-01,-1.054435106326757077e-01,1.405450399878849510e-01,9.991414573124025367e+00,1.086682941295778471e-01,9.939580034078960846e-01,-1.544957320952171712e-02,7.364914664107167219e-01,-1.380668100982525293e-01,3.048201973041848520e-02,9.899537375162777986e-01,-6.898790326090112890e-01,0.000000000000000000e+00,0.000000000000000000e+00,0.000000000000000000e+00,1.000000000000000056e-01
9.820605571344038776e-01,-1.131227929681326294e-01,1.508651577798973686e-01,1.081946592054077705e+01,1.168279696653718169e-01,9.930249206183400235e-01,-1.589756380098411928e-02,8.458880120072921338e-01,-1.480144845098995410e-01,3.323764044014558550e-02,9.884265130161373758e-01,-8.122622324944316352e-01,0.000000000000000000e+00,0.000000000000000000e+00,0.000000000000000000e+00,1.000000000000000056e-01
9.800146418062505305e-01,-1.183790254590147695e-01,1.598677834234918937e-01,1.162552118241431565e+01,1.226451996682964840e-01,9.923040746020561631e-01,-1.705222936981160703e-02,9.591550168318110359e-01,-1.566188265940281488e-01,3.631845067635608437e-02,9.869911414479761724e-01,-9.119701344654628228e-01,0.000000000000000000e+00,0.000000000000000000e+00,0.000000000000000000e+00,1.000000000000000056e-01
9.780128356224646602e-01,-1.241600387753693246e-01,1.675564923511016491e-01,1.248751311728148750e+01,1.284540274053462550e-01,9.916021101013751116e-01,-1.499393496874658338e-02,1.097157628012135788e+00,-1.642877238294223607e-01,3.618756711633477202e-02,9.857484485329653934e-01,-1.046748000312765825e+00,0.000000000000000000e+00,0.000000000000000000e+00,0.000000000000000000e+00,1.000000000000000056e-01
9.759191865536386290e-01,-1.318338558998868593e-01,1.737860056363920991e-01,1.339016793638201008e+01,1.363672552583806430e-01,9.905543321359854270e-01,-1.435572289811948808e-02,1.229699610412486876e+00,-1.702519104438476039e-01,3.770874600407447125e-02,9.846787991345301583e-01,-1.197243945672276988e+00,0.000000000000000000e+00,0.000000000000000000e+00,0.000000000000000000e+00,1.000000000000000056e-01
9.748866850841685361e-01,-1.305077959405829824e-01,1.804540563255156160e-01,1.425789158176463722e+01,1.348031729704914916e-01,9.908033871630179679e-01,-1.169412431003500306e-02,1.366148283587697243e+00,-1.772683158454690100e-01,3.572622545164750446e-02,9.835138946716965869e-01,-1.339463613182865220e+00,0.000000000000000000e+00,0.000000000000000000e+00,0.000000000000000000e+00,1.000000000000000056e-01
9.700959399602651079e-01,-1.520936766641289850e-01,1.891596700975057277e-01,1.522805675100938849e+01,1.568346246614533701e-01,9.875715581363763151e-01,-1.026245912980949804e-02,1.607266669253190283e+00,-1.852478549940885233e-01,3.962235579666300439e-02,9.818927136613305739e-01,-1.512848823614773019e+00,0.000000000000000000e+00,0.000000000000000000e+00,0.000000000000000000e+00,1.000000000000000056e-01
9.682647122316223598e-01,-1.542466241189241472e-01,1.966505174031557002e-01,1.614928647755046853e+01,1.594604795114331619e-01,9.871445424361553478e-01,-1.086314008458858817e-02,1.777789518812203040e+00,-1.924468823363925662e-01,4.187638100921461243e-02,9.804134669579839256e-01,-1.684975158369137027e+00,0.000000000000000000e+00,0.000000000000000000e+00,0.000000000000000000e+00,1.000000000000000056e-01
9.648395930670153886e-01,-1.620642388151135871e-01,2.069293167909128095e-01,1.702977793682657648e+01,1.685800104033070845e-01,9.855866617614575942e-01,-1.413195847457122262e-02,1.944540764993699433e+00,-2.016564894633867122e-01,4.851921944120655278e-02,9.782538247316587832e-01,-1.854681326316781398e+00,0.000000000000000000e+00,0.000000000000000000e+00,0.000000000000000000e+00,1.000000000000000056e-01
9.619590450902677503e-01,-1.691194378287557143e-01,2.145539822923495932e-01,1.785532845458666884e+01,1.764997839826961123e-01,9.841774201448494352e-01,-1.557664697841418949e-02,2.089879271206531719e+00,-2.085248709940419609e-01,5.285282798029043022e-02,9.765879155259930000e-01,-2.018655743779888212e+00,0.000000000000000000e+00,0.000000000000000000e+00,0.000000000000000000e+00,1.000000000000000056e-01
9.592834660334725871e-01,-1.740068189282768796e-01,2.224788950918024644e-01,1.872584257993745638e+01,1.829007096279817446e-01,9.829309110714158360e-01,-1.985332410195315284e-02,2.241756612501578871e+00,-2.152267692746143712e-01,5.973651334634747651e-02,9.747353419061163260e-01,-2.205505183018784621e+00,0.000000000000000000e+00,0.000000000000000000e+00,0.000000000000000000e+00,1.000000000000000056e-01
9.557740560545211483e-01,-1.801457606583748150e-01,2.324724901787403875e-01,1.962388344120472183e+01,1.900064371661757956e-01,9.815676928072242236e-01,-2.055281665657440748e-02,2.422000619781191855e+00,-2.244849830356255849e-01,6.381511853721029415e-02,9.723857891997274017e-01,-2.401085955036193376e+00,0.000000000000000000e+00,0.000000000000000000e+00,0.000000000000000000e+00,1.000000000000000056e-01
9.527623831284467437e-01,-1.838894892449821628e-01,2.417198730775409754e-01,2.051711487207271389e+01,1.948567249617003672e-01,9.805835328384047145e-01,-2.206336020087463004e-02,2.587655816697834066e+00,-2.329693070612590400e-01,6.812188247085416981e-02,9.700952072327869713e-01,-2.609007704781776127e+00,0.000000000000000000e+00,0.000000000000000000e+00,0.000000000000000000e+00,1.000000000000000056e-01
9.505466977933433315e-01,-1.833638936401121577e-01,2.506764006110430154e-01,2.139293273360128822e+01,1.962399791745959854e-01,9.801799810602835894e-01,-2.714913078196602714e-02,2.785305160262198765e+00,-2.407298192740662812e-01,7.499924824823116232e-02,9.676901709093027604e-01,-2.815372637506636799e+00,0.000000000000000000e+00,0.000000000000000000e+00,0.000000000000000000e+00,1.000000000000000056e-01
9.473714486885596031e-01,-1.858995046038991739e-01,2.606313726276340836e-01,2.229202738271311190e+01,2.001682280796668600e-01,9.793301739886899338e-01,-2.907044517596505187e-02,3.001836679025434940e+00,-2.498399861455052329e-01,7.971062980122026187e-02,9.650006201135347128e-01,-3.036135549856855409e+00,0.000000000000000000e+00,0.000000000000000000e+00,0.000000000000000000e+00,1.000000000000000056e-01
9.455251363304536527e-01,-1.830490077183078990e-01,2.692123276163629342e-01,2.320380036566666604e+01,1.980153169569681126e-01,9.797613339779103203e-01,-2.928587871751637400e-02,3.210727030690993189e+00,-2.584030781893058570e-01,8.099869884861402025e-02,9.626354761627700096e-01,-3.262817875937817913e+00,0.000000000000000000e+00,0.000000000000000000e+00,0.000000000000000000e+00,1.000000000000000056e-01
9.451415874003715745e-01,-1.766720217512641189e-01,2.747624000780069520e-01,2.407829680928826122e+01,1.923506119750031385e-01,9.808371396416415422e-01,-3.097979296968941115e-02,3.402228154003167582e+00,-2.640239039161940693e-01,8.213100650743238029e-02,9.610129426448577039e-01,-3.494528557895228538e+00,0.000000000000000000e+00,0.000000000000000000e+00,0.000000000000000000e+00,1.000000000000000056e-01
9.434833320979784110e-01,-1.796457833946530636e-01,2.785077998222262319e-01,2.497343089388752801e+01,1.965522873511769963e-01,9.799114177557495253e-01,-3.377590396920830684e-02,3.583675242629113633e+00,-2.668452742514211828e-01,8.660834752169227491e-02,9.598398792242618383e-01,-3.724676195992299821e+00,0.000000000000000000e+00,0.000000000000000000e+00,0.000000000000000000e+00,1.000000000000000056e-01
9.437604948002711325e-01,-1.790316656826393404e-01,2.779636507481635377e-01,2.584015301451189117e+01,1.963865705439467035e-01,9.798778186214444075e-01,-3.566196129865953357e-02,3.775478123351329263e+00,-2.659857954183546536e-01,8.824467834707822034e-02,9.599293897881686632e-01,-3.967841032204304508e+00,0.000000000000000000e+00,0.000000000000000000e+00,0.000000000000000000e+00,1.000000000000000056e-01
9.414699372671228028e-01,-1.796310676399170414e-01,2.852490784573779026e-01,2.672743945317529679e+01,1.989386518221973876e-01,9.791966251607125971e-01,-3.996726266630588886e-02,3.965906075887013049e+00,-2.721355728922741912e-01,9.437504337702058710e-02,9.576197476839014566e-01,-4.207804161393970510e+00,0.000000000000000000e+00,0.000000000000000000e+00,0.000000000000000000e+00,1.000000000000000056e-01
9.394752091956398710e-01,-1.805257725541884462e-01,2.911988611765541912e-01,2.763456526833446603e+01,2.015942504708894134e-01,9.784899754360031343e-01,-4.378499912447560150e-02,4.139109234389485081e+00,-2.770308457264081814e-01,9.983893736896164162e-02,9.556600321773154327e-01,-4.462822005450950869e+00,0.000000000000000000e+00,0.000000000000000000e+00,0.000000000000000000e+00,1.000000000000000056e-01
9.358143783805880078e-01,-1.811528359236791452e-01,3.023823725896770953e-01,2.857194644071028478e+01,2.045942382093750567e-01,9.776958246537079678e-01,-4.745600221501396210e-02,4.337775022513295831e+00,-2.870411937469589669e-01,1.062757003811995032e-01,9.520046368588791497e-01,-4.732299101495488713e+00,0.000000000000000000e+00,0.000000000000000000e+00,0.000000000000000000e+00,1.000000000000000056e-01
9.323830433466664402e-01,-1.823595764647787387e-01,3.121006974538742540e-01,2.947473877677552068e+01,2.085397610133461477e-01,9.766107645154260553e-01,-5.236967356296569343e-02,4.526919297543707366e+00,-2.952507892556847091e-01,1.139140004748390028e-01,9.486045392784675512e-01,-5.002270006288966009e+00,0.000000000000000000e+00,0.000000000000000000e+00,0.000000000000000000e+00,1.000000000000000056e-01
9.290798013457044480e-01,-1.816310553569858710e-01,3.222124803003972304e-01,3.035018762437011119e+01,2.109318630472843958e-01,9.757684944616962230e-01,-5.816867170012016142e-02,4.711189480358526360e+00,-3.038395495698807403e-01,1.220082167145403462e-01,9.448785758875632990e-01,-5.259681821955559222e+00,0.000000000000000000e+00,0.000000000000000000e+00,0.000000000000000000e+00,1.000000000000000056e-01
9.283039494832154848e-01,-1.849794782528967896e-01,3.225435939514993411e-01,3.125920105723661280e+01,2.159782040605716658e-01,9.743769158540500630e-01,-6.279363997666981279e-02,4.900498795862535673e+00,-3.026634975424583596e-01,1.279539701456567924e-01,9.444694747737115703e-01,-5.543640326181732192e+00,0.000000000000000000e+00,0.000000000000000000e+00,0.000000000000000000e+00,1.000000000000000056e-01
9.271013136523562626e-01,-1.897186807089776828e-01,3.232490934467108779e-01,3.219885892083903656e+01,2.214137940336378119e-01,9.730830373560581670e-01,-6.391661929058964353e-02,5.112147297646158606e+00,-3.024220329865289769e-01,1.308289899064933870e-01,9.441528951204574138e-01,-5.847887086477064678e+00,0.000000000000000000e+00,0.000000000000000000e+00,0.000000000000000000e+00,1.000000000000000056e-01
9.241057218416068864e-01,-1.916156049003432116e-01,3.306237662635252983e-01,3.311482344524590360e+01,2.250759868550153142e-01,9.721240397723027726e-01,-6.569361793979119901e-02,5.348552932027448747e+00,-3.088193889652066648e-01,1.351233186961223465e-01,9.414734588631282763e-01,-6.153951033381829916e+00,0.000000000000000000e+00,0.000000000000000000e+00,0.000000000000000000e+00,1.000000000000000056e-01
9.221528471749009803e-01,-1.951836294915148540e-01,3.339722701449070463e-01,3.403401902320069183e+01,2.297579552977827011e-01,9.709422153835033376e-01,-6.695144780777118054e-02,5.573900992465592452e+00,-3.111999492683213964e-01,1.384722541330705436e-01,9.402021199777740312e-01,-6.438018029365397688e+00,0.000000000000000000e+00,0.000000000000000000e+00,0.000000000000000000e+00,1.000000000000000056e-01
9.204520287800327383e-01,-1.983312043338878727e-01,3.367978564394248919e-01,3.492939469306539735e+01,2.336406850850777095e-01,9.699891604745985996e-01,-6.732799443588778632e-02,5.812541884342408594e+00,-3.133370277954671823e-01,1.406618709858965532e-01,9.391667291078030777e-01,-6.730216650694717195e+00,0.000000000000000000e+00,0.000000000000000000e+00,0.000000000000000000e+00,1.000000000000000056e-01
9.178085188729565580e-01,-2.003712497837205342e-01,3.427519291620975683e-01,3.584033737856497481e+01,2.368870979273373922e-01,9.691717534737146478e-01,-6.775407813740332019e-02,6.036953639329907695e+00,-3.186095188781931653e-01,1.433787799110983197e-01,9.369794554585554325e-01,-7.036031044121948241e+00,0.000000000000000000e+00,0.000000000000000000e+00,0.000000000000000000e+00,1.000000000000000056e-01
9.154247083785371775e-01,-2.031973628553546962e-01,3.474311946539910823e-01,3.677481000462667993e+01,2.419121420911369003e-01,9.676635299779086097e-01,-7.145493866466370858e-02,6.279523865006061634e+00,-3.216770411436721266e-01,1.494594409173357619e-01,9.349790140541817118e-01,-7.359765460973799911e+00,0.000000000000000000e+00,0.000000000000000000e+00,0.000000000000000000e+00,1.000000000000000056e-01
9.121287294995266137e-01,-2.078069282947708207e-01,3.533234514920732816e-01,3.770574023134231822e+01,2.468548910634490445e-01,9.666097706300936787e-01,-6.876201044537844087e-02,6.522065478318832099e+00,-3.272366782309589772e-01,1.499394273536137634e-01,9.329706986530917900e-01,-7.654040217543472302e+00,0.000000000000000000e+00,0.000000000000000000e+00,0.000000000000000000e+00,1.000000000000000056e-01
9.097596105075200779e-01,-2.118011674545194623e-01,3.570402169981807816e-01,3.863377381611105221e+01,2.510935496695418934e-01,9.656434552705247532e-01,-6.696825074280551848e-02,6.770553301491545106e+00,-3.305895951229480545e-01,1.505755051730013894e-01,9.316853207163569017e-01,-7.980256212399359228e+00,0.000000000000000000e+00,0.000000000000000000e+00,0.000000000000000000e+00,1.000000000000000056e-01
9.069528460585043472e-01,-2.167486606955260076e-01,3.611876978983016295e-01,3.956515105076721284e+01,2.584275316041626525e-01,9.634355215379406534e-01,-7.076161917237133725e-02,7.038127142651128487e+00,-3.326435719134800406e-01,1.575182971137382981e-01,9.298044096147477511e-01,-8.292622178095731655e+00,0.000000000000000000e+00,0.000000000000000000e+00,0.000000000000000000e+00,1.000000000000000056e-01
9.048352208149745834e-01,-2.230385382257137616e-01,3.626665598574714822e-01,4.048607255413701722e+01,2.651919594355796050e-01,9.616338159346318193e-01,-7.023979428868293295e-02,7.302538465655087130e+00,-3.330862468242032359e-01,1.597316954055626181e-01,9.292681731660836775e-01,-8.601268071969451867e+00,0.000000000000000000e+00,0.000000000000000000e+00,0.000000000000000000e+00,1.000000000000000056e-01
9.042875879503454728e-01,-2.246725096414868283e-01,3.630237205615388096e-01,4.142829785919457208e+01,2.677795262905594553e-01,9.607536834443785034e-01,-7.243262419422977216e-02,7.580254071494905155e+00,-3.325027572495448669e-01,1.627102429457191746e-01,9.289603292186352501e-01,-8.935645291536971513e+00,0.000000000000000000e+00,0.000000000000000000e+00,0.000000000000000000e+00,1.000000000000000056e-01
9.027648314818346176e-01,-2.282975714437828763e-01,3.645488690319111380e-01,4.239502802634486045e+01,2.721808541151516381e-01,9.594603798266700956e-01,-7.316667408054311483e-02,7.846112695762333722e+00,-3.330664223435337301e-01,1.652755227362259494e-01,9.283053160957046579e-01,-9.272741842048210614e+00,0.000000000000000000e+00,0.000000000000000000e+00,0.000000000000000000e+00,1.000000000000000056e-01
8.999719044281133673e-01,-2.308496522224385283e-01,3.698094229583854808e-01,4.333978145335336762e+01,2.774766932223172167e-01,9.576016159065999789e-01,-7.749728983310802399e-02,8.143477535923050681e+00,-3.362398785962826819e-01,1.723588793240657391e-01,9.258699480811056759e-01,-9.598620043135451141e+00,0.000000000000000000e+00,0.000000000000000000e+00,0.000000000000000000e+00,1.000000000000000056e-01
8.987295058432847039e-01,-2.290571851908602130e-01,3.739225604842870143e-01,4.425128461699378590e+01,2.770186078401203900e-01,9.575935019900287948e-01,-7.921726994029926194e-02,8.418188567913395204e+00,-3.399205292961972602e-01,1.747784050130696265e-01,9.240706373995878353e-01,-9.926708635015476290e+00,0.000000000000000000e+00,0.000000000000000000e+00,0.000000000000000000e+00,1.000000000000000056e-01
8.950765160347453619e-01,-2.425569504888471506e-01,3.741712926089509894e-01,4.505527551349249649e+01,2.921785857036515166e-01,9.529093314418539684e-01,-8.121256126519457719e-02,8.679495751942946313e+00,-3.368526450828555063e-01,1.820162954808991207e-01,9.237967112303949735e-01,-1.021350738529288904e+01,0.000000000000000000e+00,0.000000000000000000e+00,0.000000000000000000e+00,1.000000000000000056e-01
8.954814405878486205e-01,-2.447137840345276483e-01,3.717904698431817589e-01,4.590569377459659961e+01,2.953459528090268127e-01,9.516005164932700433e-01,-8.501308822216632755e-02,8.948435277524140474e+00,-3.329921286187398355e-01,1.859344532711576237e-01,9.244158270847142589e-01,-1.052765588413890541e+01,0.000000000000000000e+00,0.000000000000000000e+00,0.000000000000000000e+00,1.000000000000000056e-01
8.947948211238210270e-01,-2.455468564638788320e-01,3.728927049041003694e-01,4.673887604163627429e+01,2.974030157492370541e-01,9.507243516579476639e-01,-8.760509909722280497e-02,9.225890106449654127e+00,-3.330070184143995582e-01,1.892880039656038016e-01,9.237296017999365727e-01,-1.083296500096255421e+01,0.000000000000000000e+00,0.000000000000000000e+00,0.000000000000000000e+00,1.000000000000000056e-01
8.919135577079341237e-01,-2.483982104824002113e-01,3.778737019242233708e-01,4.757204016279786174e+01,3.018966155301119336e-01,9.492139111087658510e-01,-8.860803851267573528e-02,9.529791172042196834e+00,-3.366728963077357251e-01,1.931095025801196630e-01,9.216073355312550675e-01,-1.113907290074179635e+01,0.000000000000000000e+00,0.000000000000000000e+00,0.000000000000000000e+00,1.000000000000000056e-01
8.909559840730734148e-01,-2.458378056361650299e-01,3.817868616969113948e-01,4.845084487852675181e+01,3.022453382186755522e-01,9.485280335300814158e-01,-9.456386800800452297e-02,9.840919691857900276e+00,-3.388881673494367752e-01,1.996455432198575575e-01,9.194000582461304694e-01,-1.145517627829628360e+01,0.000000000000000000e+00,0.000000000000000000e+00,0.000000000000000000e+00,1.000000000000000056e-01
8.880311963073612702e-01,-2.466312941635582789e-01,3.880381413265006629e-01,4.926437076109350244e+01,3.062685723954836070e-01,9.467677031810871613e-01,-9.914876588259330381e-02,1.011547417318733011e+01,-3.429287913660054588e-01,2.068910847581820756e-01,9.162946704525970487e-01,-1.176293787337113628e+01,0.000000000000000000e+00,0.000000000000000000e+00,0.000000000000000000e+00,1.000000000000000056e-01
8.867526738540407738e-01,-2.504437419078160976e-01,3.885197904250444201e-01,5.011181556412637406e+01,3.121385716048344361e-01,9.443626960421820371e-01,-1.036755054988153790e-01,1.043413513101679158e+01,-3.409387152102308360e-01,2.132065441377268278e-01,9.155892976698911667e-01,-1.207174245114080691e+01,0.000000000000000000e+00,0.000000000000000000e+00,0.000000000000000000e+00,1.000000000000000056e-01
8.862420567107281988e-01,-2.517442393645973886e-01,3.888442552795125517e-01,5.101716543365383671e+01,3.146603454319374937e-01,9.432090999434342704e-01,-1.065150730955502778e-01,1.075351900101464508e+01,-3.399468839830602218e-01,2.167520051363699130e-01,9.151255019611085340e-01,-1.237529586571026030e+01,0.000000000000000000e+00,0.000000000000000000e+00,0.000000000000000000e+00,1.000000000000000056e-01
8.835284186551904950e-01,-2.569926697394029902e-01,3.915766861406237975e-01,5.188166193839209228e+01,3.219157757694621202e-01,9.404583752266343355e-01,-1.091250556784480602e-01,1.108475500528025215e+01,-3.402172346301753914e-01,2.224698005714329518e-01,9.136516957212430512e-01,-1.269805292525070328e+01,0.000000000000000000e+00,0.000000000000000000e+00,0.000000000000000000e+00,1.000000000000000056e-01
8.813463021849098356e-01,-2.590870492742700093e-01,3.950982112378358946e-01,5.271724960357465051e+01,3.257392981900099627e-01,9.389305712575524154e-01,-1.109202054300574281e-01,1.139622770217309444e+01,-3.422318004506089140e-01,2.264581269381126249e-01,9.119178205869300502e-01,-1.300490683753152510e+01,0.000000000000000000e+00,0.000000000000000000e+00,0.000000000000000000e+00,1.000000000000000056e-01
8.778227843000315778e-01,-2.614066412635057124e-01,4.013648306305288016e-01,5.356150967310603761e+01,3.301417906194979435e-01,9.373127746805655081e-01,-1.115847682579078626e-01,1.169370636166141963e+01,-3.470353835710298651e-01,2.304589558336847532e-01,9.090957662566446773e-01,-1.330692289907448433e+01,0.000000000000000000e+00,0.000000000000000000e+00,0.000000000000000000e+00,1.000000000000000056e-01
8.766677551275348090e-01,-2.670465946962498616e-01,4.001746660906779218e-01,5.438935858865727369e+01,3.339641632129128346e-01,9.365330974029548727e-01,-1.066475276709520359e-01,1.204140074676887018e+01,-3.462969604387939326e-01,2.271384461731751903e-01,9.102123606394763033e-01,-1.361516004079728148e+01,0.000000000000000000e+00,0.000000000000000000e+00,0.000000000000000000e+00,1.000000000000000056e-01
8.766123141070468749e-01,-2.714864898159374818e-01,3.972982967535969023e-01,5.520666096499714826e+01,3.394929317234434141e-01,9.340604304844494221e-01,-1.107955843570786053e-01,1.234954511966541624e+01,-3.410211138121944097e-01,2.320047371297104255e-01,9.109766198337169163e-01,-1.391992283837277533e+01,0.000000000000000000e+00,0.000000000000000000e+00,0.000000000000000000e+00,1.000000000000000056e-01
8.766719728568658221e-01,-2.774844159834185531e-01,3.929995558440135817e-01,5.601973561251807610e+01,3.445752846093619315e-01,9.322414772876070899e-01,-1.104250934389330030e-01,1.267963698170682996e+01,-3.357292439505799031e-01,2.322245183243169253e-01,9.128842466848745563e-01,-1.420661182805386780e+01,0.000000000000000000e+00,0.000000000000000000e+00,0.000000000000000000e+00,1.000000000000000056e-01
8.775576510642491002e-01,-2.796616432607562097e-01,3.894636495840032575e-01,5.685561259006226464e+01,3.483304085641785730e-01,9.300357196071127319e-01,-1.170448064819295808e-01,1.301602834568802969e+01,-3.294821626857972197e-01,2.383755976260436282e-01,9.135746159610151906e-01,-1.452267516336836728e+01,0.000000000000000000e+00,0.000000000000000000e+00,0.000000000000000000e+00,1.000000000000000056e-01
8.775425995295972337e-01,-2.837212766498354855e-01,3.865504148064318191e-01,5.768172414685884775e+01,3.516604573107489085e-01,9.288396965580504316e-01,-1.165836217568477495e-01,1.334723304322478832e+01,-3.259661159918803008e-01,2.382415901435689654e-01,9.148699557593045206e-01,-1.483008285406626747e+01,0.000000000000000000e+00,0.000000000000000000e+00,0.000000000000000000e+00,1.000000000000000056e-01
8.744369374389654448e-01,-2.878615749942406987e-01,3.905070499801482353e-01,5.854284385792374223e+01,3.571026865228330571e-01,9.267758307389613037e-01,-1.164655779030157601e-01,1.369690086028599474e+01,-3.283865309669963817e-01,2.412929199125894986e-01,9.132031609009676476e-01,-1.511659378404332976e+01,0.000000000000000000e+00,0.000000000000000000e+00,0.000000000000000000e+00,1.000000000000000056e-01
8.734566075367924398e-01,-2.913127576336587143e-01,3.901415537855345006e-01,5.935896870785694546e+01,3.618784090363997841e-01,9.244849353958402016e-01,-1.198816970994045494e-01,1.403942599815943737e+01,-3.257569213748220394e-01,2.458952652370974268e-01,9.129172726541959770e-01,-1.539472391635732507e+01,0.000000000000000000e+00,0.000000000000000000e+00,0.000000000000000000e+00,1.000000000000000056e-01
8.727670716067404966e-01,-2.961967409538005525e-01,3.880014553675565914e-01,6.009414706136850981e+01,3.671595532892492075e-01,9.221304709208754113e-01,-1.219395630125166413e-01,1.434566852141964333e+01,-3.216698635984319710e-01,2.488832763517703772e-01,9.135565738392859014e-01,-1.566230031307143733e+01,0.000000000000000000e+00,0.000000000000000000e+00,0.000000000000000000e+00,1.000000000000000056e-01
8.710733579767020451e-01,-3.027205480218583822e-01,3.867705713062176143e-01,6.082128664503135695e+01,3.740432194318913939e-01,9.192262481050539336e-01,-1.229421603508409899e-01,1.465566060713290497e+01,-3.183125429828648212e-01,2.517605501266067525e-01,9.139440630474767735e-01,-1.592237416814683293e+01,0.000000000000000000e+00,0.000000000000000000e+00,0.000000000000000000e+00,1.000000000000000056e-01
8.713906838673997068e-01,-3.043899588869107276e-01,3.847402097492933493e-01,6.152838294998265667e+01,3.765668134110658483e-01,9.176616285130352324e-01,-1.268643787366638687e-01,1.496508924503520532e+01,-3.144450844051166483e-01,2.554288325221507616e-01,9.142649508812148440e-01,-1.617591663417308112e+01,0.000000000000000000e+00,0.000000000000000000e+00,0.000000000000000000e+00,1.000000000000000056e-01
8.713108101635747005e-01,-3.095651306762923216e-01,3.807714563376108918e-01,6.224221061442703018e+01,3.824227125628655299e-01,9.145758652663019683e-01,-1.315441203112285296e-01,1.527454181455885873e+01,-3.075229113548370030e-01,2.602314672397731399e-01,9.152645751093395621e-01,-1.642713500712046937e+01,0.000000000000000000e+00,0.000000000000000000e+00,0.000000000000000000e+00,1.000000000000000056e-01
8.696335036468734181e-01,-3.129711289433154686e-01,3.818201694290258574e-01,6.291407100068817471e+01,3.868393141575120486e-01,9.124888501758017245e-01,-1.331143993976199313e-01,1.557670930144633381e+01,-3.067456835181371355e-01,2.634637940074308626e-01,9.146004126886237984e-01,-1.665582626645611697e+01,0.000000000000000000e+00,0.000000000000000000e+00,0.000000000000000000e+00,1.000000000000000056e-01
8.679140773590399149e-01,-3.184655516110128093e-01,3.811887285310255891e-01,6.359471041213465270e+01,3.929001558909046010e-01,9.096793489120997833e-01,-1.345843589120265804e-01,1.589535925140616257e+01,-3.038990322836013780e-01,2.665767705557851031e-01,9.146486776774669369e-01,-1.688110589681206264e+01,0.000000000000000000e+00,0.000000000000000000e+00,0.000000000000000000e+00,1.000000000000000056e-01
8.641659540797912431e-01,-3.246600543497623059e-01,3.844646315579282048e-01,6.425840201845434763e+01,4.013122466376459752e-01,9.055904666545687709e-01,-1.373112792271835303e-01,1.619091629286388212e+01,-3.035880177279882686e-01,2.729500976625026665e-01,9.128705054267122199e-01,-1.710149117787371154e+01,0.000000000000000000e+00,0.000000000000000000e+00,0.000000000000000000e+00,1.000000000000000056e-01
8.638276313307433618e-01,-3.277958522638399486e-01,3.825594105340242579e-01,6.487430066534395223e+01,4.045339272030285538e-01,9.039080837340545127e-01,-1.389333577724384261e-01,1.648309719332590717e+01,-3.002567652713458712e-01,2.747727340891966685e-01,9.134253223498545182e-01,-1.729713166910865851e+01,0.000000000000000000e+00,0.000000000000000000e+00,0.000000000000000000e+00,1.000000000000000056e-01
8.644767998607604254e-01,-3.341691233158200491e-01,3.755141269311116359e-01,6.545991615004052733e+01,4.089225625807083597e-01,9.019620200205659133e-01,-1.387330250980166324e-01,1.676601074423964377e+01,-2.923391871010887488e-01,2.734876806416635109e-01,9.163745349049798872e-01,-1.747975392096740066e+01,0.000000000000000000e+00,0.000000000000000000e+00,0.000000000000000000e+00,1.000000000000000056e-01
8.666290838222036053e-01,-3.347008519193270804e-01,3.700396881389409476e-01,6.604750887750297750e+01,4.096316593959632435e-01,9.007077913372040223e-01,-1.446629815984907808e-01,1.703334731905066946e+01,-2.848788070285284135e-01,2.769491187004075039e-01,9.176836333710381988e-01,-1.766833685952676092e+01,0.000000000000000000e+00,0.000000000000000000e+00,0.000000000000000000e+00,1.000000000000000056e-01
8.680072847028434957e-01,-3.358374302353167584e-01,3.657548005915105538e-01,6.668766318899382384e+01,4.106982163641867967e-01,8.995671051185609723e-01,-1.486808611216909881e-01,1.734108609816350111e+01,-2.790883888270390134e-01,2.792709147790917168e-01,9.187586339079359954e-01,-1.786628020390348581e+01,0.000000000000000000e+00,0.000000000000000000e+00,0.000000000000000000e+00,1.000000000000000056e-01
8.681747280041319792e-01,-3.400042227550397200e-01,3.614827384034994262e-01,6.729354495639694278e+01,4.141647229854107382e-01,8.976999847587477932e-01,-1.503406784558388443e-01,1.762976397698607656e+01,-2.733865832285290454e-01,2.802353758412475804e-01,9.201781948284502022e-01,-1.805726971874048559e+01,0.000000000000000000e+00,0.000000000000000000e+00,0.000000000000000000e+00,1.000000000000000056e-01
8.666390463455433402e-01,-3.432507352827289249e-01,3.620990141897007519e-01,6.788530518356958510e+01,4.178915461789777797e-01,8.958716546158655980e-01,-1.509325481398053059e-01,1.791964189896270199e+01,-2.725865348498169305e-01,2.821221564920013414e-01,9.198389368986683579e-01,-1.823098416208443240e+01,0.000000000000000000e+00,0.000000000000000000e+00,0.000000000000000000e+00,1.000000000000000056e-01
8.648290304233494652e-01,-3.504814755526104997e-01,3.594905887940241240e-01,6.842977388817000417e+01,4.255998158856229563e-01,8.916061854697824307e-01,-1.546066193607108785e-01,1.816703409392788870e+01,-2.663372765031832290e-01,2.867074211221062319e-01,9.202517643658055801e-01,-1.840007812904607576e+01,0.000000000000000000e+00,0.000000000000000000e+00,0.000000000000000000e+00,1.000000000000000056e-01
8.639469378389437182e-01,-3.572702338945002443e-01,3.548995189792198413e-01,6.893063783151467305e+01,4.324042625726048361e-01,8.875194927735551298e-01,-1.591719311185651742e-01,1.840008165821989650e+01,-2.581128480098468514e-01,2.909761672713773173e-01,9.212549200803787919e-01,-1.853070809020163878e+01,0.000000000000000000e+00,0.000000000000000000e+00,0.000000000000000000e+00,1.000000000000000056e-01
8.652061943998829996e-01,-3.570429939146991249e-01,3.520490614509575455e-01,6.947186895305569010e+01,4.340817855367239964e-01,8.847894175913376680e-01,-1.694717970154062947e-01,1.864908401540595051e+01,-2.509805662542849425e-01,2.994461337449686456e-01,9.205111451513603438e-01,-1.868414198195158349e+01,0.000000000000000000e+00,0.000000000000000000e+00,0.000000000000000000e+00,1.000000000000000056e-01
8.674489251580899118e-01,-3.556956724894538291e-01,3.478691576072098779e-01,7.001413535604727656e+01,4.336285943397696907e-01,8.833130838021230335e-01,-1.781129926616781822e-01,1.889898869589631047e+01,-2.439233576617665655e-01,3.053499378684377263e-01,9.204687995965703529e-01,-1.882736351112839301e+01,0.000000000000000000e+00,0.000000000000000000e+00,0.000000000000000000e+00,1.000000000000000056e-01
8.691823122166859594e-01,-3.575688992623359264e-01,3.415649139036048831e-01,7.052136962253699437e+01,4.339399884408329244e-01,8.827490044991174178e-01,-1.801396166527146625e-01,1.915018742330650525e+01,-2.371037632801835937e-01,3.047928433151583238e-01,9.224332648502199250e-01,-1.895937615837893020e+01,0.000000000000000000e+00,0.000000000000000000e+00,0.000000000000000000e+00,1.000000000000000056e-01
8.711339637670090230e-01,-3.565007318883270382e-01,3.376874965625269454e-01,7.101872280361651235e+01,4.307556867396453160e-01,8.849461493898987952e-01,-1.769741535407008681e-01,1.942066828760585651e+01,-2.357438345175458805e-01,2.996290053434048639e-01,9.244713644261166596e-01,-1.909235055960216698e+01,0.000000000000000000e+00,0.000000000000000000e+00,0.000000000000000000e+00,1.000000000000000056e-01
8.716359900777916891e-01,-3.539417557246410384e-01,3.390810144429594608e-01,7.151020482721688154e+01,4.299230349215890090e-01,8.843146290406185273e-01,-1.820819071422623281e-01,1.964081054993605235e+01,-2.354079116022188833e-01,3.044878822208065827e-01,9.229681710307079401e-01,-1.922577814141148167e+01,0.000000000000000000e+00,0.000000000000000000e+00,0.000000000000000000e+00,1.000000000000000056e-01
8.730455511036824268e-01,-3.513246294122797098e-01,3.381752067588512656e-01,7.203614290749337101e+01,4.281750902731276121e-01,8.841694258969631237e-01,-1.868435665968559700e-01,1.987509393400761226e+01,-2.333614316198512617e-01,3.079211442518344222e-01,9.223486386150165917e-01,-1.935115458589846327e+01,0.000000000000000000e+00,0.000000000000000000e+00,0.000000000000000000e+00,1.000000000000000056e-01
8.744343523099484816e-01,-3.474608654856490286e-01,3.385786621396046914e-01,7.253496190378309905e+01,4.249605801504805491e-01,8.852490541964219695e-01,-1.890571801400502405e-01,2.008484152954733659e+01,-2.340364689924368524e-01,3.092006775547300745e-01,9.217493543156122238e-01,-1.947993769167569766e+01,0.000000000000000000e+00,0.000000000000000000e+00,0.000000000000000000e+00,1.000000000000000056e-01
8.786984646935438459e-01,-3.423247357861952112e-01,3.327202780326447562e-01,7.298812913642146327e+01,4.184517004847578270e-01,8.877759574920205399e-01,-1.917081731709441850e-01,2.030859983209860786e+01,-2.297546136786448590e-01,3.076810435630342733e-01,9.233337386478080999e-01,-1.958295326347923648e+01,0.000000000000000000e+00,0.000000000000000000e+00,0.000000000000000000e+00,1.000000000000000056e-01
8.841153189272656920e-01,-3.352349674646070143e-01,3.255113199677441838e-01,7.344190436662293564e+01,4.092518991204771028e-01,8.917347734778822144e-01,-1.931889666534631622e-01,2.053717280329159678e+01,-2.255060662253280945e-01,3.040174507480680743e-01,9.255919207384126768e-01,-1.969517888054089028e+01,0.000000000000000000e+00,0.000000000000000000e+00,0.000000000000000000e+00,1.000000000000000056e-01
8.921270042172775305e-01,-3.199773511060040043e-01,3.189418491284747859e-01,7.389584613658490753e+01,3.915133057852668852e-01,8.998424874334047807e-01,-1.923559960145636016e-01,2.072428108981703687e+01,-2.254478647922793788e-01,2.964759561732581705e-01,9.280491730893112301e-01,-1.981234344279305404e+01,0.000000000000000000e+00,0.000000000000000000e+00,0.000000000000000000e+00,1.000000000000000056e-01
8.973557140699014445e-01,-3.073184813949570993e-01,3.167144982775411677e-01,7.436766963749829529e+01,3.792499676878086090e-01,9.040022344554985434e-01,-1.973560794813832842e-01,2.090218042525433972e+01,-2.256594434870682064e-01,2.972125688670709254e-01,9.277620947595042189e-01,-1.991517940566950884e+01,0.000000000000000000e+00,0.000000000000000000e+00,0.000000000000000000e+00,1.000000000000000056e-01
9.043836944177543469e-01,-2.869266230212320634e-01,3.158532036768435525e-01,7.483274681660122951e+01,3.600935996823826368e-01,9.103134998223505470e-01,-2.041125461821670650e-01,2.108006714488682576e+01,-2.289601116768547051e-01,2.983327756764501681e-01,9.265931265761186975e-01,-2.003394447570782688e+01,0.000000000000000000e+00,0.000000000000000000e+00,0.000000000000000000e+00,1.000000000000000056e-01
9.118497615726438577e-01,-2.640898317277172724e-01,3.143033138513472435e-01,7.527965481205094989e+01,3.376767256204722401e-01,9.179009227801626647e-01,-2.084042344424946180e-01,2.127608147637246816e+01,-2.334618626117525853e-01,2.961662653601046524e-01,9.261647272318781487e-01,-2.012983685429344405e+01,0.000000000000000000e+00,0.000000000000000000e+00,0.000000000000000000e+00,1.000000000000000056e-01
9.205627723025745501e-01,-2.373403982336654838e-01,3.102155986034283996e-01,7.571127094545138903e+01,3.112145464341338208e-01,9.256178300643368440e-01,-2.153535204141897863e-01,2.138058707387157042e+01,-2.360289989352890860e-01,2.947900405937649015e-01,9.259531001235061787e-01,-2.025619479632869968e+01,0.000000000000000000e+00,0.000000000000000000e+00,0.000000000000000000e+00,1.000000000000000056e-01
