1.000000000000000000e+00,-5.083776122795201208e-11,3.383684604880969002e-11,2.577215667347896051e-18,5.083776122832995607e-11,1.000000000000000000e+00,-1.116952687026335478e-11,1.207648175835207685e-17,-3.383684604824185638e-11,1.116952687198354471e-11,1.000000000000000000e+00,-1.099144105704629295e-17,0.000000000000000000e+00,0.000000000000000000e+00,0.000000000000000000e+00,1.000000000000000056e-01
9.999918497839137554e-01,-4.034624033533897557e-03,-1.489115658173606276e-04,6.556257978521949914e-01,4.034169062336927063e-03,9.999875448369546227e-01,-2.938647807448669953e-03,7.035188011812118503e-03,1.607660501695530944e-04,2.938023122402193526e-03,9.999956710778349356e-01,2.036336022014832801e-03,0.000000000000000000e+00,0.000000000000000000e+00,0.000000000000000000e+00,1.000000000000000056e-01
9.999528108335330456e-01,-9.441024246922516405e-03,-2.289796341465737389e-03,1.325920479283237308e+00,9.437785951966520120e-03,9.999544535333140249e-01,-1.420934627720655402e-03,9.474489436493382238e-03,2.303107127606555515e-03,1.399256967255619547e-03,9.999963688821567054e-01,6.196905050785144267e-03,0.000000000000000000e+00,0.000000000000000000e+00,0.000000000000000000e+00,1.000000000000000056e-01
9.998839455314642022e-01,-1.507346355365161809e-02,-2.210467129080354726e-03,2.043408328423729881e+00,1.507175342640746339e-02,9.998861039467255019e-01,-7.882784354026480759e-04,4.480942249089948665e-04,2.222097451864630917e-03,7.548713366410913627e-04,9.999972462222981306e-01,4.868047215906024308e-03,0.000000000000000000e+00,0.000000000000000000e+00,0.000000000000000000e+00,1.000000000000000056e-01
9.997878594369663530e-01,-2.015826519972402711e-02,-4.228530073951406940e-03,2.738284143065015552e+00,2.015927776051211137e-02,9.997967617086856995e-01,1.969695412129354067e-04,8.831753821414755137e-03,4.223700110476368008e-03,-2.821718682630272373e-04,9.999910403280688476e-01,1.011650452037729520e-02,0.000000000000000000e+00,0.000000000000000000e+00,0.000000000000000000e+00,1.000000000000000056e-01
9.996804145868145586e-01,-2.454840892818940454e-02,-6.036912342319217424e-03,3.444254865083113959e+00,2.454774060630767266e-02,9.996986417336499731e-01,-1.847891250792327604e-04,1.064330959817681548e-02,6.039629347889556056e-03,3.653751092807276462e-05,9.999817606048374552e-01,2.484528616537703960e-02,0.000000000000000000e+00,0.000000000000000000e+00,0.000000000000000000e+00,1.000000000000000056e-01
9.995122625059027488e-01,-3.029967073383599274e-02,-7.560889746087472510e-03,4.165172070973746976e+00,3.030046564813157484e-02,9.995408354303338960e-01,-9.420004587424232463e-06,4.557246711788402738e-02,7.557703476438228096e-03,-2.196830699226413300e-04,9.999714160202335389e-01,4.307521940382998127e-02,0.000000000000000000e+00,0.000000000000000000e+00,0.000000000000000000e+00,1.000000000000000056e-01
9.993577818523043943e-01,-3.484980589474923063e-02,-8.337558416005631107e-03,4.933991828968808946e+00,3.487774995248990595e-02,9.993863667028912712e-01,3.229954588803667873e-03,7.407314587523775029e-02,8.219878922076317984e-03,-3.518675530998227347e-03,9.999600254575249370e-01,5.493400320080368826e-02,0.000000000000000000e+00,0.000000000000000000e+00,0.000000000000000000e+00,1.000000000000000056e-01
9.992576738837373185e-01,-3.792500363075011760e-02,-6.767221296068283085e-03,5.704658579419199960e+00,3.795156571329139084e-02,9.992721986270628465e-01,3.840795613622707914e-03,1.100669293376732860e-01,6.616633915526424006e-03,-4.094771134445608814e-03,9.999697260442360625e-01,6.000911258782921226e-02,0.000000000000000000e+00,0.000000000000000000e+00,0.000000000000000000e+00,1.000000000000000056e-01
9.990597168919759241e-01,-4.307474671322237408e-02,-4.924254188872486532e-03,6.498353247178863867e+00,4.309409265817609053e-02,9.990634352928811079e-01,3.892484907585307564e-03,1.646863256915221674e-01,4.751974504711027267e-03,-4.101031136066149441e-03,9.999802999469177278e-01,7.094723871385663627e-02,0.000000000000000000e+00,0.000000000000000000e+00,0.000000000000000000e+00,1.000000000000000056e-01
9.988206678900557467e-01,-4.845322421205811719e-02,-3.091675778448797068e-03,7.323874078173211899e+00,4.846120094145519447e-02,9.988217864023771764e-01,2.559494339877452836e-03,1.997018542570188626e-01,2.964017370887611635e-03,-2.706302167162451689e-03,9.999919452323628999e-01,9.103564752611562061e-02,0.000000000000000000e+00,0.000000000000000000e+00,0.000000000000000000e+00,1.000000000000000056e-01
9.987383487783478841e-01,-5.015207213789778934e-02,-2.545651149338743098e-03,8.140458676912784242e+00,5.015972928568229044e-02,9.987365852720766490e-01,3.038880889232412411e-03,2.467755391996683256e-01,2.390028762609250693e-03,-3.162736053952674986e-03,9.999921424007125470e-01,1.057469525467440441e-01,0.000000000000000000e+00,0.000000000000000000e+00,0.000000000000000000e+00,1.000000000000000056e-01
9.985785970655951527e-01,-5.319735975064258937e-02,-3.290349231999229861e-03,8.987817660396885344e+00,5.320768268464330653e-02,9.985785512098015460e-01,3.133618844743750985e-03,2.977286522588801221e-01,3.118971920058848015e-03,-3.304236567580400540e-03,9.999896769641510863e-01,1.143655422479486483e-01,0.000000000000000000e+00,0.000000000000000000e+00,0.000000000000000000e+00,1.000000000000000056e-01
9.985867829593226830e-01,-5.306002482854867142e-02,-3.011754330031006163e-03,9.668527386183166428e+00,5.307493434008055122e-02,9.985774705620553693e-01,5.107507286679641677e-03,3.801407233735426550e-01,2.736465557393465142e-03,-5.260137933661570599e-03,9.999824211980788968e-01,1.319338995137816217e-01,0.000000000000000000e+00,0.000000000000000000e+00,0.000000000000000000e+00,1.000000000000000056e-01
9.983189542536833327e-01,-5.785712952345042209e-02,-3.437752338206213985e-03,1.042313141241841024e+01,5.787518280356902106e-02,9.983091838982565136e-01,5.407084228169546126e-03,4.442367661416300462e-01,3.119101358665556881e-03,-5.596955217234887876e-03,9.999794724388149092e-01,1.384391540059937697e-01,0.000000000000000000e+00,0.000000000000000000e+00,0.000000000000000000e+00,1.000000000000000056e-01
9.981747144905290803e-01,-6.026252313597848381e-02,-3.958239133309730123e-03,1.125030901313144760e+01,6.027777500928387794e-02,9.981742016004218065e-01,3.853971885031232201e-03,4.956759937276002392e-01,3.718762116747880483e-03,-4.085531133906162952e-03,9.999847395053951260e-01,1.593822351531808124e-01,0.000000000000000000e+00,0.000000000000000000e+00,0.000000000000000000e+00,1.000000000000000056e-01
9.979678648525366347e-01,-6.351632289388585428e-02,-5.081087256559708130e-03,1.214210509507497804e+01,6.353963637249225582e-02,9.979688684819327804e-01,4.566415502580405128e-03,5.607698835230462420e-01,4.780724978557317727e-03,-4.879986365798397868e-03,9.999766649286117026e-01,1.721451626331749196e-01,0.000000000000000000e+00,0.000000000000000000e+00,0.000000000000000000e+00,1.000000000000000056e-01
9.978256448153423053e-01,-6.557191455375280253e-02,-6.656318096496013047e-03,1.304109934719542352e+01,6.561725559550107834e-02,9.978214328737815553e-01,6.838411060186708884e-03,6.391164140383119863e-01,6.193409154987333277e-03,-7.260311251505910043e-03,9.999544637450098472e-01,1.849804201168853413e-01,0.000000000000000000e+00,0.000000000000000000e+00,0.000000000000000000e+00,1.000000000000000056e-01
9.979731799079024634e-01,-6.284728290359618830e-02,-9.987553060916405309e-03,1.391639610125097626e+01,6.294575427126448963e-02,9.979681315431636612e-01,9.871192606180748813e-03,7.023629768949711805e-01,9.346882032574421392e-03,-1.047985953541723594e-02,9.999013993091454555e-01,1.905415069204580147e-01,0.000000000000000000e+00,0.000000000000000000e+00,0.000000000000000000e+00,1.000000000000000056e-01
9.969695669077229816e-01,-7.747141018174037719e-02,-7.061392517042364321e-03,1.488474109889199859e+01,7.753605606296186392e-02,9.969452967721040837e-01,9.393362240573461044e-03,7.905057545297012878e-01,6.312105039401975752e-03,-9.912408810875858803e-03,9.999309483567040413e-01,2.021984579084311617e-01,0.000000000000000000e+00,0.000000000000000000e+00,0.000000000000000000e+00,1.000000000000000056e-01
9.965962726567524355e-01,-8.218739650765101434e-02,-6.411020352650452156e-03,1.584629960566256557e+01,8.223440350248485686e-02,9.965851729832195804e-01,7.449555060327942360e-03,8.872855769487498767e-01,5.776868291596341798e-03,-7.951405240616575207e-03,9.999517003072904142e-01,2.129864837263896193e-01,0.000000000000000000e+00,0.000000000000000000e+00,0.000000000000000000e+00,1.000000000000000056e-01
9.964527654374949472e-01,-8.396194334664473791e-02,-5.681401360880394130e-03,1.675461467270538307e+01,8.400296687415052810e-02,9.964379194881751722e-01,7.414456313000579273e-03,9.808517930091223969e-01,5.038631590914619332e-03,-7.865410067621710077e-03,9.999563728064135848e-01,2.312683635538934079e-01,0.000000000000000000e+00,0.000000000000000000e+00,0.000000000000000000e+00,1.000000000000000056e-01
9.962280857054782723e-01,-8.664811068785924220e-02,-4.658987639261768371e-03,1.764649422883806551e+01,8.668362307480187434e-02,9.962033346786725030e-01,8.053909964642991942e-03,1.070282015767269446e+00,3.943442940372850897e-03,-8.427389234952491898e-03,9.999567132473577979e-01,2.535390235252553692e-01,0.000000000000000000e+00,0.000000000000000000e+00,0.000000000000000000e+00,1.000000000000000056e-01
9.961698301845228753e-01,-8.730633182907873713e-02,-4.824298155144134820e-03,1.855558459152233652e+01,8.734019693424269204e-02,9.961516333021609437e-01,7.322121886774132435e-03,1.155414308025044967e+00,4.166464883643769199e-03,-7.715432067477958483e-03,9.999615556002068306e-01,2.566086620324840029e-01,0.000000000000000000e+00,0.000000000000000000e+00,0.000000000000000000e+00,1.000000000000000056e-01
9.959683070923452952e-01,-8.956474804739300577e-02,-5.028635482400874504e-03,1.949335160163083813e+01,8.958623718713912276e-02,9.959701120643847938e-01,4.223976930160766932e-03,1.241459576640216556e+00,4.630051215429890552e-03,-4.657443683383369684e-03,9.999784351895187884e-01,2.737320033737359326e-01,0.000000000000000000e+00,0.000000000000000000e+00,0.000000000000000000e+00,1.000000000000000056e-01
9.958193062422719954e-01,-9.128667367152998313e-02,-3.263820636582666964e-03,2.042480739041526405e+01,9.129391433087671870e-02,9.958216860269546444e-01,2.142625627549522328e-03,1.325782624763214068e+00,3.054590202748949396e-03,-2.431634927550803751e-03,9.999923782860908883e-01,2.912770628359291347e-01,0.000000000000000000e+00,0.000000000000000000e+00,0.000000000000000000e+00,1.000000000000000056e-01
9.959205651640294921e-01,-9.022691867672315291e-02,1.153702502382209340e-03,2.134753914333345648e+01,9.022381939349240210e-02,9.959183674704298328e-01,2.503547300210108139e-03,1.422564202790921550e+00,-1.374880871378426862e-03,-2.389242795931378286e-03,9.999962006035081341e-01,2.983672173968981989e-01,0.000000000000000000e+00,0.000000000000000000e+00,0.000000000000000000e+00,1.000000000000000056e-01
9.957966748460351791e-01,-9.151265697240903996e-02,3.796838083193128897e-03,2.229628443407561278e+01,9.151146198487439265e-02,9.958039036537938982e-01,4.876404991877967437e-04,1.517021933826260272e+00,-3.825531462513132898e-03,-1.381365836986174554e-04,9.999926730868149427e-01,3.073145851887980617e-01,0.000000000000000000e+00,0.000000000000000000e+00,0.000000000000000000e+00,1.000000000000000056e-01
9.958518966584296583e-01,-9.067594433069352255e-02,7.541421719100112331e-03,2.327371981017441982e+01,9.067589596983773037e-02,9.958803944571754663e-01,3.490356541021217857e-04,1.611665833965990169e+00,-7.542003173926120282e-03,3.362373531267828872e-04,9.999715021602200160e-01,3.177810172047018100e-01,0.000000000000000000e+00,0.000000000000000000e+00,0.000000000000000000e+00,1.000000000000000056e-01
9.960283144163053493e-01,-8.858980842582811488e-02,8.913064797735055153e-03,2.420639580673928748e+01,8.860731692416470850e-02,9.960653697565531317e-01,-1.588256667454014930e-03,1.708153177161925829e+00,-8.737291829519289524e-03,2.371711368643206978e-03,9.999590165185119339e-01,3.278193537049833850e-01,0.000000000000000000e+00,0.000000000000000000e+00,0.000000000000000000e+00,1.000000000000000056e-01
9.960774990326649592e-01,-8.823094529648611850e-02,6.701955902553273330e-03,2.516353496788440935e+01,8.825382942702941769e-02,9.960928823939394494e-01,-3.198630269091423239e-03,1.787855000311974862e+00,-6.393552400355475597e-03,3.777556911818174840e-03,9.999724258955753342e-01,3.323838814708623968e-01,0.000000000000000000e+00,0.000000000000000000e+00,0.000000000000000000e+00,1.000000000000000056e-01
9.963756968920196577e-01,-8.504322995421026432e-02,1.766262125953558561e-03,2.610688642093303713e+01,8.505035630875926178e-02,9.963667027900013906e-01,-4.453140816791020633e-03,1.889309419886298524e+00,-1.381135292198366980e-03,4.587222507835467429e-03,9.999885248616446898e-01,3.340658270398911278e-01,0.000000000000000000e+00,0.000000000000000000e+00,0.000000000000000000e+00,1.000000000000000056e-01
9.964055710473889160e-01,-8.471087995187900899e-02,-6.930732429311219924e-05,2.706055224428159889e+01,8.470921349016755086e-02,9.963904778418989361e-01,-5.510427920722021228e-03,1.975522205963132105e+00,5.358503560461228563e-04,5.484750110132524670e-03,9.999848150750216824e-01,3.420954253995582284e-01,0.000000000000000000e+00,0.000000000000000000e+00,0.000000000000000000e+00,1.000000000000000056e-01
9.964881573907788948e-01,-8.367535899665480559e-02,3.128334494768277105e-03,2.803931208215053417e+01,8.369764912898870757e-02,9.964603157528719724e-01,-7.844912999345888052e-03,2.057688602890909380e+00,-2.460835266919607269e-03,8.079197142510380000e-03,9.999643347956573836e-01,3.487832557245524878e-01,0.000000000000000000e+00,0.000000000000000000e+00,0.000000000000000000e+00,1.000000000000000056e-01
9.964791863036772668e-01,-8.335117960446938867e-02,9.045005367863373502e-03,2.904054815189763517e+01,8.343478105633495012e-02,9.964698794876305499e-01,-9.296052064645206683e-03,2.135117887469172970e+00,-8.238238503627044740e-03,1.001799043973533067e-02,9.999158821090435856e-01,3.657098772579118195e-01,0.000000000000000000e+00,0.000000000000000000e+00,0.000000000000000000e+00,1.000000000000000056e-01
9.966120669126468101e-01,-8.145664775092112397e-02,1.136673309638226541e-02,2.998230904992308865e+01,8.158700186611350658e-02,9.965996667314743762e-01,-1.151804658841810644e-02,2.206210159216636324e+00,-1.038986095194871333e-02,1.240640189162568394e-02,9.998690574177714341e-01,3.698067977486870217e-01,0.000000000000000000e+00,0.000000000000000000e+00,0.000000000000000000e+00,1.000000000000000056e-01
9.964980189524091925e-01,-8.295965906995417249e-02,1.045911998787911988e-02,3.088617002989998994e+01,8.315027945065980863e-02,9.963493158219671741e-01,-1.934093814619805562e-02,2.271311713288086231e+00,-8.816419409321559972e-03,2.014288529716757453e-02,9.997582382359767594e-01,3.808410067917245567e-01,0.000000000000000000e+00,0.000000000000000000e+00,0.000000000000000000e+00,1.000000000000000056e-01
9.965029755611102269e-01,-8.312347584071450024e-02,8.503379446524496343e-03,3.182098083819589007e+01,8.330194412880129184e-02,9.962498375772165238e-01,-2.338904084676742337e-02,2.349380424735699968e+00,-6.527312020693713628e-03,2.401559683888446553e-02,9.996902746882440072e-01,3.882706112963787426e-01,0.000000000000000000e+00,0.000000000000000000e+00,0.000000000000000000e+00,1.000000000000000056e-01
9.966851468083268717e-01,-8.120912657339128538e-02,4.878103407153821028e-03,3.278942979306784622e+01,8.130691841823921295e-02,9.963696536640275214e-01,-2.523288082553419576e-02,2.418462458687583361e+00,-2.811253989551060987e-03,2.554586108575575276e-02,9.996696983666122360e-01,3.869238510904410844e-01,0.000000000000000000e+00,0.000000000000000000e+00,0.000000000000000000e+00,1.000000000000000056e-01
9.965375918132657329e-01,-8.296009581085124485e-02,5.518206780405768980e-03,3.373514321364601187e+01,8.307558740552274668e-02,9.962094959435996433e-01,-2.578928011842405305e-02,2.497592751855838511e+00,-3.357808845703243866e-03,2.615841537351938639e-02,9.996521707198470219e-01,3.882918160784348260e-01,0.000000000000000000e+00,0.000000000000000000e+00,0.000000000000000000e+00,1.000000000000000056e-01
9.965160438768445594e-01,-8.313569650780885945e-02,6.650583598773577437e-03,3.469686312185809385e+01,8.328320168323480321e-02,9.961781132751136303e-01,-2.632631666269421439e-02,2.588387760039004615e+00,-4.436509149366461846e-03,2.678847882572496508e-02,9.996312794169514016e-01,4.035658896438921728e-01,0.000000000000000000e+00,0.000000000000000000e+00,0.000000000000000000e+00,1.000000000000000056e-01
9.964489500471656047e-01,-8.389746853220825251e-02,7.120724948231649601e-03,3.566862926935121436e+01,8.405105442937138571e-02,9.961463422123528755e-01,-2.505763648592671325e-02,2.670946300310126365e+00,-4.991011842511654251e-03,2.556716000726562063e-02,9.996606474849106805e-01,4.051611440610333181e-01,0.000000000000000000e+00,0.000000000000000000e+00,0.000000000000000000e+00,1.000000000000000056e-01
9.965229749186764741e-01,-8.310122367570656199e-02,6.012244408800588788e-03,3.663154778688952717e+01,8.322188376081617045e-02,9.962462023197863337e-01,-2.382482794700757980e-02,2.748898983569958876e+00,-4.009803303426455121e-03,2.424233872800843695e-02,9.996980696642683295e-01,4.213067188694771259e-01,0.000000000000000000e+00,0.000000000000000000e+00,0.000000000000000000e+00,1.000000000000000056e-01
9.963291645697480714e-01,-8.521338172972377223e-02,8.177738191717284777e-03,3.762256063289179053e+01,8.538338691101841904e-02,9.960740299324198910e-01,-2.337101054280953799e-02,2.846104121197770898e+00,-6.154109793562268470e-03,2.398346239334860769e-02,9.996934132344154067e-01,4.321522295938942104e-01,0.000000000000000000e+00,0.000000000000000000e+00,0.000000000000000000e+00,1.000000000000000056e-01
9.964805169348898151e-01,-8.306079276796497768e-02,1.129088455046157319e-02,3.860813845258827115e+01,8.330407264667068212e-02,9.962558602655552376e-01,-2.312341598935162279e-02,2.933657654024965034e+00,-9.327960637400180971e-03,2.398261018520642801e-02,9.996688569516665179e-01,4.539776695817875352e-01,0.000000000000000000e+00,0.000000000000000000e+00,0.000000000000000000e+00,1.000000000000000056e-01
9.965173896933465780e-01,-8.238663987359845509e-02,1.286598651859746471e-02,3.960045963293675442e+01,8.261196689786043379e-02,9.964175606996635848e-01,-1.809164598921138289e-02,3.022439062386242270e+00,-1.132938498002185497e-02,1.909152428880772634e-02,9.997535489991042912e-01,4.583086295826649392e-01,0.000000000000000000e+00,0.000000000000000000e+00,0.000000000000000000e+00,1.000000000000000056e-01
9.963838519387024917e-01,-8.421708559672488881e-02,1.125620226309277140e-02,4.059617414531333424e+01,8.442688670523587624e-02,9.962352511600425231e-01,-1.968311833395063049e-02,3.105186553942397953e+00,-9.556170627139681448e-03,2.056226737694438061e-02,9.997429033322837721e-01,4.717406313170743326e-01,0.000000000000000000e+00,0.000000000000000000e+00,0.000000000000000000e+00,1.000000000000000056e-01
9.963677946036961774e-01,-8.457112910137574990e-02,9.946959288404371574e-03,4.160234739986593411e+01,8.471959222155690805e-02,9.962828018365967875e-01,-1.559389170263727337e-02,3.184815561470620615e+00,-8.591191441229457243e-03,1.637995381980362347e-02,9.998289296387063985e-01,4.961958369062572372e-01,0.000000000000000000e+00,0.000000000000000000e+00,0.000000000000000000e+00,1.000000000000000056e-01
9.962870194906779941e-01,-8.571259454059046434e-02,8.094808923118548827e-03,4.262693847041539641e+01,8.582212243294465304e-02,9.962075291793959231e-01,-1.432208460342823328e-02,3.245532886285365848e+00,-6.836526565889578140e-03,1.496362066491401660e-02,9.998646668230207757e-01,5.002080703948850182e-01,0.000000000000000000e+00,0.000000000000000000e+00,0.000000000000000000e+00,1.000000000000000056e-01
9.963555729986849352e-01,-8.471626585219904637e-02,9.936118684961940326e-03,4.364630566689733371e+01,8.486109857318363536e-02,9.962769424956282593e-01,-1.519367633310200402e-02,3.334850367260615567e+00,-8.611974420220229812e-03,1.598149403598381202e-02,9.998351992928451448e-01,5.120015423141820454e-01,0.000000000000000000e+00,0.000000000000000000e+00,0.000000000000000000e+00,1.000000000000000056e-01
9.964430940402413395e-01,-8.359460449442582264e-02,1.063496304324685476e-02,4.463684520484169127e+01,8.377766665252589506e-02,9.963196727520556850e-01,-1.812214825827354950e-02,3.425087601719095431e+00,-9.080909082738185950e-03,1.894866186982913439e-02,9.997792182795028904e-01,5.287914836186800027e-01,0.000000000000000000e+00,0.000000000000000000e+00,0.000000000000000000e+00,1.000000000000000056e-01
9.962798201147995414e-01,-8.536098402011849107e-02,1.183310775492886491e-02,4.561770959924552216e+01,8.555467528025928470e-02,9.961890776252614321e-01,-1.696228633823432599e-02,3.521154402433909425e+00,-1.034009524676022043e-02,1.791156127332107009e-02,9.997861063262681869e-01,5.386335102128783081e-01,0.000000000000000000e+00,0.000000000000000000e+00,0.000000000000000000e+00,1.000000000000000056e-01
9.956149316386914139e-01,-9.296229469335029472e-02,1.043645837583276684e-02,4.652984060932133303e+01,9.312284065072368167e-02,9.955240374858631558e-01,-1.612536315825418426e-02,3.595184193708669262e+00,-8.890694417407269540e-03,1.702652498874489967e-02,9.998155094814162869e-01,5.485192658417911149e-01,0.000000000000000000e+00,0.000000000000000000e+00,0.000000000000000000e+00,1.000000000000000056e-01
9.958467420755492405e-01,-9.087129055393144972e-02,5.628041451296545566e-03,4.747714344575187084e+01,9.095086105201896642e-02,9.957265048942631758e-01,-1.602087154156317181e-02,3.693741962646871713e+00,-4.148152770918947171e-03,1.646620794590844192e-02,9.998558180180135979e-01,5.462476636328748025e-01,0.000000000000000000e+00,0.000000000000000000e+00,0.000000000000000000e+00,1.000000000000000056e-01
9.960093344032466822e-01,-8.915181991826968966e-02,4.166387747439079942e-03,4.842670742370354020e+01,8.921413461424020086e-02,9.958404447618347533e-01,-1.851072018002934694e-02,3.787390058213663036e+00,-2.498793035412535772e-03,1.880855076319092739e-02,9.998199810223611372e-01,5.490714520473010118e-01,0.000000000000000000e+00,0.000000000000000000e+00,0.000000000000000000e+00,1.000000000000000056e-01
9.961645149261922905e-01,-8.729728692971101822e-02,5.953393702402868908e-03,4.939931345241073757e+01,8.739361080832215578e-02,9.960020685961481490e-01,-1.849962545775604011e-02,3.896159816808685949e+00,-4.314625331082623007e-03,1.894895899265829770e-02,9.998111426471235630e-01,5.595792119755150784e-01,0.000000000000000000e+00,0.000000000000000000e+00,0.000000000000000000e+00,1.000000000000000056e-01
9.962500350386451764e-01,-8.620803305154134399e-02,7.351375577573674922e-03,5.041622062809940275e+01,8.632628670301115137e-02,9.961103107510409504e-01,-1.766411728714812474e-02,3.996471136639137889e+00,-5.799992204107758814e-03,1.823249442201919923e-02,9.998169513653903939e-01,5.821290371783033324e-01,0.000000000000000000e+00,0.000000000000000000e+00,0.000000000000000000e+00,1.000000000000000056e-01
9.963569344328572219e-01,-8.497924492759065251e-02,7.168482342561193280e-03,5.136074429352664339e+01,8.510181739603295270e-02,9.961910231520849646e-01,-1.900331726553013134e-02,4.085137925295408756e+00,-5.526290206939492994e-03,1.954413781006191647e-02,9.997937221216234294e-01,5.884530989661546085e-01,0.000000000000000000e+00,0.000000000000000000e+00,0.000000000000000000e+00,1.000000000000000056e-01
9.964714145950224200e-01,-8.369951574038496378e-02,6.253875583986113693e-03,5.231661487115488995e+01,8.381176751323006491e-02,9.962686662833106777e-01,-2.059932543510948830e-02,4.175192106570981387e+00,-4.506386723662346439e-03,2.105078732252848792e-02,9.997682515622300370e-01,6.032630870746317209e-01,0.000000000000000000e+00,0.000000000000000000e+00,0.000000000000000000e+00,1.000000000000000056e-01
9.964299523559243532e-01,-8.422622282867098242e-02,5.770046445687714194e-03,5.330011742767733551e+01,8.433606782945254898e-02,9.961809557069198906e-01,-2.260378618536272241e-02,4.266266951118042883e+00,-3.844178850718508837e-03,2.300971262016708943e-02,9.997278506744228244e-01,6.243594107008879623e-01,0.000000000000000000e+00,0.000000000000000000e+00,0.000000000000000000e+00,1.000000000000000056e-01
9.964091228336838801e-01,-8.441445364189774370e-02,6.562008088119949956e-03,5.425724566712884211e+01,8.455102348632524689e-02,9.961184853976731146e-01,-2.447626353144195105e-02,4.348287126611467102e+00,-4.470387144703545299e-03,2.494319677558624881e-02,9.996788747259746089e-01,6.233333048444985591e-01,0.000000000000000000e+00,0.000000000000000000e+00,0.000000000000000000e+00,1.000000000000000056e-01
9.963126623573793639e-01,-8.509913023807096077e-02,1.091864730973897239e-02,5.520660920582619013e+01,8.536733085519655762e-02,9.959823600244722686e-01,-2.704731673830036015e-02,4.423736210622100984e+00,-8.573076986125699114e-03,2.787967992654102889e-02,9.995745223834907600e-01,6.392928005621641985e-01,0.000000000000000000e+00,0.000000000000000000e+00,0.000000000000000000e+00,1.000000000000000056e-01
9.960751083399943528e-01,-8.719006305287493874e-02,1.524045439952958873e-02,5.615590787171424836e+01,8.756675157041121649e-02,9.958167439784944008e-01,-2.609744109056560263e-02,4.514115880877542786e+00,-1.290126214268717299e-02,2.732956854590554152e-02,9.995432217359189186e-01,6.642485195246828900e-01,0.000000000000000000e+00,0.000000000000000000e+00,0.000000000000000000e+00,1.000000000000000056e-01
9.959057783382134765e-01,-8.897025864101856807e-02,1.599917966357721627e-02,5.711263660219878346e+01,8.932479480976773800e-02,9.957367485216926939e-01,-2.300888253784344126e-02,4.591482616515399684e+00,-1.388386490679201744e-02,2.434380251311714718e-02,9.996072316537392144e-01,6.606410474645315611e-01,0.000000000000000000e+00,0.000000000000000000e+00,0.000000000000000000e+00,1.000000000000000056e-01
9.958994493380174395e-01,-8.979808766331949521e-02,1.098135967193592487e-02,5.800767614405028638e+01,9.003566367672201365e-02,9.956614399674591498e-01,-2.349204606282560490e-02,4.676310383364799428e+00,-8.824175572019954047e-03,2.438442974392690185e-02,9.996637102103574923e-01,6.717127910285916048e-01,0.000000000000000000e+00,0.000000000000000000e+00,0.000000000000000000e+00,1.000000000000000056e-01
9.957104115850552439e-01,-9.233213153899445802e-02,5.962696251331623017e-03,5.893685809661938890e+01,9.244248500350611686e-02,9.954724612358039071e-01,-2.211257306392307859e-02,4.756076526099513480e+00,-3.893998908110820993e-03,2.256892568547764349e-02,9.997377057838255920e-01,6.853118222284323435e-01,0.000000000000000000e+00,0.000000000000000000e+00,0.000000000000000000e+00,1.000000000000000056e-01
9.957118548062082741e-01,-9.248413649986249319e-02,2.141656894856260301e-03,5.988512287821168201e+01,9.250885476242516614e-02,9.954737733793063148e-01,-2.177333930544666368e-02,4.859821184603064559e+00,-1.182747860236192661e-04,2.187809429178842052e-02,9.997606388537381150e-01,6.976222391378991139e-01,0.000000000000000000e+00,0.000000000000000000e+00,0.000000000000000000e+00,1.000000000000000056e-01
9.956762293876664227e-01,-9.287115083637705049e-02,1.948223469204467392e-03,6.079004515039246570e+01,9.289119162992977297e-02,9.955139225496175692e-01,-1.797933612360720287e-02,4.953888744138982503e+00,-2.697219507575164456e-04,1.808257039806248148e-02,9.998364605763626622e-01,7.060438521401667389e-01,0.000000000000000000e+00,0.000000000000000000e+00,0.000000000000000000e+00,1.000000000000000056e-01
9.955081080426682050e-01,-9.465116288475307338e-02,2.182701507590973592e-03,6.172996507252950948e+01,9.467447663051135887e-02,9.953681894757858695e-01,-1.670062437260104796e-02,5.049130073439570765e+00,-5.918581300087569176e-04,1.683225309517114368e-02,9.998581524194789516e-01,7.234976822601688617e-01,0.000000000000000000e+00,0.000000000000000000e+00,0.000000000000000000e+00,1.000000000000000056e-01
9.953570526027029075e-01,-9.617195162157322896e-02,3.910697553866405302e-03,6.261342841376752233e+01,9.621749212690670905e-02,9.952633322454259579e-01,-1.389581579251287363e-02,5.138409379395194598e+00,-2.555786154725273387e-03,1.420757576184556240e-02,9.998958009453298157e-01,7.446769745257448836e-01,0.000000000000000000e+00,0.000000000000000000e+00,0.000000000000000000e+00,1.000000000000000056e-01
9.952253175170148181e-01,-9.753612260077339224e-02,3.643097742839112359e-03,6.343850217530270896e+01,9.757362232356177334e-02,9.951541454262259334e-01,-1.214969413840534876e-02,5.230872418273518676e+00,-2.440409763933868142e-03,1.244715344987668004e-02,9.999195531497417910e-01,7.601391223009366094e-01,0.000000000000000000e+00,0.000000000000000000e+00,0.000000000000000000e+00,1.000000000000000056e-01
9.949913219695172284e-01,-9.983956284473810561e-02,4.932635839389886041e-03,6.425615921806723918e+01,9.988812680946149158e-02,9.949395894239714266e-01,-1.084322458293761685e-02,5.318250636772700268e+00,-3.825091874632730905e-03,1.128162611641933891e-02,9.999290442748024477e-01,7.718690642015940684e-01,0.000000000000000000e+00,0.000000000000000000e+00,0.000000000000000000e+00,1.000000000000000056e-01
9.950269068021675434e-01,-9.943819233548988057e-02,5.787974149960804608e-03,6.504510435125929746e+01,9.950026833644749769e-02,9.949691751041067622e-01,-1.166349834433483973e-02,5.404599169674465742e+00,-4.599058673841758919e-03,1.218139966110122138e-02,9.999152274876160762e-01,7.861579780909144777e-01,0.000000000000000000e+00,0.000000000000000000e+00,0.000000000000000000e+00,1.000000000000000056e-01
9.949416216969959592e-01,-1.002968998659451300e-01,5.630390060402112873e-03,6.584031402426784041e+01,1.003609017573203060e-01,9.948719302083796068e-01,-1.255117053945679385e-02,5.486015275313885553e+00,-4.342673532422026625e-03,1.305275299443011024e-02,9.999053789363557820e-01,7.983780773890143401e-01,0.000000000000000000e+00,0.000000000000000000e+00,0.000000000000000000e+00,1.000000000000000056e-01
9.949529861220671734e-01,-1.001343016064466657e-01,6.455776372427595583e-03,6.658416362600412697e+01,1.002123829278244588e-01,9.948786874352668619e-01,-1.318618955603587974e-02,5.564215194374382278e+00,-5.102324441732501367e-03,1.376658740827963086e-02,9.998922178697169372e-01,8.149275713070611715e-01,0.000000000000000000e+00,0.000000000000000000e+00,0.000000000000000000e+00,1.000000000000000056e-01
9.949678596207202075e-01,-9.988949961974148695e-02,7.813205966850037681e-03,6.738391826505109350e+01,9.997874061900992315e-02,9.949170384943011314e-01,-1.201407249711838009e-02,5.656827582242828889e+00,-6.573412051551989072e-03,1.273477049054863759e-02,9.998973026639053074e-01,8.165704744278831084e-01,0.000000000000000000e+00,0.000000000000000000e+00,0.000000000000000000e+00,1.000000000000000056e-01
9.947040525642719677e-01,-1.021270153786164869e-01,1.157240433401405394e-02,6.812976354953941893e+01,1.022592939569269832e-01,9.946915273025784821e-01,-1.148051879901747924e-02,5.735121656067050822e+00,-1.033850142162166461e-02,1.260310447150335411e-02,9.998671297457655260e-01,8.244668232142426945e-01,0.000000000000000000e+00,0.000000000000000000e+00,0.000000000000000000e+00,1.000000000000000056e-01
9.945230032953322752e-01,-1.034877996917414056e-01,1.463800640096099386e-02,6.885817289219234283e+01,1.036533359958914380e-01,9.945522103219603949e-01,-1.104023915618812871e-02,5.816963679119888653e+00,-1.341573156243824373e-02,1.249704999849976170e-02,9.998319068163306067e-01,8.374189272718047805e-01,0.000000000000000000e+00,0.000000000000000000e+00,0.000000000000000000e+00,1.000000000000000056e-01
9.944717621551114606e-01,-1.044702937756853273e-01,1.057695582525328831e-02,6.954907426040847440e+01,1.045476243348467810e-01,9.944949510690399563e-01,-7.041771377115146890e-03,5.899643156135138788e+00,-9.783073241426232941e-03,8.108638394317977185e-03,9.999192674718009322e-01,8.504738373719995526e-01,0.000000000000000000e+00,0.000000000000000000e+00,0.000000000000000000e+00,1.000000000000000056e-01
9.944736789466456228e-01,-1.048440424149646166e-01,5.461561353049554195e-03,7.024882890210324149e+01,1.048869448546584371e-01,9.944497555617880513e-01,-8.271182633440931839e-03,5.979910228913776216e+00,-4.564064129683438088e-03,8.798319907175248741e-03,9.999508782362417358e-01,8.518479912796834697e-01,0.000000000000000000e+00,0.000000000000000000e+00,0.000000000000000000e+00,1.000000000000000056e-01
9.945217523296252526e-01,-1.045162441999168135e-01,1.684886214217478414e-03,7.100079414072985173e+01,1.045276962031783663e-01,9.944751562205096374e-01,-9.650097753340209500e-03,6.061464828202861810e+00,-6.669855077565360743e-04,9.773349402140734526e-03,9.999520172347251545e-01,8.782845308064828327e-01,0.000000000000000000e+00,0.000000000000000000e+00,0.000000000000000000e+00,1.000000000000000056e-01
9.943168000563679110e-01,-1.064512086055716539e-01,1.497101225050257757e-03,7.173070740372023124e+01,1.064601875931722036e-01,9.942798578855005509e-01,-8.590265468268798443e-03,6.145919883761190583e+00,-5.740934519432587708e-04,8.700826949308567565e-03,9.999619822908801803e-01,8.871105386383030256e-01,0.000000000000000000e+00,0.000000000000000000e+00,0.000000000000000000e+00,1.000000000000000056e-01
9.941425922154583095e-01,-1.080187962553629671e-01,3.527888698841660613e-03,7.240977297908051469e+01,1.080422001992235453e-01,9.941194876560700555e-01,-7.302550139751936252e-03,6.235592756875980136e+00,-2.718330230109674943e-03,7.640936982797175321e-03,9.999671128406099063e-01,8.965604350121039179e-01,0.000000000000000000e+00,0.000000000000000000e+00,0.000000000000000000e+00,1.000000000000000056e-01
9.940386903339056834e-01,-1.088353074128645681e-01,6.477497942940150903e-03,7.302103056318924246e+01,1.088769380556878497e-01,9.940342209147210450e-01,-6.463745824321382762e-03,6.294806755141742372e+00,-5.735370857358584352e-03,7.130463576149020065e-03,9.999581301286157853e-01,9.111310646406529656e-01,0.000000000000000000e+00,0.000000000000000000e+00,0.000000000000000000e+00,1.000000000000000056e-01
9.939664522142125369e-01,-1.096337314963094639e-01,3.337183076596064637e-03,7.359146645254446639e+01,1.096565741412715150e-01,9.939398943986516022e-01,-7.676071286617275509e-03,6.351844382746326900e+00,-2.475403056357330846e-03,7.995701407164112345e-03,9.999649699558060822e-01,9.200592640050302418e-01,0.000000000000000000e+00,0.000000000000000000e+00,0.000000000000000000e+00,1.000000000000000056e-01
9.941498508077238894e-01,-1.080067216787311685e-01,7.888036469228915885e-04,7.422496399789552868e+01,1.080081670453785364e-01,9.940724849653529427e-01,-1.241492997587251637e-02,6.411027516332633347e+00,5.567678851186278095e-04,1.242749801936485210e-02,9.999226206574690634e-01,9.376090880270077088e-01,0.000000000000000000e+00,0.000000000000000000e+00,0.000000000000000000e+00,1.000000000000000056e-01
9.942248744509500913e-01,-1.072984876019198730e-01,-1.983325826269213832e-03,7.484135931098103356e+01,1.072503844712386356e-01,9.940898993824001106e-01,-1.681151321746785290e-02,6.467241551618975848e+00,3.775454113612465058e-03,1.650171216056835546e-02,9.998567094549126733e-01,9.576564053883400707e-01,0.000000000000000000e+00,0.000000000000000000e+00,0.000000000000000000e+00,1.000000000000000056e-01
9.947909854806182839e-01,-1.019070884287861106e-01,-2.416719774392733864e-03,7.542639987092529452e+01,1.018584930770333047e-01,9.946805309458117694e-01,-1.534564255526165918e-02,6.523183879869504764e+00,3.967693861215799631e-03,1.501954344597294586e-02,9.998793280791928861e-01,9.694846422096653482e-01,0.000000000000000000e+00,0.000000000000000000e+00,0.000000000000000000e+00,1.000000000000000056e-01
9.951707866848936712e-01,-9.814486523287656305e-02,-1.640352824972042805e-03,7.598504323714830377e+01,9.811892962188782652e-02,9.951048558094095497e-01,-1.178989373952271658e-02,6.602830007223822406e+00,2.789440593545754448e-03,1.157200816430362794e-02,9.999291513143420129e-01,9.715791828852939904e-01,0.000000000000000000e+00,0.000000000000000000e+00,0.000000000000000000e+00,1.000000000000000056e-01
9.958113798985053222e-01,-9.142053552321222076e-02,1.407604093449999491e-03,7.653239253006103127e+01,9.143137004858228889e-02,9.956907642686685378e-01,-1.549859739182947449e-02,6.643239513142451536e+00,1.535167782477421007e-05,1.556237882599920824e-02,9.998788987320424981e-01,9.878836334608451786e-01,0.000000000000000000e+00,0.000000000000000000e+00,0.000000000000000000e+00,1.000000000000000056e-01
9.964811279030671987e-01,-8.369656625245273929e-02,4.499614492351110273e-03,7.708657325959165973e+01,8.376363644050931201e-02,9.963286162977309512e-01,-1.769015422518713937e-02,6.670152809112567915e+00,-3.002489515912917101e-03,1.800480890755343927e-02,9.998333920773546657e-01,1.001141660515884935e+00,0.000000000000000000e+00,0.000000000000000000e+00,0.000000000000000000e+00,1.000000000000000056e-01
9.971331644728552712e-01,-7.544437276076090826e-02,5.796458150027251031e-03,7.761570741695311426e+01,7.554785985503367773e-02,9.969334409398252772e-01,-2.040184323055137597e-02,6.703933717319442209e+00,-4.239478703078037279e-03,2.078126450953262164e-02,9.997750576333213068e-01,1.013979681439805880e+00,0.000000000000000000e+00,0.000000000000000000e+00,0.000000000000000000e+00,1.000000000000000056e-01
9.979815336508311985e-01,-6.317154725501951396e-02,6.497238593558809540e-03,7.809348961485294183e+01,6.327538580196399864e-02,9.978468557727322441e-01,-1.725914181194274782e-02,6.737431844950424242e+00,-5.392962409233681940e-03,1.763542009363465446e-02,9.998299394969994980e-01,1.024280465509681104e+00,0.000000000000000000e+00,0.000000000000000000e+00,0.000000000000000000e+00,1.000000000000000056e-01
9.987878929540106032e-01,-4.886821765712160565e-02,5.885761760722224567e-03,7.857775068213999248e+01,4.894335589625526534e-02,9.987119123785497266e-01,-1.338147924530721546e-02,6.769782925656325112e+00,-5.224251343521503846e-03,1.365332839260381508e-02,9.998931412014503417e-01,1.028398063227258685e+00,0.000000000000000000e+00,0.000000000000000000e+00,0.000000000000000000e+00,1.000000000000000056e-01
9.994951878225869502e-01,-3.137571635772225948e-02,4.993389883772331346e-03,7.904207567901050879e+01,3.141639179559815170e-02,9.994720262902583308e-01,-8.287278792864154892e-03,6.783353201398401033e+00,-4.730734196408937185e-03,8.439969566588666899e-03,9.999531924383651127e-01,1.026827211856123245e+00,0.000000000000000000e+00,0.000000000000000000e+00,0.000000000000000000e+00,1.000000000000000056e-01
9.999368707427869207e-01,-9.195456406629514204e-03,6.457407420695729199e-03,7.952396263439017332e+01,9.247846447273130530e-03,9.999241814324962840e-01,-8.130727067120256321e-03,6.803598961151038793e+00,-6.382152083015396084e-03,8.189930892633983869e-03,9.999460951305141343e-01,1.040201835109357598e+00,0.000000000000000000e+00,0.000000000000000000e+00,0.000000000000000000e+00,1.000000000000000056e-01
9.998479324072601093e-01,1.572592934098971870e-02,7.537055611387743354e-03,8.000281914413450579e+01,-1.564684180358935292e-02,9.998230787626678495e-01,-1.043970857417139686e-02,6.791166860831200580e+00,-7.699896265561079547e-03,1.032018991600337776e-02,9.999170992025274707e-01,1.053054553159714413e+00,0.000000000000000000e+00,0.000000000000000000e+00,0.000000000000000000e+00,1.000000000000000056e-01
9.989770174587104812e-01,4.431391544033181501e-02,9.010853879984358911e-03,8.047570730313398712e+01,-4.420421135561541232e-02,9.989500851602627352e-01,-1.202975713520184481e-02,6.785355908235195521e+00,-9.534478891234120235e-03,1.161913321427118437e-02,9.998870383476433643e-01,1.058318326452640346e+00,0.000000000000000000e+00,0.000000000000000000e+00,0.000000000000000000e+00,1.000000000000000056e-01
9.970345232462454188e-01,7.599752387447908375e-02,1.210519806034269022e-02,8.097663154099663529e+01,-7.584907790981282316e-02,9.970436418664916367e-01,-1.228387535895634000e-02,6.744296886270379154e+00,-1.300295487046267476e-02,1.132927970134068804e-02,9.998512742333659498e-01,1.062544302919083972e+00,0.000000000000000000e+00,0.000000000000000000e+00,0.000000000000000000e+00,1.000000000000000056e-01
