1.000000000000000000e+00,-2.682814218719657116e-10,7.413647492375663310e-11,5.643535668269865860e-17,2.682814218879435324e-10,1.000000000000000000e+00,-2.155185716044531902e-10,-4.241429681278109662e-17,-7.413647486593699263e-11,2.155185716243426446e-10,1.000000000000000000e+00,5.371305966681603544e-17,0.000000000000000000e+00,0.000000000000000000e+00,0.000000000000000000e+00,1.000000000000000056e-01
9.999965120679369379e-01,-2.534832206030606088e-03,-7.419418088759879761e-04,6.463091390723457730e-01,2.533588526373785951e-03,9.999953919647716072e-01,-1.672416934223169230e-03,1.708414442864355023e-02,7.461776862887751528e-04,1.670531325692316271e-03,9.999983262705745002e-01,6.606917151590487036e-03,0.000000000000000000e+00,0.000000000000000000e+00,0.000000000000000000e+00,1.000000000000000056e-01
9.999721047005637464e-01,-7.432670369616012872e-03,-7.383981997622294634e-04,1.299038178663652010e+00,7.431791427562838524e-03,9.999716805000173903e-01,-1.186032945736529946e-03,1.904902382969096003e-02,7.471926806275883994e-04,1.180512239581246649e-03,9.999990240464988744e-01,1.040785688139121701e-02,0.000000000000000000e+00,0.000000000000000000e+00,0.000000000000000000e+00,1.000000000000000056e-01
9.999145164516400897e-01,-1.274246314221322285e-02,-2.930771630851810011e-03,2.001055774957142486e+00,1.274013980556833181e-02,9.999185130103795949e-01,-8.100474343589240912e-04,2.403533856230982702e-02,2.940854810670110158e-03,7.726397483146495984e-04,9.999953771897157617e-01,1.648062092834857648e-02,0.000000000000000000e+00,0.000000000000000000e+00,0.000000000000000000e+00,1.000000000000000056e-01
9.998279032458369242e-01,-1.814642884291553515e-02,-3.856295020144278642e-03,2.705541559792053796e+00,1.813983556438596156e-02,9.998339492472856360e-01,-1.737900536086023351e-03,3.409186384630764205e-02,3.887191367867645110e-03,1.667648891491527174e-03,9.999910543052094036e-01,1.873448087636091566e-02,0.000000000000000000e+00,0.000000000000000000e+00,0.000000000000000000e+00,1.000000000000000056e-01
9.997176878032200120e-01,-2.347394337417940333e-02,-3.676775197010223421e-03,3.417169576175480561e+00,2.346887629377446619e-02,9.997235662165708803e-01,-1.415272669566050795e-03,4.118290789402805768e-02,3.708980842636112538e-03,1.328583338571011655e-03,9.999922391335951399e-01,3.589174291622064528e-02,0.000000000000000000e+00,0.000000000000000000e+00,0.000000000000000000e+00,1.000000000000000056e-01
9.995717217310029490e-01,-2.900113694765347333e-02,-3.912438045739327110e-03,4.159202523761192261e+00,2.900151139026655583e-02,9.995793669421811911e-01,3.899421007756448155e-05,7.056493422793111425e-02,3.909661468533995494e-03,-1.524441262519928616e-04,9.999923456247001852e-01,4.649461480371287758e-02,0.000000000000000000e+00,0.000000000000000000e+00,0.000000000000000000e+00,1.000000000000000056e-01
9.994060331007438291e-01,-3.420561367131471492e-02,-4.190106824851822995e-03,4.927047271481782786e+00,3.421362043277114545e-02,9.994128224605040023e-01,1.854313460944420882e-03,1.041140138380749480e-01,4.124218558365597490e-03,-1.996570784606019073e-03,9.999895022080905749e-01,5.615116972202782025e-02,0.000000000000000000e+00,0.000000000000000000e+00,0.000000000000000000e+00,1.000000000000000056e-01
9.992303400924599233e-01,-3.903690501616303987e-02,-3.853243499436289753e-03,5.697544758169580170e+00,3.904540016379881573e-02,9.992351146731441869e-01,2.154606738395498274e-03,1.470437194140376269e-01,3.766187031428838965e-03,-2.303399858336486333e-03,9.999902550446864158e-01,6.387185393309453840e-02,0.000000000000000000e+00,0.000000000000000000e+00,0.000000000000000000e+00,1.000000000000000056e-01
9.991005311917887655e-01,-4.238536143843911475e-02,-1.268742691944238022e-03,6.490987079679597649e+00,4.238830893346363926e-02,9.990983431141552407e-01,2.394170484942754074e-03,1.909683898955703840e-01,1.166120940010139479e-03,-2.445796860453214403e-03,9.999963291130976595e-01,7.472139394150674463e-02,0.000000000000000000e+00,0.000000000000000000e+00,0.000000000000000000e+00,1.000000000000000056e-01
9.989384628090041129e-01,-4.606187442652675407e-02,5.012435524666329460e-04,7.288308201038559808e+00,4.606179752689198298e-02,9.989385786648296017e-01,1.639014387836729581e-04,2.293553221555747756e-01,-5.082611293575089485e-04,-1.406392722853682634e-04,9.999998609456001164e-01,8.105041833123467765e-02,0.000000000000000000e+00,0.000000000000000000e+00,0.000000000000000000e+00,1.000000000000000056e-01
9.987950117739973210e-01,-4.905881414189900563e-02,1.325598118238706033e-03,8.096631498992220344e+00,4.905842028271405891e-02,9.987958569150195975e-01,3.280377360323174412e-04,2.824012362936305642e-01,-1.340095050754704607e-03,-2.626107048121845621e-04,9.999990675900016779e-01,9.495136432591808062e-02,0.000000000000000000e+00,0.000000000000000000e+00,0.000000000000000000e+00,1.000000000000000056e-01
9.986518348167292558e-01,-5.190342522776116713e-02,7.397748348926794140e-04,8.927070901692538030e+00,5.190402651246592974e-02,9.986517424056552406e-01,-8.181820959348308064e-04,3.195732882217665050e-01,-6.963109746143838867e-04,8.554763439630407550e-04,9.999993916554407170e-01,9.775164877218180115e-02,0.000000000000000000e+00,0.000000000000000000e+00,0.000000000000000000e+00,1.000000000000000056e-01
9.985235495727100563e-01,-5.432053881953705088e-02,3.327276852642282838e-06,9.700093404412593046e+00,5.432053134894566926e-02,9.985233761587095636e-01,-5.891846742837222569e-04,3.929311766355547686e-01,2.868246525499012031e-05,5.884955117662040358e-04,9.999998264251593882e-01,1.148119625004048461e-01,0.000000000000000000e+00,0.000000000000000000e+00,0.000000000000000000e+00,1.000000000000000056e-01
9.983687746568375987e-01,-5.709443267746842215e-02,-1.246893848287745443e-04,1.050235903493864420e+01,5.709388182252406879e-02,9.983650941519445210e-01,-2.725332532840542103e-03,4.582683969250409550e-01,2.800868442443063284e-04,2.713767900342490408e-03,9.999962785006466515e-01,1.227194322426300305e-01,0.000000000000000000e+00,0.000000000000000000e+00,0.000000000000000000e+00,1.000000000000000056e-01
9.982090855349419201e-01,-5.982150275598917960e-02,9.676523214298387166e-05,1.130910913849624500e+01,5.982148348683796052e-02,9.982032312587345579e-01,-3.420411971568093276e-03,5.185982315965056433e-01,1.080228167851509925e-04,3.420074946028495502e-03,9.999941456920808935e-01,1.453130982850879827e-01,0.000000000000000000e+00,0.000000000000000000e+00,0.000000000000000000e+00,1.000000000000000056e-01
9.980251467081422412e-01,-6.281022318772305768e-02,-8.260758436967384575e-04,1.216299572187885580e+01,6.280725487503982518e-02,9.980204513191907045e-01,-3.229161454740911083e-03,5.714435391157437483e-01,1.027264938031569258e-03,3.170900778550901633e-03,9.999944450420710229e-01,1.490791649522443252e-01,0.000000000000000000e+00,0.000000000000000000e+00,0.000000000000000000e+00,1.000000000000000056e-01
9.979153224122491173e-01,-6.449281783398358447e-02,-2.384479542685053258e-03,1.304007780920854032e+01,6.449258180553971154e-02,9.979181709829587632e-01,-1.758240089786495999e-04,6.363984012786539912e-01,2.390854849764451062e-03,2.167623063749162231e-05,9.999971416675291769e-01,1.630329856104373032e-01,0.000000000000000000e+00,0.000000000000000000e+00,0.000000000000000000e+00,1.000000000000000056e-01
9.980810539602232856e-01,-6.185861031021299555e-02,-2.778858783592159411e-03,1.392652541953020950e+01,6.186804459975501352e-02,9.980783819056971984e-01,3.447989255766658115e-03,7.025549359331727528e-01,2.560231054545825807e-03,-3.613295309598812607e-03,9.999901946089035931e-01,1.799592973013622865e-01,0.000000000000000000e+00,0.000000000000000000e+00,0.000000000000000000e+00,1.000000000000000056e-01
9.971589942360803427e-01,-7.526899463951466918e-02,-2.918674364389906711e-03,1.488381545112480708e+01,7.527186033447885727e-02,9.971626570042861903e-01,8.846004402951624518e-04,7.988461236279018607e-01,2.843810098326646739e-03,-1.101781334463698952e-03,9.999953494001938559e-01,1.830026506943672471e-01,0.000000000000000000e+00,0.000000000000000000e+00,0.000000000000000000e+00,1.000000000000000056e-01
9.968631969575688645e-01,-7.912671335745874446e-02,-1.652206034906455361e-03,1.582373011390918194e+01,7.912083132451730449e-02,9.968593539429161376e-01,-3.364893316151534950e-03,8.842646706040552251e-01,1.913269989442987389e-03,3.223614393558791539e-03,9.999929738294109915e-01,1.794591585558964475e-01,0.000000000000000000e+00,0.000000000000000000e+00,0.000000000000000000e+00,1.000000000000000056e-01
9.966176478739412481e-01,-8.217798756988477227e-02,2.056822224994295527e-04,1.672787381838356424e+01,8.217824333735522513e-02,9.966150052544268112e-01,-2.295130433150056881e-03,9.732315072982918869e-01,-1.637678905034157910e-05,2.304270097580636036e-03,9.999973450320346346e-01,1.941668590794191074e-01,0.000000000000000000e+00,0.000000000000000000e+00,0.000000000000000000e+00,1.000000000000000056e-01
9.965477000667173346e-01,-8.301987396261714669e-02,6.180768295383511600e-04,1.759959270637293827e+01,8.302136075340729726e-02,9.965432793367967612e-01,-2.990997712409599642e-03,1.053793813865484985e+00,-3.676280574835177266e-04,3.031985470645024751e-03,9.999953359459818891e-01,2.096182883438328093e-01,0.000000000000000000e+00,0.000000000000000000e+00,0.000000000000000000e+00,1.000000000000000056e-01
9.964672996254533288e-01,-8.398164812412484137e-02,-5.962811928497793778e-05,1.849811117856205911e+01,8.398069400591359757e-02,9.964588981926315592e-01,-4.111842289280566616e-03,1.132614820833803826e+00,4.047362623242644654e-04,4.092308771645329461e-03,9.999915445629905530e-01,2.112711374342667592e-01,0.000000000000000000e+00,0.000000000000000000e+00,0.000000000000000000e+00,1.000000000000000056e-01
9.962590453698707549e-01,-8.640401351034457389e-02,1.503651561333558574e-03,1.941557655476340827e+01,8.641068876997551329e-02,9.962462479254170500e-01,-5.158135402139773194e-03,1.214294350970461789e+00,-1.052323625191081170e-03,5.268770618709186192e-03,9.999855662314107718e-01,2.200014720192962070e-01,0.000000000000000000e+00,0.000000000000000000e+00,0.000000000000000000e+00,1.000000000000000056e-01
9.960534104620362150e-01,-8.870243107240004254e-02,3.079322781471857933e-03,2.034056335408461536e+01,8.872405764573236542e-02,9.960257682611824981e-01,-7.791697799449032354e-03,1.283742685699783559e+00,-2.375942302147069762e-03,8.034157178403876845e-03,9.999649029924048138e-01,2.346185673521024029e-01,0.000000000000000000e+00,0.000000000000000000e+00,0.000000000000000000e+00,1.000000000000000056e-01
9.960493462958464050e-01,-8.858662021642282891e-02,6.173367172646630416e-03,2.127331419747306995e+01,8.862981501004843499e-02,9.960392257084377254e-01,-7.114544357886923645e-03,1.379710030213071148e+00,-5.518662419611814612e-03,7.633581647366849757e-03,9.999556354140574088e-01,2.355997864967107058e-01,0.000000000000000000e+00,0.000000000000000000e+00,0.000000000000000000e+00,1.000000000000000056e-01
9.961481515107215579e-01,-8.715483499714878068e-02,9.638204106181075259e-03,2.223585010547542851e+01,8.722765540964842745e-02,9.961608323968399459e-01,-7.411621291635305496e-03,1.476634937740853637e+00,-8.955242794490149427e-03,8.223790795901837411e-03,9.999260837139097857e-01,2.458132453563404152e-01,0.000000000000000000e+00,0.000000000000000000e+00,0.000000000000000000e+00,1.000000000000000056e-01
9.962938635071089122e-01,-8.516053942534848598e-02,1.209214881077748036e-02,2.320789112995117875e+01,8.524631952470981822e-02,9.963369466060757462e-01,-6.764158127435628172e-03,1.560968282062763279e+00,-1.147181526914554939e-02,7.769900415419728722e-03,9.999040084437931242e-01,2.469048281525473565e-01,0.000000000000000000e+00,0.000000000000000000e+00,0.000000000000000000e+00,1.000000000000000056e-01
9.964379645622192250e-01,-8.334941544047171080e-02,1.281630698888272177e-02,2.412699758452793830e+01,8.345543386183061629e-02,9.964796243152322930e-01,-7.971755359211055506e-03,1.653664771502190378e+00,-1.210674762416585198e-02,9.012950144383845633e-03,9.998860902081094792e-01,2.428476119559785651e-01,0.000000000000000000e+00,0.000000000000000000e+00,0.000000000000000000e+00,1.000000000000000056e-01
9.965082367149249443e-01,-8.279942195513523284e-02,1.075127356207961071e-02,2.506675807200160122e+01,8.289348465041213032e-02,9.965211397579383235e-01,-8.619061320781344973e-03,1.737370803690109433e+00,-1.000021808877640458e-02,9.480176128900256668e-03,9.999050564422313769e-01,2.480994182998481623e-01,0.000000000000000000e+00,0.000000000000000000e+00,0.000000000000000000e+00,1.000000000000000056e-01
9.967351236360335598e-01,-8.037767457495768875e-02,7.650015698228249984e-03,2.599705514704258391e+01,8.045609468354759930e-02,9.967021747657547337e-01,-1.056369468921818447e-02,1.819672478601884302e+00,-6.775702069377072430e-03,1.114469591945847424e-02,9.999149391894941452e-01,2.475605927865011102e-01,0.000000000000000000e+00,0.000000000000000000e+00,0.000000000000000000e+00,1.000000000000000056e-01
9.967925763276235251e-01,-7.982618362083436503e-02,5.686843295849998599e-03,2.694962840690496009e+01,7.988485382324499173e-02,9.967437413785162903e-01,-1.096923663689098292e-02,1.898569403811086076e+00,-4.792693165382016889e-03,1.138834629303859917e-02,9.999236649169437330e-01,2.530719148188526058e-01,0.000000000000000000e+00,0.000000000000000000e+00,0.000000000000000000e+00,1.000000000000000056e-01
9.966705229777031994e-01,-8.119705094864257400e-02,7.409962523201352007e-03,2.791764985580866210e+01,8.128609668518158027e-02,9.966107593413898735e-01,-1.263189814183210760e-02,1.977920696064002115e+00,-6.359175499938535779e-03,1.319216745731539853e-02,9.998927580519518798e-01,2.586837862815605238e-01,0.000000000000000000e+00,0.000000000000000000e+00,0.000000000000000000e+00,1.000000000000000056e-01
9.968031930994677436e-01,-7.915235373408179009e-02,1.087654012358849412e-02,2.891164338496573905e+01,7.932785239772126296e-02,9.967073123173834093e-01,-1.678169857384291183e-02,2.056544345645442196e+00,-9.512416132118520218e-03,1.759086329356132281e-02,9.998000177375057085e-01,2.619320988522979565e-01,0.000000000000000000e+00,0.000000000000000000e+00,0.000000000000000000e+00,1.000000000000000056e-01
9.966055757700008622e-01,-8.089337858359914313e-02,1.528357436843906340e-02,2.985572616528825307e+01,8.118242565901694074e-02,9.965114868055834352e-01,-1.934607010851666781e-02,2.119067271780868733e+00,-1.366528844420382936e-02,2.052115897935491429e-02,9.996960247624678830e-01,2.654783343646597293e-01,0.000000000000000000e+00,0.000000000000000000e+00,0.000000000000000000e+00,1.000000000000000056e-01
9.966246534006908409e-01,-8.062100532853253010e-02,1.547752350247084095e-02,3.076139207592161995e+01,8.102299795466677557e-02,9.963358330451475009e-01,-2.738944308798807112e-02,2.173809359966124788e+00,-1.321264683516791029e-02,2.855102957948806378e-02,9.995050098291455853e-01,2.779040637440402528e-01,0.000000000000000000e+00,0.000000000000000000e+00,0.000000000000000000e+00,1.000000000000000056e-01
9.965801484106259212e-01,-8.164762642118798819e-02,1.271506561685598058e-02,3.170001876094784166e+01,8.199774517388176698e-02,9.961806931122410003e-01,-3.000660688605718066e-02,2.247721649001894306e+00,-1.021653464996696847e-02,3.094659545412631677e-02,9.994688242509340848e-01,2.716519451152645814e-01,0.000000000000000000e+00,0.000000000000000000e+00,0.000000000000000000e+00,1.000000000000000056e-01
9.966145091366549469e-01,-8.153044393527333900e-02,1.059749451623506408e-02,3.267811297291970618e+01,8.182507473251088292e-02,9.961574801416285263e-01,-3.122389954666238143e-02,2.339916223204862256e+00,-8.011075041677685055e-03,3.198533210079745892e-02,9.994562327621346887e-01,2.682208237984271548e-01,0.000000000000000000e+00,0.000000000000000000e+00,0.000000000000000000e+00,1.000000000000000056e-01
9.965482005833747881e-01,-8.248020728508895227e-02,9.418031654569952379e-03,3.364391458433112092e+01,8.273728830895951680e-02,9.960795210192544547e-01,-3.130701086550275597e-02,2.428631866629242353e+00,-6.798899713765015583e-03,3.197816774396799316e-02,9.994654429996170375e-01,2.643446150750645152e-01,0.000000000000000000e+00,0.000000000000000000e+00,0.000000000000000000e+00,1.000000000000000056e-01
9.966474822930336819e-01,-8.104352609842985222e-02,1.121351490346189292e-02,3.459836103623619152e+01,8.136901601123053274e-02,9.961542061365911138e-01,-3.249431996121715516e-02,2.495464220032611369e+00,-8.536935768831282328e-03,3.329781485189331480e-02,9.994090134943590664e-01,2.743345797925876850e-01,0.000000000000000000e+00,0.000000000000000000e+00,0.000000000000000000e+00,1.000000000000000056e-01
9.964226240016097469e-01,-8.342434932079223486e-02,1.350304847614194198e-02,3.557544805402564236e+01,8.380864677666624574e-02,9.960006299780512773e-01,-3.096539695836312417e-02,2.593336767070166804e+00,-1.086577669615005834e-02,3.198629431064883150e-02,9.994292430547857542e-01,2.674551123925719698e-01,0.000000000000000000e+00,0.000000000000000000e+00,0.000000000000000000e+00,1.000000000000000056e-01
9.963960263335923662e-01,-8.344612343391517861e-02,1.522179984360784964e-02,3.655575274567667776e+01,8.386871536048833009e-02,9.960360232707794470e-01,-2.963577113409893507e-02,2.682329203275605423e+00,-1.268847076713565565e-02,3.080559739370583236e-02,9.994448548463333859e-01,2.737846561042358018e-01,0.000000000000000000e+00,0.000000000000000000e+00,0.000000000000000000e+00,1.000000000000000056e-01
9.964246636133764490e-01,-8.284518786905972765e-02,1.656999064301857560e-02,3.755439826063101094e+01,8.330105250993125043e-02,9.961015374850409332e-01,-2.902863535675343984e-02,2.771635833973245422e+00,-1.410051040591087622e-02,3.030514588115157046e-02,9.994412307581747035e-01,2.667436232097919468e-01,0.000000000000000000e+00,0.000000000000000000e+00,0.000000000000000000e+00,1.000000000000000056e-01
9.962736793373654365e-01,-8.400103246378817778e-02,1.955971381707743290e-02,3.854516828453994037e+01,8.453980092645721478e-02,9.960103415787323611e-01,-2.857309096915986585e-02,2.851836726168701208e+00,-1.708150809803837822e-02,3.012019278216034740e-02,9.994003182248153427e-01,2.808362840715365460e-01,0.000000000000000000e+00,0.000000000000000000e+00,0.000000000000000000e+00,1.000000000000000056e-01
9.964347719513471091e-01,-8.174142565484934786e-02,2.088263819969913768e-02,3.955709024297288323e+01,8.230141365908394402e-02,9.962270789637297508e-01,-2.753333341807594203e-02,2.943844510855369911e+00,-1.855323572811884078e-02,2.915384145026733709e-02,9.994027371248838110e-01,2.743088947396442601e-01,0.000000000000000000e+00,0.000000000000000000e+00,0.000000000000000000e+00,1.000000000000000056e-01
9.963656171920796112e-01,-8.285714883980214995e-02,1.975474028138693439e-02,4.056566228180265909e+01,8.342774799340914316e-02,9.960603571439150539e-01,-3.005953743963113781e-02,3.038020025263823420e+00,-1.718626609227243140e-02,3.159838306741730163e-02,9.993528778391196354e-01,2.846747443232379715e-01,0.000000000000000000e+00,0.000000000000000000e+00,0.000000000000000000e+00,1.000000000000000056e-01
9.964060485648635890e-01,-8.283680947319264909e-02,1.769320150952827242e-02,4.157251760142915487e+01,8.329476753068155992e-02,9.961607776170277040e-01,-2.693857530472755155e-02,3.123533332668683382e+00,-1.539376774426948202e-02,2.831551047996025763e-02,9.994804969487371960e-01,2.969422754886707483e-01,0.000000000000000000e+00,0.000000000000000000e+00,0.000000000000000000e+00,1.000000000000000056e-01
9.965457398384457433e-01,-8.159239190675446340e-02,1.546835455953462883e-02,4.260427476997748641e+01,8.196213046167077909e-02,9.963218008383436519e-01,-2.500156683937754254e-02,3.210317935275032397e+00,-1.337152123092013624e-02,2.618302421750379888e-02,9.995677324037609557e-01,3.020817695329848229e-01,0.000000000000000000e+00,0.000000000000000000e+00,0.000000000000000000e+00,1.000000000000000056e-01
9.965010464814174629e-01,-8.210805254592142000e-02,1.561832476791553959e-02,4.365220853422005831e+01,8.253061714766841972e-02,9.961760674530620863e-01,-2.866949366447141267e-02,3.293792376553731138e+00,-1.320460505523948086e-02,2.985817042064691645e-02,9.994669219461276288e-01,3.075618259028096713e-01,0.000000000000000000e+00,0.000000000000000000e+00,0.000000000000000000e+00,1.000000000000000056e-01
9.964779780455570446e-01,-8.203973278501014432e-02,1.735285321791381341e-02,4.466412893765655667e+01,8.254681523505938423e-02,9.961091978522657042e-01,-3.086242454287606296e-02,3.392954818810704598e+00,-1.475339163674914411e-02,3.218614917444895251e-02,9.993729980525453138e-01,3.126476220987137178e-01,0.000000000000000000e+00,0.000000000000000000e+00,0.000000000000000000e+00,1.000000000000000056e-01
9.964438550362982872e-01,-8.230390229781449352e-02,1.804747702457221853e-02,4.564989824123356499e+01,8.284462465703974765e-02,9.960613865293159730e-01,-3.159877261430732442e-02,3.471623686107602857e+00,-1.537569269447257303e-02,3.298153925832303379e-02,9.993376837397440760e-01,3.108476456256162868e-01,0.000000000000000000e+00,0.000000000000000000e+00,0.000000000000000000e+00,1.000000000000000056e-01
9.957463870196674449e-01,-9.075131164036052966e-02,1.591641205903175302e-02,4.656490380979717969e+01,9.116394877408749708e-02,9.954571010974913037e-01,-2.746441913630172718e-02,3.540808970429785152e+00,-1.335167334809690340e-02,2.879859910018309557e-02,9.994960597764618315e-01,3.200830863740700138e-01,0.000000000000000000e+00,0.000000000000000000e+00,0.000000000000000000e+00,1.000000000000000056e-01
9.957646220257774239e-01,-9.110307897056696413e-02,1.237119735285539639e-02,4.752099892019968763e+01,9.141241424584670150e-02,9.954389177464064709e-01,-2.729709797045690861e-02,3.630263402371299630e+00,-9.827921632083744599e-03,2.831236546008897986e-02,9.995508100734289414e-01,3.124147698874098489e-01,0.000000000000000000e+00,0.000000000000000000e+00,0.000000000000000000e+00,1.000000000000000056e-01
9.958509679144413873e-01,-9.017909827673874223e-02,1.218933705598935352e-02,4.846630848118210366e+01,9.048304251461937453e-02,9.955253728160874394e-01,-2.724061483681589069e-02,3.735413870597433128e+00,-9.678260234556743113e-03,2.823052095488971097e-02,9.995545852855899360e-01,3.203811718623366112e-01,0.000000000000000000e+00,0.000000000000000000e+00,0.000000000000000000e+00,1.000000000000000056e-01
9.959564168167004405e-01,-8.869293334382345739e-02,1.429613152244419046e-02,4.943604210385383624e+01,8.906320109073835589e-02,9.956389194370476314e-01,-2.776487553904991371e-02,3.837122546709387461e+00,-1.177123668565173940e-02,2.892586519183689212e-02,9.995122472035017358e-01,3.226467077648895732e-01,0.000000000000000000e+00,0.000000000000000000e+00,0.000000000000000000e+00,1.000000000000000056e-01
9.959215611431406767e-01,-8.856355662798680306e-02,1.722615707610988117e-02,5.043357772903555514e+01,8.903484387038647363e-02,9.956107419951558679e-01,-2.884522492252588471e-02,3.942166923562382852e+00,-1.459591131739772750e-02,3.026130964212520730e-02,9.994354468956752058e-01,3.350018020697773102e-01,0.000000000000000000e+00,0.000000000000000000e+00,0.000000000000000000e+00,1.000000000000000056e-01
9.960198505572371852e-01,-8.731728610088433651e-02,1.789270365023961154e-02,5.136845109442438684e+01,8.785632689814436291e-02,9.956204695067369936e-01,-3.195538332035779971e-02,4.028464117205143857e+00,-1.502408466114936100e-02,3.340018334022908097e-02,9.993291272813645820e-01,3.415831121354707123e-01,0.000000000000000000e+00,0.000000000000000000e+00,0.000000000000000000e+00,1.000000000000000056e-01
9.960630994193437893e-01,-8.692503869665564598e-02,1.738791599690553760e-02,5.230516968307622250e+01,8.750017910540187904e-02,9.955272683975854298e-01,-3.562550397347946651e-02,4.113262891731789495e+00,-1.421339620404348837e-02,3.700669567019902739e-02,9.992139329712732554e-01,3.415723010441315544e-01,0.000000000000000000e+00,0.000000000000000000e+00,0.000000000000000000e+00,1.000000000000000056e-01
9.960492141748262807e-01,-8.718102031949644115e-02,1.689475178162363686e-02,5.328810355744156624e+01,8.777914652767764003e-02,9.953891165848387512e-01,-3.866947141256014270e-02,4.206533171446909414e+00,-1.344560807786789047e-02,3.999970350522432522e-02,9.991092229295606142e-01,3.517976833910672063e-01,0.000000000000000000e+00,0.000000000000000000e+00,0.000000000000000000e+00,1.000000000000000056e-01
9.959041255307448104e-01,-8.837719893651908853e-02,1.909040227385251642e-02,5.425112052241637173e+01,8.911572608685043584e-02,9.951308299150294356e-01,-4.210722879314306860e-02,4.301348085782900732e+00,-1.527612892247349162e-02,4.363601792968257315e-02,9.989306972079616820e-01,3.389303256911951889e-01,0.000000000000000000e+00,0.000000000000000000e+00,0.000000000000000000e+00,1.000000000000000056e-01
9.956813851074249877e-01,-8.985104939610007169e-02,2.335312126845539779e-02,5.520532142554903743e+01,9.082347468098021792e-02,9.948683130218356485e-01,-4.458852085414181238e-02,4.401487266226830286e+00,-1.922695497037803583e-02,4.651697182219064614e-02,9.987324444189548123e-01,3.419040525614662207e-01,0.000000000000000000e+00,0.000000000000000000e+00,0.000000000000000000e+00,1.000000000000000056e-01
9.954639985908727562e-01,-9.099117946373942722e-02,2.778547766852940137e-02,5.616193195781183789e+01,9.213243498062610726e-02,9.948177090793399735e-01,-4.300395477946702960e-02,4.485830084723389177e+00,-2.372850467289255860e-02,4.536883249469074453e-02,9.986884534748848852e-01,3.560314345726068308e-01,0.000000000000000000e+00,0.000000000000000000e+00,0.000000000000000000e+00,1.000000000000000056e-01
9.952729826080404241e-01,-9.248436309957584756e-02,2.963667782598349010e-02,5.712698883262563498e+01,9.363090679242104530e-02,9.948045005772382376e-01,-3.996572186887784733e-02,4.576940967427348461e+00,-2.578649615058806188e-02,4.255171222568310957e-02,9.987614371825427328e-01,3.401293202530359938e-01,0.000000000000000000e+00,0.000000000000000000e+00,0.000000000000000000e+00,1.000000000000000056e-01
9.950418536558929272e-01,-9.628548817634766110e-02,2.491614415769467794e-02,5.802373526953213911e+01,9.725958684560090384e-02,9.943980677526248479e-01,-4.138907605237279047e-02,4.672275171108677405e+00,-2.079139821338674837e-02,4.360719684282057113e-02,9.988323834076685559e-01,3.397409950031139991e-01,0.000000000000000000e+00,0.000000000000000000e+00,0.000000000000000000e+00,1.000000000000000056e-01
9.947054503191583574e-01,-1.009627444737053459e-01,1.917267153261932588e-02,5.894033862914168509e+01,1.016809966002682752e-01,9.939650966945547950e-01,-4.116262240626195751e-02,4.772285963387906449e+00,-1.490107498594186314e-02,4.289418120586459965e-02,9.989684915866675619e-01,3.341236520514114239e-01,0.000000000000000000e+00,0.000000000000000000e+00,0.000000000000000000e+00,1.000000000000000056e-01
9.947673295351401324e-01,-1.011318577337579211e-01,1.450198058352001815e-02,5.989238047803647902e+01,1.016753138054556221e-01,9.938621413792838588e-01,-4.359099099064404209e-02,4.870193601586054299e+00,-1.000453157763866660e-02,4.483738712618335481e-02,9.989442016767546839e-01,3.398164879961321216e-01,0.000000000000000000e+00,0.000000000000000000e+00,0.000000000000000000e+00,1.000000000000000056e-01
9.945699384900201778e-01,-1.030041415592441167e-01,1.485881131183074653e-02,6.080246489089024919e+01,1.035344951273736158e-01,9.937820883534155270e-01,-4.096058088753183613e-02,4.975199241811365525e+00,-1.054731106383231636e-02,4.227656194119133737e-02,9.990502722785051803e-01,3.384582364050182091e-01,0.000000000000000000e+00,0.000000000000000000e+00,0.000000000000000000e+00,1.000000000000000056e-01
9.944534821002134484e-01,-1.037329243516604826e-01,1.737102024099845821e-02,6.172979997061244006e+01,1.043615316248003300e-01,9.937198536124053350e-01,-4.036735380806530382e-02,5.087190049929674274e+00,-1.307450403213436529e-02,4.195632183583786201e-02,9.990338955222296535e-01,3.549729176236622874e-01,0.000000000000000000e+00,0.000000000000000000e+00,0.000000000000000000e+00,1.000000000000000056e-01
9.942175755083518807e-01,-1.060534695906130975e-01,1.685449904587623879e-02,6.262339262267332174e+01,1.066541368929641853e-01,9.934911323147906925e-01,-4.000331355640389386e-02,5.189404377069124052e+00,-1.250230514390830369e-02,4.156959946484949098e-02,9.990573861227495245e-01,3.658667895863921271e-01,0.000000000000000000e+00,0.000000000000000000e+00,0.000000000000000000e+00,1.000000000000000056e-01
9.939438371657912663e-01,-1.085873378806726519e-01,1.686530794654330159e-02,6.343598686976798717e+01,1.091642218514640994e-01,9.932888636876725519e-01,-3.821525796873116720e-02,5.285222840232109753e+00,-1.260242943671699249e-02,3.982490836199094331e-02,9.991271968304393791e-01,3.706763854416995074e-01,0.000000000000000000e+00,0.000000000000000000e+00,0.000000000000000000e+00,1.000000000000000056e-01
9.937092052638726303e-01,-1.106227958937325145e-01,1.745314878456743352e-02,6.425450982385690679e+01,1.112112552586280306e-01,9.930922296892954471e-01,-3.741497072755681913e-02,5.382786527291470335e+00,-1.319363777140059382e-02,3.912058741119888577e-02,9.991473903098380127e-01,3.760654014304624648e-01,0.000000000000000000e+00,0.000000000000000000e+00,0.000000000000000000e+00,1.000000000000000056e-01
9.936002015017392219e-01,-1.117087354991571496e-01,1.672716320487746544e-02,6.504809953705282055e+01,1.122847914834637223e-01,9.929197412627406294e-01,-3.876226273384020260e-02,5.476329165059995674e+00,-1.227864720636317672e-02,4.039239809557651495e-02,9.991084470661181216e-01,3.753471814588099087e-01,0.000000000000000000e+00,0.000000000000000000e+00,0.000000000000000000e+00,1.000000000000000056e-01
9.935718633430667968e-01,-1.119296856773212140e-01,1.693215394337848137e-02,6.584920521177011210e+01,1.125409644168742923e-01,9.928027621521603452e-01,-4.095371523025465033e-02,5.570294276572131054e+00,-1.222635273113082365e-02,4.259602008658824879e-02,9.990175650966688359e-01,3.804028346585776599e-01,0.000000000000000000e+00,0.000000000000000000e+00,0.000000000000000000e+00,1.000000000000000056e-01
9.933701760488674593e-01,-1.134644822959157140e-01,1.847984290955434483e-02,6.660400168420704858e+01,1.141469114936470297e-01,9.926005049261911184e-01,-4.140918034363806621e-02,5.660068890369894135e+00,-1.364463019299123198e-02,4.324406176101244781e-02,9.989713585430296527e-01,3.890576802657448319e-01,0.000000000000000000e+00,0.000000000000000000e+00,0.000000000000000000e+00,1.000000000000000056e-01
9.929452485966688835e-01,-1.166453947326388380e-01,2.129753922326267646e-02,6.739858363109588879e+01,1.174294505995783638e-01,9.922636956270149966e-01,-4.028749771951180281e-02,5.768561176517165379e+00,-1.643342390315319368e-02,4.250423776854908575e-02,9.989611265462404743e-01,3.933108763232541771e-01,0.000000000000000000e+00,0.000000000000000000e+00,0.000000000000000000e+00,1.000000000000000056e-01
9.927660545740881748e-01,-1.176022303291211768e-01,2.419248451513036219e-02,6.813814841336443351e+01,1.184871396892474282e-01,9.921837242772882925e-01,-3.914402901478895164e-02,5.862961910416254696e+00,-1.939996426953565639e-02,4.172736153731986669e-02,9.989406732561622038e-01,3.970951269143683793e-01,0.000000000000000000e+00,0.000000000000000000e+00,0.000000000000000000e+00,1.000000000000000056e-01
9.924422397180594491e-01,-1.199948607741233575e-01,2.568334501579724177e-02,6.886399189175091351e+01,1.208921768760503057e-01,9.919824841771881507e-01,-3.682163298693207076e-02,5.952099270331781433e+00,-2.105902166700757139e-02,3.964825940004562677e-02,9.989917582908155458e-01,3.991492060835511446e-01,0.000000000000000000e+00,0.000000000000000000e+00,0.000000000000000000e+00,1.000000000000000056e-01
9.925577841569610538e-01,-1.196207148064474257e-01,2.280196699010952899e-02,6.952990212761089595e+01,1.203859895000433666e-01,9.920809464505574438e-01,-3.581353405992799416e-02,6.047156731935102059e+00,-1.833735644848859259e-02,3.829203936800364833e-02,9.990983240299826651e-01,4.084417466904044502e-01,0.000000000000000000e+00,0.000000000000000000e+00,0.000000000000000000e+00,1.000000000000000056e-01
9.925330278288690966e-01,-1.207362096076434743e-01,1.734809379835340615e-02,7.021887786191410896e+01,1.212903559168514722e-01,9.919802043228306276e-01,-3.555170591123110041e-02,6.137164445000178326e+00,-1.291658741389454731e-02,3.739039878383692422e-02,9.992172535782020137e-01,4.069785965679862949e-01,0.000000000000000000e+00,0.000000000000000000e+00,0.000000000000000000e+00,1.000000000000000056e-01
9.927228276206548907e-01,-1.199000371783304347e-01,1.119681229129415763e-02,7.094761314016845688e+01,1.202470388704782039e-01,9.919947733407936674e-01,-3.856188931353220217e-02,6.215326012079894547e+00,-6.483607308682587042e-03,3.962765132054109352e-02,9.991934808069378171e-01,4.206792213815278014e-01,0.000000000000000000e+00,0.000000000000000000e+00,0.000000000000000000e+00,1.000000000000000056e-01
9.925434908530462730e-01,-1.215988448052927051e-01,8.434435800175811571e-03,7.164363212552032678e+01,1.218302548008642627e-01,9.918553878070761609e-01,-3.715210213744410406e-02,6.306823296207485718e+00,-3.848087889515818243e-03,3.790264661066464202e-02,9.992740272815568980e-01,4.171007865041092555e-01,0.000000000000000000e+00,0.000000000000000000e+00,0.000000000000000000e+00,1.000000000000000056e-01
9.924388692109137322e-01,-1.222264575833773570e-01,1.121534422038339765e-02,7.230063894527948776e+01,1.225591822704765188e-01,9.917887918258073698e-01,-3.652723983409401215e-02,6.395915230898737924e+00,-6.658657564024859921e-03,3.762559601287620431e-02,9.992697217488983874e-01,4.255751719270725042e-01,0.000000000000000000e+00,0.000000000000000000e+00,0.000000000000000000e+00,1.000000000000000056e-01
9.922224577363528697e-01,-1.235928576833464770e-01,1.481215356710808076e-02,7.290220835640036512e+01,1.240758094873661704e-01,9.915445437602020684e-01,-3.800804177312388371e-02,6.476036943990171935e+00,-9.989387553115843671e-03,3.955026256596506223e-02,9.991676480287363660e-01,4.376095652539703784e-01,0.000000000000000000e+00,0.000000000000000000e+00,0.000000000000000000e+00,1.000000000000000056e-01
9.921839942377379540e-01,-1.241891574733715309e-01,1.216448702176125413e-02,7.349044478094779720e+01,1.245794833464187179e-01,9.914159953371530776e-01,-3.967715361239342736e-02,6.541800617700554987e+00,-7.132594730380636960e-03,4.088248225947403031e-02,9.991385032800587096e-01,4.536760051300060548e-01,0.000000000000000000e+00,0.000000000000000000e+00,0.000000000000000000e+00,1.000000000000000056e-01
9.921610284467988761e-01,-1.246379500064835055e-01,9.048483274649909980e-03,7.412909281871399969e+01,1.249279470887766086e-01,9.910416874079076566e-01,-4.721633039395306541e-02,6.607762613822528941e+00,-3.082477505860147307e-03,4.797661136291746231e-02,9.988437030359441637e-01,4.657842316458276621e-01,0.000000000000000000e+00,0.000000000000000000e+00,0.000000000000000000e+00,1.000000000000000056e-01
9.923235863489984210e-01,-1.235105908584805540e-01,6.247713281747671425e-03,7.475066776466701413e+01,1.236684223451356285e-01,9.909961501878068457e-01,-5.131034620435766941e-02,6.692116968099738550e+00,1.459113671642385535e-04,5.168911160713540037e-02,9.986632137267988929e-01,4.882768463463124098e-01,0.000000000000000000e+00,0.000000000000000000e+00,0.000000000000000000e+00,1.000000000000000056e-01
9.928086492436011268e-01,-1.195145340592586175e-01,6.874746227650351850e-03,7.535462962964464850e+01,1.197081345849963924e-01,9.916046017107494892e-01,-4.889045285376495548e-02,6.759749839283208495e+00,-9.739103021678364655e-04,4.936182750531161595e-02,9.987804871362171433e-01,4.972233670017012219e-01,0.000000000000000000e+00,0.000000000000000000e+00,0.000000000000000000e+00,1.000000000000000056e-01
9.933348624740639954e-01,-1.148935555985648310e-01,9.236984115595715458e-03,7.591729216336256059e+01,1.151920180161220414e-01,9.923564233991589711e-01,-4.426655536409586367e-02,6.851934941742696239e+00,-4.080438580065712945e-03,4.503553952545304162e-02,9.989770518889038442e-01,4.976301177564835254e-01,0.000000000000000000e+00,0.000000000000000000e+00,0.000000000000000000e+00,1.000000000000000056e-01
9.940438115621474946e-01,-1.083071056957965461e-01,1.210254315411768422e-02,7.647470618626388728e+01,1.087519959589202112e-01,9.930161368501312369e-01,-4.573789818293299420e-02,6.904632184510064441e+00,-7.064281276161440450e-03,4.678165036679340222e-02,9.988801595381752163e-01,5.077864502070926767e-01,0.000000000000000000e+00,0.000000000000000000e+00,0.000000000000000000e+00,1.000000000000000056e-01
9.947036440124232826e-01,-1.014270895843206871e-01,1.664950710563162239e-02,7.705082063506972645e+01,1.021489604917968780e-01,9.934833439003430966e-01,-5.056120314072715810e-02,6.947370089442627794e+00,-1.141273231314985856e-02,5.199414285327474267e-02,9.985821742100655651e-01,5.157702832286364947e-01,0.000000000000000000e+00,0.000000000000000000e+00,0.000000000000000000e+00,1.000000000000000056e-01
9.955681885803657760e-01,-9.206200425824760669e-02,1.919815769191648980e-02,7.759818555325433920e+01,9.297994853987055774e-02,9.941914437994843201e-01,-5.420426408890500342e-02,6.981783289253455038e+00,-1.409649092264868286e-02,5.574908472657764263e-02,9.983452952239603162e-01,5.262964454198648667e-01,0.000000000000000000e+00,0.000000000000000000e+00,0.000000000000000000e+00,1.000000000000000056e-01
9.964395583240018839e-01,-8.218015450762394813e-02,1.883159080298818511e-02,7.809348608014032322e+01,8.306623027685841598e-02,9.951623341992648086e-01,-5.245884080555705126e-02,7.032837594995622332e+00,-1.442941421749560117e-02,5.383633342059897936e-02,9.984455123887161498e-01,5.307565793225798023e-01,0.000000000000000000e+00,0.000000000000000000e+00,0.000000000000000000e+00,1.000000000000000056e-01
9.976046632728925445e-01,-6.676828393984282628e-02,1.808126311702552141e-02,7.858406547714069745e+01,6.756402434720207295e-02,9.965734871539715378e-01,-4.771150087540392687e-02,7.086744038164118464e+00,-1.483369239903758324e-02,4.881885866651853451e-02,9.986974920406624934e-01,5.244816267706007284e-01,0.000000000000000000e+00,0.000000000000000000e+00,0.000000000000000000e+00,1.000000000000000056e-01
9.985265648694380269e-01,-5.097177091461447401e-02,1.861660065285889246e-02,7.906352611347284665e+01,5.171894419702805640e-02,9.977721529533051248e-01,-4.214121025873504567e-02,7.115425888689730805e+00,-1.642711359870207763e-02,4.304194884939899213e-02,9.989382065864039761e-01,5.245534312073308891e-01,0.000000000000000000e+00,0.000000000000000000e+00,0.000000000000000000e+00,1.000000000000000056e-01
9.994956871414392152e-01,-2.539845063447010790e-02,1.906017027811428982e-02,7.955709612284621812e+01,2.620305113644688308e-02,9.987217371898166052e-01,-4.322374088039726558e-02,7.141805569383124386e+00,-1.793799032230411483e-02,4.370137720854298802e-02,9.988835858763890352e-01,5.238798831619492224e-01,0.000000000000000000e+00,0.000000000000000000e+00,0.000000000000000000e+00,1.000000000000000056e-01
9.997693215967732305e-01,-1.126923782726763339e-03,2.144839473517007322e-02,8.005482795830498333e+01,2.080048334642873881e-03,9.990086548281918999e-01,-4.446775210522906779e-02,7.146974861912688048e+00,-2.137702020519454543e-02,4.450210805292800081e-02,9.987805491628239940e-01,5.341940880812557912e-01,0.000000000000000000e+00,0.000000000000000000e+00,0.000000000000000000e+00,1.000000000000000056e-01
9.994069599005745985e-01,2.529922697616179481e-02,2.335974350672145178e-02,8.053793859249458365e+01,-2.427968697660236666e-02,9.987824592876417551e-01,-4.294293678416188226e-02,7.139715779826937059e+00,-2.441772517269725357e-02,4.235030264046487497e-02,9.988043985504126976e-01,5.333723421844427381e-01,0.000000000000000000e+00,0.000000000000000000e+00,0.000000000000000000e+00,1.000000000000000056e-01
9.981592416031226378e-01,5.554553371120563021e-02,2.434793804445147675e-02,8.103239437009173685e+01,-5.448669462420921428e-02,9.976230104151445621e-01,-4.218446632532451418e-02,7.112015167407780503e+00,-2.663322194566964535e-02,4.078017624976119221e-02,9.988131200148659961e-01,5.262401590831853326e-01,0.000000000000000000e+00,0.000000000000000000e+00,0.000000000000000000e+00,1.000000000000000056e-01
