1.000000000000000000e+00,0.000000000000000000e+00,0.000000000000000000e+00,0.000000000000000000e+00,0.000000000000000000e+00,1.000000000000000000e+00,0.000000000000000000e+00,0.000000000000000000e+00,0.000000000000000000e+00,0.000000000000000000e+00,1.000000000000000000e+00,0.000000000000000000e+00,0.000000000000000000e+00,0.000000000000000000e+00,0.000000000000000000e+00,1.000000000000000000e+00
9.999966551718663110e-01,-2.140993734888770820e-03,-1.451134351719625621e-03,6.253726508757954106e-01,2.138223900230073072e-03,9.999958945049822745e-01,-1.907608904555576582e-03,-3.159570700761005213e-03,1.455212572808046653e-03,1.904499673778340231e-03,9.999971276145546151e-01,1.251646033114273138e-02,0.000000000000000000e+00,0.000000000000000000e+00,0.000000000000000000e+00,1.000000000000000000e+00
9.999870170211138110e-01,-4.286644903073897825e-03,-2.755079797309729212e-03,1.256102153992223247e+00,4.286685481684466767e-03,9.999908120826528357e-01,8.823701787046110492e-06,-8.434583909812075342e-03,2.755016659787973710e-03,-2.063374779719127949e-05,9.999962047215238403e-01,1.951485541139643537e-02,0.000000000000000000e+00,0.000000000000000000e+00,0.000000000000000000e+00,1.000000000000000000e+00
9.999636863297522993e-01,-8.374687237630754066e-03,-1.578174731651977398e-03,1.986087795360466757e+00,8.375518469304701202e-03,9.999647890915345227e-01,5.208334586472307143e-04,-6.773603113104672765e-03,1.573757345366890315e-03,-5.340325768855849146e-04,9.999986190475581571e-01,2.649756459943598819e-02,0.000000000000000000e+00,0.000000000000000000e+00,0.000000000000000000e+00,1.000000000000000000e+00
9.999079179507565085e-01,-1.332816987069878299e-02,-2.552549172907154183e-03,2.702565034854146120e+00,1.332421571930227089e-02,9.999100119599909631e-01,-1.559890263122242719e-03,-9.024813050420733146e-03,2.573109956416598336e-03,1.525735909416312290e-03,9.999955256075326870e-01,2.485007918192928822e-02,0.000000000000000000e+00,0.000000000000000000e+00,0.000000000000000000e+00,1.000000000000000000e+00
9.997970746229097871e-01,-1.995006015414606954e-02,-2.793684899583797916e-03,3.449169355276238580e+00,1.994999641265668422e-02,9.998009777321881231e-01,-5.068424844091230400e-05,-4.968294215768087260e-03,2.794140047884795166e-03,-5.060040404086833869e-06,9.999960963702743122e-01,3.524930177461890052e-02,0.000000000000000000e+00,0.000000000000000000e+00,0.000000000000000000e+00,1.000000000000000000e+00
9.997040059108980303e-01,-2.419591557600049569e-02,-2.541305794754045340e-03,4.197349296630319415e+00,2.419752683012220754e-02,9.997070137935635259e-01,6.052001802135863152e-04,1.548608859530789354e-02,2.525917854742816375e-03,-6.665143596896670438e-04,9.999965877429770611e-01,5.165102166132404249e-02,0.000000000000000000e+00,0.000000000000000000e+00,0.000000000000000000e+00,1.000000000000000000e+00
9.995418322924493060e-01,-3.005815854127608100e-02,-3.554237268405201298e-03,4.965402358410054617e+00,3.006759022797632006e-02,9.995444060297834499e-01,2.630663879500551045e-03,3.827748142407623455e-02,3.473545067378159667e-03,-2.736325944020994577e-03,9.999902234547052293e-01,6.653780577796554463e-02,0.000000000000000000e+00,0.000000000000000000e+00,0.000000000000000000e+00,1.000000000000000000e+00
9.994201358146924674e-01,-3.387768042734585344e-02,-3.419780256636346157e-03,5.750957328429400661e+00,3.388324861161318147e-02,9.994245432256314565e-01,1.583622984812885996e-03,8.700209069865577627e-02,3.364162847523921671e-03,-1.698577963193689897e-03,9.999928985954033012e-01,6.355503929988011447e-02,0.000000000000000000e+00,0.000000000000000000e+00,0.000000000000000000e+00,1.000000000000000000e+00
9.993533771466637239e-01,-3.590764167931680129e-02,-1.862486130875783954e-03,6.539539877191078432e+00,3.591025608779669503e-02,9.993540523657229446e-01,1.389794198590334467e-03,1.235739317799846304e-01,1.811378830274692521e-03,-1.455777879819851635e-03,9.999972998051026574e-01,6.700115648300919435e-02,0.000000000000000000e+00,0.000000000000000000e+00,0.000000000000000000e+00,1.000000000000000000e+00
9.993125919971145299e-01,-3.699752042800010660e-02,2.350948359332047030e-03,7.326187616738759623e+00,3.699784496604190814e-02,9.993153408716888286e-01,-9.469089683640860696e-05,1.664221636894780421e-01,-2.345835432687598098e-03,1.816058284778877135e-04,9.999972320338914589e-01,8.163515378732182082e-02,0.000000000000000000e+00,0.000000000000000000e+00,0.000000000000000000e+00,1.000000000000000000e+00
9.990737063839271181e-01,-4.292182964533950568e-02,3.073394244118787810e-03,8.128390278469478147e+00,4.291944347850662478e-02,9.990781845114333759e-01,8.382152640260805230e-04,2.084063290384951805e-01,-3.106538874470748685e-03,-7.055304600307391993e-04,9.999949258086213710e-01,7.317489764874660074e-02,0.000000000000000000e+00,0.000000000000000000e+00,0.000000000000000000e+00,1.000000000000000000e+00
9.989547913700456139e-01,-4.557495193246205445e-02,3.499793591482575766e-03,8.962528715262843448e+00,4.555884737355812147e-02,9.989512892891804219e-01,4.551159574574401880e-03,2.614993309036014457e-01,-3.703542199305733147e-03,-4.386956101237718744e-03,9.999835190598604928e-01,7.872344482042917257e-02,0.000000000000000000e+00,0.000000000000000000e+00,0.000000000000000000e+00,1.000000000000000000e+00
9.989602955324231592e-01,-4.552909742273517774e-02,2.330072454859535760e-03,9.743210506050049347e+00,4.552494736493745142e-02,9.989615728633914893e-01,1.804192260825620469e-03,3.073005483368702606e-01,-2.409796089604629345e-03,-1.696240008207970662e-03,9.999956578168924803e-01,9.733105442647660421e-02,0.000000000000000000e+00,0.000000000000000000e+00,0.000000000000000000e+00,1.000000000000000000e+00
9.988964750727752362e-01,-4.685233940749152642e-02,3.269614538362679637e-03,1.052503562293710537e+01,4.685090452344949086e-02,9.989017611500327076e-01,5.141173914601328884e-04,3.587295317996712085e-01,-3.290111323172226904e-03,-3.603656515380699384e-04,9.999945226370374751e-01,9.738895249860769765e-02,0.000000000000000000e+00,0.000000000000000000e+00,0.000000000000000000e+00,1.000000000000000000e+00
9.987212408373186134e-01,-5.049861032101064795e-02,2.402801700584877853e-03,1.128528159547102838e+01,5.050363356130298242e-02,9.987217156070378188e-01,-2.077924934681940877e-03,4.059514056676496452e-01,-2.294797915118829568e-03,2.196617985738961911e-03,9.999949543732465918e-01,1.080528129415830596e-01,0.000000000000000000e+00,0.000000000000000000e+00,0.000000000000000000e+00,1.000000000000000000e+00
9.984742784851244890e-01,-5.520425978317859694e-02,1.266848609657086205e-03,1.211387956823074141e+01,5.520214756734254796e-02,9.984738426080097540e-01,1.645761690514789804e-03,4.688305986829217620e-01,-1.355768255191312126e-03,-1.573317952599647676e-03,9.999978432792027139e-01,1.192712448850895002e-01,0.000000000000000000e+00,0.000000000000000000e+00,0.000000000000000000e+00,1.000000000000000000e+00
9.983698093410795504e-01,-5.704986584836629904e-02,-1.742585131039506990e-03,1.295744325928916929e+01,5.705385075082747282e-02,9.983683842086664706e-01,2.329705361916412695e-03,5.344219138840424765e-01,1.606832523258411739e-03,-2.425328689984541323e-03,9.999957679260379484e-01,1.218454170262553565e-01,0.000000000000000000e+00,0.000000000000000000e+00,0.000000000000000000e+00,1.000000000000000000e+00
9.983441974410587338e-01,-5.745691896432975759e-02,-2.750617911357965996e-03,1.384465985918240527e+01,5.746829936853305870e-02,9.983382664804760775e-01,4.254438675078181867e-03,5.860584179695023099e-01,2.501600179182587261e-03,-4.405467498211741544e-03,9.999871668439870298e-01,1.322219054934417604e-01,0.000000000000000000e+00,0.000000000000000000e+00,0.000000000000000000e+00,1.000000000000000000e+00
9.977894663507627104e-01,-6.631913055736253504e-02,-4.237187932530825027e-03,1.477051112447806780e+01,6.635189728105955753e-02,9.977631838717508916e-01,8.127400402576791250e-03,6.800963163911409870e-01,3.688707993834475490e-03,-8.390579968966161220e-03,9.999579949183461380e-01,1.474774916491772558e-01,0.000000000000000000e+00,0.000000000000000000e+00,0.000000000000000000e+00,1.000000000000000000e+00
9.974659745065529437e-01,-7.106883889302471891e-02,-3.293909544808281634e-03,1.572568828180385481e+01,7.108465640934540086e-02,9.974579376873999870e-01,4.963281934209701728e-03,7.490210815154700885e-01,2.932801537330306622e-03,-5.184851279493661591e-03,9.999822578387832506e-01,1.383871371662820371e-01,0.000000000000000000e+00,0.000000000000000000e+00,0.000000000000000000e+00,1.000000000000000000e+00
9.970451167837718343e-01,-7.679923553523747282e-02,-1.706610335541472109e-03,1.665074427703940430e+01,7.680234371037196472e-02,9.970446455032292432e-01,1.837082994321693639e-03,8.457281518588081193e-01,1.560480127433402963e-03,-1.962726302185121684e-03,9.999968562986750742e-01,1.485986720031354513e-01,0.000000000000000000e+00,0.000000000000000000e+00,0.000000000000000000e+00,1.000000000000000000e+00
9.968950384920195473e-01,-7.874023172127328496e-02,5.080732967159274889e-04,1.754607271907164190e+01,7.873760918892222516e-02,9.968874632925770474e-01,3.971703576291902259e-03,9.440726361793939647e-01,-8.192247598552778896e-04,-3.919367112890493818e-03,9.999919836839822329e-01,1.770281360406445181e-01,0.000000000000000000e+00,0.000000000000000000e+00,0.000000000000000000e+00,1.000000000000000000e+00
9.967844901242448596e-01,-8.011959444531717434e-02,1.237268631827339498e-03,1.848064629828160932e+01,8.011104961506801403e-02,9.967687076987861161e-01,5.862003246065776441e-03,1.022401346875148054e+00,-1.702931977934718641e-03,-5.744035027985138278e-03,9.999820528810876574e-01,1.932812698370406923e-01,0.000000000000000000e+00,0.000000000000000000e+00,0.000000000000000000e+00,1.000000000000000000e+00
9.964799918068047990e-01,-8.382124995833103998e-02,1.274356360656631873e-03,1.941942146943614844e+01,8.381522469678084897e-02,9.964724088272211011e-01,4.212666031951832132e-03,1.107837124056234357e+00,-1.622971884863024178e-03,-4.091026948292236613e-03,9.999903146834814294e-01,2.111813839759052736e-01,0.000000000000000000e+00,0.000000000000000000e+00,0.000000000000000000e+00,1.000000000000000000e+00
9.963783269405438459e-01,-8.502483010716911649e-02,1.003926496482770731e-03,2.035591442050097299e+01,8.501877523423340133e-02,9.963666859405647669e-01,5.023445578601437242e-03,1.182660114143692986e+00,-1.427396523101671401e-03,-4.919899699928250922e-03,9.999868784769665453e-01,2.191320416901454404e-01,0.000000000000000000e+00,0.000000000000000000e+00,0.000000000000000000e+00,1.000000000000000000e+00
9.966173031911627067e-01,-8.207844002258836424e-02,4.132875927447250339e-03,2.128380175506387317e+01,8.205297050894243271e-02,9.966099357487071542e-01,5.995498111885148862e-03,1.275269220836542372e+00,-4.610966344692509974e-03,-5.636102412963465112e-03,9.999734863179911004e-01,2.326687975736941305e-01,0.000000000000000000e+00,0.000000000000000000e+00,0.000000000000000000e+00,1.000000000000000000e+00
9.967600770437994306e-01,-8.004559072826739063e-02,7.877322933639898869e-03,2.222843836241995064e+01,7.999912980831022646e-02,9.967765926967733225e-01,6.046774488719036146e-03,1.363155213192766224e+00,-8.335948749315889861e-03,-5.397004425332520457e-03,9.999506909351483230e-01,2.240075732490509341e-01,0.000000000000000000e+00,0.000000000000000000e+00,0.000000000000000000e+00,1.000000000000000000e+00
9.967962507459681154e-01,-7.910562653853521475e-02,1.181246581903710319e-02,2.318952077160131964e+01,7.903791922022744554e-02,9.968529868154681894e-01,6.093439292436082268e-03,1.450485928887230269e+00,-1.225731716636548410e-02,-5.140284721652428092e-03,9.999116639227998427e-01,2.336937615887329511e-01,0.000000000000000000e+00,0.000000000000000000e+00,0.000000000000000000e+00,1.000000000000000000e+00
9.968923156804597729e-01,-7.722808387422276655e-02,1.554136410892642713e-02,2.412016680479085551e+01,7.715302697063136650e-02,9.970047830717803095e-01,5.373356609731036633e-03,1.527174107993016339e+00,-1.590978838700220568e-02,-4.157594629395999428e-03,9.998647873789622276e-01,2.398654995416224234e-01,0.000000000000000000e+00,0.000000000000000000e+00,0.000000000000000000e+00,1.000000000000000000e+00
9.971164365347988667e-01,-7.494870163651434769e-02,1.189555022453692851e-02,2.507937127374508179e+01,7.490601027149804136e-02,9.971825945708433503e-01,3.995336051127478492e-03,1.591694858684514768e+00,-1.216148088638510649e-02,-3.092767038755683297e-03,9.999212634876275541e-01,2.426045104398391605e-01,0.000000000000000000e+00,0.000000000000000000e+00,0.000000000000000000e+00,1.000000000000000000e+00
9.971841079933845275e-01,-7.445693719998230931e-02,8.945348972295168524e-03,2.604290827845840184e+01,7.442205705655136061e-02,9.972181094590856221e-01,4.171281615252955995e-03,1.665181245520700681e+00,-9.231044843874311456e-03,-3.493804465089088863e-03,9.999512893843626182e-01,2.359240786509855803e-01,0.000000000000000000e+00,0.000000000000000000e+00,0.000000000000000000e+00,1.000000000000000000e+00
9.973404579726579122e-01,-7.245900293733939512e-02,7.855175632399104269e-03,2.698521078639149096e+01,7.242789301501405264e-02,9.973649110459495981e-01,4.175467363655313742e-03,1.741479863141757178e+00,-8.137026747825928247e-03,-3.595428712401113700e-03,9.999604300611490970e-01,2.495201377848330071e-01,0.000000000000000000e+00,0.000000000000000000e+00,0.000000000000000000e+00,1.000000000000000000e+00
9.973788599540276412e-01,-7.184560112227339479e-02,8.580169939064633683e-03,2.794057150173983572e+01,7.184070146832015336e-02,9.974157318867185040e-01,8.782923294277309974e-04,1.810430280875020115e+00,-8.621097919853408162e-03,-2.595847750919713865e-04,9.999628039514267819e-01,2.593221218302390607e-01,0.000000000000000000e+00,0.000000000000000000e+00,0.000000000000000000e+00,1.000000000000000000e+00
9.975023545757359944e-01,-6.920992682376968241e-02,1.410810564572788882e-02,2.894416119797047315e+01,6.927551842658825898e-02,9.975886642893272427e-01,-4.214193654569753193e-03,1.897287353637067797e+00,-1.378242223232046051e-02,5.181014425695464401e-03,9.998915950876522407e-01,2.644305025918458063e-01,0.000000000000000000e+00,0.000000000000000000e+00,0.000000000000000000e+00,1.000000000000000000e+00
9.974047829256932340e-01,-6.982314497059424752e-02,1.756210190627031931e-02,2.992379860104209399e+01,6.998382466707665783e-02,9.975101295423129955e-01,-8.706649495740183611e-03,1.931513294798518299e+00,-1.691044889760981787e-02,9.913116910901752926e-03,9.998078649576579435e-01,2.603157824289007438e-01,0.000000000000000000e+00,0.000000000000000000e+00,0.000000000000000000e+00,1.000000000000000000e+00
9.972301593864183467e-01,-7.158962118305550737e-02,2.017263862279169290e-02,3.083924250281251389e+01,7.188870920865148006e-02,9.973070761213082003e-01,-1.451238804187317266e-02,1.986444300333301216e+00,-1.907937888016897690e-02,1.592237599199890913e-02,9.996911799372417695e-01,2.686455883037305314e-01,0.000000000000000000e+00,0.000000000000000000e+00,0.000000000000000000e+00,1.000000000000000000e+00
9.974462287043490694e-01,-7.009998132767740475e-02,1.367528651732932178e-02,3.175430721425084712e+01,7.028661833234393919e-02,9.974330214651573323e-01,-1.368060577196871831e-02,2.052065425915813091e+00,-1.268117214121520543e-02,1.460685827766915364e-02,9.998128962782880658e-01,2.541988613696756216e-01,0.000000000000000000e+00,0.000000000000000000e+00,0.000000000000000000e+00,1.000000000000000000e+00
9.974867717106177256e-01,-6.987734832509934213e-02,1.171735692817249541e-02,3.274053319971071829e+01,7.004822190507800639e-02,9.974327966521213673e-01,-1.486817980328243409e-02,2.101266595475002052e+00,-1.064832711116403714e-02,1.565159269143387780e-02,9.998208043324329219e-01,2.584911192252668521e-01,0.000000000000000000e+00,0.000000000000000000e+00,0.000000000000000000e+00,1.000000000000000000e+00
9.973011787487620072e-01,-7.276904429808485342e-02,9.748079722280368967e-03,3.368970552867548918e+01,7.286359874198161668e-02,9.972945163144385505e-01,-9.723358859728074843e-03,2.182749724798966007e+00,-9.014146920036467808e-03,1.040739742159215234e-02,9.999052111246400365e-01,2.474215509013996950e-01,0.000000000000000000e+00,0.000000000000000000e+00,0.000000000000000000e+00,1.000000000000000000e+00
9.969810827286145205e-01,-7.681770648444015415e-02,1.130312575129108384e-02,3.464338857777243419e+01,7.695049739319141657e-02,9.969648092063988498e-01,-1.182328867051489658e-02,2.261672356421938979e+00,-1.036058068929945029e-02,1.265737628880158998e-02,9.998662156475045526e-01,2.599259038431431246e-01,0.000000000000000000e+00,0.000000000000000000e+00,0.000000000000000000e+00,1.000000000000000000e+00
9.969444118290486934e-01,-7.722293816479813833e-02,1.176679837629894532e-02,3.562121570718204566e+01,7.735959745301165813e-02,9.969353274901029405e-01,-1.163810483315596590e-02,2.338008634118019735e+00,-1.083200834289937964e-02,1.251281836339575813e-02,9.998630391067878653e-01,2.521668121467300905e-01,0.000000000000000000e+00,0.000000000000000000e+00,0.000000000000000000e+00,1.000000000000000000e+00
9.969762591295918686e-01,-7.672882752777726578e-02,1.228925376816706293e-02,3.659870517135847479e+01,7.686181585971310626e-02,9.969838964888083632e-01,-1.074110817089412792e-02,2.411797613501385218e+00,-1.142803547042525562e-02,1.165320420330549778e-02,9.998667925464274076e-01,2.542234047178620338e-01,0.000000000000000000e+00,0.000000000000000000e+00,0.000000000000000000e+00,1.000000000000000000e+00
9.969047736916734070e-01,-7.759432289604080435e-02,1.264884362538261364e-02,3.759643865097815052e+01,7.770786939750003175e-02,9.969378051374137018e-01,-8.746411921199528927e-03,2.495631752844616802e+00,-1.193143849061999509e-02,9.702254485387241251e-03,9.998817465247793468e-01,2.567583036065145818e-01,0.000000000000000000e+00,0.000000000000000000e+00,0.000000000000000000e+00,1.000000000000000000e+00
9.967894982513599844e-01,-7.857321689527234365e-02,1.539304266643357066e-02,3.858812694572262814e+01,7.873785972846694681e-02,9.968411256998926939e-01,-1.039805552730099780e-02,2.576531844747511180e+00,-1.452740930731843093e-02,1.157668778611113843e-02,9.998274524530310625e-01,2.734632137692130094e-01,0.000000000000000000e+00,0.000000000000000000e+00,0.000000000000000000e+00,1.000000000000000000e+00
9.966547956401030639e-01,-8.030392202896462217e-02,1.518217488868183092e-02,3.960842929110490473e+01,8.041900693814711676e-02,9.967356655321791825e-01,-7.127157862980735767e-03,2.632408274376363266e+00,-1.456027646257931733e-02,8.324251491131919381e-03,9.998593427009838663e-01,2.658578770810952063e-01,0.000000000000000000e+00,0.000000000000000000e+00,0.000000000000000000e+00,1.000000000000000000e+00
9.963252647098809200e-01,-8.394852408180134007e-02,1.698859044397469514e-02,4.062481551875900720e+01,8.415115652984189731e-02,9.963856496059658729e-01,-1.158534047771299716e-02,2.724648879806663704e+00,-1.595461549132030574e-02,1.297237695188258391e-02,9.997885614872477067e-01,2.770287696378861408e-01,0.000000000000000000e+00,0.000000000000000000e+00,0.000000000000000000e+00,1.000000000000000000e+00
9.964306693086159017e-01,-8.295546237408851775e-02,1.563049978359864686e-02,4.164708570203006843e+01,8.315729817109850097e-02,9.964550253467494567e-01,-1.273759090603560074e-02,2.817960638631819226e+00,-1.451843731490600961e-02,1.399191636294724699e-02,9.997966999617587947e-01,2.895627942971388258e-01,0.000000000000000000e+00,0.000000000000000000e+00,0.000000000000000000e+00,1.000000000000000000e+00
9.962916327675955808e-01,-8.470539385708182600e-02,1.509896449416995093e-02,4.270446492936599014e+01,8.490332391551273783e-02,9.963045429757301230e-01,-1.298781097862556667e-02,2.907891792625264760e+00,-1.394302927548498987e-02,1.422159967920799510e-02,9.998016493471016952e-01,2.984110666088298780e-01,0.000000000000000000e+00,0.000000000000000000e+00,0.000000000000000000e+00,1.000000000000000000e+00
9.964122558001472507e-01,-8.384387598039567957e-02,1.152479725840313378e-02,4.377775897564526986e+01,8.399802637823416962e-02,9.963729213194871814e-01,-1.361371462276128076e-02,2.988126647478992925e+00,-1.034156931150668514e-02,1.453293232119908310e-02,9.998409102563867723e-01,3.050295807048831742e-01,0.000000000000000000e+00,0.000000000000000000e+00,0.000000000000000000e+00,1.000000000000000000e+00
9.964446083837774637e-01,-8.332497698412369425e-02,1.245353899490718626e-02,4.481118881289144440e+01,8.350311346015515390e-02,9.964014004284635906e-01,-1.454232672771230660e-02,3.064826434536005006e+00,-1.119698465493379654e-02,1.553053234085532627e-02,9.998166982501562883e-01,3.126967031460225477e-01,0.000000000000000000e+00,0.000000000000000000e+00,0.000000000000000000e+00,1.000000000000000000e+00
9.964150061378586054e-01,-8.333401413255717149e-02,1.458004224435863021e-02,4.581822483321988670e+01,8.354111453504169116e-02,9.964028231518599066e-01,-1.422308676921556214e-02,3.162722672025028992e+00,-1.334232834011794995e-02,1.539013006950781977e-02,9.997925415659516535e-01,3.252237968237088328e-01,0.000000000000000000e+00,0.000000000000000000e+00,0.000000000000000000e+00,1.000000000000000000e+00
9.959993075636927040e-01,-8.849914458455682142e-02,1.238065993591281819e-02,4.676451527834315414e+01,8.864520932752431581e-02,9.959934563996151180e-01,-1.179244132596131596e-02,3.240352629645765425e+00,-1.128743531216692964e-02,1.284274958677369786e-02,9.998538181089884347e-01,3.386444583452774548e-01,0.000000000000000000e+00,0.000000000000000000e+00,0.000000000000000000e+00,1.000000000000000000e+00
9.962164036861133054e-01,-8.663555412448362136e-02,6.867152849137579326e-03,4.772096990116532567e+01,8.671536516322952970e-02,9.961568257167322527e-01,-1.232980221135260464e-02,3.343637455828740723e+00,-5.772561937082732429e-03,1.287863888409819350e-02,9.999004041349182081e-01,3.324816451612498946e-01,0.000000000000000000e+00,0.000000000000000000e+00,0.000000000000000000e+00,1.000000000000000000e+00
9.962796134993358033e-01,-8.603815243116180733e-02,4.936400697769476389e-03,4.866924620785424338e+01,8.609514753288781408e-02,9.962045450984207129e-01,-1.281131907876801625e-02,3.429174763873542364e+00,-3.815402587801720782e-03,1.318865616656637874e-02,9.999057465839520376e-01,3.399671215864711882e-01,0.000000000000000000e+00,0.000000000000000000e+00,0.000000000000000000e+00,1.000000000000000000e+00
9.963525667602041169e-01,-8.514111841690946703e-02,5.705494288255235844e-03,4.963556972918406984e+01,8.521439124137097920e-02,9.962622501586138046e-01,-1.414342371059981729e-02,3.533936738771917607e+00,-4.479981664919618564e-03,1.457802673933684609e-02,9.998836986873357313e-01,3.467475403114254062e-01,0.000000000000000000e+00,0.000000000000000000e+00,0.000000000000000000e+00,1.000000000000000000e+00
9.967583444079100019e-01,-7.993355659217066256e-02,9.133968673666111732e-03,5.064450784134199068e+01,8.007614300963136755e-02,9.966523883927168592e-01,-1.648720812610856776e-02,3.613136422230750266e+00,-7.785510510318420160e-03,1.716517525744537878e-02,9.998223555134542195e-01,3.624324431764273657e-01,0.000000000000000000e+00,0.000000000000000000e+00,0.000000000000000000e+00,1.000000000000000000e+00
9.968119331822606899e-01,-7.931144198262328471e-02,8.698565173907135337e-03,5.158885072209508849e+01,7.944131985255482864e-02,9.967148135587431401e-01,-1.576886592764595654e-02,3.698037736567037381e+00,-7.419337270387189875e-03,1.640961922766620562e-02,9.998378257653928181e-01,3.663749371789221665e-01,0.000000000000000000e+00,0.000000000000000000e+00,0.000000000000000000e+00,1.000000000000000000e+00
9.968831299080420649e-01,-7.772805825520025247e-02,1.350460160929756182e-02,5.253754566796154535e+01,7.796544055559892494e-02,9.967927742194272467e-01,-1.804315224427085335e-02,3.780213352931041992e+00,-1.205883011410972816e-02,1.903980629667166927e-02,9.997460029389770853e-01,3.929164199064879015e-01,0.000000000000000000e+00,0.000000000000000000e+00,0.000000000000000000e+00,1.000000000000000000e+00
9.970601338103630695e-01,-7.531732664181060855e-02,1.408509402154996953e-02,5.353563299208116888e+01,7.555872837174601453e-02,9.969882549383076720e-01,-1.747278117280325407e-02,3.876210326820438201e+00,-1.272667014225419523e-02,1.848566532745810065e-02,9.997481243015603480e-01,4.203195720061392304e-01,0.000000000000000000e+00,0.000000000000000000e+00,0.000000000000000000e+00,1.000000000000000000e+00
9.970669598924649657e-01,-7.494427759007202261e-02,1.551878691467050396e-02,5.450322123087750725e+01,7.524741774237619918e-02,9.969649222099996599e-01,-1.996922647258607061e-02,3.939119585071026552e+00,-1.397510693715752969e-02,2.107840457224754646e-02,9.996801474705699908e-01,4.150541530934372947e-01,0.000000000000000000e+00,0.000000000000000000e+00,0.000000000000000000e+00,1.000000000000000000e+00
9.969698977329326528e-01,-7.549766467829609196e-02,1.873834684572647791e-02,5.543920330970951937e+01,7.583777244765253778e-02,9.969548604370787048e-01,-1.815595001815430501e-02,4.014339463316549228e+00,-1.731055413801628820e-02,1.952201011697384664e-02,9.996595599685045297e-01,4.241877723145826007e-01,0.000000000000000000e+00,0.000000000000000000e+00,0.000000000000000000e+00,1.000000000000000000e+00
9.969659156736346839e-01,-7.423129477066772730e-02,2.342387375526664220e-02,5.638338414275828825e+01,7.461309889733884482e-02,9.970862873960057993e-01,-1.586886762766862718e-02,4.098983351676673159e+00,-2.217765672852535855e-02,1.756844795418176577e-02,9.995996704573834046e-01,4.352206520237956733e-01,0.000000000000000000e+00,0.000000000000000000e+00,0.000000000000000000e+00,1.000000000000000000e+00
9.968896733017217349e-01,-7.459708471161541343e-02,2.542153057775937627e-02,5.734087295995507816e+01,7.497213944457192802e-02,9.970854712116321572e-01,-1.413298998015280299e-02,4.165131861267588498e+00,-2.429315894426823871e-02,1.599493829946020337e-02,9.995769126872137145e-01,4.198066161856137679e-01,0.000000000000000000e+00,0.000000000000000000e+00,0.000000000000000000e+00,1.000000000000000000e+00
9.969111336259586231e-01,-7.531667827489232914e-02,2.226184238203610458e-02,5.822625933454830260e+01,7.557102944761663610e-02,9.970817939053043810e-01,-1.081275962947423480e-02,4.232636934564607323e+00,-2.138249659964082741e-02,1.246171080605422768e-02,9.996937003917498732e-01,4.213156397408203135e-01,0.000000000000000000e+00,0.000000000000000000e+00,0.000000000000000000e+00,1.000000000000000000e+00
9.970633574518973363e-01,-7.485090676449211722e-02,1.618650620992797412e-02,5.912728598670309310e+01,7.496516429557918693e-02,9.971645073844447316e-01,-6.570339022543136322e-03,4.311512500324286457e+00,-1.564881365751060599e-02,7.764468382811758919e-03,9.998474021878749340e-01,4.251365766719739647e-01,0.000000000000000000e+00,0.000000000000000000e+00,0.000000000000000000e+00,1.000000000000000000e+00
9.971475018081429331e-01,-7.487984644376156906e-02,9.479885776662934013e-03,6.011345393640488055e+01,7.494641835295408339e-02,9.971638758351912823e-01,-6.873071031253272234e-03,4.374759633046394036e+00,-8.938345140114803758e-03,7.563949093919072539e-03,9.999314439801650911e-01,4.288218445913442034e-01,0.000000000000000000e+00,0.000000000000000000e+00,0.000000000000000000e+00,1.000000000000000000e+00
9.972959969513426337e-01,-7.287372554502857813e-02,9.492870483510364166e-03,6.103630636567863377e+01,7.291207312187193701e-02,9.973312935127016665e-01,-3.757735135628065097e-03,4.455938376181947547e+00,-9.193696639523265407e-03,4.439719075194394071e-03,9.999478810601236667e-01,4.359702344315518618e-01,0.000000000000000000e+00,0.000000000000000000e+00,0.000000000000000000e+00,1.000000000000000000e+00
9.970878675750960429e-01,-7.546179619464803146e-02,1.101370281175922429e-02,6.197980786467301328e+01,7.549418280239313106e-02,9.971429702190480748e-01,-2.554467797802130284e-03,4.535704882639201685e+00,-1.078947160648394653e-02,3.378499342700883382e-03,9.999360844797240411e-01,4.372450822017360794e-01,0.000000000000000000e+00,0.000000000000000000e+00,0.000000000000000000e+00,1.000000000000000000e+00
9.971943273621091119e-01,-7.385484573601430736e-02,1.220390257834016827e-02,6.285395048852781485e+01,7.390247116844002317e-02,9.972593384250644233e-01,-3.498096510830015892e-03,4.604563596040975426e+00,-1.191210443330240586e-02,4.390180555601978958e-03,9.999194107940183596e-01,4.478269054577297958e-01,0.000000000000000000e+00,0.000000000000000000e+00,0.000000000000000000e+00,1.000000000000000000e+00
9.973719969321173107e-01,-7.106339167109783361e-02,1.411007086595891802e-02,6.365883154151863721e+01,7.110767639263394779e-02,9.974650947914684984e-01,-2.661396378969338016e-03,4.679668678721411901e+00,-1.388517532055729385e-02,3.657736574133152018e-03,9.998969061205605913e-01,4.491316178534181525e-01,0.000000000000000000e+00,0.000000000000000000e+00,0.000000000000000000e+00,1.000000000000000000e+00
9.972729352579825512e-01,-7.247646133198104579e-02,1.392318766391410952e-02,6.446310304666563695e+01,7.249354137995980829e-02,9.973686181018450725e-01,-7.253163494542078050e-04,4.751994381549757840e+00,-1.383398207757599238e-02,1.732679545864552334e-03,9.999028046572655537e-01,4.603481768013096831e-01,0.000000000000000000e+00,0.000000000000000000e+00,0.000000000000000000e+00,1.000000000000000000e+00
9.971784456433298027e-01,-7.332711170322904481e-02,1.607116155159343807e-02,6.524465355293250468e+01,7.333229649062687761e-02,9.973075267288138424e-01,2.672479472961601047e-04,4.816023496355999356e+00,-1.604748689876269591e-02,9.120412911628976568e-04,9.998708148280530672e-01,4.609432479661699222e-01,0.000000000000000000e+00,0.000000000000000000e+00,0.000000000000000000e+00,1.000000000000000000e+00
9.966006759288933425e-01,-8.119590949254656964e-02,1.393976397767546921e-02,6.605792514017804251e+01,8.120668109989730155e-02,9.966972619032260505e-01,-2.075074686648720516e-04,4.882265942549867788e+00,-1.387687583048163691e-02,1.338804051473365146e-03,9.999028152380083911e-01,4.657853071310346649e-01,0.000000000000000000e+00,0.000000000000000000e+00,0.000000000000000000e+00,1.000000000000000000e+00
9.965101788204576705e-01,-8.240239147307941436e-02,1.331575708470433307e-02,6.680500095589036391e+01,8.238344108012923828e-02,9.965987667577689280e-01,1.966400948187305674e-03,4.945921837711790836e+00,-1.343250322978794403e-02,-8.625406712871882360e-04,9.999094078368148120e-01,4.698563048031034195e-01,0.000000000000000000e+00,0.000000000000000000e+00,0.000000000000000000e+00,1.000000000000000000e+00
9.963640683198657921e-01,-8.358761260538424831e-02,1.648497437119859563e-02,6.758810986752901329e+01,8.353362395582110411e-02,9.964971778330697916e-01,3.938050219752260890e-03,5.031912211037716354e+00,-1.675640265373909421e-02,-2.546682088156674868e-03,9.998563583737642979e-01,4.797915226064342620e-01,0.000000000000000000e+00,0.000000000000000000e+00,0.000000000000000000e+00,1.000000000000000000e+00
9.966753219450327217e-01,-7.918340998854259127e-02,1.919088868064504003e-02,6.832534910011402474e+01,7.906335289454922977e-02,9.968454556460144556e-01,6.937131032348383547e-03,5.112922561896200868e+00,-1.967965586178822834e-02,-5.396771300924243717e-03,9.997917713227515435e-01,4.769680519523620821e-01,0.000000000000000000e+00,0.000000000000000000e+00,0.000000000000000000e+00,1.000000000000000000e+00
9.962073829120003943e-01,-8.435765180173487865e-02,2.132221409989172589e-02,6.904817825647531038e+01,8.416476060675520676e-02,9.964037664801037586e-01,9.789137667260637207e-03,5.202687019594401718e+00,-2.207132310560131275e-02,-7.957432171144990934e-03,9.997247300980443008e-01,4.848714142030116636e-01,0.000000000000000000e+00,0.000000000000000000e+00,0.000000000000000000e+00,1.000000000000000000e+00
9.963407542872400047e-01,-8.411264339292028047e-02,1.517117555731355670e-02,6.972815005485708184e+01,8.390108969543315365e-02,9.963745939597000723e-01,1.408103900855904762e-02,5.277533713648341340e+00,-1.630056729853834874e-02,-1.275663486571782142e-02,9.997857569362779140e-01,4.811945074965737201e-01,0.000000000000000000e+00,0.000000000000000000e+00,0.000000000000000000e+00,1.000000000000000000e+00
9.963117366009022202e-01,-8.527773667687309211e-02,9.520038790069171308e-03,7.041626472969346651e+01,8.514549658850296965e-02,9.962767173681337241e-01,1.352578429779464561e-02,5.352578189416684395e+00,-1.063804126668294221e-02,-1.266530921230406281e-02,9.998632016533876010e-01,4.883504187707639055e-01,0.000000000000000000e+00,0.000000000000000000e+00,0.000000000000000000e+00,1.000000000000000000e+00
9.966510305887584797e-01,-8.147971132837916741e-02,6.912298330529392798e-03,7.115582510773407421e+01,8.139457489242046817e-02,9.966119306748202344e-01,1.181451711611798162e-02,5.427742527600360134e+00,-7.851522428694732159e-03,-1.121232707554590050e-02,9.999063142700420626e-01,4.981625801429403477e-01,0.000000000000000000e+00,0.000000000000000000e+00,0.000000000000000000e+00,1.000000000000000000e+00
9.968382986477303254e-01,-7.928185080125380035e-02,5.272047289933549583e-03,7.186578678386126739e+01,7.922435002582209340e-02,9.968031460832011970e-01,1.034361259990733764e-02,5.493278388650692179e+00,-6.075254075797002773e-03,-9.893234666113904369e-03,9.999326053268556835e-01,5.009441046970583011e-01,0.000000000000000000e+00,0.000000000000000000e+00,0.000000000000000000e+00,1.000000000000000000e+00
9.968901740785680587e-01,-7.832121938736237576e-02,8.704448246707298734e-03,7.254154678760248487e+01,7.821037115740839263e-02,9.968595189468547613e-01,1.241923220109384177e-02,5.564851878916402761e+00,-9.649801501754894095e-03,-1.169983242277660221e-02,9.998849910125927609e-01,5.099869980738251929e-01,0.000000000000000000e+00,0.000000000000000000e+00,0.000000000000000000e+00,1.000000000000000000e+00
9.968560868012557030e-01,-7.833251023601893459e-02,1.191469879657292875e-02,7.312976915504636111e+01,7.816587192942674178e-02,9.968439848207005793e-01,1.386240932518578890e-02,5.601994733048125674e+00,-1.296297314667515556e-02,-1.288750429333275320e-02,9.998329228227510468e-01,5.326504219251060324e-01,0.000000000000000000e+00,0.000000000000000000e+00,0.000000000000000000e+00,1.000000000000000000e+00
9.968354110998186579e-01,-7.897707838574184736e-02,9.043465436980284086e-03,7.371465733932711828e+01,7.888631523021991110e-02,9.968335760647951682e-01,9.988538395089204339e-03,5.630784264959295626e+00,-9.803695571351384030e-03,-9.243523112121315721e-03,9.999092182961497599e-01,5.405244369106052549e-01,0.000000000000000000e+00,0.000000000000000000e+00,0.000000000000000000e+00,1.000000000000000000e+00
9.968009574748242230e-01,-7.961345589910279186e-02,7.039092063427717337e-03,7.434100452487922439e+01,7.956793521034409566e-02,9.968080787788275998e-01,6.526696532338017651e-03,5.667725110824671120e+00,-7.536236702636800282e-03,-5.945731331341182029e-03,9.999539256462243175e-01,5.527361803296204634e-01,0.000000000000000000e+00,0.000000000000000000e+00,0.000000000000000000e+00,1.000000000000000000e+00
9.969430679357378366e-01,-7.810991347562774856e-02,1.833224403056669472e-03,7.496158025245610190e+01,7.809975021414433671e-02,9.969326016065660490e-01,5.081030451826961530e-03,5.684934633100596102e+00,-2.224480022427179505e-03,-4.922323718955613076e-03,9.999854111024987224e-01,5.662176822284630262e-01,0.000000000000000000e+00,0.000000000000000000e+00,0.000000000000000000e+00,1.000000000000000000e+00
9.974248788176897085e-01,-7.167304934480207834e-02,2.566147528717707595e-03,7.557302367899841045e+01,7.166361196119294674e-02,9.974223682645962930e-01,3.598055880712134474e-03,5.740876669215218442e+00,-2.817416582093598253e-03,-3.404891050066909553e-03,9.999902343926855286e-01,5.875384340353585477e-01,0.000000000000000000e+00,0.000000000000000000e+00,0.000000000000000000e+00,1.000000000000000000e+00
9.977173880299474718e-01,-6.734175885638292447e-02,5.010103475184640894e-03,7.614429585078750051e+01,6.730948256677578290e-02,9.977119128196682007e-01,6.353941635932865498e-03,5.799292401407049269e+00,-5.426525527085444486e-03,-6.002210580178518086e-03,9.999672626085581717e-01,5.820647460851431365e-01,0.000000000000000000e+00,0.000000000000000000e+00,0.000000000000000000e+00,1.000000000000000000e+00
9.979104115176383738e-01,-6.411001061506199639e-02,8.044695372605667819e-03,7.669326066922621976e+01,6.407578077477361911e-02,9.979351444680363281e-01,4.443169326473257567e-03,5.817713926591929763e+00,-8.312935871547272315e-03,-3.918414793930335809e-03,9.999577696696476670e-01,5.920844331888542866e-01,0.000000000000000000e+00,0.000000000000000000e+00,0.000000000000000000e+00,1.000000000000000000e+00
9.983157664205931647e-01,-5.688215063077414063e-02,1.140401050884534521e-02,7.726159244598088094e+01,5.688922040553224396e-02,9.983804529545483586e-01,-2.962430134315298847e-04,5.809992897850781546e+00,-1.136869023760606924e-02,9.445093383435783667e-04,9.999349282750298329e-01,6.086804555069961209e-01,0.000000000000000000e+00,0.000000000000000000e+00,0.000000000000000000e+00,1.000000000000000000e+00
9.987996348865362251e-01,-4.679905802740099569e-02,1.446158768165480349e-02,7.781196871567144058e+01,4.688965975530171720e-02,9.988821116078929752e-01,-5.990569070718042809e-03,5.825637867788574731e+00,-1.416506825109626992e-02,6.661477126508207405e-03,9.998774802764253122e-01,6.123583868104934824e-01,0.000000000000000000e+00,0.000000000000000000e+00,0.000000000000000000e+00,1.000000000000000000e+00
9.993019664401620039e-01,-3.449187933560344393e-02,1.434887203677796298e-02,7.831554885667773647e+01,3.449950519102901181e-02,9.994046744799367499e-01,-2.841992734951325275e-04,5.861722726278594919e+00,-1.433052722002158517e-02,7.790298781810009931e-04,9.998970092474741556e-01,6.145758441437165764e-01,0.000000000000000000e+00,0.000000000000000000e+00,0.000000000000000000e+00,1.000000000000000000e+00
9.997564845528877919e-01,-1.560279192102313923e-02,1.560527086355235730e-02,7.882772847529952287e+01,1.557009742621361797e-02,9.998763265888148677e-01,2.214405879054113374e-03,5.876124124849542163e+00,-1.563789182063162267e-02,-1.970891049310356802e-03,9.998757782484163359e-01,6.158993458946531163e-01,0.000000000000000000e+00,0.000000000000000000e+00,0.000000000000000000e+00,1.000000000000000000e+00
9.999023798950897879e-01,8.505424782801997629e-04,1.394658587724919262e-02,7.932748933157965610e+01,-9.278078091721898672e-04,9.999842538110942369e-01,5.534555315383102476e-03,5.882140123886652638e+00,-1.394165889727908871e-02,-5.546954782802504015e-03,9.998874243832792663e-01,6.252957108958608901e-01,0.000000000000000000e+00,0.000000000000000000e+00,0.000000000000000000e+00,1.000000000000000000e+00
9.996452239799726858e-01,2.311620815184654149e-02,1.323129225410271496e-02,7.984972913965502528e+01,-2.317832257420150699e-02,9.997209444212131757e-01,4.560553497498365597e-03,5.870224909419256676e+00,-1.312217728424864768e-02,-4.865614682420333660e-03,9.999020623326474455e-01,6.359661725922524100e-01,0.000000000000000000e+00,0.000000000000000000e+00,0.000000000000000000e+00,1.000000000000000000e+00
9.987121152484000897e-01,4.857697562557787563e-02,1.464200447821090677e-02,8.035941042177917382e+01,-4.865257997080903174e-02,9.988039765035483519e-01,4.852111177861978715e-03,5.832226613310059093e+00,-1.438879141039997242e-02,-5.558233511673855293e-03,9.998810272837347357e-01,6.536133003357729176e-01,0.000000000000000000e+00,0.000000000000000000e+00,0.000000000000000000e+00,1.000000000000000000e+00
9.973293203017317143e-01,7.144490052859713003e-02,1.516090547908224666e-02,8.081640820131927683e+01,-7.154391055603184779e-02,9.974188515285350443e-01,6.091262418216705256e-03,5.835849509142375879e+00,-1.468658329351552223e-02,-7.159665072885299311e-03,9.998665128241899236e-01,6.479139411353141975e-01,0.000000000000000000e+00,0.000000000000000000e+00,0.000000000000000000e+00,1.000000000000000000e+00
9.944216567672562457e-01,1.043478610077515495e-01,1.539780683647619212e-02,8.130812694673070951e+01,-1.043721407545133428e-01,9.945380075881934401e-01,7.795491160756854538e-04,5.759387293505577432e+00,-1.523235984956356273e-02,-2.382302585988965889e-03,9.998811428603907592e-01,6.450069149783292932e-01,0.000000000000000000e+00,0.000000000000000000e+00,0.000000000000000000e+00,1.000000000000000000e+00
