9.999999999999998890e-01,-4.661094220627592127e-09,1.161256221669107265e-08,7.793900804518950793e-15,4.661094239759790004e-09,1.000000000000000000e+00,-1.647543209984323593e-09,6.005125101764533454e-15,-1.161256220901171974e-08,1.647543264111570226e-09,9.999999999999998890e-01,-2.233895679588347867e-14,0.000000000000000000e+00,0.000000000000000000e+00,0.000000000000000000e+00,1.000000000000000056e-01
9.998555247089639941e-01,-1.243014290113890648e-02,1.159401813090034199e-02,6.526652818111733367e-01,1.246340259693102560e-02,9.999184060498472748e-01,-2.800863873788955478e-03,4.273962507231974378e-03,-1.155825699096506461e-02,2.944960133847166362e-03,9.999288644224352263e-01,2.853066013896710194e-03,0.000000000000000000e+00,0.000000000000000000e+00,0.000000000000000000e+00,1.000000000000000056e-01
9.995355871699309613e-01,-1.908188644005849588e-02,2.375903177214843537e-02,1.337244468496510574e+00,1.916706641284182666e-02,9.998106403485609306e-01,-3.362589913498419732e-03,-1.487536103845350094e-03,-2.369036821129966858e-02,3.816419223481918883e-03,9.997120592442224618e-01,-1.313243563851992056e-02,0.000000000000000000e+00,0.000000000000000000e+00,0.000000000000000000e+00,1.000000000000000056e-01
9.990701359139178006e-01,-2.693983483910641213e-02,3.366168183242669587e-02,2.069065131594242324e+00,2.716397495298641940e-02,9.996116455625380093e-01,-6.219044983622480302e-03,2.037780671203348604e-02,-3.348106912419887560e-02,7.127647199213917040e-03,9.994139355921070056e-01,-3.752866517062124208e-02,0.000000000000000000e+00,0.000000000000000000e+00,0.000000000000000000e+00,1.000000000000000056e-01
9.983363893417989132e-01,-3.590543166393829477e-02,4.511378606375628791e-02,2.801110492145904907e+00,3.630327295244176189e-02,9.993085549604960871e-01,-8.030215171821416739e-03,7.012281412060177022e-02,-4.479426401807070496e-02,9.654634109664534877e-03,9.989495792838034571e-01,-7.985540286563155843e-02,0.000000000000000000e+00,0.000000000000000000e+00,0.000000000000000000e+00,1.000000000000000056e-01
9.975148425131903362e-01,-4.509186957222178355e-02,5.413743865724426896e-02,3.552024813388422686e+00,4.563433403818750039e-02,9.989192249899266907e-01,-8.825502955381382339e-03,9.754099387502065954e-02,-5.368096983826083080e-02,1.127409615029352670e-02,9.984944908376899297e-01,-1.167269809390341362e-01,0.000000000000000000e+00,0.000000000000000000e+00,0.000000000000000000e+00,1.000000000000000056e-01
9.964097411888481748e-01,-5.442704458549756791e-02,6.484847324078579778e-02,4.310583600243225177e+00,5.515980310072612219e-02,9.984317532538604656e-01,-9.561914887272593422e-03,1.539046847398790885e-01,-6.422634806574151201e-02,1.310461415344153085e-02,9.978493099170975267e-01,-1.511053608804940884e-01,0.000000000000000000e+00,0.000000000000000000e+00,0.000000000000000000e+00,1.000000000000000056e-01
9.949953635727031287e-01,-6.433033873674690040e-02,7.645805377355378851e-02,5.114424686405492082e+00,6.513062213076856177e-02,9.978445391942007969e-01,-8.017335041771506826e-03,2.232516811994467720e-01,-7.577749355635406137e-02,1.295697180395092782e-02,9.970405650483776805e-01,-2.053035621753790674e-01,0.000000000000000000e+00,0.000000000000000000e+00,0.000000000000000000e+00,1.000000000000000056e-01
9.936505519726239744e-01,-6.920504755717007961e-02,8.870874791760698097e-02,5.889137979593849437e+00,7.003064209159320930e-02,9.975254188880037232e-01,-6.224776345523771494e-03,2.923519579482619091e-01,-8.805844498251651220e-02,1.239758302744712812e-02,9.960381570011958008e-01,-2.584391613497977191e-01,0.000000000000000000e+00,0.000000000000000000e+00,0.000000000000000000e+00,1.000000000000000056e-01
9.918581187595032489e-01,-7.795785939861861469e-02,1.006977875071953243e-01,6.692607790997313622e+00,7.917907798480532111e-02,9.968268284090143760e-01,-8.182161908783390850e-03,3.541236168287307806e-01,-9.974039232094072949e-02,1.608870168816113611e-02,9.948834141836189193e-01,-3.281137777727686222e-01,0.000000000000000000e+00,0.000000000000000000e+00,0.000000000000000000e+00,1.000000000000000056e-01
9.899736856502543425e-01,-8.593719338748585790e-02,1.121021878142132860e-01,7.524340387382835615e+00,8.774542270435985170e-02,9.960789718022474704e-01,-1.128816760199185740e-02,4.239461391505713328e-01,-1.106925585325612832e-01,2.101144274102335549e-02,9.936325662735980835e-01,-4.053256582615823445e-01,0.000000000000000000e+00,0.000000000000000000e+00,0.000000000000000000e+00,1.000000000000000056e-01
9.880617878122545106e-01,-9.274926424824643523e-02,1.230100705091269758e-01,8.362540290825137390e+00,9.493203196330059213e-02,9.954115344329309556e-01,-1.199109774778200389e-02,5.172550089588456856e-01,-1.213334775425575079e-01,2.352554142388528502e-02,9.923329764389283714e-01,-5.014139490727406168e-01,0.000000000000000000e+00,0.000000000000000000e+00,0.000000000000000000e+00,1.000000000000000056e-01
9.862097307227630782e-01,-9.974336106146841630e-02,1.320667594510318288e-01,9.210620491502609752e+00,1.022744749751294813e-01,9.946776049480255955e-01,-1.250575801066168384e-02,6.316819972971021713e-01,-1.301164816473945607e-01,2.584035872469968992e-02,9.911619328165716114e-01,-6.019481514446530790e-01,0.000000000000000000e+00,0.000000000000000000e+00,0.000000000000000000e+00,1.000000000000000056e-01
9.842888308776059914e-01,-1.050931153631343845e-01,1.418835244588549926e-01,9.990936701133142250e+00,1.084177869098846420e-01,9.939784616512017390e-01,-1.588714118629651340e-02,7.353168883564443759e-01,-1.393595382137814975e-01,3.102023334505080165e-02,9.897558609233189086e-01,-6.971849866567224607e-01,0.000000000000000000e+00,0.000000000000000000e+00,0.000000000000000000e+00,1.000000000000000056e-01
9.818842629001128808e-01,-1.127398331395886716e-01,1.522925615148678635e-01,1.081885765395995591e+01,1.165605185002724503e-01,9.930486992924021372e-01,-1.636845626856584662e-02,8.445111136459322321e-01,-1.493885530957769214e-01,3.382322955198113767e-02,9.881999035350207405e-01,-8.207046952100454096e-01,0.000000000000000000e+00,0.000000000000000000e+00,0.000000000000000000e+00,1.000000000000000056e-01
9.798166868314337474e-01,-1.179622614586860047e-01,1.613820469514023193e-01,1.162480857128739764e+01,1.223604274128072683e-01,9.923304428635438823e-01,-1.755613766173830942e-02,9.575551565904409923e-01,-1.580733564204516439e-01,3.694857287900830262e-02,9.867358394991931902e-01,-9.215891082652664101e-01,0.000000000000000000e+00,0.000000000000000000e+00,0.000000000000000000e+00,1.000000000000000056e-01
9.777938027406217758e-01,-1.237139841821485037e-01,1.691571146591629715e-01,1.248664528152125719e+01,1.281517339648400866e-01,9.916329635802142439e-01,-1.553057059242952433e-02,1.095311670978045049e+00,-1.658204221555323044e-01,3.686347323436434120e-02,9.854667279706912364e-01,-1.057688542505461182e+00,0.000000000000000000e+00,0.000000000000000000e+00,0.000000000000000000e+00,1.000000000000000056e-01
9.756821699026816397e-01,-1.313556835407864443e-01,1.754707603435043117e-01,1.338910901346616455e+01,1.360468260304334709e-01,9.905899839179566069e-01,-1.492464031283286842e-02,1.227579757939510463e+00,-1.718591413368510123e-01,3.843394545132242102e-02,9.843715088197164675e-01,-1.209647939588490706e+00,0.000000000000000000e+00,0.000000000000000000e+00,0.000000000000000000e+00,1.000000000000000056e-01
9.746252983392605929e-01,-1.300028820032775034e-01,1.822217838458100869e-01,1.425664815548881847e+01,1.344648389645832498e-01,9.908420801451186533e-01,-1.229549901073049775e-02,1.363744477311103154e+00,-1.789545610464732539e-01,3.648592721222924939e-02,9.831805745620323389e-01,-1.353344261087806366e+00,0.000000000000000000e+00,0.000000000000000000e+00,0.000000000000000000e+00,1.000000000000000056e-01
9.698186082038193767e-01,-1.515526895222930326e-01,1.910069356860275569e-01,1.522661075302965372e+01,1.564808664352795031e-01,9.876208724307010689e-01,-1.089728309649314920e-02,1.604530035190252280e+00,-1.869909239007899737e-01,4.045731871714128292e-02,9.815281961008296419e-01,-1.528405896132942976e+00,0.000000000000000000e+00,0.000000000000000000e+00,0.000000000000000000e+00,1.000000000000000056e-01
9.679635409080877828e-01,-1.536708126283070075e-01,1.985745825095258099e-01,1.614759940035394337e+01,1.590897932506608048e-01,9.871967740782575662e-01,-1.153112886683960170e-02,1.774720257692350200e+00,-1.942601893238516952e-01,4.275290160489026575e-02,9.800179428195301412e-01,-1.702230181333125758e+00,0.000000000000000000e+00,0.000000000000000000e+00,0.000000000000000000e+00,1.000000000000000056e-01
9.645132364269074499e-01,-1.614447235273225034e-01,2.089253886019576956e-01,1.702784359494518540e+01,1.681946854246319234e-01,9.856421712899829934e-01,-1.483435100288773428e-02,1.941136689547304339e+00,-2.035307459628685756e-01,4.944806790921322387e-02,9.778190650768904257e-01,-1.873627014568327587e+00,0.000000000000000000e+00,0.000000000000000000e+00,0.000000000000000000e+00,1.000000000000000056e-01
9.616112191343643145e-01,-1.684599725614432109e-01,2.166220230713379880e-01,1.785313868885428690e+01,1.760984684113714172e-01,9.842373848641624567e-01,-1.631256138451849316e-02,2.086145585783273582e+00,-2.104594798484751283e-01,5.383314852720637311e-02,9.761192547335376668e-01,-2.039258488662127888e+00,0.000000000000000000e+00,0.000000000000000000e+00,0.000000000000000000e+00,1.000000000000000056e-01
9.589134133540859750e-01,-1.733010023212000761e-01,2.246148443092824409e-01,1.872334367732436178e+01,1.824834573954013106e-01,9.829926144518820186e-01,-2.062298984323917422e-02,2.237663816532395877e+00,-2.172207482415906832e-01,6.076415495603475908e-02,9.742293692995723786e-01,-2.227917269663650668e+00,0.000000000000000000e+00,0.000000000000000000e+00,0.000000000000000000e+00,1.000000000000000056e-01
9.553761334787227444e-01,-1.793990044492422276e-01,2.346751814356739241e-01,1.962106277662951825e+01,1.895757834735013470e-01,9.816337825598892008e-01,-2.135741692181909387e-02,2.417518489650783753e+00,-2.265335866922471297e-01,6.489309778231452941e-02,9.718391944969914098e-01,-2.425412168326678497e+00,0.000000000000000000e+00,0.000000000000000000e+00,0.000000000000000000e+00,1.000000000000000056e-01
9.523364092954101912e-01,-1.831004303623558482e-01,2.439868765557791641e-01,2.051392602226454542e+01,1.944122628216562454e-01,9.806525042925480218e-01,-2.290279217294970832e-02,2.582775043614727650e+00,-2.350728304055749174e-01,6.924520363082309338e-02,9.695080536948816885e-01,-2.635309568709029104e+00,0.000000000000000000e+00,0.000000000000000000e+00,0.000000000000000000e+00,1.000000000000000056e-01
9.500915638012380482e-01,-1.825253193198130564e-01,2.530030201418911884e-01,2.138938955933751274e+01,1.957810758258873574e-01,9.802471395718487246e-01,-2.802348496648289500e-02,2.780015355134696442e+00,-2.428904912551664019e-01,7.615808012554432793e-02,9.670595411294048427e-01,-2.843647740471092700e+00,0.000000000000000000e+00,0.000000000000000000e+00,0.000000000000000000e+00,1.000000000000000056e-01
9.468849798543071961e-01,-1.850161520466347964e-01,2.630168405409902821e-01,2.228809859235686019e+01,1.996969336215251856e-01,9.793989475163287217e-01,-2.998059882770396506e-02,2.996112715377910352e+00,-2.520515217737603342e-01,8.091183526384793101e-02,9.643253109224955155e-01,-3.066484111179735184e+00,0.000000000000000000e+00,0.000000000000000000e+00,0.000000000000000000e+00,1.000000000000000056e-01
9.450037216444577837e-01,-1.821281293672012136e-01,2.716566041371499818e-01,2.319945675492783366e+01,1.975307310322325371e-01,9.798304267750592711e-01,-3.023152433598089162e-02,3.204544008715506820e+00,-2.606713953927357608e-01,8.222943061343196414e-02,9.619193024183446683e-01,-3.295334555260408749e+00,0.000000000000000000e+00,0.000000000000000000e+00,0.000000000000000000e+00,1.000000000000000056e-01
9.445894527659537410e-01,-1.757133559510774823e-01,2.772644626772892695e-01,2.407350367805664604e+01,1.918496533192513287e-01,9.809038155253670954e-01,-3.195958712279839409e-02,3.395596146390126080e+00,-2.663540430415859972e-01,8.338177995333639902e-02,9.602619447459189717e-01,-3.529188164645677528e+00,0.000000000000000000e+00,0.000000000000000000e+00,0.000000000000000000e+00,1.000000000000000056e-01
9.429151556820645208e-01,-1.786416496653655817e-01,2.810661313461742528e-01,2.496817490994626354e+01,1.960337834707698568e-01,9.799798370100081257e-01,-3.478900389452509179e-02,3.576557604892111275e+00,-2.692243765397245858e-01,8.790153615651295771e-02,9.590576390489373715e-01,-3.761594399106743314e+00,0.000000000000000000e+00,0.000000000000000000e+00,0.000000000000000000e+00,1.000000000000000056e-01
9.431831731952998732e-01,-1.779886843595892276e-01,2.805807014767541796e-01,2.583439779261714619e+01,1.958459268306151080e-01,9.799474656079202317e-01,-3.670609748354278223e-02,3.767887299391496470e+00,-2.684210773115670579e-01,8.957116103164294851e-02,9.591283190305357476e-01,-4.006986181985995543e+00,0.000000000000000000e+00,0.000000000000000000e+00,0.000000000000000000e+00,1.000000000000000056e-01
9.408665459974249190e-01,-1.785369330796404141e-01,2.879144076794205587e-01,2.672118289822041959e+01,1.983839988357789519e-01,9.792644905321601367e-01,-4.104688281361339175e-02,3.957803060237602644e+00,-2.746159711830344907e-01,9.573725037468362731e-02,9.567760695491364098e-01,-4.249284261689564524e+00,0.000000000000000000e+00,0.000000000000000000e+00,0.000000000000000000e+00,1.000000000000000056e-01
9.388492993387465013e-01,-1.793817506521078187e-01,2.939118586653653442e-01,2.762774111690304935e+01,2.010245049474284063e-01,9.785566822911951901e-01,-4.489953177807436135e-02,4.130470175359290508e+00,-2.795552566878076184e-01,1.012373798368664951e-01,9.547773831537800238e-01,-4.506758069948872958e+00,0.000000000000000000e+00,0.000000000000000000e+00,0.000000000000000000e+00,1.000000000000000056e-01
9.351512755563555768e-01,-1.799555955715592959e-01,3.051361588665074676e-01,2.856452496501045246e+01,2.040158834226437345e-01,9.777600407558018070e-01,-4.860886763226432428e-02,4.328565854268883406e+00,-2.896025054045618941e-01,1.077092675850047088e-01,9.510673491082020092e-01,-4.778805658421820368e+00,0.000000000000000000e+00,0.000000000000000000e+00,0.000000000000000000e+00,1.000000000000000056e-01
9.316884978062286438e-01,-1.811051537959824931e-01,3.148927854430880746e-01,2.946670018998240081e+01,2.079514771396313855e-01,9.766716357371423296e-01,-5.356023806874012777e-02,4.517150327432523760e+00,-2.978468166877372703e-01,1.153838776219116291e-01,9.476148133993649303e-01,-5.051304149339287619e+00,0.000000000000000000e+00,0.000000000000000000e+00,0.000000000000000000e+00,1.000000000000000056e-01
9.283509113745308516e-01,-1.803171158751265268e-01,3.250389562384087827e-01,3.034155536701249289e+01,2.103344096137618469e-01,9.758234387360081863e-01,-5.939741194582728867e-02,4.700853864345979183e+00,-3.064702619872085587e-01,1.235085184750762954e-01,9.438334728020528752e-01,-5.311213097469762445e+00,0.000000000000000000e+00,0.000000000000000000e+00,0.000000000000000000e+00,1.000000000000000056e-01
9.275733446393429338e-01,-1.836124792805233497e-01,3.254138100435230996e-01,3.124988996741847913e+01,2.153598700361588902e-01,9.744316975365939770e-01,-6.405461118421254541e-02,4.889570132073101760e+00,-3.053323053536777243e-01,1.294964257746571146e-01,9.433996284814814004e-01,-5.597810316797577457e+00,0.000000000000000000e+00,0.000000000000000000e+00,0.000000000000000000e+00,1.000000000000000056e-01
9.263673473648337264e-01,-1.883077842630855592e-01,3.261651669356628314e-01,3.218881828041224935e+01,2.207759016635794935e-01,9.731421326453406628e-01,-6.521035895555080120e-02,5.100595013489327201e+00,-3.051254479404741926e-01,1.324181560678351077e-01,9.430609168885748517e-01,-5.904813252981317540e+00,0.000000000000000000e+00,0.000000000000000000e+00,0.000000000000000000e+00,1.000000000000000056e-01
9.233460204028688389e-01,-1.901558313964735458e-01,3.335759079911210234e-01,3.310406329730398056e+01,2.244273993438481718e-01,9.721831203032176294e-01,-6.702479407843370263e-02,5.336382143435515424e+00,-3.115517116466250958e-01,1.367506503948536234e-01,9.403375939451972254e-01,-6.213577516796538802e+00,0.000000000000000000e+00,0.000000000000000000e+00,0.000000000000000000e+00,1.000000000000000056e-01
9.213816420829740172e-01,-1.936780613219177549e-01,3.369639123037745931e-01,3.402258973290818034e+01,2.290937176828166388e-01,9.710040015490083443e-01,-6.831762213425782160e-02,5.561065159366108013e+00,-3.139616826154879026e-01,1.401429182598848966e-01,9.390356885182026270e-01,-6.500407897186119222e+00,0.000000000000000000e+00,0.000000000000000000e+00,0.000000000000000000e+00,1.000000000000000056e-01
9.196697204220628530e-01,-1.967833236127209395e-01,3.398292643177394101e-01,3.491727691019391955e+01,2.329604890607518408e-01,9.700544938067171552e-01,-6.872910287475800239e-02,5.799054606662882527e+00,-3.161281636858382926e-01,1.423748664383039375e-01,9.379724844212089518e-01,-6.795318122647348247e+00,0.000000000000000000e+00,0.000000000000000000e+00,0.000000000000000000e+00,1.000000000000000056e-01
9.170043324391757844e-01,-1.987791438733916283e-01,3.458177355902137262e-01,3.582746309811105334e+01,2.361957277404413413e-01,9.692388556593591886e-01,-6.919262155244026991e-02,6.022792615659406934e+00,-3.214259362356199357e-01,1.451306054596940842e-01,9.357470143548189956e-01,-7.103948467973095759e+00,0.000000000000000000e+00,0.000000000000000000e+00,0.000000000000000000e+00,1.000000000000000056e-01
9.146083955996356929e-01,-2.015503638264658226e-01,3.505266516829776413e-01,3.676113204837044890e+01,2.412072084190868548e-01,9.677294535762243077e-01,-7.293001637003471149e-02,6.264662197841458280e+00,-3.245158937638208951e-01,1.512519603921932410e-01,9.337088835242958185e-01,-7.430594727935218913e+00,0.000000000000000000e+00,0.000000000000000000e+00,0.000000000000000000e+00,1.000000000000000056e-01
9.112920864963588441e-01,-2.061235159635688707e-01,3.564545262104679701e-01,3.769135132590550796e+01,2.461407240068431146e-01,9.666830461149797937e-01,-7.027540351539082741e-02,6.506453339213766007e+00,-3.300931339402561338e-01,1.517793942558748610e-01,9.316660015288846797e-01,-7.727806049445680614e+00,0.000000000000000000e+00,0.000000000000000000e+00,0.000000000000000000e+00,1.000000000000000056e-01
9.089097225266330460e-01,-2.100809090526372658e-01,3.602070626017437882e-01,3.861856527486781232e+01,2.503668978937278466e-01,9.657233688725921361e-01,-6.851854677708107966e-02,6.754210530934487089e+00,-3.334659393935618943e-01,1.524610982020953021e-01,9.303526647456761278e-01,-8.056976586124335427e+00,0.000000000000000000e+00,0.000000000000000000e+00,0.000000000000000000e+00,1.000000000000000056e-01
9.060986404432805896e-01,-2.149710588695869506e-01,3.643798809420289442e-01,3.954918821040356391e+01,2.576877469916438734e-01,9.635157762075848842e-01,-7.234897407334688058e-02,7.021013083641748587e+00,-3.355328282556106489e-01,1.594515376143605945e-01,9.284357426958567139e-01,-8.372319736049709249e+00,0.000000000000000000e+00,0.000000000000000000e+00,0.000000000000000000e+00,1.000000000000000056e-01
9.039824213525231578e-01,-2.212197377585156111e-01,3.658928934971037994e-01,4.046935963804769187e+01,2.644365066872517711e-01,9.617219322644825485e-01,-7.186277849146290031e-02,7.284641404566133183e+00,-3.359897555233974376e-01,1.617181270838974338e-01,9.278782956594059383e-01,-8.683941662026875008e+00,0.000000000000000000e+00,0.000000000000000000e+00,0.000000000000000000e+00,1.000000000000000056e-01
9.034351586851394611e-01,-2.228087281704518308e-01,3.662801997141293953e-01,4.141075549189176996e+01,2.670052890351588548e-01,9.608427559777934501e-01,-7.409030916556934299e-02,7.561558348610927460e+00,-3.354297089984846769e-01,1.647345408105539977e-01,9.275502365829723095e-01,-9.021384747650015967e+00,0.000000000000000000e+00,0.000000000000000000e+00,0.000000000000000000e+00,1.000000000000000056e-01
9.019116990474924656e-01,-2.263909327077343048e-01,3.678347899655325381e-01,4.237662571874506767e+01,2.713907334947157635e-01,9.595535374403310058e-01,-7.486039379369802127e-02,7.826569401331390452e+00,-3.360094595312242971e-01,1.673444184114591116e-01,9.268729625639454683e-01,-9.361680254128897261e+00,0.000000000000000000e+00,0.000000000000000000e+00,0.000000000000000000e+00,1.000000000000000056e-01
8.991103453603268569e-01,-2.288844491476121068e-01,3.731119078834499447e-01,4.332059826644684364e+01,2.766761530612369957e-01,9.576914371465619080e-01,-7.923015551788273325e-02,8.123081254512680260e+00,-3.391915287758066055e-01,1.744678198251674861e-01,9.243971476871746251e-01,-9.690666158867795588e+00,0.000000000000000000e+00,0.000000000000000000e+00,0.000000000000000000e+00,1.000000000000000056e-01
8.978499605392504801e-01,-2.270480558483021216e-01,3.772461115706464141e-01,4.423127822431369083e+01,2.762066234475087922e-01,9.576798498494201173e-01,-8.098892736737743625e-02,8.396968157826274037e+00,-3.428926209812517834e-01,1.769137799265464439e-01,9.225649922627180421e-01,-1.002179619054537874e+01,0.000000000000000000e+00,0.000000000000000000e+00,0.000000000000000000e+00,1.000000000000000056e-01
8.942270061793691216e-01,-2.404925292229807277e-01,3.775200720589784176e-01,4.503457802535598375e+01,2.913497580308176405e-01,9.530073542346862991e-01,-8.301988478664103221e-02,8.657528599592119178e+00,-3.398137429752754457e-01,1.842290046722743768e-01,9.222723534415397939e-01,-1.031127918988948444e+01,0.000000000000000000e+00,0.000000000000000000e+00,0.000000000000000000e+00,1.000000000000000056e-01
8.946486942683011812e-01,-2.426018246913675680e-01,3.751640554483368639e-01,4.588421108521394842e+01,2.944934387997742431e-01,9.516985102324827528e-01,-8.685367076385747120e-02,8.925675353992657435e+00,-3.359722136545035820e-01,1.881868759443439121e-01,9.228804751290389241e-01,-1.062829622112079520e+01,0.000000000000000000e+00,0.000000000000000000e+00,0.000000000000000000e+00,1.000000000000000056e-01
8.939631436120698549e-01,-2.433889893494934897e-01,3.762867227615903643e-01,4.671665189743418978e+01,2.965339343023247753e-01,9.508209712276425307e-01,-8.948243671753197681e-02,9.202333259878120231e+00,-3.360022673590319364e-01,1.915757827522955314e-01,9.221719990286165736e-01,-1.093641762755723157e+01,0.000000000000000000e+00,0.000000000000000000e+00,0.000000000000000000e+00,1.000000000000000056e-01
8.910730984091309592e-01,-2.461937464160040556e-01,3.812838477003760995e-01,4.754910974011041702e+01,3.010198910578955611e-01,9.493113377423635368e-01,-9.052629022166405748e-02,9.505421815629683024e+00,-3.396700729811856223e-01,1.954395642122048471e-01,9.200150098022854550e-01,-1.124531931701752008e+01,0.000000000000000000e+00,0.000000000000000000e+00,0.000000000000000000e+00,1.000000000000000056e-01
8.901062606667889954e-01,-2.435751623467357074e-01,3.852038226829371248e-01,4.842717981247399450e+01,3.013564375477331136e-01,9.486136510939273681e-01,-9.652169966793870681e-02,9.815665981865883793e+00,-3.418993159839977536e-01,2.019982208981303540e-01,9.177698929926088045e-01,-1.156439929409752843e+01,0.000000000000000000e+00,0.000000000000000000e+00,0.000000000000000000e+00,1.000000000000000056e-01
8.871711605485442798e-01,-2.443093650886797585e-01,3.914591498750735754e-01,4.923994634071001997e+01,3.053737682306969514e-01,9.468451632147369956e-01,-1.011488930905459771e-01,1.008940835769757527e+01,-3.459395808049922083e-01,2.092777365770766562e-01,9.146193937401732033e-01,-1.187495563029831303e+01,0.000000000000000000e+00,0.000000000000000000e+00,0.000000000000000000e+00,1.000000000000000056e-01
8.859093999639411354e-01,-2.480672747993641347e-01,3.919530102310051500e-01,5.008669685775051761e+01,3.112265901883186081e-01,9.444378314705207389e-01,-1.057127809066280011e-01,1.040718929230679635e+01,-3.439513695499438750e-01,2.156381451897532719e-01,9.138914846544095028e-01,-1.218663711724784449e+01,0.000000000000000000e+00,0.000000000000000000e+00,0.000000000000000000e+00,1.000000000000000056e-01
8.854068557065059020e-01,-2.493223713121271445e-01,3.922920532348526113e-01,5.099137437061047251e+01,3.137317371692499024e-01,9.432818371272432278e-01,-1.085899297293154708e-01,1.072557512125484180e+01,-3.429680698850599008e-01,2.192207355820858239e-01,9.134085461227992031e-01,-1.249330906030297683e+01,0.000000000000000000e+00,0.000000000000000000e+00,0.000000000000000000e+00,1.000000000000000056e-01
8.827047711624442794e-01,-2.545196803360674775e-01,3.950342001506740863e-01,5.185514343325394293e+01,3.209765204185783261e-01,9.405315937613909494e-01,-1.112402556480336924e-01,1.105589271404784490e+01,-3.432293115499298053e-01,2.249890074165489806e-01,9.119065666145174109e-01,-1.281901887467404677e+01,0.000000000000000000e+00,0.000000000000000000e+00,0.000000000000000000e+00,1.000000000000000056e-01
8.805220483285606248e-01,-2.565681018731476026e-01,3.985645888792507807e-01,5.269003528560648419e+01,3.247918134036462678e-01,9.390015200252948002e-01,-1.130770681268174205e-01,1.136645440145758990e+01,-3.452407860511950699e-01,2.290173672265840843e-01,9.101427608652155055e-01,-1.312875416205148760e+01,0.000000000000000000e+00,0.000000000000000000e+00,0.000000000000000000e+00,1.000000000000000056e-01
8.769881353508051092e-01,-2.588421631864402106e-01,4.048364422959995768e-01,5.353359618944440257e+01,3.291935738834819714e-01,9.373815583930965589e-01,-1.137866639740797992e-01,1.166298433581309446e+01,-3.500334289289216416e-01,2.330591095441109928e-01,9.072816817784693511e-01,-1.343372045321072328e+01,0.000000000000000000e+00,0.000000000000000000e+00,0.000000000000000000e+00,1.000000000000000056e-01
8.758444999903979289e-01,-2.644651532845727626e-01,4.036763487433184250e-01,5.436080964491026890e+01,3.330025566837485629e-01,9.366176276235457232e-01,-1.088885525063488791e-01,1.200975340562761140e+01,-3.492931563581752052e-01,2.297946960288868579e-01,9.083989699456593847e-01,-1.374476955536403544e+01,0.000000000000000000e+00,0.000000000000000000e+00,0.000000000000000000e+00,1.000000000000000056e-01
8.758225774735428626e-01,-2.688583708799377470e-01,4.008116629982039214e-01,5.517742357349112581e+01,3.385085295373472802e-01,9.341448496066309115e-01,-1.130724342351742406e-01,1.231697107890984100e+01,-3.440156801921430141e-01,2.347095574559987796e-01,9.091560016964890245e-01,-1.405237597800568494e+01,0.000000000000000000e+00,0.000000000000000000e+00,0.000000000000000000e+00,1.000000000000000056e-01
8.759158306787595549e-01,-2.748278704571509024e-01,3.965363781373987817e-01,5.598992497634906584e+01,3.435679036112477269e-01,9.323365044705571592e-01,-1.127374739817916943e-01,1.264609895484645463e+01,-3.387219407929031312e-01,2.349857103136492320e-01,9.110703390923660105e-01,-1.434186195381457374e+01,0.000000000000000000e+00,0.000000000000000000e+00,0.000000000000000000e+00,1.000000000000000056e-01
8.768373605402842719e-01,-2.769535873681650551e-01,3.930050299991741380e-01,5.682512275152224390e+01,3.472968835378266728e-01,9.301238467445933633e-01,-1.193922292360495852e-01,1.298152243849552789e+01,-3.324772441019999136e-01,2.411769892857615338e-01,9.117524565326899921e-01,-1.466081077949427147e+01,0.000000000000000000e+00,0.000000000000000000e+00,0.000000000000000000e+00,1.000000000000000056e-01
8.768468047593187542e-01,-2.809861945085099233e-01,3.901108041044223929e-01,5.765058427755742088e+01,3.506073880879694293e-01,9.289353697061373261e-01,-1.189686443019921658e-01,1.331174870081306416e+01,-3.289591774088468923e-01,2.410930057146987715e-01,9.130498465001497532e-01,-1.497107839977897470e+01,0.000000000000000000e+00,0.000000000000000000e+00,0.000000000000000000e+00,1.000000000000000056e-01
8.737456693585472500e-01,-2.850885162514805171e-01,3.940723831718147552e-01,5.851117804580962911e+01,3.560471253682086501e-01,9.268733173832468530e-01,-1.188961649508092216e-01,1.366032169922439898e+01,-3.313592458257644258e-01,2.441933484444329117e-01,9.113564937944297339e-01,-1.526056528622104658e+01,0.000000000000000000e+00,0.000000000000000000e+00,0.000000000000000000e+00,1.000000000000000056e-01
8.727901142903583542e-01,-2.884962668838637612e-01,3.937096904968147015e-01,5.932680300408407703e+01,3.608075293236933101e-01,9.245797695891124768e-01,-1.223526724263750837e-01,1.400180800957234162e+01,-3.287177256862722219e-01,2.488416236496983625e-01,9.110557080437104993e-01,-1.554150071808746780e+01,0.000000000000000000e+00,0.000000000000000000e+00,0.000000000000000000e+00,1.000000000000000056e-01
8.721330223803430703e-01,-2.933441775565842624e-01,3.915778144473703870e-01,6.006146066969393615e+01,3.660702824275497980e-01,9.222281929541760181e-01,-1.244496221122785573e-01,1.430713524417127758e+01,-3.246175281729899442e-01,2.518816261939846313e-01,9.116902471721038959e-01,-1.581161442132428974e+01,0.000000000000000000e+00,0.000000000000000000e+00,0.000000000000000000e+00,1.000000000000000056e-01
8.704725288907364522e-01,-2.998340221076110645e-01,3.903551403956898591e-01,6.078812231848272063e+01,3.729391513792917334e-01,9.193301358548748858e-01,-1.254929905514688415e-01,1.461620280113540460e+01,-3.212381761482590026e-01,2.548169156391111856e-01,9.120714740025094303e-01,-1.607418540490301950e+01,0.000000000000000000e+00,0.000000000000000000e+00,0.000000000000000000e+00,1.000000000000000056e-01
8.708171009401713958e-01,-3.014641112656273325e-01,3.883258507091444933e-01,6.149477149840861046e+01,3.754432112001820920e-01,9.177602560693820521e-01,-1.294546543897043822e-01,1.492472360702556244e+01,-3.173640998503939326e-01,2.585256312211379193e-01,9.123839795436247124e-01,-1.633014140638202250e+01,0.000000000000000000e+00,0.000000000000000000e+00,0.000000000000000000e+00,1.000000000000000056e-01
8.707846190930108587e-01,-3.065987963641124692e-01,3.843583291918069023e-01,6.220816634058122219e+01,3.812743401482759920e-01,9.146736252980403048e-01,-1.341716688747550124e-01,1.523324064889776608e+01,-3.104255541922035233e-01,2.633805939172771393e-01,9.133819781735600385e-01,-1.658379986917191928e+01,0.000000000000000000e+00,0.000000000000000000e+00,0.000000000000000000e+00,1.000000000000000056e-01
8.691264407867984598e-01,-3.099695093083570940e-01,3.854064519755839302e-01,6.287967924069903347e+01,3.856820906109674763e-01,9.125849874615638013e-01,-1.357864707610109134e-01,1.553450278686439745e+01,-3.096264764312399165e-01,2.666599781724167673e-01,9.127014304436369407e-01,-1.681476639902237835e+01,0.000000000000000000e+00,0.000000000000000000e+00,0.000000000000000000e+00,1.000000000000000056e-01
8.674388120943652414e-01,-3.154312620808275014e-01,3.847765925500311601e-01,6.356002446811424278e+01,3.917303203361722774e-01,9.097781095837152998e-01,-1.372994808861313087e-01,1.585221336940049852e+01,-3.067527724432760339e-01,2.698275564585232988e-01,9.127408319857209795e-01,-1.704232092229916162e+01,0.000000000000000000e+00,0.000000000000000000e+00,0.000000000000000000e+00,1.000000000000000056e-01
8.637173003960283424e-01,-3.215826285742874324e-01,3.880425724013393807e-01,6.422340005004346608e+01,4.001398238685388575e-01,9.056861091832026922e-01,-1.400742409832958224e-01,1.614684730834179049e+01,-3.063993249846538869e-01,2.762558318512816635e-01,9.109347775867956409e-01,-1.726495247511923736e+01,0.000000000000000000e+00,0.000000000000000000e+00,0.000000000000000000e+00,1.000000000000000056e-01
8.634078989573298335e-01,-3.246901861229397612e-01,3.861386837051426490e-01,6.483908616168422157e+01,4.033457201469812237e-01,9.040035175093671382e-01,-1.417387398342618010e-01,1.643814460609188544e+01,-3.030495504982684829e-01,2.781257330168176445e-01,9.114861746492128880e-01,-1.746263841123318628e+01,0.000000000000000000e+00,0.000000000000000000e+00,0.000000000000000000e+00,1.000000000000000056e-01
8.641084007529495903e-01,-3.310495860475201613e-01,3.791079573498101207e-01,6.542453025035629821e+01,4.077064743739624020e-01,9.020708391272848070e-01,-1.415755344321531495e-01,1.672020307795553862e+01,-2.951137111381533784e-01,2.769013773421175606e-01,9.144580497345434766e-01,-1.764719118988007196e+01,0.000000000000000000e+00,0.000000000000000000e+00,0.000000000000000000e+00,1.000000000000000056e-01
8.663024802471823715e-01,-3.315464527381599136e-01,3.736267688406751386e-01,6.601189774276838307e+01,4.083852516574335012e-01,9.008066587583026807e-01,-1.475427048870854296e-01,1.698668647994716707e+01,-2.876482208293229537e-01,2.804002732050130398e-01,9.157697242430976603e-01,-1.783774047050415135e+01,0.000000000000000000e+00,0.000000000000000000e+00,0.000000000000000000e+00,1.000000000000000056e-01
8.677164672392408962e-01,-3.326534299322874144e-01,3.693370114626154388e-01,6.665187971956513024e+01,4.094268234805428230e-01,8.996593876053953220e-01,-1.516003380870818429e-01,1.729347188843876282e+01,-2.818471371089013022e-01,2.827625891941326630e-01,9.168465026686563046e-01,-1.803777608843384073e+01,0.000000000000000000e+00,0.000000000000000000e+00,0.000000000000000000e+00,1.000000000000000056e-01
8.679249794160195375e-01,-3.367986520555301677e-01,3.650656079107973406e-01,6.725758300532905309e+01,4.128711716281034949e-01,8.977951480799308825e-01,-1.533012319669090073e-01,1.758124883704808994e+01,-2.761224832282571651e-01,2.837790338585867156e-01,9.182732894940088819e-01,-1.823074591775954190e+01,0.000000000000000000e+00,0.000000000000000000e+00,0.000000000000000000e+00,1.000000000000000056e-01
8.664104447259676212e-01,-3.400202828033141444e-01,3.656762892943775101e-01,6.784924692324024420e+01,4.165913571122742964e-01,8.959652074745532158e-01,-1.539415089390590019e-01,1.787021049908633685e+01,-2.752899970015339481e-01,2.857141128426019527e-01,9.179231249257534531e-01,-1.840636806394568481e+01,0.000000000000000000e+00,0.000000000000000000e+00,0.000000000000000000e+00,1.000000000000000056e-01
8.646542458083258387e-01,-3.472208142171824830e-01,3.630574904612107745e-01,6.839354944303885020e+01,4.242807962934195820e-01,8.917003098910548653e-01,-1.576590093740872223e-01,1.811677564288360287e+01,-2.689959871489853716e-01,2.903588529984122424e-01,9.183315824816161710e-01,-1.857725815952693438e+01,0.000000000000000000e+00,0.000000000000000000e+00,0.000000000000000000e+00,1.000000000000000056e-01
8.638327875427349589e-01,-3.539810645386470833e-01,3.584554660124942282e-01,6.889438394037016167e+01,4.310593617252650445e-01,8.876135788698609197e-01,-1.622650956763166397e-01,1.834899663566912409e+01,-2.607311677478457712e-01,2.946854943052393816e-01,9.193365638387942518e-01,-1.870952358321850895e+01,0.000000000000000000e+00,0.000000000000000000e+00,0.000000000000000000e+00,1.000000000000000056e-01
8.651365212260465620e-01,-3.537051553849658303e-01,3.555720218113224140e-01,6.943552935776163793e+01,4.327085802665798786e-01,8.848562174818289661e-01,-1.726057905964657468e-01,1.859713062149920404e+01,-2.535785562790653369e-01,3.031866379605924755e-01,9.185726853970661576e-01,-1.886471590547731481e+01,0.000000000000000000e+00,0.000000000000000000e+00,0.000000000000000000e+00,1.000000000000000056e-01
8.674185999013254156e-01,-3.523179607394115176e-01,3.513645216660993276e-01,6.997776078010464573e+01,4.322247382853132147e-01,8.833554376943404396e-01,-1.812869170956158960e-01,1.884613362302095396e+01,-2.465091238867576084e-01,3.091200822273807991e-01,9.185194753538546975e-01,-1.900968686000549468e+01,0.000000000000000000e+00,0.000000000000000000e+00,0.000000000000000000e+00,1.000000000000000056e-01
8.691922189288956435e-01,-3.541773086438183560e-01,3.450555326252342514e-01,7.048501643165759845e+01,4.325069926739929516e-01,8.827904320471913202e-01,-1.833541774109113953e-01,1.909647841169304527e+01,-2.396718336425064377e-01,3.086089550349353505e-01,9.204987371152031361e-01,-1.914328428738539145e+01,0.000000000000000000e+00,0.000000000000000000e+00,0.000000000000000000e+00,1.000000000000000056e-01
8.711526578095056816e-01,-3.531088791853212450e-01,3.411849443218746281e-01,7.098243796886386292e+01,4.293073136576788795e-01,8.849916548561981289e-01,-1.802359599938791468e-01,1.936612619512501610e+01,-2.383029106651065876e-01,3.034862274887842326e-01,9.225550566189337776e-01,-1.927773832684342992e+01,0.000000000000000000e+00,0.000000000000000000e+00,0.000000000000000000e+00,1.000000000000000056e-01
8.716648260260111414e-01,-3.505144510430441285e-01,3.425493405029955141e-01,7.147387188449680195e+01,4.284657320462368357e-01,8.843336280012463746e-01,-1.853945814964274297e-01,1.958544656801119288e+01,-2.379444210968731654e-01,3.083725895668201766e-01,9.210259488596004296e-01,-1.941273945021874425e+01,0.000000000000000000e+00,0.000000000000000000e+00,0.000000000000000000e+00,1.000000000000000056e-01
8.730896746053595781e-01,-3.478674794795367786e-01,3.416176763840849673e-01,7.199983441620867097e+01,4.267023326319451249e-01,8.841647803257791649e-01,-1.902045229691542438e-01,1.981879957352346366e+01,-2.358803498046502800e-01,3.118346644490005426e-01,9.203910052928674368e-01,-1.953978476326430780e+01,0.000000000000000000e+00,0.000000000000000000e+00,0.000000000000000000e+00,1.000000000000000056e-01
8.744787530595516944e-01,-3.439806789897794648e-01,3.420002966799033373e-01,7.249860916173210512e+01,4.234802260339022295e-01,8.852229829408373440e-01,-1.924701759535775158e-01,2.002768728407581023e+01,-2.365405009838414396e-01,3.131414424107040739e-01,9.197777059916472098e-01,-1.967017455227966138e+01,0.000000000000000000e+00,0.000000000000000000e+00,0.000000000000000000e+00,1.000000000000000056e-01
8.787558718484217435e-01,-3.388303074430117912e-01,3.361281607512145442e-01,7.295188045798526844e+01,4.169429558286364967e-01,8.877326952596864551e-01,-1.951646314060324627e-01,2.025062097484922319e+01,-2.322642660350487942e-01,3.116483347060383657e-01,9.213732285008899847e-01,-1.977455095333073842e+01,0.000000000000000000e+00,0.000000000000000000e+00,0.000000000000000000e+00,1.000000000000000056e-01
8.841786840834537919e-01,-3.317322103763860608e-01,3.289100108103265585e-01,7.340573764719276539e+01,4.077118291021747942e-01,8.916753063721178929e-01,-1.966881094940633734e-01,2.047839027185779770e+01,-2.280331533409363232e-01,3.080079359448175680e-01,9.236514452824735599e-01,-1.988811110162123086e+01,0.000000000000000000e+00,0.000000000000000000e+00,0.000000000000000000e+00,1.000000000000000056e-01
8.921570189438875476e-01,-3.164725175286498549e-01,3.223367791584359487e-01,7.385964230077891557e+01,3.899476366181615083e-01,8.997576403990980021e-01,-1.959005595687713652e-01,2.066470598092729105e+01,-2.280278365574391897e-01,3.004685244622568585e-01,9.261328044953422989e-01,-2.000671500024042260e+01,0.000000000000000000e+00,0.000000000000000000e+00,0.000000000000000000e+00,1.000000000000000056e-01
8.973646568216707697e-01,-3.037871273567843700e-01,3.200781997256889055e-01,7.433146961069738268e+01,3.776665577735688339e-01,9.038735350709553584e-01,-2.009492566241490585e-01,2.084172299342505852e+01,-2.282644164708741985e-01,3.012075926178611196e-01,9.258344032938956580e-01,-2.011107795842526613e+01,0.000000000000000000e+00,0.000000000000000000e+00,0.000000000000000000e+00,1.000000000000000056e-01
9.043408791147991010e-01,-2.833622445753900543e-01,3.191761468391224321e-01,7.479648829677459787e+01,3.584976235338095396e-01,9.101192689996084884e-01,-2.077555537554393594e-01,2.101878886939390156e+01,-2.316182814081894081e-01,3.023057302546796055e-01,9.246427511059077675e-01,-2.023132650267451282e+01,0.000000000000000000e+00,0.000000000000000000e+00,0.000000000000000000e+00,1.000000000000000056e-01
9.117414398169810807e-01,-2.605031635074125940e-01,3.175935275207738551e-01,7.524348361851917844e+01,3.360713218705085326e-01,9.176439657002555261e-01,-2.120981349048535192e-01,2.121395582743513586e+01,-2.361855489581598799e-01,3.001127355120716267e-01,9.242016730383006973e-01,-2.032855578215596637e+01,0.000000000000000000e+00,0.000000000000000000e+00,0.000000000000000000e+00,1.000000000000000056e-01
9.203859638814396726e-01,-2.337281496209104859e-01,3.134658347648408561e-01,7.567483055622946608e+01,3.095909575856486962e-01,9.252847201835252555e-01,-2.190927328235614535e-01,2.131774602646743944e+01,-2.388370081692414160e-01,2.986960640344641371e-01,9.239791907067415044e-01,-2.045645429696354611e+01,0.000000000000000000e+00,0.000000000000000000e+00,0.000000000000000000e+00,1.000000000000000056e-01
