1.000000000000000000e+00,-1.408725012821118562e-09,5.584489249300498215e-10,1.693933843116655522e-15,1.408725012776328800e-09,1.000000000000000000e+00,8.020413009321366275e-11,2.747230927194903414e-15,-5.584489250430354553e-10,-8.020412930651268444e-11,1.000000000000000000e+00,-1.465020082154701653e-15,0.000000000000000000e+00,0.000000000000000000e+00,0.000000000000000000e+00,1.000000000000000056e-01
9.999901104256347928e-01,-4.397385625948093020e-03,-6.648688468053161804e-04,6.429391357349952818e-01,4.395858279307124188e-03,9.999877355528700162e-01,-2.281485005787954514e-03,2.011285012134211847e-02,6.748932619267642178e-04,2.278539773647443849e-03,9.999971763838060301e-01,9.648335937679369118e-03,0.000000000000000000e+00,0.000000000000000000e+00,0.000000000000000000e+00,1.000000000000000056e-01
9.999551763747266397e-01,-9.439146542900947109e-03,-7.401040001434817982e-04,1.290497985027112993e+00,9.437792918903497100e-03,9.999538220022897717e-01,-1.811609183236436273e-03,3.868316944270024094e-02,7.571698681816916047e-04,1.804543032053458661e-03,9.999980851572848328e-01,1.391965177542181346e-02,0.000000000000000000e+00,0.000000000000000000e+00,0.000000000000000000e+00,1.000000000000000056e-01
9.998595011594091364e-01,-1.663713260233266877e-02,-2.045424168701123497e-03,1.997489366495283303e+00,1.663306960123270978e-02,9.998596853672554463e-01,-1.987604823286622056e-03,5.099110708448921503e-02,2.078205210766140721e-03,1.953303884551348384e-03,9.999959328252473467e-01,1.616903206274497226e-02,0.000000000000000000e+00,0.000000000000000000e+00,0.000000000000000000e+00,1.000000000000000056e-01
9.997192004971187096e-01,-2.362930364750837758e-02,-1.782180275818311078e-03,2.700732213759739153e+00,2.362931039290860208e-02,9.997207887165153739e-01,-1.727379248993366734e-05,6.152687638537529535e-02,1.782090838663987495e-03,-2.484274889584071343e-05,9.999984117662790162e-01,1.592137301480718581e-02,0.000000000000000000e+00,0.000000000000000000e+00,0.000000000000000000e+00,1.000000000000000056e-01
9.995721759244610150e-01,-2.921531841038301283e-02,-1.389347983130058677e-03,3.410148478838777919e+00,2.921680247490123297e-02,9.995725359083788009e-01,1.060146610350996615e-03,8.417074561399218169e-02,1.357781565973411545e-03,-1.100285359699500762e-03,9.999984728995071626e-01,2.783776839145252202e-02,0.000000000000000000e+00,0.000000000000000000e+00,0.000000000000000000e+00,1.000000000000000056e-01
9.994011170134606825e-01,-3.455332855847812606e-02,-1.864080946985803523e-03,4.146257082825839824e+00,3.455630008302649353e-02,9.994014940163467031e-01,1.586153355121802709e-03,1.063326437431137556e-01,1.808158405361362129e-03,-1.649619175446471542e-03,9.999970046553925407e-01,4.093479138474110518e-02,0.000000000000000000e+00,0.000000000000000000e+00,0.000000000000000000e+00,1.000000000000000056e-01
9.990995397050368432e-01,-4.240520223618317319e-02,-1.381515288311652156e-03,4.913388770868323263e+00,4.240814580382018528e-02,9.990980002632495749e-01,2.176014581222078265e-03,1.482432031609565160e-01,1.287994823499672738e-03,-2.232642668267354174e-03,9.999966781825080364e-01,4.347226227519155467e-02,0.000000000000000000e+00,0.000000000000000000e+00,0.000000000000000000e+00,1.000000000000000056e-01
9.987925558471985044e-01,-4.912295022030086639e-02,6.050998881800288744e-04,5.681387134888108648e+00,4.912064125035222467e-02,9.987871573102167222e-01,3.372980185314862229e-03,1.905819332124881471e-01,-7.700567349413441932e-04,-3.339184605584669032e-03,9.999941284121596219e-01,3.950001124146487741e-02,0.000000000000000000e+00,0.000000000000000000e+00,0.000000000000000000e+00,1.000000000000000056e-01
9.985241768477842728e-01,-5.423630398728056246e-02,2.809195659647684574e-03,6.475231711653067102e+00,5.422560501355162821e-02,9.985216521535390521e-01,3.754189856808185823e-03,2.457600772178347992e-01,-3.008656073593771445e-03,-3.596319002253855687e-03,9.999890071787114199e-01,4.698693299818814534e-02,0.000000000000000000e+00,0.000000000000000000e+00,0.000000000000000000e+00,1.000000000000000056e-01
9.982214955368496900e-01,-5.933810732778554975e-02,5.730171631922546457e-03,7.295559148005938077e+00,5.931204459845718091e-02,9.982288180815273027e-01,4.616071609891890699e-03,2.830119973245862619e-01,-5.993931408158849686e-03,-4.267993710542071668e-03,9.999729281415378201e-01,5.852460662204787140e-02,0.000000000000000000e+00,0.000000000000000000e+00,0.000000000000000000e+00,1.000000000000000056e-01
9.980140654792987176e-01,-6.261054963401337103e-02,6.916948749900626858e-03,8.107126062416403656e+00,6.257678324241434942e-02,9.980276530816029057e-01,4.994985831762265363e-03,3.391127376900971990e-01,-7.216044935689794326e-03,-4.552225714347135285e-03,9.999636023058697809e-01,6.067209385107844716e-02,0.000000000000000000e+00,0.000000000000000000e+00,0.000000000000000000e+00,1.000000000000000056e-01
9.978112216725520955e-01,-6.575118612557094566e-02,7.038993352002054574e-03,8.936477555669675610e+00,6.571970075293902258e-02,9.978274522357949428e-01,4.614812841970687002e-03,3.843914617405657097e-01,-7.327130220839998473e-03,-4.142111502941451043e-03,9.999645774101321161e-01,6.454981710164808817e-02,0.000000000000000000e+00,0.000000000000000000e+00,0.000000000000000000e+00,1.000000000000000056e-01
9.976302163056393058e-01,-6.834547011154532004e-02,7.927687506156034722e-03,9.716578370683215837e+00,6.832518633889081427e-02,9.976591687228416605e-01,2.802137577715010062e-03,4.544283857345188249e-01,-8.100643537352245419e-03,-2.253836391679377681e-03,9.999646492730631664e-01,7.057426168797219235e-02,0.000000000000000000e+00,0.000000000000000000e+00,0.000000000000000000e+00,1.000000000000000056e-01
9.972924174745821935e-01,-7.302852679318165563e-02,8.641083388170199900e-03,1.051792203895132971e+01,7.300840372056728589e-02,9.973278785292104542e-01,2.622154571920678155e-03,5.228874971978910713e-01,-8.809485449129161524e-03,-1.984183167436183448e-03,9.999592271604276217e-01,7.105549522098310311e-02,0.000000000000000000e+00,0.000000000000000000e+00,0.000000000000000000e+00,1.000000000000000056e-01
9.970698482512410088e-01,-7.588626124865999190e-02,9.643291033011727048e-03,1.132815346983964666e+01,7.585311319399867802e-02,9.971119192443693713e-01,3.758419826015617273e-03,5.908773449264604904e-01,-9.900652858557505709e-03,-3.015933439300135920e-03,9.999464391748510428e-01,8.662883863128736928e-02,0.000000000000000000e+00,0.000000000000000000e+00,0.000000000000000000e+00,1.000000000000000056e-01
9.966831973642245046e-01,-8.088704628178519651e-02,8.938111413191602780e-03,1.218524071417969878e+01,8.084013985676027914e-02,9.967119560391825006e-01,5.490762832812340517e-03,6.557858329336813119e-01,-9.352854097318343343e-03,-4.749992879478336268e-03,9.999449793303025746e-01,9.100171103675165629e-02,0.000000000000000000e+00,0.000000000000000000e+00,0.000000000000000000e+00,1.000000000000000056e-01
9.965344271169807033e-01,-8.284397979615580609e-02,7.484021790806383474e-03,1.305891775556766277e+01,8.278497105679104295e-02,9.965362944125204514e-01,7.877974719978459925e-03,7.532187381931625403e-01,-8.110742121249269951e-03,-7.231108497075491859e-03,9.999409617233140368e-01,1.020256463006483927e-01,0.000000000000000000e+00,0.000000000000000000e+00,0.000000000000000000e+00,1.000000000000000056e-01
9.968505680784262024e-01,-7.901151735247692598e-02,6.791542341637511922e-03,1.393769265275893687e+01,7.892819440076316584e-02,9.968108435801431577e-01,1.176784813288376912e-02,8.497468983938596399e-01,-7.699678587730607836e-03,-1.119474192210405221e-02,9.999076920910965338e-01,1.041186209630221432e-01,0.000000000000000000e+00,0.000000000000000000e+00,0.000000000000000000e+00,1.000000000000000056e-01
9.948564613560723080e-01,-1.010492728361544884e-01,7.047393657103728955e-03,1.490464090638862693e+01,1.009806687165988176e-01,9.948430970695718578e-01,9.492984702977174186e-03,9.901143489787721519e-01,-7.970310133382112194e-03,-8.732506645107744256e-03,9.999301062994707667e-01,9.159041732746077413e-02,0.000000000000000000e+00,0.000000000000000000e+00,0.000000000000000000e+00,1.000000000000000056e-01
9.945389884577969797e-01,-1.039987109500009749e-01,8.744630242623022132e-03,1.586828971897490170e+01,1.039229619116114195e-01,9.945471880595104786e-01,8.712560498414125346e-03,1.094890447134248879e+00,-9.603042479329849251e-03,-7.756213229334905750e-03,9.999238084631655310e-01,8.880400850101280441e-02,0.000000000000000000e+00,0.000000000000000000e+00,0.000000000000000000e+00,1.000000000000000056e-01
9.941465211154383308e-01,-1.074613533656488124e-01,1.116924737368240987e-02,1.677796049280717483e+01,1.073570102960537537e-01,9.941745962764673150e-01,9.557429508823326453e-03,1.213235609493962253e+00,-1.213123630815764707e-02,-8.302388291707148843e-03,9.998919458892993051e-01,8.864731390952225454e-02,0.000000000000000000e+00,0.000000000000000000e+00,0.000000000000000000e+00,1.000000000000000056e-01
9.937628257611573757e-01,-1.109323670013770552e-01,1.137787707225073296e-02,1.765769135241056631e+01,1.108369322061821122e-01,9.938005012811172989e-01,8.702764648205591619e-03,1.321457128873459119e+00,-1.227275821979906430e-02,-7.387394999027765280e-03,9.998973976367808714e-01,8.965897556727286943e-02,0.000000000000000000e+00,0.000000000000000000e+00,0.000000000000000000e+00,1.000000000000000056e-01
9.933567750396627982e-01,-1.145593976673094233e-01,1.088401988715436558e-02,1.856991327189845364e+01,1.144751991451835177e-01,9.933933329676755131e-01,8.069373956111534907e-03,1.431671458472944192e+00,-1.173653541175114987e-02,-6.769816945549867251e-03,9.999082074445896362e-01,8.353463195293002463e-02,0.000000000000000000e+00,0.000000000000000000e+00,0.000000000000000000e+00,1.000000000000000056e-01
9.930533776992346295e-01,-1.171590797082581042e-01,1.089674639767552328e-02,1.949404368700577095e+01,1.170876775345439241e-01,9.930970740694802235e-01,6.976907925720472574e-03,1.548497784910084274e+00,-1.163893507619537249e-02,-5.652567253146541758e-03,9.999162883330487972e-01,8.579270181068661405e-02,0.000000000000000000e+00,0.000000000000000000e+00,0.000000000000000000e+00,1.000000000000000056e-01
9.930210320883707809e-01,-1.171614897158665403e-01,1.350611556687464007e-02,2.041530943950431265e+01,1.170755581016606761e-01,9.930984157614120011e-01,6.989299489814729607e-03,1.664617201545714797e+00,-1.423177871285078930e-02,-5.359285375173170399e-03,9.998843605812303137e-01,8.401857527954392779e-02,0.000000000000000000e+00,0.000000000000000000e+00,0.000000000000000000e+00,1.000000000000000056e-01
9.921006159307768080e-01,-1.244237643304064722e-01,1.597168555991214031e-02,2.129355934828891606e+01,1.243377340136923859e-01,9.922201140774593586e-01,6.274800431399189457e-03,1.778381470260885777e+00,-1.662816195836207614e-02,-4.239350181935153811e-03,9.998527552294494969e-01,8.132552469709344867e-02,0.000000000000000000e+00,0.000000000000000000e+00,0.000000000000000000e+00,1.000000000000000056e-01
9.922384804856414497e-01,-1.229137717187108736e-01,1.884151176063232971e-02,2.220872022810438295e+01,1.228198174651202179e-01,9.924104256934378476e-01,6.069547990098394553e-03,1.903263596879760877e+00,-1.944454374316776160e-02,-3.708328039722131285e-03,9.998040598146068492e-01,7.690237536433644494e-02,0.000000000000000000e+00,0.000000000000000000e+00,0.000000000000000000e+00,1.000000000000000056e-01
9.921436943321771951e-01,-1.232495708974450516e-01,2.145770422237923067e-02,2.315332588511147094e+01,1.231424216233768104e-01,9.923693254718751744e-01,6.250268732294239800e-03,2.022406366044277704e+00,-2.206431040458646867e-02,-3.558811050205365305e-03,9.997502193399504522e-01,7.611098617893684304e-02,0.000000000000000000e+00,0.000000000000000000e+00,0.000000000000000000e+00,1.000000000000000056e-01
9.923966835677181519e-01,-1.211632623286161142e-01,2.163992388344393100e-02,2.407076896843795311e+01,1.211032145627099071e-01,9.926315806696027755e-01,4.068965463608198614e-03,2.133145152270525369e+00,-2.197348097986607726e-02,-1.417363486458937845e-03,9.997575492159960220e-01,6.591499851849197400e-02,0.000000000000000000e+00,0.000000000000000000e+00,0.000000000000000000e+00,1.000000000000000056e-01
9.925924141355269015e-01,-1.198337676658932094e-01,2.000418775165448138e-02,2.501882097331220933e+01,1.197838902366238634e-01,9.927931785116601571e-01,3.677545444372366107e-03,2.246055995294281349e+00,-2.030071526787075725e-02,-1.254124280805679831e-03,9.997931326689042386e-01,5.357790839456403470e-02,0.000000000000000000e+00,0.000000000000000000e+00,0.000000000000000000e+00,1.000000000000000056e-01
9.926653602557933276e-01,-1.197689711321016787e-01,1.645831407507269278e-02,2.594186979604099008e+01,1.197371108536947476e-01,9.928013640333934742e-01,2.911332657606462322e-03,2.363024373851153825e+00,-1.668852398044698426e-02,-9.193081045154717721e-04,9.998603142639290731e-01,4.321223339069509700e-02,0.000000000000000000e+00,0.000000000000000000e+00,0.000000000000000000e+00,1.000000000000000056e-01
9.928470026468957377e-01,-1.184577287015625147e-01,1.491964630753779900e-02,2.687833939347659395e+01,1.184266570608592528e-01,9.929584135215767660e-01,2.952272701309261674e-03,2.474692187022901280e+00,-1.516430784654050623e-02,-1.164271265759060734e-03,9.998843374310626420e-01,3.723371904135395344e-02,0.000000000000000000e+00,0.000000000000000000e+00,0.000000000000000000e+00,1.000000000000000056e-01
9.929599971153246774e-01,-1.172309534911942647e-01,1.695133246325861154e-02,2.782912266829658066e+01,1.172436504339650215e-01,9.931031496231602640e-01,2.462549029843424681e-04,2.585543718792117307e+00,-1.686329035665018461e-02,1.742914829955248329e-03,9.998562855161949869e-01,3.149841792164212451e-02,0.000000000000000000e+00,0.000000000000000000e+00,0.000000000000000000e+00,1.000000000000000056e-01
9.929029245855255370e-01,-1.168500657028686135e-01,2.213243083679616863e-02,2.882375396473396023e+01,1.168796079332358046e-01,9.931460897201069837e-01,-4.150944759058103860e-05,2.686532141973478449e+00,-2.197588675988658424e-02,2.628044690724811935e-03,9.997550468900970877e-01,2.461361491498414988e-02,0.000000000000000000e+00,0.000000000000000000e+00,0.000000000000000000e+00,1.000000000000000056e-01
9.927017528782308142e-01,-1.177888611345605102e-01,2.586530543239777200e-02,2.976459534022282583e+01,1.179158651777307137e-01,9.930176453024357475e-01,-3.435819755611376099e-03,2.798396762661031989e+00,-2.528000339943084832e-02,6.460674162116508169e-03,9.996595325997225112e-01,1.197463223306650774e-02,0.000000000000000000e+00,0.000000000000000000e+00,0.000000000000000000e+00,1.000000000000000056e-01
9.926574147992537345e-01,-1.181727683294802322e-01,2.581576397105860010e-02,3.066177796399124134e+01,1.184883001391217328e-01,9.928939634396608538e-01,-1.104989118601975781e-02,2.896721335563805066e+00,-2.432651997725569087e-02,1.402762240825094694e-02,9.996056453598928249e-01,7.244120807222502109e-03,0.000000000000000000e+00,0.000000000000000000e+00,0.000000000000000000e+00,1.000000000000000056e-01
9.925249689167747746e-01,-1.199321115136807725e-01,2.259368727377903188e-02,3.158407718596146907e+01,1.202544680096964969e-01,9.926514472354471819e-01,-1.348952278908331116e-02,2.992847105059392998e+00,-2.080982941929518035e-02,1.610568003042278651e-02,9.996537190799109629e-01,6.283154957099780882e-05,0.000000000000000000e+00,0.000000000000000000e+00,0.000000000000000000e+00,1.000000000000000056e-01
9.925305801365582603e-01,-1.204844883953660184e-01,1.914511817393628121e-02,3.254399686382994616e+01,1.207499923759811356e-01,9.925928772281192858e-01,-1.337233776137124186e-02,3.119226080489609032e+00,-1.739214865931092494e-02,1.558422702961586789e-02,9.997272853298052597e-01,-1.068914650753235822e-02,0.000000000000000000e+00,0.000000000000000000e+00,0.000000000000000000e+00,1.000000000000000056e-01
9.921532800620396220e-01,-1.234208060206181817e-01,1.997932689949422080e-02,3.349717278148920485e+01,1.237036491291302748e-01,9.922260593377127957e-01,-1.359611574276397422e-02,3.243321397955750918e+00,-1.814596523398356864e-02,1.596094647489763874e-02,9.997079434181527224e-01,-2.317842887979990399e-02,0.000000000000000000e+00,0.000000000000000000e+00,0.000000000000000000e+00,1.000000000000000056e-01
9.923981681165282565e-01,-1.212100510802982534e-01,2.130726251939338636e-02,3.446738349986290473e+01,1.215222477707017801e-01,9.924896873730285618e-01,-1.402011964800153540e-02,3.367519655270238221e+00,-1.944785889796163056e-02,1.650284749064837714e-02,9.996746654832188161e-01,-2.600683534577129946e-02,0.000000000000000000e+00,0.000000000000000000e+00,0.000000000000000000e+00,1.000000000000000056e-01
9.920191666254518648e-01,-1.240212570628919375e-01,2.273105462322752915e-02,3.543073318645112124e+01,1.243417474585301885e-01,9.921507274148986255e-01,-1.326890835926872354e-02,3.503182994869661560e+00,-2.090700568477416380e-02,1.598943046601866355e-02,9.996535576021671199e-01,-4.111823330715800445e-02,0.000000000000000000e+00,0.000000000000000000e+00,0.000000000000000000e+00,1.000000000000000056e-01
9.916617795134102797e-01,-1.266415772632329684e-01,2.385007254867657286e-02,3.639947528884759720e+01,1.269504463905816449e-01,9.918375666658599821e-01,-1.190905166576760113e-02,3.629858083622969467e+00,-2.214721683482145584e-02,1.483752872369448889e-02,9.996446111132920587e-01,-4.657943323449022927e-02,0.000000000000000000e+00,0.000000000000000000e+00,0.000000000000000000e+00,1.000000000000000056e-01
9.915589234124795315e-01,-1.273287689028204106e-01,2.445988574741796845e-02,3.739145153706363800e+01,1.276595738980229044e-01,9.917396570160484925e-01,-1.246939829605985851e-02,3.767925843257974972e+00,-2.267012556779979954e-02,1.548668174215222203e-02,9.996230429993885336e-01,-5.408083504569587141e-02,0.000000000000000000e+00,0.000000000000000000e+00,0.000000000000000000e+00,1.000000000000000056e-01
9.914400475972188209e-01,-1.276840113490774198e-01,2.726582597745899963e-02,3.837697012492388637e+01,1.279959007024194517e-01,9.917241763603172888e-01,-1.001036591871742355e-02,3.897424115040827974e+00,-2.576201513470533985e-02,1.341459161729907125e-02,9.995780946519088328e-01,-4.603842402578864346e-02,0.000000000000000000e+00,0.000000000000000000e+00,0.000000000000000000e+00,1.000000000000000056e-01
9.914161026834197310e-01,-1.276657323481110995e-01,2.820588810939118549e-02,3.938593472758523006e+01,1.279817865973305324e-01,9.917291592096855180e-01,-9.692113938953642732e-03,4.034047450300635163e+00,-2.673525087547113169e-02,1.321875778092535328e-02,9.995551464543388498e-01,-6.503147512715982959e-02,0.000000000000000000e+00,0.000000000000000000e+00,0.000000000000000000e+00,1.000000000000000056e-01
9.910513549139980949e-01,-1.308014098634771027e-01,2.661208561641377826e-02,4.039049497063565752e+01,1.311523528111915859e-01,9.912908964641641285e-01,-1.189196953252460651e-02,4.171529973010328796e+00,-2.482483182656817014e-02,1.527579015961003095e-02,9.995750987093376949e-01,-6.984332564254827624e-02,0.000000000000000000e+00,0.000000000000000000e+00,0.000000000000000000e+00,1.000000000000000056e-01
9.911189787520725547e-01,-1.303478216644470278e-01,2.631758622636713035e-02,4.140689759456243024e+01,1.307148813401233234e-01,9.913381702192171074e-01,-1.273782016877177126e-02,4.317678073055812860e+00,-2.442928066248040153e-02,1.606479547793867105e-02,9.995724749074305082e-01,-6.118568913816958138e-02,0.000000000000000000e+00,0.000000000000000000e+00,0.000000000000000000e+00,1.000000000000000056e-01
9.913498845799765258e-01,-1.289801612747280557e-01,2.428012233932136735e-02,4.243311923090786308e+01,1.291977242750250165e-01,9.915896561871498927e-01,-7.609322230298002851e-03,4.464131785427488452e+00,-2.309446655417440528e-02,1.068043726609729273e-02,9.996762345251501980e-01,-6.333449623462629463e-02,0.000000000000000000e+00,0.000000000000000000e+00,0.000000000000000000e+00,1.000000000000000056e-01
9.914516653870355523e-01,-1.282088666952616862e-01,2.420912435405961002e-02,4.347536773468200977e+01,1.284351980885491129e-01,9.916853821797416702e-01,-8.031354989966134339e-03,4.594538845544580141e+00,-2.297814381600160258e-02,1.107200396208036716e-02,9.996746548927980536e-01,-6.753022947742057247e-02,0.000000000000000000e+00,0.000000000000000000e+00,0.000000000000000000e+00,1.000000000000000056e-01
9.916108239448907513e-01,-1.265315827228504220e-01,2.641462490714775041e-02,4.446176226607063597e+01,1.268712528793401462e-01,9.918513740635781506e-01,-1.159900689794277420e-02,4.720381388172157244e+00,-2.473174130871855225e-02,1.485295734331916473e-02,9.995837786949106629e-01,-7.405644329646407509e-02,0.000000000000000000e+00,0.000000000000000000e+00,0.000000000000000000e+00,1.000000000000000056e-01
9.917517065134121568e-01,-1.252239463787641616e-01,2.734073665911917680e-02,4.542884585811753340e+01,1.255688643660098913e-01,9.920207877296064458e-01,-1.127905200634051960e-02,4.859702772328418519e+00,-2.571017171404185384e-02,1.461916432835746321e-02,9.995625378658280491e-01,-7.907274669107174081e-02,0.000000000000000000e+00,0.000000000000000000e+00,0.000000000000000000e+00,1.000000000000000056e-01
9.913157708669296797e-01,-1.291676881053587800e-01,2.467287539022606363e-02,4.633595913573489611e+01,1.294788362472201748e-01,9.915160415090618073e-01,-1.145296443135607536e-02,4.978217519606538133e+00,-2.298419880201212767e-02,1.454811945638042475e-02,9.996299709521080379e-01,-8.360524085377377124e-02,0.000000000000000000e+00,0.000000000000000000e+00,0.000000000000000000e+00,1.000000000000000056e-01
9.917169573095570012e-01,-1.270541039693817431e-01,1.883431042570629307e-02,4.728004820116000673e+01,1.272371915937534348e-01,9.918327529872593695e-01,-8.859298902773067932e-03,5.115448656821753204e+00,-1.755487567625615627e-02,1.118234171592582225e-02,9.997833673220111184e-01,-9.622917424494759064e-02,0.000000000000000000e+00,0.000000000000000000e+00,0.000000000000000000e+00,1.000000000000000056e-01
9.919770316728994120e-01,-1.250856353214709893e-01,1.830716989726926397e-02,4.822167304510349339e+01,1.252569936859133648e-01,9.920876670273854891e-01,-8.529153822418795647e-03,5.242550772337708054e+00,-1.709544284862403452e-02,1.075382575567375952e-02,9.997960297307776356e-01,-9.615910792449701427e-02,0.000000000000000000e+00,0.000000000000000000e+00,0.000000000000000000e+00,1.000000000000000056e-01
9.922271597917404762e-01,-1.231092127059447011e-01,1.814897017845328378e-02,4.918096133248316448e+01,1.233160153559221123e-01,9.923092308423655528e-01,-1.074945309170729710e-02,5.384225022163840357e+00,-1.668603393122243886e-02,1.290395799571959073e-02,9.997775073183486905e-01,-1.031145885722763028e-01,0.000000000000000000e+00,0.000000000000000000e+00,0.000000000000000000e+00,1.000000000000000056e-01
9.926313883631417978e-01,-1.193928178055713440e-01,2.069497264330766306e-02,5.017609907994087592e+01,1.196171462824310860e-01,9.927701388048522091e-01,-9.959408247575065806e-03,5.523197374434518636e+00,-1.935626904930513176e-02,1.236149480605120386e-02,9.997362293598501815e-01,-9.446381215466316539e-02,0.000000000000000000e+00,0.000000000000000000e+00,0.000000000000000000e+00,1.000000000000000056e-01
9.927385396267954798e-01,-1.185011432453424024e-01,2.068020766830744664e-02,5.110806957799244543e+01,1.187248465769579625e-01,9.928774083576239473e-01,-9.942976331354715439e-03,5.650684978079888232e+00,-1.935465693147964475e-02,1.232603028533230290e-02,9.997366984523824440e-01,-9.870831051374423515e-02,0.000000000000000000e+00,0.000000000000000000e+00,0.000000000000000000e+00,1.000000000000000056e-01
9.926576487827089013e-01,-1.192278809232664299e-01,2.038393297996072412e-02,5.205015538165893929e+01,1.195033306013191382e-01,9.927503594921517349e-01,-1.287158511588247164e-02,5.768280970127113605e+00,-1.870150497622981300e-02,1.521302529909778628e-02,9.997093665525361716e-01,-9.897932591350945553e-02,0.000000000000000000e+00,0.000000000000000000e+00,0.000000000000000000e+00,1.000000000000000056e-01
9.928387570861583189e-01,-1.179253030367318905e-01,1.910040133890271788e-02,5.303179438425272707e+01,1.181985974080961427e-01,9.928930986403257108e-01,-1.387033680814181609e-02,5.893394328798346571e+00,-1.732899299933528606e-02,1.602864860515193848e-02,9.997213553913517625e-01,-8.956082717764832224e-02,0.000000000000000000e+00,0.000000000000000000e+00,0.000000000000000000e+00,1.000000000000000056e-01
9.926544736777732636e-01,-1.194122871507363598e-01,1.943711822603870140e-02,5.399577207514836630e+01,1.196825569376591819e-01,9.927219352011957820e-01,-1.338823869135628494e-02,6.023909483515468288e+00,-1.769693341703273623e-02,1.561617904043256094e-02,9.997214379514977045e-01,-9.264085834056220992e-02,0.000000000000000000e+00,0.000000000000000000e+00,0.000000000000000000e+00,1.000000000000000056e-01
9.925060467334805292e-01,-1.200308287093095477e-01,2.289863220444528918e-02,5.493386015687315904e+01,1.203910808899335966e-01,9.926123425449889792e-01,-1.505739252005121320e-02,6.142370618604325649e+00,-2.092211365114745453e-02,1.770134420618452165e-02,9.996243932466147841e-01,-9.104486550884932639e-02,0.000000000000000000e+00,0.000000000000000000e+00,0.000000000000000000e+00,1.000000000000000056e-01
9.922277153151094486e-01,-1.215297224102252494e-01,2.673364044516969920e-02,5.588274978863350384e+01,1.219198632800584936e-01,9.924484489627896089e-01,-1.347676107694613205e-02,6.257940741873087909e+00,-2.489393296226737398e-02,1.663137764127918528e-02,9.995517442230908989e-01,-8.277960437228644441e-02,0.000000000000000000e+00,0.000000000000000000e+00,0.000000000000000000e+00,1.000000000000000056e-01
9.920024778230850382e-01,-1.233081422386524267e-01,2.694783944051668684e-02,5.684401858500734761e+01,1.236456397899351328e-01,9.922628619863044230e-01,-1.123247451302572704e-02,6.384311339636488114e+00,-2.535428472265028460e-02,1.447462539758530460e-02,9.995737318806463545e-01,-9.058991637815762277e-02,0.000000000000000000e+00,0.000000000000000000e+00,0.000000000000000000e+00,1.000000000000000056e-01
9.917371457433333815e-01,-1.259206586127173677e-01,2.452389625255160799e-02,5.773566923417817520e+01,1.262358414412158847e-01,9.919306399245981787e-01,-1.175235782323187476e-02,6.503407910435218042e+00,-2.284613946588429090e-02,1.475104448222424626e-02,9.996301619089875690e-01,-9.595261468520380199e-02,0.000000000000000000e+00,0.000000000000000000e+00,0.000000000000000000e+00,1.000000000000000056e-01
9.914268024602526097e-01,-1.294191509941975682e-01,1.798829395413556811e-02,5.860620197769765127e+01,1.296599014788349102e-01,9.914742489579161377e-01,-1.292762939734204419e-02,6.626818649820641838e+00,-1.616184741723914950e-02,1.514915869866352571e-02,9.997546187334093171e-01,-1.026810370727621047e-01,0.000000000000000000e+00,0.000000000000000000e+00,0.000000000000000000e+00,1.000000000000000056e-01
9.913150468725684394e-01,-1.306618911022635332e-01,1.489792125156152308e-02,5.953595065327637315e+01,1.308731993711989838e-01,9.912971662644378679e-01,-1.421737818452425105e-02,6.737433502749597736e+00,-1.291059759979767962e-02,1.604363953956872146e-02,9.997879365645199190e-01,-1.016383279267344258e-01,0.000000000000000000e+00,0.000000000000000000e+00,0.000000000000000000e+00,1.000000000000000056e-01
9.913513595641504361e-01,-1.303297081321794781e-01,1.538340237045495579e-02,6.043210097167827399e+01,1.305063898773758391e-01,9.913853534778945820e-01,-1.109788766768101190e-02,6.869991480645182058e+00,-1.380449533611358831e-02,1.300953833504493035e-02,9.998200777243995141e-01,-1.054325665261689055e-01,0.000000000000000000e+00,0.000000000000000000e+00,0.000000000000000000e+00,1.000000000000000056e-01
9.911644349370163365e-01,-1.316131779379194622e-01,1.646311966386380596e-02,6.134902423695768903e+01,1.317651952271739757e-01,9.912444013643212370e-01,-8.512936663293229830e-03,6.998560715510551589e+00,-1.519856054795561476e-02,1.060698623408498457e-02,9.998282330482071156e-01,-9.899084545011162251e-02,0.000000000000000000e+00,0.000000000000000000e+00,0.000000000000000000e+00,1.000000000000000056e-01
9.911600205977859623e-01,-1.312196387203275749e-01,1.957600527950789648e-02,6.223370231398376973e+01,1.313745485604758956e-01,9.913091824125193074e-01,-6.843453452286454158e-03,7.121797256876400084e+00,-1.850787829892373143e-02,9.354746320941072918e-03,9.997849504579187085e-01,-9.432082571390716652e-02,0.000000000000000000e+00,0.000000000000000000e+00,0.000000000000000000e+00,1.000000000000000056e-01
9.909965995390346283e-01,-1.323550235108297279e-01,2.019622374400412493e-02,6.304243575709762837e+01,1.324907127532320983e-01,9.911688235846036754e-01,-5.529393099911916049e-03,7.238364841882831691e+00,-1.928602437545655010e-02,8.155421838294166226e-03,9.997807451428681880e-01,-9.493435320302988367e-02,0.000000000000000000e+00,0.000000000000000000e+00,0.000000000000000000e+00,1.000000000000000056e-01
9.906223186559641736e-01,-1.352270487505891072e-01,1.952093919070497022e-02,6.385170267311291070e+01,1.353373822279141381e-01,9.907896237944936457e-01,-4.440084780870740856e-03,7.357012619622055105e+00,-1.874072443575420729e-02,7.040359889355539240e-03,9.997995892078829216e-01,-9.738637370659004866e-02,0.000000000000000000e+00,0.000000000000000000e+00,0.000000000000000000e+00,1.000000000000000056e-01
9.899855972231065282e-01,-1.397324805206214549e-01,2.008360471536856096e-02,6.464295658060119365e+01,1.398453085773645743e-01,9.901639358376513878e-01,-4.320860492190333781e-03,7.473785583517406295e+00,-1.928229653621964246e-02,7.086187553645304817e-03,9.997889672257059823e-01,-9.755139506659431248e-02,0.000000000000000000e+00,0.000000000000000000e+00,0.000000000000000000e+00,1.000000000000000056e-01
9.899006067150811772e-01,-1.405796591802033202e-01,1.827972236911683604e-02,6.543221819363262171e+01,1.407104858314804918e-01,9.900321603906435675e-01,-6.072937452642837748e-03,7.577337087681382144e+00,-1.724378155112269231e-02,8.583753084336896363e-03,9.998144683794110144e-01,-9.614101818524381504e-02,0.000000000000000000e+00,0.000000000000000000e+00,0.000000000000000000e+00,1.000000000000000056e-01
9.898946945718335444e-01,-1.403654665187889783e-01,2.015017289005682777e-02,6.618301357134399154e+01,1.404986003252304549e-01,9.900664557393248355e-01,-5.343830688072890266e-03,7.690665247785503311e+00,-1.919992096826441536e-02,8.120900734177892433e-03,9.997826833897844878e-01,-9.156365490171561317e-02,0.000000000000000000e+00,0.000000000000000000e+00,0.000000000000000000e+00,1.000000000000000056e-01
9.896806530036285077e-01,-1.414744480421910866e-01,2.274171544692241836e-02,6.697288058585972692e+01,1.415935850453393929e-01,9.899179274873121104e-01,-3.708572937512991108e-03,7.816312951783952023e+00,-2.198776351336477475e-02,6.890383906720160684e-03,9.997344951862461304e-01,-9.129592937071003000e-02,0.000000000000000000e+00,0.000000000000000000e+00,0.000000000000000000e+00,1.000000000000000056e-01
9.895914493616417840e-01,-1.418061091236635929e-01,2.449062607474116957e-02,6.771170863747425983e+01,1.419000488699984075e-01,9.898786936292511829e-01,-2.132610967598808430e-03,7.929784867922927027e+00,-2.394033168143762727e-02,5.585634615213266527e-03,9.996977849354914403e-01,-9.577924718278366112e-02,0.000000000000000000e+00,0.000000000000000000e+00,0.000000000000000000e+00,1.000000000000000056e-01
9.893424172586694487e-01,-1.431572979486127883e-01,2.660017775927467701e-02,6.839175718632954215e+01,1.432063288811493418e-01,9.896928531005477758e-01,6.237051971941156431e-05,8.035760323954084683e+00,-2.633493461463297033e-02,3.747608003746840874e-03,9.996461507218907805e-01,-9.562958092601517301e-02,0.000000000000000000e+00,0.000000000000000000e+00,0.000000000000000000e+00,1.000000000000000056e-01
9.894411407158190119e-01,-1.431962501067928772e-01,2.238443687769848742e-02,6.907155057905065121e+01,1.431533092859067491e-01,9.896942749421894225e-01,3.517411995706395608e-03,8.145699988693245075e+00,-2.265742923352881757e-02,-2.758659218552131798e-04,9.997432494388350799e-01,-9.820406240022062916e-02,0.000000000000000000e+00,0.000000000000000000e+00,0.000000000000000000e+00,1.000000000000000056e-01
9.896464850481447861e-01,-1.426233002388086479e-01,1.607572271603197045e-02,6.976265878934032116e+01,1.426004504616719126e-01,9.897770121800937293e-01,2.564700367447329127e-03,8.256374838869891875e+00,-1.627716682903880552e-02,-2.457414030428439495e-04,9.998674879458689935e-01,-1.013827916517375249e-01,0.000000000000000000e+00,0.000000000000000000e+00,0.000000000000000000e+00,1.000000000000000056e-01
9.899385601365175980e-01,-1.411588856394241642e-01,9.788572923277111607e-03,7.049614193297522036e+01,1.411447351974088604e-01,9.899866905661682814e-01,2.125141853856819547e-03,8.361738651696573044e+00,-9.990539569596839850e-03,-7.221543336763956754e-04,9.999498325477267358e-01,-9.941818229960738829e-02,0.000000000000000000e+00,0.000000000000000000e+00,0.000000000000000000e+00,1.000000000000000056e-01
9.898404468484020002e-01,-1.418770083653311809e-01,9.316881466436237672e-03,7.120683804070174006e+01,1.418524565715786334e-01,9.898824817302278589e-01,3.248527083703079375e-03,8.470903817600472507e+00,-9.683509052211812865e-03,-1.893900976531599951e-03,9.999513202109024945e-01,-9.515713714849911853e-02,0.000000000000000000e+00,0.000000000000000000e+00,0.000000000000000000e+00,1.000000000000000056e-01
9.896031218474260482e-01,-1.433366581952009722e-01,1.184329545610197064e-02,7.187242598314119846e+01,1.432858161304864097e-01,9.896685181877186155e-01,5.039742448347026872e-03,8.578540580247757674e+00,-1.244331650521033998e-02,-3.290368605089156843e-03,9.999171652435984159e-01,-8.458772459186267301e-02,0.000000000000000000e+00,0.000000000000000000e+00,0.000000000000000000e+00,1.000000000000000056e-01
9.893384621053069594e-01,-1.450175787084656276e-01,1.339064093462723551e-02,7.248924447908690638e+01,1.449807174946618205e-01,9.894276043754864913e-01,3.688801230586004516e-03,8.669868206168947822e+00,-1.378401080379694152e-02,-1.708088206064476214e-03,9.999035370878738282e-01,-7.571555293289919386e-02,0.000000000000000000e+00,0.000000000000000000e+00,0.000000000000000000e+00,1.000000000000000056e-01
9.895716877854979776e-01,-1.436480009169207039e-01,1.063609730743165366e-02,7.305771347603614174e+01,1.436517878365486389e-01,9.896282104364310106e-01,4.110471387155164463e-04,8.744621312841461602e+00,-1.058482804414043535e-02,1.121133782997944762e-03,9.999433506325828835e-01,-7.319380198118889680e-02,0.000000000000000000e+00,0.000000000000000000e+00,0.000000000000000000e+00,1.000000000000000056e-01
9.898049430501094648e-01,-1.422038489877849865e-01,8.014988872660347430e-03,7.368759642224270578e+01,1.422591154235900435e-01,9.898060576857492521e-01,-6.805310242224166251e-03,8.823808324523335855e+00,-6.965543228442815267e-03,7.876134943897595414e-03,9.999447223251284322e-01,-5.759428623418279269e-02,0.000000000000000000e+00,0.000000000000000000e+00,0.000000000000000000e+00,1.000000000000000056e-01
9.902620583298304968e-01,-1.391602006047597262e-01,3.936292673377054727e-03,7.429027729470409724e+01,1.391950138149382343e-01,9.902072112273121451e-01,-1.069705391630483386e-02,8.907517371616840762e+00,-2.409141221806283470e-03,1.114079894227555829e-02,9.999350372086684979e-01,-4.715642928348563745e-02,0.000000000000000000e+00,0.000000000000000000e+00,0.000000000000000000e+00,1.000000000000000056e-01
9.909770875566300541e-01,-1.339937493983071881e-01,3.176013218314961695e-03,7.486812896871468581e+01,1.340175019885227192e-01,9.909372595325460775e-01,-9.091580219286875264e-03,8.981180166584406876e+00,-1.929014913258438003e-03,9.435189044797474833e-03,9.999536269793481980e-01,-3.748031896348349296e-02,0.000000000000000000e+00,0.000000000000000000e+00,0.000000000000000000e+00,1.000000000000000056e-01
9.917635995605752486e-01,-1.280034063045799864e-01,4.482249555260352236e-03,7.544241550061968837e+01,1.280386756700526985e-01,9.917306117641686569e-01,-8.745926053125928357e-03,9.073755344788814625e+00,-3.325675767429933129e-03,9.247792401017002062e-03,9.999517079421373911e-01,-4.178895642411380867e-02,0.000000000000000000e+00,0.000000000000000000e+00,0.000000000000000000e+00,1.000000000000000056e-01
9.926061832396684270e-01,-1.212401006845144902e-01,5.814033056878956975e-03,7.599540717800877587e+01,1.212926236468975238e-01,9.925689778679380737e-01,-9.742875502062204110e-03,9.125388839672300634e+00,-4.589601641730038477e-03,1.037603778931987276e-02,9.999356346268317708e-01,-3.295188030884163566e-02,0.000000000000000000e+00,0.000000000000000000e+00,0.000000000000000000e+00,1.000000000000000056e-01
9.937687928403600157e-01,-1.110855100281652602e-01,9.143075981088750678e-03,7.656864901731438522e+01,1.112059914388476983e-01,9.936996746814314996e-01,-1.393499214639559725e-02,9.186580391802383616e+00,-7.537495918174669067e-03,1.486492515284114010e-02,9.998611004311969142e-01,-2.055027297110747359e-02,0.000000000000000000e+00,0.000000000000000000e+00,0.000000000000000000e+00,1.000000000000000056e-01
9.947473844647699570e-01,-1.016210670822086104e-01,1.228005804434370053e-02,7.712237339195269215e+01,1.018288234098135847e-01,9.946448544623688326e-01,-1.767778873349830360e-02,9.224572155129408202e+00,-1.041786079155373849e-02,1.883539796782795345e-02,9.997683211424140959e-01,-1.124719728922217790e-02,0.000000000000000000e+00,0.000000000000000000e+00,0.000000000000000000e+00,1.000000000000000056e-01
9.958996335955561108e-01,-8.966366496733309266e-02,1.201444917018602149e-02,7.761222195949328295e+01,8.982463020235613438e-02,9.958646901076867453e-01,-1.360348505828807425e-02,9.270191137263582348e+00,-1.074502737302739444e-02,1.462689923896868041e-02,9.998352855372758530e-01,1.105635094233882194e-03,0.000000000000000000e+00,0.000000000000000000e+00,0.000000000000000000e+00,1.000000000000000056e-01
9.970922977983386337e-01,-7.564197199913280656e-02,9.232645520739064110e-03,7.810483060560244439e+01,7.572757996197729269e-02,9.970851361646588806e-01,-9.304024538119773716e-03,9.310195362932866203e+00,-8.501958852614437817e-03,9.976137107418328945e-03,9.999140930020350426e-01,-2.236019170009310997e-03,0.000000000000000000e+00,0.000000000000000000e+00,0.000000000000000000e+00,1.000000000000000056e-01
9.981594403492383138e-01,-5.985503535985623597e-02,9.752250189865738217e-03,7.860413408978860161e+01,5.989228741082124746e-02,9.981984496071331092e-01,-3.573389233661984892e-03,9.336323711784238810e+00,-9.520795680769481018e-03,4.150896768895715599e-03,9.999460607980907856e-01,3.072453835487950688e-03,0.000000000000000000e+00,0.000000000000000000e+00,0.000000000000000000e+00,1.000000000000000056e-01
9.992904005329994455e-01,-3.593947765153655133e-02,1.127161695286745327e-02,7.909997801502120751e+01,3.598972478520811452e-02,9.993429644665451361e-01,-4.287083052894276325e-03,9.355092746443487428e+00,-1.111013557444015185e-02,4.689703333062941737e-03,9.999272831412119311e-01,1.323477408153360402e-02,0.000000000000000000e+00,0.000000000000000000e+00,0.000000000000000000e+00,1.000000000000000056e-01
9.998769569377883304e-01,-1.076520815423554281e-02,1.140970105762008358e-02,7.960066901734998623e+01,1.086451524052330780e-02,9.999033244419263111e-01,-8.677792263723806826e-03,9.377954205802442544e+00,-1.131517977836468333e-02,8.800685392620768294e-03,9.998972520430303712e-01,1.529183134050880570e-02,0.000000000000000000e+00,0.000000000000000000e+00,0.000000000000000000e+00,1.000000000000000056e-01
9.997774784640716117e-01,1.698987740127630777e-02,1.250350438526934456e-02,8.007999315866649681e+01,-1.689942029178164232e-02,9.998305090004809825e-01,-7.304989092454096042e-03,9.378088740137146218e+00,-1.262549602291204894e-02,7.092061599334502364e-03,9.998951442588601690e-01,2.503805732835267042e-02,0.000000000000000000e+00,0.000000000000000000e+00,0.000000000000000000e+00,1.000000000000000056e-01
9.987225095944795017e-01,4.897242715379448302e-02,1.245191583536945854e-02,8.057000515305229271e+01,-4.886763370346405150e-02,9.987683638377435891e-01,-8.585439598567876085e-03,9.349950176373402755e+00,-1.285702942086141068e-02,7.965976119904332603e-03,9.998856134673246299e-01,2.530818204575189731e-02,0.000000000000000000e+00,0.000000000000000000e+00,0.000000000000000000e+00,1.000000000000000056e-01
