1.000000000000000000e+00,-2.290202170903637909e-09,-1.076339409029776994e-09,1.312960542935722983e-14,2.290202170642075128e-09,1.000000000000000000e+00,-2.430114956659058416e-10,5.159686506970696686e-15,1.076339409586322308e-09,2.430114932008710135e-10,1.000000000000000000e+00,2.259343579409500037e-15,0.000000000000000000e+00,0.000000000000000000e+00,0.000000000000000000e+00,1.000000000000000056e-01
9.999474609456078245e-01,-1.021014123420498944e-02,-9.101452684956569221e-04,6.568155742909695949e-01,1.020700408998092244e-02,9.999421698797975600e-01,-3.387323956942908838e-03,1.746038944781231131e-02,9.446776906917712414e-04,3.377856133667278896e-03,9.999938488170819761e-01,1.043269582510429096e-02,0.000000000000000000e+00,0.000000000000000000e+00,0.000000000000000000e+00,1.000000000000000056e-01
9.998027308700492277e-01,-1.945264671163848824e-02,-4.011717924300387678e-03,1.340591801863384891e+00,1.943759795606748997e-02,9.998040143526549794e-01,-3.756683379576356702e-03,1.564858611678447697e-02,4.084009119756410941e-03,3.677964141788866818e-03,9.999848966105845394e-01,1.721179314781569325e-02,0.000000000000000000e+00,0.000000000000000000e+00,0.000000000000000000e+00,1.000000000000000056e-01
9.996448304746314850e-01,-2.572653581786840671e-02,-6.954010365044578819e-03,2.082685221868260328e+00,2.570508647664278279e-02,9.996645864300153228e-01,-3.156448468557740850e-03,2.800392754766641706e-02,7.032882380185936401e-03,2.976573956460371994e-03,9.999708388612681409e-01,1.763481986284824374e-02,0.000000000000000000e+00,0.000000000000000000e+00,0.000000000000000000e+00,1.000000000000000056e-01
9.993433425611384369e-01,-3.527138048331464326e-02,-8.295384110001470870e-03,2.824348026649505350e+00,3.525616031114821303e-02,9.993763588682981203e-01,-1.973954218635009823e-03,6.364145150721059463e-02,8.359834857569326330e-03,1.680194614888607350e-03,9.999636443927399920e-01,3.402750054762295612e-02,0.000000000000000000e+00,0.000000000000000000e+00,0.000000000000000000e+00,1.000000000000000056e-01
9.991119399240568910e-01,-4.117135968150492653e-02,-8.958272331415982961e-03,3.529287602494902032e+00,4.113535289595020294e-02,9.991448927061851171e-01,-4.167267842550541161e-03,9.566067541194855917e-02,9.122184130640224528e-03,3.795065364662987984e-03,9.999511904265950824e-01,4.498631602977979510e-02,0.000000000000000000e+00,0.000000000000000000e+00,0.000000000000000000e+00,1.000000000000000056e-01
9.988415410922319992e-01,-4.646835765403594526e-02,-1.250070099760900062e-02,4.254956188943182838e+00,4.642091407243575246e-02,9.989137208635142651e-01,-4.059188008537517947e-03,1.398890047398242409e-01,1.267574554708954769e-02,3.474191639175503062e-03,9.999136240032334699e-01,6.735747367668319663e-02,0.000000000000000000e+00,0.000000000000000000e+00,0.000000000000000000e+00,1.000000000000000056e-01
9.982598877468604748e-01,-5.700455345098628251e-02,-1.508898278477094866e-02,5.033161146325110913e+00,5.696002977500497916e-02,9.983707901309626376e-01,-3.364583378066357718e-03,1.739149205731563008e-01,1.525619623811954977e-02,2.499259716608384814e-03,9.998804939477582421e-01,8.423836597609377086e-02,0.000000000000000000e+00,0.000000000000000000e+00,0.000000000000000000e+00,1.000000000000000056e-01
9.977579463746789612e-01,-6.496432249953171256e-02,-1.608468987453847213e-02,5.805906624663203175e+00,6.491109262272279357e-02,9.978837772142031826e-01,-3.810147928738582407e-03,2.496620683339307034e-01,1.629817476613699620e-02,2.757530578508006480e-03,9.998633734287905028e-01,9.592826976615083379e-02,0.000000000000000000e+00,0.000000000000000000e+00,0.000000000000000000e+00,1.000000000000000056e-01
9.974313437972279761e-01,-7.024948815774569033e-02,-1.399013310983320338e-02,6.599755718610475164e+00,7.020787146467978579e-02,9.975264356122336418e-01,-3.444566612979994488e-03,3.190734625341260511e-01,1.419750665627971323e-02,2.453501238434771352e-03,9.998962001810077771e-01,1.251692030796063837e-01,0.000000000000000000e+00,0.000000000000000000e+00,0.000000000000000000e+00,1.000000000000000056e-01
9.970365417560070886e-01,-7.546861344105078306e-02,-1.492054920260151019e-02,7.396855978363617190e+00,7.540082581338485024e-02,9.971404900443655572e-01,-5.055549499526005956e-03,3.804844863848437786e-01,1.525941905452496417e-02,3.915545858218326576e-03,9.998759016151707035e-01,1.442199654575299084e-01,0.000000000000000000e+00,0.000000000000000000e+00,0.000000000000000000e+00,1.000000000000000056e-01
9.967063424738770161e-01,-7.960971778033999746e-02,-1.545185125741387576e-02,8.211604152883495544e+00,7.954996101288559773e-02,9.968209691824487795e-01,-4.445121034547491398e-03,4.578288895318322616e-01,1.575660417713812059e-02,3.201286163093345922e-03,9.998707322407767162e-01,1.685133086557399629e-01,0.000000000000000000e+00,0.000000000000000000e+00,0.000000000000000000e+00,1.000000000000000056e-01
9.959982636835001957e-01,-8.766721732732633832e-02,-1.737578042955906926e-02,9.055445186463069618e+00,8.759576363430558732e-02,9.961443792049872181e-01,-4.833008548881667296e-03,5.262903250765100793e-01,1.773248242000492053e-02,3.291623367584404353e-03,9.998373489137271086e-01,1.940856213524098650e-01,0.000000000000000000e+00,0.000000000000000000e+00,0.000000000000000000e+00,1.000000000000000056e-01
9.958920697246922416e-01,-8.840880035485815247e-02,-1.956705085810408681e-02,9.806155941915577046e+00,8.828408811874788320e-02,9.960696758475726664e-01,-7.149870065444880428e-03,6.082881182586158397e-01,2.012225744070380087e-02,5.393039655557640803e-03,9.997829813908434282e-01,2.273962681549323017e-01,0.000000000000000000e+00,0.000000000000000000e+00,0.000000000000000000e+00,1.000000000000000056e-01
9.957508960381020735e-01,-9.026687955496795479e-02,-1.822206066079753994e-02,1.056466156116774613e+01,9.020903360804125026e-02,9.959149265762848868e-01,-3.973572455156286660e-03,6.903476914593407177e-01,1.850630419127931997e-02,2.312893850136541786e-03,9.998260684875234228e-01,2.475800496358145919e-01,0.000000000000000000e+00,0.000000000000000000e+00,0.000000000000000000e+00,1.000000000000000056e-01
9.952033049123237829e-01,-9.592562235438471807e-02,-1.920043925310889465e-02,1.135427964864288519e+01,9.576260878097238305e-02,9.953613246420841554e-01,-9.238840090511754241e-03,8.067669009268820801e-01,1.999761613419932110e-02,7.355840039015478123e-03,9.997729677113047497e-01,2.637183801781861625e-01,0.000000000000000000e+00,0.000000000000000000e+00,0.000000000000000000e+00,1.000000000000000056e-01
9.947407689061871228e-01,-1.003368278848943140e-01,-2.057483039844160144e-02,1.219204334746540219e+01,1.001772950360164671e-01,9.949320380269628394e-01,-8.645765829641598177e-03,9.076630798899152364e-01,2.133804665836246117e-02,6.539164894019837415e-03,9.997509325263439495e-01,2.945244308735724958e-01,0.000000000000000000e+00,0.000000000000000000e+00,0.000000000000000000e+00,1.000000000000000056e-01
9.942430896568099641e-01,-1.041498646344436452e-01,-2.516911532628262130e-02,1.306751390759181319e+01,1.040376574867171722e-01,9.945568479489400593e-01,-5.730795978347489293e-03,1.016193997661244630e+00,2.562897762996350567e-02,3.079268500145553901e-03,9.996667812882185089e-01,3.357607765483760498e-01,0.000000000000000000e+00,0.000000000000000000e+00,0.000000000000000000e+00,1.000000000000000056e-01
9.942359549412180808e-01,-1.033689161139731416e-01,-2.845580931104522635e-02,1.396815066073834011e+01,1.033967403314478561e-01,9.946400696973813904e-01,-4.958237787081147541e-04,1.127326813244803105e+00,2.835454092302200704e-02,-2.449272098148913644e-03,9.995949284961553882e-01,3.689352267460042634e-01,0.000000000000000000e+00,0.000000000000000000e+00,0.000000000000000000e+00,1.000000000000000056e-01
9.919017611296452319e-01,-1.234450512605086148e-01,-2.986997802474333080e-02,1.485737597877950655e+01,1.233533074496649118e-01,9.923507103535641471e-01,-4.901958996667758403e-03,1.339840454764211986e+00,3.024661649071996167e-02,1.177701178979160017e-03,9.995417726192319385e-01,3.893661378942280260e-01,0.000000000000000000e+00,0.000000000000000000e+00,0.000000000000000000e+00,1.000000000000000056e-01
9.912963429052481512e-01,-1.286624733078146621e-01,-2.788419812360765776e-02,1.579470765816841826e+01,1.285544950088400862e-01,9.916864164726948427e-01,-5.638545607420370961e-03,1.483605667720202748e+00,2.837784973712473985e-02,2.004830631433437201e-03,9.995952572408677295e-01,4.282936664467636434e-01,0.000000000000000000e+00,0.000000000000000000e+00,0.000000000000000000e+00,1.000000000000000056e-01
9.907962161983734362e-01,-1.325014789377696178e-01,-2.768060776590604635e-02,1.670002472195518450e+01,1.323781420398396913e-01,9.911795838284566118e-01,-6.249808935285247613e-03,1.611742874378449875e+00,2.826456221253327919e-02,2.527979618459207101e-03,9.995972808296261780e-01,4.622233178383184371e-01,0.000000000000000000e+00,0.000000000000000000e+00,0.000000000000000000e+00,1.000000000000000056e-01
9.901668877043084960e-01,-1.369889833689223180e-01,-2.834700918108401524e-02,1.755098839716572456e+01,1.368424647885412015e-01,9.905677001130459569e-01,-7.054879399934885567e-03,1.761702344745766702e+00,2.904607244637721908e-02,3.106433372839821974e-03,9.995732468144292726e-01,5.066284925155252195e-01,0.000000000000000000e+00,0.000000000000000000e+00,0.000000000000000000e+00,1.000000000000000056e-01
9.899345998584841988e-01,-1.382855112891580862e-01,-3.010988825151722850e-02,1.844058890025164033e+01,1.380975121487697799e-01,9.903843071491006400e-01,-8.246289536291091793e-03,1.879532013836381354e+00,3.096070317908018385e-02,4.005186673813526665e-03,9.995125778790203697e-01,5.255142997793863513e-01,0.000000000000000000e+00,0.000000000000000000e+00,0.000000000000000000e+00,1.000000000000000056e-01
9.895263425671680935e-01,-1.413056407558990757e-01,-2.950141108842586901e-02,1.934794881535244215e+01,1.410728389149949469e-01,9.899503227701336172e-01,-9.839337771015577855e-03,2.007546573903514986e+00,3.059528535750866141e-02,5.574436103593488276e-03,9.995163101100549286e-01,5.719045124375315980e-01,0.000000000000000000e+00,0.000000000000000000e+00,0.000000000000000000e+00,1.000000000000000056e-01
9.874501317993833460e-01,-1.554164620621273640e-01,-2.807063464675821352e-02,2.025530202162659776e+01,1.551869789548121215e-01,9.878325598065864632e-01,-1.018996314250390431e-02,2.178567960853414753e+00,2.931277489865405372e-02,5.705883459921653848e-03,9.995540026040027337e-01,6.008148953586632812e-01,0.000000000000000000e+00,0.000000000000000000e+00,0.000000000000000000e+00,1.000000000000000056e-01
9.874296791710233112e-01,-1.557759361773098372e-01,-2.676726359366161240e-02,2.115847074936763050e+01,1.555449470532441758e-01,9.877728184657380561e-01,-1.051801057498605654e-02,2.322383749557853871e+00,2.807842834656777004e-02,6.222283209139588787e-03,9.995863569763504541e-01,6.319522008877392905e-01,0.000000000000000000e+00,0.000000000000000000e+00,0.000000000000000000e+00,1.000000000000000056e-01
9.872929652193345174e-01,-1.572025517522291360e-01,-2.323700821968424646e-02,2.209764419294756266e+01,1.570091753173505356e-01,9.875471622132773186e-01,-9.935857822471938841e-03,2.494601581191602691e+00,2.450958372921571010e-02,6.161179034130921314e-03,9.996806090838863401e-01,6.643448799618107969e-01,0.000000000000000000e+00,0.000000000000000000e+00,0.000000000000000000e+00,1.000000000000000056e-01
9.870998684976568516e-01,-1.584810876436092697e-01,-2.275070265304513298e-02,2.304715475169808414e+01,1.582992022824990797e-01,9.873445587108971022e-01,-9.596089865575623684e-03,2.658609696650274579e+00,2.398358123035592218e-02,5.870880963058015475e-03,9.996951138162497585e-01,7.017676145296616319e-01,0.000000000000000000e+00,0.000000000000000000e+00,0.000000000000000000e+00,1.000000000000000056e-01
9.872684392862614011e-01,-1.574714753086550734e-01,-2.244467093510580866e-02,2.397467430401944100e+01,1.572506983068857611e-01,9.874941256209505136e-01,-1.129467777810260094e-02,2.805166616197656726e+00,2.394257027276596936e-02,7.621438724414923357e-03,9.996842836618486938e-01,7.366990935313024735e-01,0.000000000000000000e+00,0.000000000000000000e+00,0.000000000000000000e+00,1.000000000000000056e-01
9.871986704399540180e-01,-1.574962622386288091e-01,-2.517364618898394399e-02,2.491346647730522434e+01,1.572317074237001011e-01,9.874866697609225863e-01,-1.217650299184947112e-02,2.966558253168578130e+00,2.677639374925326957e-02,8.062532191787855421e-03,9.996089336897912014e-01,7.713789703138045351e-01,0.000000000000000000e+00,0.000000000000000000e+00,0.000000000000000000e+00,1.000000000000000056e-01
9.875721895225839653e-01,-1.545498059396245294e-01,-2.855745026422849830e-02,2.585381069105985929e+01,1.542344508390001145e-01,9.879494434869443564e-01,-1.294725021882628044e-02,3.121318862597053823e+00,3.021431210472200202e-02,8.381801588037682271e-03,9.995082994883920380e-01,8.033554705042355026e-01,0.000000000000000000e+00,0.000000000000000000e+00,0.000000000000000000e+00,1.000000000000000056e-01
9.872363858262260816e-01,-1.554107699475400783e-01,-3.481107704572955486e-02,2.680795796452864721e+01,1.550732117505508600e-01,9.878274974260059516e-01,-1.221205660169368684e-02,3.278815244326770184e+00,3.628522423989906376e-02,6.657921100984220790e-03,9.993192956150067641e-01,8.523274810047197780e-01,0.000000000000000000e+00,0.000000000000000000e+00,0.000000000000000000e+00,1.000000000000000056e-01
9.868908095846670170e-01,-1.581550659271968862e-01,-3.214817380325785123e-02,2.775303758930461839e+01,1.577029560508479145e-01,9.873543686708173839e-01,-1.615946532147508399e-02,3.406028706942513917e+00,3.429734115270151318e-02,1.087776577315570370e-02,9.993524736556365085e-01,9.062591170689665576e-01,0.000000000000000000e+00,0.000000000000000000e+00,0.000000000000000000e+00,1.000000000000000056e-01
9.868560772477080745e-01,-1.593153992593011048e-01,-2.708664538319842385e-02,2.874089659583986034e+01,1.589587441215986052e-01,9.871733817993657567e-01,-1.486041500388764723e-02,3.564319877630921507e+00,2.910670827403543520e-02,1.035943172442922895e-02,9.995226269113656192e-01,9.642882056826351800e-01,0.000000000000000000e+00,0.000000000000000000e+00,0.000000000000000000e+00,1.000000000000000056e-01
9.870852440766891833e-01,-1.581061995597916880e-01,-2.579051350443066840e-02,2.967494625251211104e+01,1.576493104956911695e-01,9.873144383904332022e-01,-1.889165545993120102e-02,3.696338534166510481e+00,2.845023420459056110e-02,1.458181766937560221e-02,9.994888467447553548e-01,9.981973978655509505e-01,0.000000000000000000e+00,0.000000000000000000e+00,0.000000000000000000e+00,1.000000000000000056e-01
9.864899366204619158e-01,-1.614901119881248792e-01,-2.754176240947368154e-02,3.059274404576243711e+01,1.607703746755454743e-01,9.866328565223451141e-01,-2.661753289172754181e-02,3.833721184777640900e+00,3.147207608725144379e-02,2.183002887355742563e-02,9.992662099091201844e-01,1.045854873965917031e+00,0.000000000000000000e+00,0.000000000000000000e+00,0.000000000000000000e+00,1.000000000000000056e-01
9.861260054735637715e-01,-1.631615089202066715e-01,-3.055852312586839620e-02,3.154307679591670777e+01,1.623409020777772105e-01,9.863469540352101106e-01,-2.766076242688757583e-02,3.989229789447184427e+00,3.465447794046915692e-02,2.231609894996179275e-02,9.991501683362361552e-01,1.080539370271478283e+00,0.000000000000000000e+00,0.000000000000000000e+00,0.000000000000000000e+00,1.000000000000000056e-01
9.858334034218799724e-01,-1.642190195901773730e-01,-3.412644579316569116e-02,3.250703790855286712e+01,1.633196836515906636e-01,9.861850481557050685e-01,-2.767185801629670414e-02,4.149136843633405292e+00,3.819923598159100098e-02,2.170632163611983453e-02,9.990343607561513739e-01,1.114532165274812803e+00,0.000000000000000000e+00,0.000000000000000000e+00,0.000000000000000000e+00,1.000000000000000056e-01
9.858723056362564963e-01,-1.635528248539442620e-01,-3.614236380961685646e-02,3.345723198950738464e+01,1.625633240729371376e-01,9.862770506620047728e-01,-2.882264741161953692e-02,4.313095589529261531e+00,4.036040938604168460e-02,2.254002705748949648e-02,9.989309208020535902e-01,1.156740939915200439e+00,0.000000000000000000e+00,0.000000000000000000e+00,0.000000000000000000e+00,1.000000000000000056e-01
9.851903233052170528e-01,-1.679290715996615835e-01,-3.463890554618637846e-02,3.440167787648091036e+01,1.669399887634925861e-01,9.855189053667329224e-01,-2.972418739682206046e-02,4.467169650265917724e+00,3.912885147058194762e-02,2.350136328879995351e-02,9.989577663275664987e-01,1.213985215083448921e+00,0.000000000000000000e+00,0.000000000000000000e+00,0.000000000000000000e+00,1.000000000000000056e-01
9.846890301415482938e-01,-1.705497124713357959e-01,-3.605980442045880752e-02,3.537408590772304962e+01,1.694952740977764549e-01,9.850577667176899643e-01,-3.053765360463442727e-02,4.659056452712708740e+00,4.072917845251348978e-02,2.395812607658815221e-02,9.988829472052677128e-01,1.257663265564930910e+00,0.000000000000000000e+00,0.000000000000000000e+00,0.000000000000000000e+00,1.000000000000000056e-01
9.843251297911069786e-01,-1.727549293138881115e-01,-3.549328470956138182e-02,3.633969321739690628e+01,1.716616649042056741e-01,9.846407939140622290e-01,-3.185560802435797451e-02,4.820978986937855204e+00,4.045134934753924494e-02,2.526343915698849724e-02,9.988620760535081855e-01,1.318925076098945048e+00,0.000000000000000000e+00,0.000000000000000000e+00,0.000000000000000000e+00,1.000000000000000056e-01
9.841037296956686165e-01,-1.740732705301558658e-01,-3.519013620333790587e-02,3.732805914939705616e+01,1.729863114125777535e-01,9.844075051881071570e-01,-3.189984001836704275e-02,4.998216781413892917e+00,4.019434366854345714e-02,2.530533967884851521e-02,9.988713903805600536e-01,1.369164358690318162e+00,0.000000000000000000e+00,0.000000000000000000e+00,0.000000000000000000e+00,1.000000000000000056e-01
9.842011169803481785e-01,-1.740840638413235497e-01,-3.229396307555179590e-02,3.829233584621869824e+01,1.731153069426552837e-01,9.844224413744759872e-01,-3.071721700393267515e-02,5.169185346722774632e+00,3.713827993843228648e-02,2.464133995557936038e-02,9.990062825269960811e-01,1.430108402534903345e+00,0.000000000000000000e+00,0.000000000000000000e+00,0.000000000000000000e+00,1.000000000000000056e-01
9.839556131794044980e-01,-1.754543123138626870e-01,-3.235947439640440154e-02,3.927922788003998988e+01,1.746224162273167513e-01,9.842658309590770482e-01,-2.697750465427269789e-02,5.363514842328841681e+00,3.658364448323540158e-02,2.089397752719900081e-02,9.991121451866237235e-01,1.471465497512389531e+00,0.000000000000000000e+00,0.000000000000000000e+00,0.000000000000000000e+00,1.000000000000000056e-01
9.830762407311935958e-01,-1.793781943175457860e-01,-3.720978786826107526e-02,4.026640187074069388e+01,1.782547424111388390e-01,9.834764862374903993e-01,-3.161088144765727276e-02,5.561013490525633429e+00,4.226525426118656753e-02,2.444308534813234568e-02,9.988073807601248744e-01,1.538961361974921616e+00,0.000000000000000000e+00,0.000000000000000000e+00,0.000000000000000000e+00,1.000000000000000056e-01
9.829634577083393721e-01,-1.798267269054598383e-01,-3.801564283995294974e-02,4.127360640367390943e+01,1.788274668594667383e-01,9.834746321187458618e-01,-2.825570872450168872e-02,5.742048265413149721e+00,4.246855197310154401e-02,2.097608803773286582e-02,9.988775830020119040e-01,1.611840119800790339e+00,0.000000000000000000e+00,0.000000000000000000e+00,0.000000000000000000e+00,1.000000000000000056e-01
9.823044585224254277e-01,-1.826611469135595300e-01,-4.138666663537506063e-02,4.227917266083288439e+01,1.815242654302325620e-01,9.829357529468829568e-01,-2.976989483956435367e-02,5.928148000383615113e+00,4.611823746609490515e-02,2.173041617105543610e-02,9.986996030769480504e-01,1.673217262711501174e+00,0.000000000000000000e+00,0.000000000000000000e+00,0.000000000000000000e+00,1.000000000000000056e-01
9.831623288251566395e-01,-1.774688411617465766e-01,-4.355049478250954537e-02,4.327492094737331740e+01,1.762553003323315826e-01,9.838776897598733306e-01,-3.031106559548802509e-02,6.058048988134240531e+00,4.822762988012384983e-02,2.212469230251923324e-02,9.985913046420265005e-01,1.738590458572362385e+00,0.000000000000000000e+00,0.000000000000000000e+00,0.000000000000000000e+00,1.000000000000000056e-01
9.828553370376094112e-01,-1.798110929654976042e-01,-4.078427764764636781e-02,4.425687993364864781e+01,1.785528657926313822e-01,9.833878084161667976e-01,-3.266944100664849471e-02,6.247871332901821617e+00,4.598108930773273789e-02,2.482718479815018697e-02,9.986337418298426583e-01,1.815037524391538648e+00,0.000000000000000000e+00,0.000000000000000000e+00,0.000000000000000000e+00,1.000000000000000056e-01
9.829111545729990462e-01,-1.797050938323539182e-01,-3.989663477887299414e-02,4.522582263531167968e+01,1.784954442520320372e-01,9.834175580547289686e-01,-3.208243898059386784e-02,6.413100019335387536e+00,4.500042885621903521e-02,2.441281959091730694e-02,9.986886279728921512e-01,1.872028466038337280e+00,0.000000000000000000e+00,0.000000000000000000e+00,0.000000000000000000e+00,1.000000000000000056e-01
9.820337942815922094e-01,-1.835674393275956440e-01,-4.373353527453360812e-02,4.613244226465165809e+01,1.823387056355685598e-01,9.827584752638892640e-01,-3.063291896213946042e-02,6.593832528815624983e+00,4.860270893730984920e-02,2.210824542348441279e-02,9.985734836096190614e-01,1.940755998203472776e+00,0.000000000000000000e+00,0.000000000000000000e+00,0.000000000000000000e+00,1.000000000000000056e-01
9.820461981277628372e-01,-1.820936516758258905e-01,-4.926628423343568791e-02,4.708298913626830995e+01,1.806998224885778825e-01,9.830356287138388716e-01,-3.144084655005274787e-02,6.759218913030493603e+00,5.415569125588853144e-02,2.197395500474403837e-02,9.982906923366792196e-01,1.983985448244082406e+00,0.000000000000000000e+00,0.000000000000000000e+00,0.000000000000000000e+00,1.000000000000000056e-01
9.820574934590128313e-01,-1.821000735437773854e-01,-4.901675995363039690e-02,4.802394188064618419e+01,1.805308475508917709e-01,9.829544846654203472e-01,-3.477203127075835509e-02,6.938204824553713124e+00,5.451323347186100982e-02,2.529909665361185570e-02,9.981924980107562684e-01,2.052913408016607821e+00,0.000000000000000000e+00,0.000000000000000000e+00,0.000000000000000000e+00,1.000000000000000056e-01
9.826465916236778453e-01,-1.794259484327297149e-01,-4.703195721405142860e-02,4.898377097896524646e+01,1.779018675664443550e-01,9.834313986631828541e-01,-3.483690054736952174e-02,7.143296528354002639e+00,5.250334738605001716e-02,2.586528856192084336e-02,9.982857233081460224e-01,2.123306435826329164e+00,0.000000000000000000e+00,0.000000000000000000e+00,0.000000000000000000e+00,1.000000000000000056e-01
9.836183316906611518e-01,-1.743196742972670521e-01,-4.590891759751262319e-02,4.997103085433537473e+01,1.728199780783369610e-01,9.843364057597490113e-01,-3.485821958996038195e-02,7.331469079903334851e+00,5.126629242576057760e-02,2.635320566598123998e-02,9.983372555464625764e-01,2.204841928373588278e+00,0.000000000000000000e+00,0.000000000000000000e+00,0.000000000000000000e+00,1.000000000000000056e-01
9.836228618834745863e-01,-1.744678572470833300e-01,-4.524414180614350078e-02,5.089429890082320895e+01,1.727143671497559929e-01,9.841527068943072276e-01,-4.016462240165027259e-02,7.512515982810911375e+00,5.153458023718013314e-02,3.169252751389847050e-02,9.981682076381507285e-01,2.267628235875035703e+00,0.000000000000000000e+00,0.000000000000000000e+00,0.000000000000000000e+00,1.000000000000000056e-01
9.842205400245339630e-01,-1.709589416370433379e-01,-4.563955376816095089e-02,5.182118146783506063e+01,1.691910322766029262e-01,9.847646021753247991e-01,-4.016307881191068935e-02,7.680393633832577116e+00,5.181045445653177650e-02,3.180752390262798351e-02,9.981502683625304018e-01,2.328301569326532316e+00,0.000000000000000000e+00,0.000000000000000000e+00,0.000000000000000000e+00,1.000000000000000056e-01
9.845215708298087343e-01,-1.696693948542699337e-01,-4.392690542926726976e-02,5.279309693353034305e+01,1.678747286051341103e-01,9.849228697388594522e-01,-4.177339058685804879e-02,7.851341238264669009e+00,5.035227965602467187e-02,3.375258679205899587e-02,9.981610144752629532e-01,2.406212160658414145e+00,0.000000000000000000e+00,0.000000000000000000e+00,0.000000000000000000e+00,1.000000000000000056e-01
9.832411260703107780e-01,-1.771485902183826400e-01,-4.307278708914426962e-02,5.374914118798862717e+01,1.752753959269962580e-01,9.835367946722224364e-01,-4.397623345086718039e-02,8.027265378281692065e+00,5.015399871019163985e-02,3.568964148783254631e-02,9.981036148135362662e-01,2.465013234026012245e+00,0.000000000000000000e+00,0.000000000000000000e+00,0.000000000000000000e+00,1.000000000000000056e-01
9.835176549044014616e-01,-1.766569341397843940e-01,-3.854024016114331042e-02,5.465794101271012551e+01,1.749184514490552678e-01,9.835716884451958242e-01,-4.461243135865932546e-02,8.188419081135965172e+00,4.578818443672140470e-02,3.713571474199032357e-02,9.982606778074504250e-01,2.527638061492227806e+00,0.000000000000000000e+00,0.000000000000000000e+00,0.000000000000000000e+00,1.000000000000000056e-01
9.835791015172267171e-01,-1.772761535911005770e-01,-3.384252393822662075e-02,5.556622485270130340e+01,1.757236565036848497e-01,9.834384764892130093e-01,-4.438422586404425912e-02,8.374147514796018044e+00,4.115030502365571441e-02,3.770846494515563835e-02,9.984411470226675078e-01,2.596742621215136548e+00,0.000000000000000000e+00,0.000000000000000000e+00,0.000000000000000000e+00,1.000000000000000056e-01
9.836976150853011802e-01,-1.772101785414272879e-01,-3.058683862065601430e-02,5.646690521619891712e+01,1.760706251086111007e-01,9.836955207493642828e-01,-3.663683162474544452e-02,8.550154428435190468e+00,3.658055561843633063e-02,3.065412009750871983e-02,9.988604446426407879e-01,2.664256948573803907e+00,0.000000000000000000e+00,0.000000000000000000e+00,0.000000000000000000e+00,1.000000000000000056e-01
9.831217355099705069e-01,-1.799668158205895985e-01,-3.291805539914966633e-02,5.731599241691225899e+01,1.787988319858526132e-01,9.832432916827514857e-01,-3.554725082706853417e-02,8.719405636813936766e+00,3.876378268897843343e-02,2.906156506910230128e-02,9.988257078126173694e-01,2.733105213630269592e+00,0.000000000000000000e+00,0.000000000000000000e+00,0.000000000000000000e+00,1.000000000000000056e-01
9.828711220781005675e-01,-1.802562846518266093e-01,-3.836703309424746577e-02,5.821386711440747774e+01,1.789581025189590224e-01,9.832351392876601537e-01,-3.496653275332289867e-02,8.912994467535929388e+00,4.402675240974707194e-02,2.750150384061050488e-02,9.986517472866883738e-01,2.782627057040043983e+00,0.000000000000000000e+00,0.000000000000000000e+00,0.000000000000000000e+00,1.000000000000000056e-01
9.825135052919542478e-01,-1.807626358142995215e-01,-4.463273924356338934e-02,5.917527884318389653e+01,1.793253954488824298e-01,9.831890939707672583e-01,-3.437452609191611608e-02,9.088651075957352887e+00,5.009605239955475936e-02,2.576965250849938549e-02,9.984118942318206402e-01,2.839951781627941152e+00,0.000000000000000000e+00,0.000000000000000000e+00,0.000000000000000000e+00,1.000000000000000056e-01
9.832033291528887720e-01,-1.770932129604458061e-01,-4.414982973945156403e-02,6.007559068686064307e+01,1.758190069734188732e-01,9.839256308182530164e-01,-3.127346808052703514e-02,9.290475505699056669e+00,4.897846801970482528e-02,2.298579870809489348e-02,9.985353087038002506e-01,2.899324977190389507e+00,0.000000000000000000e+00,0.000000000000000000e+00,0.000000000000000000e+00,1.000000000000000056e-01
9.829743251936221560e-01,-1.791219116794401101e-01,-4.094895317887950470e-02,6.100311233170572223e+01,1.779896386126157137e-01,9.835801237460378710e-01,-2.982999695406062315e-02,9.483845399863232828e+00,4.561978251475623525e-02,2.203363174857185872e-02,9.987158527405453068e-01,2.961342882083398020e+00,0.000000000000000000e+00,0.000000000000000000e+00,0.000000000000000000e+00,1.000000000000000056e-01
9.825136178620073046e-01,-1.818157680054607594e-01,-4.012501987904672218e-02,6.188240575415787958e+01,1.806328212457877502e-01,9.830494414799604286e-01,-3.139394041411696507e-02,9.668543279407659341e+00,4.515279176857954491e-02,2.359707843192281398e-02,9.987013584074976302e-01,3.025617728067969470e+00,0.000000000000000000e+00,0.000000000000000000e+00,0.000000000000000000e+00,1.000000000000000056e-01
9.820832079891671507e-01,-1.843730678623776986e-01,-3.897620341594897758e-02,6.270086519412354420e+01,1.832734100892182971e-01,9.825995163374029451e-01,-3.015041704141219886e-02,9.829121426347803947e+00,4.385692351243498238e-02,2.246691657786933222e-02,9.987851660489894812e-01,3.077782707312788357e+00,0.000000000000000000e+00,0.000000000000000000e+00,0.000000000000000000e+00,1.000000000000000056e-01
9.815024200033694024e-01,-1.874690832180591904e-01,-3.883738360021007918e-02,6.351938245447402664e+01,1.863706162539977285e-01,9.820142860860461287e-01,-3.023136318491713437e-02,9.975784937065274249e+00,4.380631147031881223e-02,2.243400901073287768e-02,9.987881268392569956e-01,3.124153841576193358e+00,0.000000000000000000e+00,0.000000000000000000e+00,0.000000000000000000e+00,1.000000000000000056e-01
9.811448894832637269e-01,-1.893627283882369228e-01,-3.868414324031129586e-02,6.431846577235619122e+01,1.883406345806703519e-01,9.816877993897576982e-01,-2.858093586720466053e-02,1.012720350809258818e+01,4.338791544456246235e-02,2.075624307666698934e-02,9.988426638698998383e-01,3.173160377105061158e+00,0.000000000000000000e+00,0.000000000000000000e+00,0.000000000000000000e+00,1.000000000000000056e-01
9.807483527841159843e-01,-1.910116670956652773e-01,-4.058585399591833898e-02,6.510829681346729103e+01,1.898589813421818484e-01,9.813340598222936029e-01,-3.061094961617749979e-02,1.028319674897316460e+01,4.567532939073688791e-02,2.231604951665607309e-02,9.987070432409185239e-01,3.230749454994156000e+00,0.000000000000000000e+00,0.000000000000000000e+00,0.000000000000000000e+00,1.000000000000000056e-01
9.801498916605158040e-01,-1.942549301750136070e-01,-3.963851637712610676e-02,6.585733829213755541e+01,1.931595133666350605e-01,9.807132742487199017e-01,-2.984754777732903999e-02,1.042738879175321109e+01,4.467205249195328742e-02,2.159851418630005446e-02,9.987681972865878333e-01,3.283991400202406652e+00,0.000000000000000000e+00,0.000000000000000000e+00,0.000000000000000000e+00,1.000000000000000056e-01
9.796036783884238819e-01,-1.975737203963179867e-01,-3.662319342475450767e-02,6.663851899390652989e+01,1.965437734639279288e-01,9.800391022086267778e-01,-2.989821490773372434e-02,1.058621806797830800e+01,4.179926315653889612e-02,2.209034066886300315e-02,9.988817940320586786e-01,3.340673154148508850e+00,0.000000000000000000e+00,0.000000000000000000e+00,0.000000000000000000e+00,1.000000000000000056e-01
9.760862766993542161e-01,-2.144253001462004260e-01,-3.574032871146413243e-02,6.743874723709296859e+01,2.135875523341403404e-01,9.765818035645688067e-01,-2.585224234925811299e-02,1.078195025496203918e+01,4.044672949822416402e-02,1.760032964991749271e-02,9.990266715504204642e-01,3.391792675701088111e+00,0.000000000000000000e+00,0.000000000000000000e+00,0.000000000000000000e+00,1.000000000000000056e-01
9.754876326535467657e-01,-2.174534720417855838e-01,-3.373226996440319841e-02,6.816848955577236779e+01,2.166909982900266651e-01,9.759236508422608480e-01,-2.486038991618302538e-02,1.093188302573683757e+01,3.832609815844369855e-02,1.694152365300627752e-02,9.991216617490904506e-01,3.446982054362463188e+00,0.000000000000000000e+00,0.000000000000000000e+00,0.000000000000000000e+00,1.000000000000000056e-01
9.755852796790053238e-01,-2.164330650601073713e-01,-3.728391640271143392e-02,6.883646790953874017e+01,2.157368637239372722e-01,9.762075066818904912e-01,-2.182909820597153661e-02,1.109215229968245175e+01,4.112137770304348516e-02,1.325263168634679099e-02,9.990662640932230776e-01,3.490322786060606308e+00,0.000000000000000000e+00,0.000000000000000000e+00,0.000000000000000000e+00,1.000000000000000056e-01
9.750040718942440954e-01,-2.183541330921146273e-01,-4.109175527079286100e-02,6.949461453716872938e+01,2.175287397822998903e-01,9.757675570602113435e-01,-2.364153035384216478e-02,1.126141286396483210e+01,4.525822752128173115e-02,1.411195062130923134e-02,9.988756407537895399e-01,3.530874423316901378e+00,0.000000000000000000e+00,0.000000000000000000e+00,0.000000000000000000e+00,1.000000000000000056e-01
9.742496239877618258e-01,-2.205887091820494805e-01,-4.667217094909990871e-02,7.020882440556600557e+01,2.195271045003255872e-01,9.752374351103141326e-01,-2.682900574302032187e-02,1.143235293263592744e+01,5.143462403292095586e-02,1.589234220790293473e-02,9.985499050672124177e-01,3.578142067441955732e+00,0.000000000000000000e+00,0.000000000000000000e+00,0.000000000000000000e+00,1.000000000000000056e-01
9.731297426870086920e-01,-2.249960956172956661e-01,-4.894140225707663272e-02,7.091867477799316077e+01,2.239031887707163548e-01,9.742416699355065379e-01,-2.684270142106814569e-02,1.160262409798810346e+01,5.372025647948086569e-02,1.516329509863845529e-02,9.984408888489745282e-01,3.623712420963635328e+00,0.000000000000000000e+00,0.000000000000000000e+00,0.000000000000000000e+00,1.000000000000000056e-01
9.731341770898639387e-01,-2.255660402530680342e-01,-4.615013395630138821e-02,7.158203402601509424e+01,2.245722419666535963e-01,9.741169282025814447e-01,-2.575884949367256149e-02,1.175227252744904050e+01,5.076594840741242148e-02,1.470277775517871664e-02,9.986023466868970688e-01,3.684114085182240039e+00,0.000000000000000000e+00,0.000000000000000000e+00,0.000000000000000000e+00,1.000000000000000056e-01
9.719447267930934053e-01,-2.312078956233578619e-01,-4.320135484585459901e-02,7.214302908452047802e+01,2.301918533264329381e-01,9.727638652480073977e-01,-2.724285465766331307e-02,1.189855012664016520e+01,4.832348001997558568e-02,1.653394898912637426e-02,9.986948832399132892e-01,3.721822821663343106e+00,0.000000000000000000e+00,0.000000000000000000e+00,0.000000000000000000e+00,1.000000000000000056e-01
9.725830427871642314e-01,-2.278317710069716062e-01,-4.663591966165153702e-02,7.266801004649654772e+01,2.266044340834876269e-01,9.735194723348213897e-01,-3.017063868454378933e-02,1.200743803401749865e+01,5.227480594477118547e-02,1.877554539175418924e-02,9.984562201512285906e-01,3.762722426524462982e+00,0.000000000000000000e+00,0.000000000000000000e+00,0.000000000000000000e+00,1.000000000000000056e-01
9.720784452635656825e-01,-2.298823241142033680e-01,-4.709154185011660970e-02,7.328403090818528653e+01,2.282135193989659749e-01,9.728591095661062171e-01,-3.825888782728396886e-02,1.214370461677525981e+01,5.460847752416011364e-02,2.644371369712055289e-02,9.981576249212336105e-01,3.816120100686120065e+00,0.000000000000000000e+00,0.000000000000000000e+00,0.000000000000000000e+00,1.000000000000000056e-01
9.721277843336381119e-01,-2.283578274950550380e-01,-5.310624773329753606e-02,7.386354123432164442e+01,2.262175918224438032e-01,9.731095075710484155e-01,-4.339916387311902601e-02,1.227236474702673696e+01,6.158873335786261421e-02,3.017596554495498296e-02,9.976453473187772980e-01,3.862332849175317495e+00,0.000000000000000000e+00,0.000000000000000000e+00,0.000000000000000000e+00,1.000000000000000056e-01
9.732263628189726790e-01,-2.236133209346866657e-01,-5.317451847185911129e-02,7.443330239728385322e+01,2.216733113175581305e-01,9.742994295139185690e-01,-4.001955395006123739e-02,1.238623192189009181e+01,6.075680837290770020e-02,2.716071334508208049e-02,9.977829953887388248e-01,3.915523485340029808e+00,0.000000000000000000e+00,0.000000000000000000e+00,0.000000000000000000e+00,1.000000000000000056e-01
9.736649626879774200e-01,-2.223436122087385225e-01,-5.039700927425772720e-02,7.499726988443188702e+01,2.204593975890516144e-01,9.745609584416827786e-01,-4.035582109065753709e-02,1.253450170554231491e+01,5.808781669586137592e-02,2.818255473158505844e-02,9.979135980435928088e-01,3.946391553371054961e+00,0.000000000000000000e+00,0.000000000000000000e+00,0.000000000000000000e+00,1.000000000000000056e-01
9.745287664251436333e-01,-2.188870191727500802e-01,-4.880733805029745243e-02,7.557451456199466122e+01,2.168920417440650950e-01,9.752459054277223816e-01,-4.304957809959020221e-02,1.264079111175776937e+01,5.702215041524306971e-02,3.136712903869470770e-02,9.978800416773005999e-01,3.989585478034514576e+00,0.000000000000000000e+00,0.000000000000000000e+00,0.000000000000000000e+00,1.000000000000000056e-01
9.753996977794294754e-01,-2.159614977694767346e-01,-4.422737899720036170e-02,7.616128339559145388e+01,2.138775283779565106e-01,9.757068847424789082e-01,-4.746027729652926852e-02,1.275387465857475000e+01,5.340255075119645922e-02,3.683349762500620628e-02,9.978935118668597060e-01,4.040411888127972695e+00,0.000000000000000000e+00,0.000000000000000000e+00,0.000000000000000000e+00,1.000000000000000056e-01
9.771917222275579018e-01,-2.083735291371447973e-01,-4.094887501349402104e-02,7.672802740012298273e+01,2.063635300376004400e-01,9.772774912424337934e-01,-4.840246462025545732e-02,1.284751907835274842e+01,5.010420621424584164e-02,3.884813336347275187e-02,9.979881718005549907e-01,4.101449715357501802e+00,0.000000000000000000e+00,0.000000000000000000e+00,0.000000000000000000e+00,1.000000000000000056e-01
9.793305015156501536e-01,-1.984078152528541417e-01,-3.932057537339160580e-02,7.722185810419662744e+01,1.966058143083412590e-01,9.794314021669050518e-01,-4.539033189484652231e-02,1.297448701355014755e+01,4.751760285682886387e-02,3.672148275818369612e-02,9.981951763672178846e-01,4.146719441753305091e+00,0.000000000000000000e+00,0.000000000000000000e+00,0.000000000000000000e+00,1.000000000000000056e-01
9.821770086501732111e-01,-1.835602737202809143e-01,-4.042214233230616988e-02,7.771933705376686419e+01,1.817935171331439836e-01,9.823621349050438711e-01,-4.376931611489559559e-02,1.306494004536523867e+01,4.774348968559957024e-02,3.564073254774549615e-02,9.982235708377663608e-01,4.181373906381590011e+00,0.000000000000000000e+00,0.000000000000000000e+00,0.000000000000000000e+00,1.000000000000000056e-01
9.856767833386732569e-01,-1.638518291292384854e-01,-3.992313712784935353e-02,7.818159373543073798e+01,1.625315201713391222e-01,9.861050725028484010e-01,-3.435536253550196956e-02,1.315743920495092389e+01,4.499759702383915316e-02,2.737451506702936327e-02,9.986119627697863654e-01,4.214822302082443350e+00,0.000000000000000000e+00,0.000000000000000000e+00,0.000000000000000000e+00,1.000000000000000056e-01
9.894058992118427431e-01,-1.401659342326930513e-01,-3.780843140731104252e-02,7.865752137395847399e+01,1.387862462365599125e-01,9.896329253919462499e-01,-3.694659437273672270e-02,1.321269013346224774e+01,4.259512249506896414e-02,3.130788815705962819e-02,9.986017582994609620e-01,4.255677775546146790e+00,0.000000000000000000e+00,0.000000000000000000e+00,0.000000000000000000e+00,1.000000000000000056e-01
9.923685264832831088e-01,-1.174508843286785065e-01,-3.754993230098851997e-02,7.920742925817997104e+01,1.160621509427333942e-01,9.925432800839774083e-01,-3.724801039901817074e-02,1.333401968069759569e+01,4.164474473380293251e-02,3.260562728350092226e-02,9.986003145931338087e-01,4.301239040868460428e+00,0.000000000000000000e+00,0.000000000000000000e+00,0.000000000000000000e+00,1.000000000000000056e-01
9.954384543736064517e-01,-8.829272052567214979e-02,-3.614801594086304581e-02,7.969707659730320870e+01,8.699591746825592609e-02,9.955578854506726971e-01,-3.600287573016316967e-02,1.342203431455383900e+01,3.916623415828662802e-02,3.269391715840613832e-02,9.986977089603727986e-01,4.332249275804998412e+00,0.000000000000000000e+00,0.000000000000000000e+00,0.000000000000000000e+00,1.000000000000000056e-01
9.977144007392382274e-01,-5.639035117365940458e-02,-3.723040225479996163e-02,8.016746272429280395e+01,5.496352465367273371e-02,9.977536854010837786e-01,-3.829613852857968043e-02,1.343500779839573944e+01,3.930630375891320388e-02,3.616229477047087221e-02,9.985726327722713735e-01,4.351882048283198579e+00,0.000000000000000000e+00,0.000000000000000000e+00,0.000000000000000000e+00,1.000000000000000056e-01
