1.000000000000000000e+00,-1.593349725743756138e-09,-4.727874573220640660e-11,1.245563719778363109e-16,1.593349725743384734e-09,1.000000000000000000e+00,-7.851650132250723597e-12,3.254727214837495092e-15,4.727874574471682836e-11,7.851650056919146104e-12,1.000000000000000000e+00,1.026492267684104015e-16,0.000000000000000000e+00,0.000000000000000000e+00,0.000000000000000000e+00,1.000000000000000056e-01
9.999819005315910836e-01,-5.942908717254949229e-03,-9.383204172061453650e-04,6.406083270580676947e-01,5.941387060501994270e-03,9.999810436883368459e-01,-1.616225164370769163e-03,7.013286565336687706e-03,9.479077087302626315e-04,1.610620986769071726e-03,9.999982536839815417e-01,8.286183487536118164e-03,0.000000000000000000e+00,0.000000000000000000e+00,0.000000000000000000e+00,1.000000000000000056e-01
9.999345711701390638e-01,-1.135423434540750419e-02,-1.390949754516544127e-03,1.303328228289308832e+00,1.135487169895670230e-02,9.999354295790997549e-01,4.511775277012288312e-04,1.599187885503604994e-02,1.385737164924542505e-03,-4.669420636857625311e-04,9.999989308482378769e-01,1.335995603058517250e-02,0.000000000000000000e+00,0.000000000000000000e+00,0.000000000000000000e+00,1.000000000000000056e-01
9.998119608314548490e-01,-1.927863712269674290e-02,-2.092158945404540022e-03,2.028871037253608733e+00,1.928278376961021362e-02,9.998121087618619951e-01,1.980258380414589518e-03,2.299194918596229528e-02,2.053589164344714248e-03,-2.020228662831123536e-03,9.999958507152386655e-01,1.891676000381609796e-02,0.000000000000000000e+00,0.000000000000000000e+00,0.000000000000000000e+00,1.000000000000000056e-01
9.996270712955017679e-01,-2.726080686791252858e-02,-1.602105517158816357e-03,2.746044485705986471e+00,2.726704224033435833e-02,9.996201487193601132e-01,4.008326552102009499e-03,4.262145457741941396e-02,1.492226739326024806e-03,-4.050516410883570756e-03,9.999906832446808780e-01,2.497350021272600612e-02,0.000000000000000000e+00,0.000000000000000000e+00,0.000000000000000000e+00,1.000000000000000056e-01
9.994317183564557228e-01,-3.365686692310535660e-02,-1.858938402040479550e-03,3.443727515229730862e+00,3.366066226046330462e-02,9.994312177784339113e-01,2.049572175755008142e-03,5.964745732019256091e-02,1.788898892957726562e-03,-2.110980539224497667e-03,9.999961717936293182e-01,3.089948987622655185e-02,0.000000000000000000e+00,0.000000000000000000e+00,0.000000000000000000e+00,1.000000000000000056e-01
9.991139395275097090e-01,-4.204661186200066292e-02,-1.848857145913352772e-03,4.181953423016032012e+00,4.205396538570486953e-02,9.991067769215522532e-01,4.136702160592244278e-03,9.746239190797802154e-02,1.673271393906748412e-03,-4.210788566738630882e-03,9.999897346585556734e-01,4.485227494771774903e-02,0.000000000000000000e+00,0.000000000000000000e+00,0.000000000000000000e+00,1.000000000000000056e-01
9.988686307905073614e-01,-4.747233156818105732e-02,-2.799313876247234815e-03,4.952215118343715972e+00,4.748901513093647248e-02,9.988523348941311664e-01,6.229487814906107569e-03,1.376423301293288881e-01,2.500372890341925024e-03,-6.355376623226758649e-03,9.999766783897443556e-01,5.307770113844876431e-02,0.000000000000000000e+00,0.000000000000000000e+00,0.000000000000000000e+00,1.000000000000000056e-01
9.985101836453963431e-01,-5.454239818978603993e-02,-1.593723986071125158e-03,5.737742621450800939e+00,5.455089068635442240e-02,9.984936368741808010e-01,5.887057592465804942e-03,1.905671264965002609e-01,1.270229019651301092e-03,-5.965226020732442361e-03,9.999814011254205548e-01,5.587911682196421842e-02,0.000000000000000000e+00,0.000000000000000000e+00,0.000000000000000000e+00,1.000000000000000056e-01
9.980440428278583020e-01,-6.248007712265042646e-02,2.080514016222783421e-03,6.546147750109733821e+00,6.246979248302277077e-02,9.980358471330625925e-01,4.687522215209334250e-03,2.403238813961152687e-01,-2.369304318173532254e-03,-4.548384343661464671e-03,9.999868492119834418e-01,5.819533926414863917e-02,0.000000000000000000e+00,0.000000000000000000e+00,0.000000000000000000e+00,1.000000000000000056e-01
9.978423660969530928e-01,-6.554155604329237050e-02,3.862234257299333728e-03,7.370362530517803101e+00,6.551907688999900059e-02,9.978351235570773747e-01,5.684783136975228579e-03,3.083278252500037953e-01,-4.226462529904682908e-03,-5.419467432876237320e-03,9.999763829147303440e-01,6.828301113188058047e-02,0.000000000000000000e+00,0.000000000000000000e+00,0.000000000000000000e+00,1.000000000000000056e-01
9.975057009435586153e-01,-7.050568058184120135e-02,3.365351510793244440e-03,8.187152237087197193e+00,7.048621770022633903e-02,9.974970978039499059e-01,5.588648048816068255e-03,3.693109627379700943e-01,-3.750959799320554948e-03,-5.337497390033565416e-03,9.999787204846887212e-01,7.343392845293215954e-02,0.000000000000000000e+00,0.000000000000000000e+00,0.000000000000000000e+00,1.000000000000000056e-01
9.972169306307011594e-01,-7.446383804105399795e-02,3.678326749890267928e-03,9.019998502232979831e+00,7.444089221462227290e-02,9.972072304045839219e-01,6.024383380063475825e-03,4.438392544209704971e-01,-4.116652739091433179e-03,-5.733799178090764719e-03,9.999750880483028181e-01,7.748186189988626182e-02,0.000000000000000000e+00,0.000000000000000000e+00,0.000000000000000000e+00,1.000000000000000056e-01
9.970137386204865892e-01,-7.709052689916591483e-02,4.544850317549390881e-03,9.800975609420429890e+00,7.707002800254218744e-02,9.970154124343153512e-01,4.525279231089464511e-03,5.275350772808445887e-01,-4.880141974094275026e-03,-4.161493823249253106e-03,9.999794328802326104e-01,8.831511334732185248e-02,0.000000000000000000e+00,0.000000000000000000e+00,0.000000000000000000e+00,1.000000000000000056e-01
9.967606428220211479e-01,-8.027189262579886853e-02,4.964290010003429184e-03,1.057661599428359445e+01,8.024477344465749673e-02,9.967603420824953098e-01,5.440292859994902766e-03,5.640352920435067752e-01,-5.384910012878143561e-03,-5.024311481102269189e-03,9.999728791513767812e-01,9.168524130751616597e-02,0.000000000000000000e+00,0.000000000000000000e+00,0.000000000000000000e+00,1.000000000000000056e-01
9.965279652701457547e-01,-8.305902522150228340e-02,5.763051604571209005e-03,1.137747251043889030e+01,8.303598042578351490e-02,9.965379943742656010e-01,4.129373226649900655e-03,6.458676983830605733e-01,-6.086081602476096919e-03,-3.636495259164487185e-03,9.999748674406562232e-01,1.060054675389117268e-01,0.000000000000000000e+00,0.000000000000000000e+00,0.000000000000000000e+00,1.000000000000000056e-01
9.962370600969930878e-01,-8.653658466605840260e-02,4.810364189372195141e-03,1.223603902501336194e+01,8.650352188015536514e-02,9.962289992790974713e-01,6.702365082373990500e-03,7.272705270314252513e-01,-5.372224085959958866e-03,-6.261031041454131162e-03,9.999659687702717736e-01,9.956647414364706850e-02,0.000000000000000000e+00,0.000000000000000000e+00,0.000000000000000000e+00,1.000000000000000056e-01
9.959783237877714024e-01,-8.955982137464223169e-02,2.493379281879375305e-03,1.311186615548534284e+01,8.954442545838496581e-02,9.959663955431630189e-01,5.721434967519957449e-03,8.298461768975387010e-01,-2.995732669793121222e-03,-5.475156993365540986e-03,9.999805239311759797e-01,9.969016164723493167e-02,0.000000000000000000e+00,0.000000000000000000e+00,0.000000000000000000e+00,1.000000000000000056e-01
9.962628930250199133e-01,-8.637267863000400170e-02,-9.147511057986735302e-05,1.398561447494905607e+01,8.636968185574181445e-02,9.962183162211315501e-01,9.452220991461837002e-03,9.220000529696172897e-01,-7.252844653972937046e-04,-9.424797706664093944e-03,9.999553225772802589e-01,1.082771235012781746e-01,0.000000000000000000e+00,0.000000000000000000e+00,0.000000000000000000e+00,1.000000000000000056e-01
9.947488501334125210e-01,-1.023441382889870716e-01,6.344415956307549159e-04,1.494011136493836212e+01,1.023327759704899947e-01,9.947002327105007868e-01,9.972462476698855383e-03,1.043231319423431502e+00,-1.651702281612135422e-03,-9.855171412022748628e-03,9.999500724916282612e-01,1.099260581210800003e-01,0.000000000000000000e+00,0.000000000000000000e+00,0.000000000000000000e+00,1.000000000000000056e-01
9.940043060549669240e-01,-1.093188402118063507e-01,2.197889653554641574e-03,1.591527695794849251e+01,1.092925645547078994e-01,9.939616784085213430e-01,9.763052205644240714e-03,1.171561912001336747e+00,-3.251903633052241269e-03,-9.464302935804571812e-03,9.999499247925871526e-01,1.174844913186710860e-01,0.000000000000000000e+00,0.000000000000000000e+00,0.000000000000000000e+00,1.000000000000000056e-01
9.937108180603209107e-01,-1.119323110519236664e-01,3.157184261840004051e-03,1.683906023411478614e+01,1.118977119123623076e-01,9.936736320522567834e-01,9.571574209826906945e-03,1.286817891981434592e+00,-4.208579174231696397e-03,-9.158095143186549200e-03,9.999492072873914505e-01,1.244905101050666762e-01,0.000000000000000000e+00,0.000000000000000000e+00,0.000000000000000000e+00,1.000000000000000056e-01
9.933345447668062711e-01,-1.152251694957671518e-01,3.105235513356327092e-03,1.772794677572083089e+01,1.151947629600558048e-01,9.933053269182918754e-01,8.642574982137432235e-03,1.384634947726235410e+00,-4.080289143949358474e-03,-8.227261416598246821e-03,9.999578308159222662e-01,1.342080630219834869e-01,0.000000000000000000e+00,0.000000000000000000e+00,0.000000000000000000e+00,1.000000000000000056e-01
9.929878785945422948e-01,-1.181737289654637285e-01,3.169029300520186717e-03,1.863820301553861825e+01,1.181422593227811763e-01,9.929581191875469504e-01,8.751005750083659315e-03,1.494278782263613214e+00,-4.180852355580353015e-03,-8.315246353920667174e-03,9.999566876378468416e-01,1.400268937977156569e-01,0.000000000000000000e+00,0.000000000000000000e+00,0.000000000000000000e+00,1.000000000000000056e-01
9.924886912044085241e-01,-1.223092471230884243e-01,2.577964224643142059e-03,1.956326196776763737e+01,1.222914831247744888e-01,9.924749452107011205e-01,6.186783021806467608e-03,1.603970507614551178e+00,-3.315265676118905186e-03,-5.825049115604137920e-03,9.999775386558927837e-01,1.506799248141523773e-01,0.000000000000000000e+00,0.000000000000000000e+00,0.000000000000000000e+00,1.000000000000000056e-01
9.922500719406731617e-01,-1.241756110723629541e-01,4.495814557355064765e-03,2.048695715674656270e+01,1.241557731722614938e-01,9.922527505135240178e-01,4.452312471528646794e-03,1.722605248275745238e+00,-5.013852982171476159e-03,-3.859626037769129953e-03,9.999799820822024010e-01,1.641100147373987517e-01,0.000000000000000000e+00,0.000000000000000000e+00,0.000000000000000000e+00,1.000000000000000056e-01
9.924077547816114730e-01,-1.228581284403847812e-01,5.720885023035095739e-03,2.140836778231910742e+01,1.228333043767991378e-01,9.924170845696396182e-01,4.506616266478595013e-03,1.844296211169035082e+00,-6.231178475817159522e-03,-3.769685719339169443e-03,9.999734805905504675e-01,1.655917116348325224e-01,0.000000000000000000e+00,0.000000000000000000e+00,0.000000000000000000e+00,1.000000000000000056e-01
9.923218013145541638e-01,-1.232686609396049515e-01,1.011335087867950774e-02,2.236126396886810497e+01,1.232506395476966610e-01,9.923726992695418581e-01,2.388638852377588002e-03,1.968149068917281364e+00,-1.033065762293607776e-02,-1.123821444913747879e-03,9.999460058115325900e-01,1.702286137054291049e-01,0.000000000000000000e+00,0.000000000000000000e+00,0.000000000000000000e+00,1.000000000000000056e-01
9.925678014393196635e-01,-1.209976466335987294e-01,1.298957486009435364e-02,2.332383287015646545e+01,1.209698270360226730e-01,9.926519212037262507e-01,2.909343126206596821e-03,2.096794241976963402e+00,-1.324615011201291798e-02,-1.316373686314397263e-03,9.999113994087316382e-01,1.696196741367461680e-01,0.000000000000000000e+00,0.000000000000000000e+00,0.000000000000000000e+00,1.000000000000000056e-01
9.928519848588536201e-01,-1.186056657742228931e-01,1.332787335204409056e-02,2.424186023566086945e+01,1.186049950757510213e-01,9.929411581822382704e-01,8.435228488020372071e-04,2.200940377077646115e+00,-1.333384059136278298e-02,7.432590185825254043e-04,9.999108241543920306e-01,1.661501383551639288e-01,0.000000000000000000e+00,0.000000000000000000e+00,0.000000000000000000e+00,1.000000000000000056e-01
9.928771158072159375e-01,-1.185371897650303596e-01,1.199864779687555630e-02,2.519278255368457309e+01,1.185435305671226902e-01,9.929488393417496006e-01,1.838764640519828476e-04,2.312036655031895371e+00,-1.193583960289067852e-02,1.239795338580295010e-03,9.999279967280106929e-01,1.629395909018044875e-01,0.000000000000000000e+00,0.000000000000000000e+00,0.000000000000000000e+00,1.000000000000000056e-01
9.930632979206828193e-01,-1.173231561049611904e-01,7.782246749374926303e-03,2.613225994403525831e+01,1.173275315732134338e-01,9.930932680213770958e-01,-1.065155291256135559e-04,2.433333889202932809e+00,-7.716000118834276389e-03,1.018848463831072441e-03,9.999697121863111438e-01,1.589426097399635751e-01,0.000000000000000000e+00,0.000000000000000000e+00,0.000000000000000000e+00,1.000000000000000056e-01
9.929734203884096333e-01,-1.181409452368765989e-01,6.819344593138570998e-03,2.707153270805269685e+01,1.181535121232177854e-01,9.929942546612312571e-01,-1.468939322913971439e-03,2.547908254216852519e+00,-6.598028121437058899e-03,2.264347217874718588e-03,9.999756690822960703e-01,1.604624501653057200e-01,0.000000000000000000e+00,0.000000000000000000e+00,0.000000000000000000e+00,1.000000000000000056e-01
9.930499174348479396e-01,-1.174404017458323263e-01,7.720979239657944741e-03,2.802420207799120178e+01,1.174648507737878905e-01,9.930731168009790943e-01,-2.791687640244574532e-03,2.661521189032157064e+00,-7.339640000263570989e-03,3.679228854862695054e-03,9.999662959118672534e-01,1.625729797462773241e-01,0.000000000000000000e+00,0.000000000000000000e+00,0.000000000000000000e+00,1.000000000000000056e-01
9.929786556496779104e-01,-1.178131358084576613e-01,1.065150013548733614e-02,2.902979794272189196e+01,1.178792111170336304e-01,9.930109899949405294e-01,-5.802183700471809716e-03,2.781393269447064220e+00,-9.893483238182216796e-03,7.017035003911195612e-03,9.999264373988566712e-01,1.671483317115975697e-01,0.000000000000000000e+00,0.000000000000000000e+00,0.000000000000000000e+00,1.000000000000000056e-01
9.930446022002377138e-01,-1.167770575204921252e-01,1.501788526481778220e-02,2.998317161069648762e+01,1.169135761556050340e-01,9.931052392432829778e-01,-8.555670520140412974e-03,2.890023560102148004e+00,-1.391523451038822155e-02,1.025195710083355062e-02,9.998506206549674369e-01,1.658360880573866714e-01,0.000000000000000000e+00,0.000000000000000000e+00,0.000000000000000000e+00,1.000000000000000056e-01
9.928755792171131134e-01,-1.181041851110992136e-01,1.579511486267972872e-02,3.091044488931565937e+01,1.183499815581289250e-01,9.928485665089451517e-01,-1.565266259532742746e-02,2.978564009122792733e+00,-1.383351218861557375e-02,1.741049799333243761e-02,9.997527236772859593e-01,1.694954278803586789e-01,0.000000000000000000e+00,0.000000000000000000e+00,0.000000000000000000e+00,1.000000000000000056e-01
9.929784522487961063e-01,-1.176705229739104241e-01,1.214254473459793447e-02,3.186092121966964896e+01,1.178858774518065089e-01,9.928476890439553726e-01,-1.887819529231875987e-02,3.081429475177052790e+00,-9.834290366007645071e-03,2.017707568315308536e-02,9.997480544366532662e-01,1.708022916671327329e-01,0.000000000000000000e+00,0.000000000000000000e+00,0.000000000000000000e+00,1.000000000000000056e-01
9.927319972399889503e-01,-1.200415397345832025e-01,8.556307267335120162e-03,3.285889942668533337e+01,1.201822398852871454e-01,9.925803496103737800e-01,-1.845206718780851782e-02,3.198938330573672051e+00,-6.277807902274761681e-03,1.934627368509471076e-02,9.997931340144537993e-01,1.656635882315341257e-01,0.000000000000000000e+00,0.000000000000000000e+00,0.000000000000000000e+00,1.000000000000000056e-01
9.925952084272756659e-01,-1.212742030771989804e-01,6.878944337860589016e-03,3.382735985374385024e+01,1.213820367985196241e-01,9.924358904431246353e-01,-1.836857378799991447e-02,3.321032195857768432e+00,-4.599277101448947906e-03,1.906753860236472947e-02,9.998076193057299221e-01,1.669347594185837114e-01,0.000000000000000000e+00,0.000000000000000000e+00,0.000000000000000000e+00,1.000000000000000056e-01
9.923847918795594136e-01,-1.229091009623213410e-01,8.110348130470115477e-03,3.479173144406986040e+01,1.230420485577616990e-01,9.922256497737245162e-01,-1.867924564375019955e-02,3.441868235134008636e+00,-5.751446154919128209e-03,1.953491314912986568e-02,9.997926325170549688e-01,1.774527235695035898e-01,0.000000000000000000e+00,0.000000000000000000e+00,0.000000000000000000e+00,1.000000000000000056e-01
9.922892337479443103e-01,-1.235660695855703428e-01,9.669696742479142598e-03,3.576765537235202430e+01,1.237242078039343662e-01,9.921542244970380509e-01,-1.795313944606542061e-02,3.577567140197893902e+00,-7.375431594583962795e-03,1.901108255347376541e-02,9.997920692568723622e-01,1.737870025589670075e-01,0.000000000000000000e+00,0.000000000000000000e+00,0.000000000000000000e+00,1.000000000000000056e-01
9.922657091013730168e-01,-1.236173497436228452e-01,1.129218242467485561e-02,3.673853720879338169e+01,1.238081676608776271e-01,9.921403556157796233e-01,-1.813980096501624506e-02,3.694588920651991959e+00,-8.961035766323045826e-03,1.939756688240097671e-02,9.997716910560318082e-01,1.856263008326049513e-01,0.000000000000000000e+00,0.000000000000000000e+00,0.000000000000000000e+00,1.000000000000000056e-01
9.920207793544819630e-01,-1.253191905981517196e-01,1.377947011863090397e-02,3.772620790998594487e+01,1.255451632848883503e-01,9.919425944196523792e-01,-1.697943908908076949e-02,3.835114892722237379e+00,-1.154059377574859387e-02,1.857390222417461961e-02,9.997608838374654194e-01,1.877341636481265619e-01,0.000000000000000000e+00,0.000000000000000000e+00,0.000000000000000000e+00,1.000000000000000056e-01
9.921301073532664550e-01,-1.243920204724456718e-01,1.429948691312585285e-02,3.872864450312756190e+01,1.246167064950340769e-01,9.920748070188749601e-01,-1.607027506897734312e-02,3.976503814342892795e+00,-1.218714673443019661e-02,1.772575869306359728e-02,9.997686086956465434e-01,1.983719953067286101e-01,0.000000000000000000e+00,0.000000000000000000e+00,0.000000000000000000e+00,1.000000000000000056e-01
9.922441284695566743e-01,-1.233286199001768363e-01,1.554480721037078232e-02,3.975527458619230003e+01,1.235210901499871478e-01,9.922682442731902697e-01,-1.209428357361777041e-02,4.120690186284378775e+00,-1.393304725638418694e-02,1.392059339676442013e-02,9.998060248236321224e-01,1.982514278314555789e-01,0.000000000000000000e+00,0.000000000000000000e+00,0.000000000000000000e+00,1.000000000000000056e-01
9.918133407652055533e-01,-1.268341683038972378e-01,1.481184765047805288e-02,4.075561595548446547e+01,1.270542893077464541e-01,9.917822527579404079e-01,-1.500568835102872658e-02,4.242302454671469825e+00,-1.278689362846832309e-02,1.676475067048143267e-02,9.997776945332851328e-01,2.119357748796313334e-01,0.000000000000000000e+00,0.000000000000000000e+00,0.000000000000000000e+00,1.000000000000000056e-01
9.920145725984561569e-01,-1.253379573756402965e-01,1.405290693075991748e-02,4.176251575572582198e+01,1.255253935899600104e-01,9.920004866871493521e-01,-1.335701974784678572e-02,4.363566854632686898e+00,-1.226634894286184746e-02,1.501435490991608404e-02,9.998120352497518182e-01,2.338563423843300626e-01,0.000000000000000000e+00,0.000000000000000000e+00,0.000000000000000000e+00,1.000000000000000056e-01
9.922375254584125948e-01,-1.239436607630528542e-01,1.013222723882682696e-02,4.277212954936453571e+01,1.240602340279666482e-01,9.922042516845275273e-01,-1.182291301130136696e-02,4.472159137808886520e+00,-8.587863825893937708e-03,1.298814443251713330e-02,9.998787710013189445e-01,2.411601193482770522e-01,0.000000000000000000e+00,0.000000000000000000e+00,0.000000000000000000e+00,1.000000000000000056e-01
9.925117744992695279e-01,-1.218133643367798336e-01,9.048853477984933683e-03,4.380742791300345829e+01,1.219180469172343184e-01,9.924665199601286902e-01,-1.209117835938872121e-02,4.605710028255555422e+00,-7.507817006171607459e-03,1.310385543214021356e-02,9.998859543250997461e-01,2.494951498732560224e-01,0.000000000000000000e+00,0.000000000000000000e+00,0.000000000000000000e+00,1.000000000000000056e-01
9.924750635328619675e-01,-1.218981227635318743e-01,1.157997980000288231e-02,4.479343845760671172e+01,1.220559649748234332e-01,9.924234702320009482e-01,-1.407114589283093783e-02,4.728797473744255520e+00,-9.776997468867459559e-03,1.537866702284586967e-02,9.998339396725308692e-01,2.604573968627421077e-01,0.000000000000000000e+00,0.000000000000000000e+00,0.000000000000000000e+00,1.000000000000000056e-01
9.922873063433571561e-01,-1.235088448712572812e-01,1.055778899259451724e-02,4.575214473120625058e+01,1.236404971824198590e-01,9.922433905834392442e-01,-1.288725339102097557e-02,4.850662913597125758e+00,-8.884206567188303663e-03,1.409322823373196538e-02,9.998612162653491842e-01,2.631248834258934632e-01,0.000000000000000000e+00,0.000000000000000000e+00,0.000000000000000000e+00,1.000000000000000056e-01
9.918072674852717041e-01,-1.275739829722752350e-01,6.574422559302884293e-03,4.665722157614357712e+01,1.276535741580556715e-01,9.917257128018558410e-01,-1.358953907697504904e-02,4.971828105144174614e+00,-4.786352272078170551e-03,1.431745215603931129e-02,9.998860442048819186e-01,2.771792421427586861e-01,0.000000000000000000e+00,0.000000000000000000e+00,0.000000000000000000e+00,1.000000000000000056e-01
9.921049489428074297e-01,-1.253009544985422274e-01,5.238423898816521943e-03,4.761170129759325675e+01,1.253595966350624646e-01,9.920263857977978939e-01,-1.298543077656723853e-02,5.094574050633013051e+00,-3.569567856741142492e-03,1.353959684454571037e-02,9.999019639457676911e-01,2.790908706931535810e-01,0.000000000000000000e+00,0.000000000000000000e+00,0.000000000000000000e+00,1.000000000000000056e-01
9.921422500193038951e-01,-1.250168390174416777e-01,4.954360576311661254e-03,4.855118890256514419e+01,1.250680418213623024e-01,9.920767083558615917e-01,-1.190754604311073002e-02,5.222000068884801394e+00,-3.426461965790973674e-03,1.243361169917659402e-02,9.999168288705371221e-01,2.909193984348848461e-01,0.000000000000000000e+00,0.000000000000000000e+00,0.000000000000000000e+00,1.000000000000000056e-01
9.925532215957391102e-01,-1.215518876606432458e-01,7.952415108249538678e-03,4.951023098557450908e+01,1.216550427393728734e-01,9.924720687447508016e-01,-1.411535821706541051e-02,5.353498447169831920e+00,-6.176801437710957750e-03,1.497769567220149332e-02,9.998687492647972963e-01,2.923230278068035815e-01,0.000000000000000000e+00,0.000000000000000000e+00,0.000000000000000000e+00,1.000000000000000056e-01
9.928500829767432645e-01,-1.189299733155202293e-01,1.021636825117971589e-02,5.049575082104242085e+01,1.190901005744264968e-01,9.927407235396037422e-01,-1.683460041809563615e-02,5.481248044928182850e+00,-8.140066231121630136e-03,1.793090274452493679e-02,9.998060922241468473e-01,3.140017264142743736e-01,0.000000000000000000e+00,0.000000000000000000e+00,0.000000000000000000e+00,1.000000000000000056e-01
9.930064626034410535e-01,-1.176379967908226104e-01,9.973311327897612169e-03,5.141224940367761320e+01,1.177909755686601528e-01,9.929019065898414542e-01,-1.646480989386528773e-02,5.608220478924392793e+00,-7.965632579027574420e-03,1.752442870110833620e-02,9.998147043809246792e-01,3.175140760832165787e-01,0.000000000000000000e+00,0.000000000000000000e+00,0.000000000000000000e+00,1.000000000000000056e-01
9.929715743251490423e-01,-1.179224944279563952e-01,1.008652021876657243e-02,5.234716833197509089e+01,1.181021277559572008e-01,9.928080930478866417e-01,-1.959535144197133844e-02,5.728900716987019415e+00,-7.703246182652880199e-03,2.064886647027867200e-02,9.997571126587407875e-01,3.299900438922174217e-01,0.000000000000000000e+00,0.000000000000000000e+00,0.000000000000000000e+00,1.000000000000000056e-01
9.931237777947586887e-01,-1.168587463563666856e-01,7.013941736655176194e-03,5.331214730260175827e+01,1.169894520595643056e-01,9.928746716684851981e-01,-2.265732698268995565e-02,5.850033137536413186e+00,-4.316258271899965117e-03,2.332208736832916407e-02,9.997186855087356605e-01,3.534492434931175153e-01,0.000000000000000000e+00,0.000000000000000000e+00,0.000000000000000000e+00,1.000000000000000056e-01
9.928948704390223590e-01,-1.186769579754839293e-01,8.692289776705422813e-03,5.424581186332188310e+01,1.188678866257950467e-01,9.925592895058698018e-01,-2.639095194797159982e-02,5.971011463768817862e+00,-5.495615069683429735e-03,2.723667493083970631e-02,9.996139063427027516e-01,3.535746841886470149e-01,0.000000000000000000e+00,0.000000000000000000e+00,0.000000000000000000e+00,1.000000000000000056e-01
9.928933675878913734e-01,-1.183095065277428026e-01,1.286939257068425366e-02,5.518253404749946611e+01,1.186282632488277478e-01,9.925512309780694098e-01,-2.773786297618885399e-02,6.081772407171717632e+00,-9.491878557125629085e-03,2.906741386984728476e-02,9.995323855145343828e-01,3.658401156891823991e-01,0.000000000000000000e+00,0.000000000000000000e+00,0.000000000000000000e+00,1.000000000000000056e-01
9.926371341088541245e-01,-1.197686595448018282e-01,1.808281446573415524e-02,5.612156898030343655e+01,1.202125290287069798e-01,9.924112640473262692e-01,-2.586176437349632651e-02,6.203240963610415548e+00,-1.484815990899534394e-02,2.784512852958864748e-02,9.995019664635420575e-01,3.869967043911833326e-01,0.000000000000000000e+00,0.000000000000000000e+00,0.000000000000000000e+00,1.000000000000000056e-01
9.926405007905638733e-01,-1.195905440400277381e-01,1.905093085570366829e-02,5.707255274422849567e+01,1.200140292625749699e-01,9.925081281024820123e-01,-2.289647201358843004e-02,6.328552505012773999e+00,-1.617000217750195340e-02,2.501434441910126150e-02,9.995563083702999618e-01,3.828868048285800074e-01,0.000000000000000000e+00,0.000000000000000000e+00,0.000000000000000000e+00,1.000000000000000056e-01
9.927246571661079155e-01,-1.196381250974005300e-01,1.358212345741083987e-02,5.795277859912781082e+01,1.199481695987367064e-01,9.924670913398895289e-01,-2.493008658733485844e-02,6.434322409778300056e+00,-1.049722174417122567e-02,2.637786250851387876e-02,9.995969271186939675e-01,3.936786445439379167e-01,0.000000000000000000e+00,0.000000000000000000e+00,0.000000000000000000e+00,1.000000000000000056e-01
9.927574408540763562e-01,-1.198662768447402299e-01,8.046073840400456631e-03,5.886393836555907200e+01,1.200306579040348459e-01,9.924640423552856250e-01,-2.465290641953753192e-02,6.540293409388133306e+00,-5.030386862821195106e-03,2.544013182328282163e-02,9.996636908985062631e-01,4.005597130200612699e-01,0.000000000000000000e+00,0.000000000000000000e+00,0.000000000000000000e+00,1.000000000000000056e-01
9.929344522664427242e-01,-1.185713942184737218e-01,4.690199934625612944e-03,5.981611013516751285e+01,1.186515222558701815e-01,9.926291521837854459e-01,-2.468162274373330439e-02,6.667678855651828052e+00,-1.729094764381020532e-03,2.506373292202351138e-02,9.996843599473331787e-01,4.110014964716138808e-01,0.000000000000000000e+00,0.000000000000000000e+00,0.000000000000000000e+00,1.000000000000000056e-01
9.927278317961631959e-01,-1.203680865429626184e-01,1.725027325735936992e-03,6.072792563507011465e+01,1.203769468970320305e-01,9.924877715939495193e-01,-2.184980302486690465e-02,6.785641931411783290e+00,9.179504549855352011e-04,2.189856110483541160e-02,9.997597763405466909e-01,4.152392958004803569e-01,0.000000000000000000e+00,0.000000000000000000e+00,0.000000000000000000e+00,1.000000000000000056e-01
9.924833294374033610e-01,-1.223275965683655736e-01,3.577695718446244864e-03,6.165485757489837226e+01,1.223739520645607953e-01,9.922991928110164173e-01,-1.915535963394881386e-02,6.915528701256229205e+00,-1.206915468113992909e-03,1.944919187042308539e-02,9.998101181177555530e-01,4.360803970994883150e-01,0.000000000000000000e+00,0.000000000000000000e+00,0.000000000000000000e+00,1.000000000000000056e-01
9.922291877435281959e-01,-1.243309668654650618e-01,4.801006989886665716e-03,6.252365879883027588e+01,1.243969888281686170e-01,9.920763917561573608e-01,-1.760176384820296910e-02,7.041279743014198012e+00,-2.574521373538189717e-03,1.806221465884072161e-02,9.998335502679008835e-01,4.493018651228070093e-01,0.000000000000000000e+00,0.000000000000000000e+00,0.000000000000000000e+00,1.000000000000000056e-01
9.921773750814666393e-01,-1.247377350708850641e-01,4.955181715770458871e-03,6.332814735930185890e+01,1.248043185176009595e-01,9.920387785156624672e-01,-1.682093934682490563e-02,7.152065984436513979e+00,-2.817526540748399935e-03,1.730778352470490125e-02,9.998462392656453090e-01,4.625237027652435162e-01,0.000000000000000000e+00,0.000000000000000000e+00,0.000000000000000000e+00,1.000000000000000056e-01
9.919975720921553330e-01,-1.260971470208185063e-01,6.350313100875852601e-03,6.413399109478231708e+01,1.261858865993900902e-01,9.918716620589883570e-01,-1.636239675187615636e-02,7.261033737538757471e+00,-4.235444061126409157e-03,1.703277774028745875e-02,9.998459608840029045e-01,4.715990987742393892e-01,0.000000000000000000e+00,0.000000000000000000e+00,0.000000000000000000e+00,1.000000000000000056e-01
9.921078111276030453e-01,-1.251391982168555128e-01,7.891271712394275564e-03,6.492676600397315667e+01,1.252596850936674999e-01,9.919735454992155699e-01,-1.727704604239164998e-02,7.375156998113590490e+00,-5.665897089740827217e-03,1.812915054155107147e-02,9.998195994832318467e-01,4.920283122468578352e-01,0.000000000000000000e+00,0.000000000000000000e+00,0.000000000000000000e+00,1.000000000000000056e-01
9.921281696360806368e-01,-1.249107174644206314e-01,8.888626276544530497e-03,6.572461381113930656e+01,1.250570837385418799e-01,9.919780459592553168e-01,-1.844673796823953493e-02,7.485694776287016516e+00,-6.513126850577764630e-03,1.941311405677231816e-02,9.997903331105212343e-01,5.025586289573041876e-01,0.000000000000000000e+00,0.000000000000000000e+00,0.000000000000000000e+00,1.000000000000000056e-01
9.920980425832898186e-01,-1.251065393929499947e-01,9.477747808690444378e-03,6.646515401045672888e+01,1.252702122355610348e-01,9.919352869700021058e-01,-1.928108892664326737e-02,7.582468772130900092e+00,-6.989122181102596851e-03,2.031601006250690830e-02,9.997691793140442984e-01,5.122933561215082809e-01,0.000000000000000000e+00,0.000000000000000000e+00,0.000000000000000000e+00,1.000000000000000056e-01
9.918641481763436074e-01,-1.267954850004070766e-01,1.133210244958281730e-02,6.724262936079506403e+01,1.269865679141115866e-01,9.917387749580924838e-01,-1.812770846016598797e-02,7.697851611006010231e+00,-8.939973814896131840e-03,1.941924890755525324e-02,9.997714587044658208e-01,5.171058040197044070e-01,0.000000000000000000e+00,0.000000000000000000e+00,0.000000000000000000e+00,1.000000000000000056e-01
9.920987941946479705e-01,-1.247062694472005212e-01,1.372329836765477651e-02,6.798346391294541036e+01,1.249334009572757448e-01,9.920166040957933973e-01,-1.716690197730986328e-02,7.806819474709635998e+00,-1.147291954011815315e-02,1.874576108916937295e-02,9.997584551072392633e-01,5.277418412744486753e-01,0.000000000000000000e+00,0.000000000000000000e+00,0.000000000000000000e+00,1.000000000000000056e-01
9.918981803387812990e-01,-1.261364721715140802e-01,1.508609388607288354e-02,6.869476689279693460e+01,1.263571012472759492e-01,9.918760227604601631e-01,-1.469144095304514286e-02,7.905707719813506174e+00,-1.311040826977564674e-02,1.647864864046854824e-02,9.997782610829182293e-01,5.441602899592695719e-01,0.000000000000000000e+00,0.000000000000000000e+00,0.000000000000000000e+00,1.000000000000000056e-01
9.915763689865237929e-01,-1.289226300201158359e-01,1.246033451386785798e-02,6.935914735811311971e+01,1.290882092179279628e-01,9.915405770569589716e-01,-1.354689228056959321e-02,8.003862280374846705e+00,-1.060842629279304047e-02,1.504126052727030802e-02,9.998305965379040705e-01,5.517920097275651470e-01,0.000000000000000000e+00,0.000000000000000000e+00,0.000000000000000000e+00,1.000000000000000056e-01
9.918727581081647759e-01,-1.270636093017809554e-01,6.578063096872583185e-03,7.005516654629873585e+01,1.271464411031499875e-01,9.917815722342265827e-01,-1.425115754627706913e-02,8.108086615647286166e+00,-4.713198245913959375e-03,1.497171225377913820e-02,9.998768092092569226e-01,5.565748497643029369e-01,0.000000000000000000e+00,0.000000000000000000e+00,0.000000000000000000e+00,1.000000000000000056e-01
9.921358615095932088e-01,-1.251583999063118624e-01,1.344336084834466937e-03,7.080809292317395887e+01,1.251634857039707616e-01,9.919990070557391793e-01,-1.649460053652062122e-02,8.208689194232547948e+00,7.308577489397237274e-04,1.653314650389299881e-02,9.998630510793123927e-01,5.707985038817521284e-01,0.000000000000000000e+00,0.000000000000000000e+00,0.000000000000000000e+00,1.000000000000000056e-01
9.920663194785082073e-01,-1.257011408242054706e-01,1.908127841565655401e-03,7.152755444868832058e+01,1.257156160786989108e-01,9.919568627039853093e-01,-1.473656705003017868e-02,8.315839522363905445e+00,-4.037721733640524391e-05,1.485953330223104170e-02,9.998895902247008083e-01,5.828422055346080821e-01,0.000000000000000000e+00,0.000000000000000000e+00,0.000000000000000000e+00,1.000000000000000056e-01
9.923061993626473010e-01,-1.237132519780370782e-01,4.841279941991130480e-03,7.219888282543537628e+01,1.237656135139014041e-01,9.922306937528705406e-01,-1.266188320215085213e-02,8.417983009842972209e+00,-3.237223808389553224e-03,1.316364917931313501e-02,9.999081151397354317e-01,5.934781651094810373e-01,0.000000000000000000e+00,0.000000000000000000e+00,0.000000000000000000e+00,1.000000000000000056e-01
9.922543351083350505e-01,-1.240198192519549325e-01,7.100626129317838195e-03,7.282158463072963173e+01,1.241049352816503692e-01,9.921818160158508704e-01,-1.316088926423856359e-02,8.503583644031259325e+00,-5.412901020090314305e-03,1.394017217255964780e-02,9.998881797992944520e-01,6.068674401803395568e-01,0.000000000000000000e+00,0.000000000000000000e+00,0.000000000000000000e+00,1.000000000000000056e-01
9.923229241941046164e-01,-1.236037485209892789e-01,4.162627826440367003e-03,7.340030040794654553e+01,1.236556640270365520e-01,9.921918079639620025e-01,-1.626938730367378030e-02,8.557442486062834419e+00,-2.119167972123095489e-03,1.665921849200390978e-02,9.998589798398279660e-01,6.169786498632408023e-01,0.000000000000000000e+00,0.000000000000000000e+00,0.000000000000000000e+00,1.000000000000000056e-01
9.923994286983109925e-01,-1.230568810977394761e-01,6.147631761313945668e-04,7.404571257218987057e+01,1.230374399694801751e-01,9.921256439258810955e-01,-2.341997076028194333e-02,8.619970265082605110e+00,2.272066245179270218e-03,2.331760449001366378e-02,9.997255258498828345e-01,6.376901253525428803e-01,0.000000000000000000e+00,0.000000000000000000e+00,0.000000000000000000e+00,1.000000000000000056e-01
9.927069048047882927e-01,-1.204949553081828273e-01,-3.737231351677247366e-03,7.466674893422312209e+01,1.203548793785945981e-01,9.923760716404830262e-01,-2.654120278297269347e-02,8.691698905829097654e+00,6.906820010748831659e-03,2.589784123594003618e-02,9.996407342924042982e-01,6.467576217846999764e-01,0.000000000000000000e+00,0.000000000000000000e+00,0.000000000000000000e+00,1.000000000000000056e-01
9.932122863656163148e-01,-1.162249362683203946e-01,-4.595476233197886597e-03,7.525860032532666821e+01,1.160845638049254336e-01,9.929539993170417578e-01,-2.380607667198320412e-02,8.758163631591376230e+00,7.329956248520252439e-03,2.311102398676892142e-02,9.997060329475249141e-01,6.585849589393342196e-01,0.000000000000000000e+00,0.000000000000000000e+00,0.000000000000000000e+00,1.000000000000000056e-01
9.938812117259401280e-01,-1.104341200012672608e-01,-2.107633204016831456e-03,7.583601424873462804e+01,1.103694702205685885e-01,9.936851070718824008e-01,-2.021108672913665000e-02,8.840716644630088439e+00,4.326317303203217404e-03,1.985480100850578467e-02,9.997935136094375785e-01,6.650001465483500462e-01,0.000000000000000000e+00,0.000000000000000000e+00,0.000000000000000000e+00,1.000000000000000056e-01
9.947103977284217358e-01,-1.027048774230485406e-01,1.712543278741246195e-03,7.638807487119001394e+01,1.027180716653288972e-01,9.944851179614352388e-01,-2.117422741415908582e-02,8.878187003318076975e+00,4.715976265259112614e-04,2.123813331596595411e-02,9.997743341819352869e-01,6.784647685806840522e-01,0.000000000000000000e+00,0.000000000000000000e+00,0.000000000000000000e+00,1.000000000000000056e-01
9.956108392906237725e-01,-9.337636341642767401e-02,6.317550327691530063e-03,7.696648128263468891e+01,9.350354543809775987e-02,9.953220883881094272e-01,-2.431105421897875041e-02,8.931337151147651809e+00,-4.017919551867081551e-03,2.479506244912006718e-02,9.996844808241343028e-01,6.909903983379520609e-01,0.000000000000000000e+00,0.000000000000000000e+00,0.000000000000000000e+00,1.000000000000000056e-01
9.965469648404153835e-01,-8.244966586452395774e-02,9.808132655313224479e-03,7.749975448121440991e+01,8.268741094547502057e-02,9.962100317795825610e-01,-2.698823174750771339e-02,8.973568466316500292e+00,-7.545789454391601397e-03,2.770604952986617173e-02,9.995876329171737851e-01,7.070186059242864474e-01,0.000000000000000000e+00,0.000000000000000000e+00,0.000000000000000000e+00,1.000000000000000056e-01
9.975168272527863422e-01,-6.976889193961868796e-02,9.616707599411657842e-03,7.798357105186428839e+01,6.998515369117017104e-02,9.972504333064933224e-01,-2.436496527464169018e-02,9.012641039272750731e+00,-7.890349191136087487e-03,2.497748961623276129e-02,9.996568748336165378e-01,7.176887918833441127e-01,0.000000000000000000e+00,0.000000000000000000e+00,0.000000000000000000e+00,1.000000000000000056e-01
9.985894955084629876e-01,-5.233015522140366943e-02,8.976319661043327680e-03,7.847677392847214151e+01,5.250949729777742297e-02,9.983981940110627784e-01,-2.106653481194863120e-02,9.053500650929906968e+00,-7.859526301765278056e-03,2.150816240296079401e-02,9.997377790182582213e-01,7.195523695131951225e-01,0.000000000000000000e+00,0.000000000000000000e+00,0.000000000000000000e+00,1.000000000000000056e-01
9.994308268413359952e-01,-3.213657328293868104e-02,1.025977664834296608e-02,7.896254379101280563e+01,3.229891157083106951e-02,9.993490572967538288e-01,-1.606990950282570149e-02,9.067025914530717046e+00,-9.736666297209041823e-03,1.639214256037583792e-02,9.998182309758595343e-01,7.240240029779665409e-01,0.000000000000000000e+00,0.000000000000000000e+00,0.000000000000000000e+00,1.000000000000000056e-01
9.998912520924333469e-01,-1.000957376223437188e-02,1.083016260840007419e-02,7.943932051158627416e+01,1.018474651136070351e-02,9.998162153733142210e-01,-1.624211855275987937e-02,9.073468438280377413e+00,-1.066559550729933789e-02,1.635065471719619051e-02,9.998094324233962604e-01,7.302998426744474747e-01,0.000000000000000000e+00,0.000000000000000000e+00,0.000000000000000000e+00,1.000000000000000056e-01
9.997832384427014496e-01,1.679077446373617583e-02,1.231040299634007969e-02,7.992795626777790119e+01,-1.656073602472319523e-02,9.996906572391931478e-01,-1.855618093761217391e-02,9.078502206427643273e+00,-1.261816751132227403e-02,1.834828933655427430e-02,9.997520303190577939e-01,7.400222403907940061e-01,0.000000000000000000e+00,0.000000000000000000e+00,0.000000000000000000e+00,1.000000000000000056e-01
9.988351313453727176e-01,4.603337636282569395e-02,1.446750327148450810e-02,8.040725458239550960e+01,-4.574895514547980963e-02,9.987643554625046383e-01,-1.941121739264630233e-02,9.058994550739139839e+00,-1.534319045599221581e-02,1.872673271572322315e-02,9.997069050418853076e-01,7.397496282033927395e-01,0.000000000000000000e+00,0.000000000000000000e+00,0.000000000000000000e+00,1.000000000000000056e-01
9.967429838527919195e-01,7.894954316256248827e-02,1.644365454075142827e-02,8.088138376254889295e+01,-7.860470551799771111e-02,9.966918237248978407e-01,-2.065693080702169990e-02,9.008728803897835036e+00,-1.802011128327876341e-02,1.929710222701601710e-02,9.996513879523092339e-01,7.375847548941041332e-01,0.000000000000000000e+00,0.000000000000000000e+00,0.000000000000000000e+00,1.000000000000000056e-01
