1.000000000000000000e+00,-1.045763336712344032e-13,4.194992616936352766e-14,6.226145602193910677e-21,1.045763336712347819e-13,1.000000000000000000e+00,-9.055645656549706529e-15,2.445306047785516035e-20,-4.194992616936258103e-14,9.055645656554092596e-15,1.000000000000000000e+00,-1.311904081093028185e-20,0.000000000000000000e+00,0.000000000000000000e+00,0.000000000000000000e+00,1.000000000000000056e-01
9.999970979295119689e-01,-2.266488599900689550e-03,-8.167998411252814020e-04,6.462950337510162679e-01,2.265297113151228288e-03,9.999963732055197063e-01,-1.456710264997903344e-03,1.709475441180072566e-02,8.200984959691021668e-04,1.454855743199910158e-03,9.999986054156392301e-01,6.593483994783693597e-03,0.000000000000000000e+00,0.000000000000000000e+00,0.000000000000000000e+00,1.000000000000000056e-01
9.999758304619077443e-01,-6.895628475301343423e-03,-8.881441034993784464e-04,1.299010191290020266e+00,6.894959050525101447e-03,9.999759447671665580e-01,-7.546036735609055763e-04,1.889583682632978157e-02,8.933262055651527414e-04,7.484617179140792744e-04,9.999993208864430549e-01,1.042917050778656429e-02,0.000000000000000000e+00,0.000000000000000000e+00,0.000000000000000000e+00,1.000000000000000056e-01
9.999237797024583818e-01,-1.193638582757535101e-02,-3.155547325716032570e-03,2.001015354363540499e+00,1.193593673080446498e-02,9.999287511900566416e-01,-1.611144065449626956e-04,2.351827879784517544e-02,3.157245620443256597e-03,1.234377131261518300e-04,9.999950082691528852e-01,1.659118493238797773e-02,0.000000000000000000e+00,0.000000000000000000e+00,0.000000000000000000e+00,1.000000000000000056e-01
9.998456291234085747e-01,-1.707138330691152645e-02,-4.157618886321913509e-03,2.705494402704739176e+00,1.706790095275492053e-02,9.998539528424096323e-01,-8.716320757699829586e-04,3.301893602620401685e-02,4.171891643169290884e-03,8.005356938113354290e-04,9.999909771906547729e-01,1.898336064786274383e-02,0.000000000000000000e+00,0.000000000000000000e+00,0.000000000000000000e+00,1.000000000000000056e-01
9.997468972011769317e-01,-2.212935583592879826e-02,-4.053781802972090953e-03,3.417110376269334004e+00,2.212818830146975543e-02,9.997550863244700770e-01,-3.326422194579416376e-04,3.937005607145908220e-02,4.060150134411365935e-03,2.428551797119521253e-04,9.999917280669113895e-01,3.633482172887115419e-02,0.000000000000000000e+00,0.000000000000000000e+00,0.000000000000000000e+00,1.000000000000000056e-01
9.996154041361107190e-01,-2.738620160469461620e-02,-4.363459117160272890e-03,4.159164069432204514e+00,2.739227639784986776e-02,9.996238649883878447e-01,1.338558710393202488e-03,6.777602383932508634e-02,4.325159828712022911e-03,-1.457568984437584416e-03,9.999895841883112979e-01,4.717200616366182958e-02,0.000000000000000000e+00,0.000000000000000000e+00,0.000000000000000000e+00,1.000000000000000056e-01
9.994664662742931416e-01,-3.231966565648580064e-02,-4.714022171156019916e-03,4.927043499070912880e+00,3.233572402110038851e-02,9.994713788968521140e-01,3.371011429287001926e-03,1.001081277156747329e-01,4.602580277236891643e-03,-3.521644200955583760e-03,9.999832069974542437e-01,5.711970945864610488e-02,0.000000000000000000e+00,0.000000000000000000e+00,0.000000000000000000e+00,1.000000000000000056e-01
9.993097692076576832e-01,-3.688032951093022510e-02,-4.452691467312336338e-03,5.697602322646546646e+00,3.689771366335315578e-02,9.993114869129078315e-01,3.887267720450476860e-03,1.416074795302237621e-01,4.306262016536891585e-03,-4.048878743363890087e-03,9.999825311916036297e-01,6.517076975917457382e-02,0.000000000000000000e+00,0.000000000000000000e+00,0.000000000000000000e+00,1.000000000000000056e-01
9.991994754777399068e-01,-3.995783725145488074e-02,-1.944080038403669291e-03,6.491116761708489946e+00,3.996596200808129329e-02,9.991916287165274468e-01,4.337163079917196774e-03,1.838508930611830738e-01,1.769204843447501211e-03,-4.411388103470192078e-03,9.999887047208195767e-01,7.641342378541564340e-02,0.000000000000000000e+00,0.000000000000000000e+00,0.000000000000000000e+00,1.000000000000000056e-01
9.990592635072067518e-01,-4.336498599548419680e-02,-2.568852839262556528e-04,7.288510169746565737e+00,4.336546582840835468e-02,9.990565865355705011e-01,2.318032221343519286e-03,2.203257682264719852e-01,1.561215000749430486e-04,-2.326991513843355494e-03,9.999972803645876818e-01,8.320142277834699507e-02,0.000000000000000000e+00,0.000000000000000000e+00,0.000000000000000000e+00,1.000000000000000056e-01
9.989371465351507551e-01,-4.609053003936638970e-02,4.902171977779337187e-04,8.096948877924139865e+00,4.608904839297639500e-02,9.989336994721493834e-01,2.695120983444670385e-03,2.712312349820852342e-01,-6.139140335683649025e-04,-2.669662820617771815e-03,9.999962479979530583e-01,9.759250718347080300e-02,0.000000000000000000e+00,0.000000000000000000e+00,0.000000000000000000e+00,1.000000000000000056e-01
9.988151633902991877e-01,-4.866454470132692417e-02,-1.773996125035543728e-04,8.927478377218278638e+00,4.866478249629211522e-02,9.988136063454878810e-01,1.765990857684737519e-03,3.059543579759438359e-01,9.124800569303368196e-05,-1.772531560621567548e-03,9.999984249015935189e-01,1.009916571904421467e-01,0.000000000000000000e+00,0.000000000000000000e+00,0.000000000000000000e+00,1.000000000000000056e-01
9.987078711167413081e-01,-5.080949273182459869e-02,-9.917750758869914307e-04,9.700704788413128554e+00,5.081158517321436585e-02,9.987058054909856430e-01,2.212891951005150314e-03,3.768607171732445416e-01,8.780556085286918278e-04,-2.260426273140828807e-03,9.999970597413834206e-01,1.185623333848823818e-01,0.000000000000000000e+00,0.000000000000000000e+00,0.000000000000000000e+00,1.000000000000000056e-01
9.985770935610452925e-01,-5.331352125054386604e-02,-1.206924622042087171e-03,1.050317291775816386e+01,5.331391061544699106e-02,9.985777592331295249e-01,2.927453330824534000e-04,4.394111662979877098e-01,1.189600800105790291e-03,-3.566746552821703975e-04,9.999992288162660170e-01,1.270780174763109782e-01,0.000000000000000000e+00,0.000000000000000000e+00,0.000000000000000000e+00,1.000000000000000056e-01
9.984431196509777617e-01,-5.576912761292504572e-02,-1.068282227051319845e-03,1.131010712691190534e+01,5.576895823881636294e-02,9.984436829697908022e-01,-1.877090221666179485e-04,4.967644810978982806e-01,1.077088009639597631e-03,1.278397947709777698e-04,9.999994117690301776e-01,1.503502711192638563e-01,0.000000000000000000e+00,0.000000000000000000e+00,0.000000000000000000e+00,1.000000000000000056e-01
9.982861348799338952e-01,-5.848507873276800190e-02,-2.070862647413807163e-03,1.216418243645164843e+01,5.848566368550869171e-02,9.982882236192623937e-01,2.229940875525125623e-04,5.461656651744627444e-01,2.054275966878762322e-03,-3.437276820994014269e-04,9.999978308984137643e-01,1.549263965850491975e-01,0.000000000000000000e+00,0.000000000000000000e+00,0.000000000000000000e+00,1.000000000000000056e-01
9.981981178056247295e-01,-5.989037017774218041e-02,-3.696101903510272488e-03,1.304150611095290557e+01,5.990332272915170619e-02,9.981980503935055093e-01,3.499159415020077282e-03,6.073781229202376286e-01,3.479875761463194477e-03,-3.714263127140679695e-03,9.999870472731670068e-01,1.697356069871211182e-01,0.000000000000000000e+00,0.000000000000000000e+00,0.000000000000000000e+00,1.000000000000000056e-01
9.983669055714098350e-01,-5.697606786322145095e-02,-4.153257831293064375e-03,1.392821238762949676e+01,5.700546339855080274e-02,9.983468777873943933e-01,7.340896054146455948e-03,6.695227342466081311e-01,3.728136596759572697e-03,-7.565666064986091566e-03,9.999644302146496466e-01,1.875832666418394412e-01,0.000000000000000000e+00,0.000000000000000000e+00,0.000000000000000000e+00,1.000000000000000056e-01
9.975289497085094714e-01,-7.011957786615868882e-02,-4.386261883399199084e-03,1.488594229587478246e+01,7.014123116351742016e-02,9.975245675857290495e-01,4.994472321505691662e-03,7.611622651227165637e-01,4.025193697707359596e-03,-5.289788537927022499e-03,9.999779077324257859e-01,1.915902092425634806e-01,0.000000000000000000e+00,0.000000000000000000e+00,0.000000000000000000e+00,1.000000000000000056e-01
9.972744723421514967e-01,-7.371046405277066615e-02,-3.224019821372967314e-03,1.582627549338960371e+01,7.371388218119782898e-02,9.972789743684326025e-01,9.543879838538752228e-04,8.417295517432612506e-01,3.144898799626072525e-03,-1.189441790270096607e-03,9.999943474039079128e-01,1.890877244235155130e-01,0.000000000000000000e+00,0.000000000000000000e+00,0.000000000000000000e+00,1.000000000000000056e-01
9.970695799667438353e-01,-7.648641157868713014e-02,-1.442757345036886239e-03,1.673085159790321441e+01,7.648950813210175781e-02,9.970678939042629807e-01,2.229370096361447083e-03,9.258584813986616702e-01,1.268010508679315437e-03,-2.333192905245375613e-03,9.999964741738927021e-01,2.048248669678277289e-01,0.000000000000000000e+00,0.000000000000000000e+00,0.000000000000000000e+00,1.000000000000000056e-01
9.970262681488286649e-01,-7.705434554993038920e-02,-1.117341976305772115e-03,1.760297608710332895e+01,7.705622160928783659e-02,9.970252198493866347e-01,1.746337763009869412e-03,1.001525377596815813e+00,9.794552161353556590e-04,-1.827242773720680596e-03,9.999978509233534707e-01,2.213468438497468715e-01,0.000000000000000000e+00,0.000000000000000000e+00,0.000000000000000000e+00,1.000000000000000056e-01
9.969716849689289617e-01,-7.774255181671613224e-02,-1.885472683396461398e-03,1.850193239690418778e+01,7.774425049664535070e-02,9.969729773855749988e-01,8.449128100398883194e-04,1.074987958106919494e+00,1.814079637029806635e-03,-9.889388084798565997e-04,9.999978655552739237e-01,2.241819916084397402e-01,0.000000000000000000e+00,0.000000000000000000e+00,0.000000000000000000e+00,1.000000000000000056e-01
9.968034289311933360e-01,-7.989213549930156144e-02,-4.132267858451863321e-04,1.941986043095761261e+01,7.989214386042552130e-02,9.968035139060232863e-01,3.740261941168125355e-06,1.150977405032916678e+00,4.116070946567667774e-04,-3.674187974978211023e-05,9.999999146148133011e-01,2.341747869116051206e-01,0.000000000000000000e+00,0.000000000000000000e+00,0.000000000000000000e+00,1.000000000000000056e-01
9.966382789734439251e-01,-8.192080411586806499e-02,1.059593252732901831e-03,2.034523875763787260e+01,8.192317069527886575e-02,9.966356958084034989e-01,-2.425684178046796924e-03,1.214465191208579542e+00,-8.573144603146131120e-04,2.504334943452876140e-03,9.999964966530668908e-01,2.501929795009013580e-01,0.000000000000000000e+00,0.000000000000000000e+00,0.000000000000000000e+00,1.000000000000000056e-01
9.966627922962261188e-01,-8.152726341197898130e-02,4.072317871110112640e-03,2.127860489039540326e+01,8.153415669504483765e-02,9.966693332207720024e-01,-1.556119947081227584e-03,1.304091294436496185e+00,-3.931888136436022772e-03,1.882959855020955101e-03,9.999904973137829778e-01,2.525135532790201420e-01,0.000000000000000000e+00,0.000000000000000000e+00,0.000000000000000000e+00,1.000000000000000056e-01
9.967815799680946887e-01,-7.981854645779634660e-02,7.448588971969907248e-03,2.224176781944488823e+01,7.983301535631368018e-02,9.968068600621297071e-01,-1.665350472552773724e-03,1.394256561842494024e+00,-7.291878730980762800e-03,2.254633993013909193e-03,9.999708721408490097e-01,2.641836225887241874e-01,0.000000000000000000e+00,0.000000000000000000e+00,0.000000000000000000e+00,1.000000000000000056e-01
9.969405496154879476e-01,-7.754416041510563129e-02,9.820576250154908204e-03,2.321438619877152121e+01,7.755594449558546322e-02,9.969876609316908889e-01,-8.242714076106560667e-04,1.471442082058052270e+00,-9.727075910385914181e-03,1.583393656707378144e-03,9.999514372502104065e-01,2.668891839249579179e-01,0.000000000000000000e+00,0.000000000000000000e+00,0.000000000000000000e+00,1.000000000000000056e-01
9.970943573822560468e-01,-7.545648721139937287e-02,1.044801484406274877e-02,2.413416842378331495e+01,7.547950316080208333e-02,9.971456819067660016e-01,-1.825830575151690888e-03,1.557093350078189165e+00,-1.028042212481084655e-02,2.609136333466291653e-03,9.999437510822941633e-01,2.643433673824847063e-01,0.000000000000000000e+00,0.000000000000000000e+00,0.000000000000000000e+00,1.000000000000000056e-01
9.971769448462193264e-01,-7.462855061657193423e-02,8.289758743767056126e-03,2.507453525382575421e+01,7.464948158233332409e-02,9.972073091421131963e-01,-2.244436017097982579e-03,1.633391664068774007e+00,-8.099109003401595147e-03,2.856926043097408538e-03,9.999631205234197351e-01,2.712726292699323416e-01,0.000000000000000000e+00,0.000000000000000000e+00,0.000000000000000000e+00,1.000000000000000056e-01
9.973967055017870509e-01,-7.193031163116742066e-02,5.083514810119731629e-03,2.600546201837241966e+01,7.195071000928821014e-02,9.974003657253185384e-01,-3.950415188327257958e-03,1.708064325878720480e+00,-4.786144935214617542e-03,4.305893594132674355e-03,9.999792758337620047e-01,2.724632273343923217e-01,0.000000000000000000e+00,0.000000000000000000e+00,0.000000000000000000e+00,1.000000000000000056e-01
9.974646296705178550e-01,-7.109956424885918724e-02,3.027295803036803012e-03,2.695864095045323694e+01,7.111174293562999571e-02,9.974598232962168520e-01,-4.125642560466784639e-03,1.778923289779402062e+00,-2.726274548466732853e-03,4.330458809664592887e-03,9.999869071910812979e-01,2.798488144838182090e-01,0.000000000000000000e+00,0.000000000000000000e+00,0.000000000000000000e+00,1.000000000000000056e-01
9.973796209507042043e-01,-7.219635371548012437e-02,4.645236529925607372e-03,2.792729035019745254e+01,7.222190584572128758e-02,9.973729209039227106e-01,-5.590435008952942923e-03,1.849836000807276282e+00,-4.229424102811735545e-03,5.911273785474425828e-03,9.999735840580948887e-01,2.874415199970459245e-01,0.000000000000000000e+00,0.000000000000000000e+00,0.000000000000000000e+00,1.000000000000000056e-01
9.975232875628909923e-01,-6.988259766855584032e-02,7.982061940168708875e-03,2.892192955872605964e+01,6.995775373455634383e-02,9.975041460101059521e-01,-9.559884155387939758e-03,1.919498787477255553e+00,-7.294070340838779663e-03,1.009461419490726569e-02,9.999224446436427716e-01,2.928174162097740285e-01,0.000000000000000000e+00,0.000000000000000000e+00,0.000000000000000000e+00,1.000000000000000056e-01
9.973756100091447641e-01,-7.135331553645625491e-02,1.227179370920737818e-02,2.986652819980915297e+01,7.149993611088857615e-02,9.973689561245574486e-01,-1.195510330985744864e-02,1.973250680066720664e+00,-1.138646982278888366e-02,1.280116092256575015e-02,9.998532285210711690e-01,2.985428197701739395e-01,0.000000000000000000e+00,0.000000000000000000e+00,0.000000000000000000e+00,1.000000000000000056e-01
9.974129659629347167e-01,-7.082558881841968801e-02,1.229273352618789200e-02,3.077262650645854691e+01,7.105975206167119973e-02,9.972757145823949454e-01,-1.979042043786257213e-02,2.019393157772360503e+00,-1.085757643102428990e-02,2.061274054311309015e-02,9.997285771454904602e-01,3.131680925640765167e-01,0.000000000000000000e+00,0.000000000000000000e+00,0.000000000000000000e+00,1.000000000000000056e-01
9.973904461712758129e-01,-7.158072767859605112e-02,9.407300955426670455e-03,3.171193991262735068e+01,7.177432420794180312e-02,9.971745034043750788e-01,-2.216881017852009514e-02,2.083980851806190859e+00,-7.793861094255958091e-03,2.278616214373695506e-02,9.997099812165539667e-01,3.091388016684274431e-01,0.000000000000000000e+00,0.000000000000000000e+00,0.000000000000000000e+00,1.000000000000000056e-01
9.974371793632660355e-01,-7.118658480805686861e-02,7.179370948578111915e-03,3.269091511260837279e+01,7.133513873948715833e-02,9.971836651551289066e-01,-2.315244973651628055e-02,2.166203874998204881e+00,-5.511007609328585043e-03,2.360525558321965520e-02,9.997061671831282137e-01,3.079786788615354598e-01,0.000000000000000000e+00,0.000000000000000000e+00,0.000000000000000000e+00,1.000000000000000056e-01
9.973975409595163821e-01,-7.185631246359074076e-02,5.900478543707583963e-03,3.365758672676697927e+01,7.197396172611526810e-02,9.971410411474219693e-01,-2.301071256790980513e-02,2.244795535976443990e+00,-4.230144366051002795e-03,2.337550894783005373e-02,9.997178059132848515e-01,3.064348247168952044e-01,0.000000000000000000e+00,0.000000000000000000e+00,0.000000000000000000e+00,1.000000000000000056e-01
9.975081884706601398e-01,-7.014199262691828141e-02,7.583851548338371197e-03,3.461264665737188295e+01,7.030540740777854736e-02,9.972366187582416552e-01,-2.400574716303685921e-02,2.301469684528048454e+00,-5.879083534716017349e-03,2.447911513831162525e-02,9.996830544221688708e-01,3.189746719301149169e-01,0.000000000000000000e+00,0.000000000000000000e+00,0.000000000000000000e+00,1.000000000000000056e-01
9.973393408857500475e-01,-7.223837742056915534e-02,9.790605150909370905e-03,3.559075866898983520e+01,7.244156871085555283e-02,9.971235329660664837e-01,-2.229078571921931998e-02,2.388517470624684780e+00,-8.152192606164522168e-03,2.294072433279214715e-02,9.997035885315200821e-01,3.145320950633090362e-01,0.000000000000000000e+00,0.000000000000000000e+00,0.000000000000000000e+00,1.000000000000000056e-01
9.973411109924616991e-01,-7.197349930300114829e-02,1.142469791299221236e-02,3.657196822559710370e+01,7.219935725426593343e-02,9.971739396448573434e-01,-2.076985568619045888e-02,2.466486940551550155e+00,-9.897531833397360881e-03,2.153948679136047720e-02,9.997190052071490696e-01,3.234596060358237990e-01,0.000000000000000000e+00,0.000000000000000000e+00,0.000000000000000000e+00,1.000000000000000056e-01
9.973895001192488730e-01,-7.108729257438617388e-02,1.267997974440345475e-02,3.757158843663059855e+01,7.133140595681794482e-02,9.972527788840784835e-01,-1.996811288547030092e-02,2.544159280662320999e+00,-1.122566595345237360e-02,2.082046691183622386e-02,9.997202071487174546e-01,3.191548150718644949e-01,0.000000000000000000e+00,0.000000000000000000e+00,0.000000000000000000e+00,1.000000000000000056e-01
9.972858956078600734e-01,-7.196018089472849821e-02,1.557481259040889576e-02,3.856317297910027264e+01,7.225590513544191684e-02,9.971986188039032584e-01,-1.933904932114287323e-02,2.612729697217917924e+00,-1.413954011580387596e-02,2.041193330347541857e-02,9.996916656570304927e-01,3.361153637682918749e-01,0.000000000000000000e+00,0.000000000000000000e+00,0.000000000000000000e+00,1.000000000000000056e-01
9.974465336582689634e-01,-6.941066851568869489e-02,1.680986583256856987e-02,3.957614465897630396e+01,6.971276900714529212e-02,9.974027706634722712e-01,-1.810643283988857058e-02,2.692373090116406242e+00,-1.550942714803404260e-02,1.923206096689005981e-02,9.996947461602995189e-01,3.325042234891367743e-01,0.000000000000000000e+00,0.000000000000000000e+00,0.000000000000000000e+00,1.000000000000000056e-01
9.974079875852075450e-01,-7.025334287315188053e-02,1.554908731642703698e-02,4.058575386869706136e+01,7.056380043728430196e-02,9.972984534623892117e-01,-2.040942893306212091e-02,2.774098298482809977e+00,-1.407325012474469617e-02,2.145373013426706693e-02,9.996707863563145668e-01,3.458310905697337123e-01,0.000000000000000000e+00,0.000000000000000000e+00,0.000000000000000000e+00,1.000000000000000056e-01
9.974612541625808015e-01,-6.993420152989852923e-02,1.342586685420935587e-02,4.159355078086451840e+01,7.015872552229777959e-02,9.973900949019617324e-01,-1.705144640617621554e-02,2.846916211629498150e+00,-1.219834732651517949e-02,1.795009882511394705e-02,9.997644694000034082e-01,3.612173725522981882e-01,0.000000000000000000e+00,0.000000000000000000e+00,0.000000000000000000e+00,1.000000000000000056e-01
9.975963768702624801e-01,-6.839373494894576688e-02,1.112501123858190138e-02,4.262631114567025037e+01,6.855549961332563225e-02,9.975364145261467197e-01,-1.487431232316197352e-02,2.920322588264572250e+00,-1.008029404791989728e-02,1.560124078568792677e-02,9.998274795972825757e-01,3.696455618079035332e-01,0.000000000000000000e+00,0.000000000000000000e+00,0.000000000000000000e+00,1.000000000000000056e-01
9.975794636247132807e-01,-6.864019988748164269e-02,1.112370053696003225e-02,4.367522127047324432e+01,6.883638368580836941e-02,9.974594763668194197e-01,-1.833426538181087695e-02,2.989912023953190889e+00,-9.836972872259829720e-03,1.905560194370825577e-02,9.997700325571242663e-01,3.785997911125385529e-01,0.000000000000000000e+00,0.000000000000000000e+00,0.000000000000000000e+00,1.000000000000000056e-01
9.975839320567162494e-01,-6.829627142814868879e-02,1.272469297364620631e-02,4.468835634859639327e+01,6.854592218956372107e-02,9.974405651349156354e-01,-2.034147424653272654e-02,3.075371789712494586e+00,-1.130287810441206638e-02,2.116455367714418709e-02,9.997121118673135687e-01,3.869295718102198633e-01,0.000000000000000000e+00,0.000000000000000000e+00,0.000000000000000000e+00,1.000000000000000056e-01
9.975776204144030102e-01,-6.827795327111058077e-02,1.330459865780829129e-02,4.567511048044216437e+01,6.854626001658783996e-02,9.974294562360515037e-01,-2.087798051519932155e-02,3.140339032653730378e+00,-1.184489282668468868e-02,2.173938660042528184e-02,9.996935018215140634e-01,3.885607206051087670e-01,0.000000000000000000e+00,0.000000000000000000e+00,0.000000000000000000e+00,1.000000000000000056e-01
9.970130106866921249e-01,-7.642789013173352519e-02,1.112807851650759842e-02,4.659094507527252205e+01,7.660532356143114063e-02,9.969249261580699351e-01,-1.650200008408612973e-02,3.196662671751827833e+00,-9.832645803970150103e-03,1.730517884156083236e-02,9.998019053101245834e-01,4.010985016518997526e-01,0.000000000000000000e+00,0.000000000000000000e+00,0.000000000000000000e+00,1.000000000000000056e-01
9.970422759096497778e-01,-7.649006843614834794e-02,7.481275261549825972e-03,4.754824775509697332e+01,7.660221533730114662e-02,9.969321986876639174e-01,-1.607145995850825515e-02,3.272206175200353506e+00,-6.229017123389381932e-03,1.659700727280474103e-02,9.998428570006703264e-01,3.967738682489452828e-01,0.000000000000000000e+00,0.000000000000000000e+00,0.000000000000000000e+00,1.000000000000000056e-01
9.971367461075855143e-01,-7.527637294318718919e-02,7.195640242165914600e-03,4.849495058791819702e+01,7.538230104015671007e-02,9.970295090435717933e-01,-1.580084764262442570e-02,3.363501617891994755e+00,-5.984835157936172802e-03,1.629802972301985092e-02,9.998492666273651741e-01,4.079337218365433615e-01,0.000000000000000000e+00,0.000000000000000000e+00,0.000000000000000000e+00,1.000000000000000056e-01
9.972526413569153814e-01,-7.350324903413407718e-02,9.189215857820507913e-03,4.946607402072900328e+01,7.364474702046347465e-02,9.971538220982132383e-01,-1.614640242335391163e-02,3.450649616838299849e+00,-7.976248676382103123e-03,1.677877994226700809e-02,9.998274111068877756e-01,4.136243353292230474e-01,0.000000000000000000e+00,0.000000000000000000e+00,0.000000000000000000e+00,1.000000000000000056e-01
9.972530773080191535e-01,-7.309160148982972449e-02,1.199656581434440684e-02,5.046502470092636372e+01,7.329037721004923178e-02,9.971646768556041707e-01,-1.706246875065645791e-02,3.540544558199379743e+00,-1.071542850728207479e-02,1.789483230182254553e-02,9.997824536211840085e-01,4.295786575262423024e-01,0.000000000000000000e+00,0.000000000000000000e+00,0.000000000000000000e+00,1.000000000000000056e-01
9.973570697722532463e-01,-7.157122653099841358e-02,1.250739413920068724e-02,5.140107984315486078e+01,7.181174522807977356e-02,9.972181864297093856e-01,-1.997403066831351590e-02,3.612316927529044097e+00,-1.104303502675630863e-02,2.081941850028174931e-02,9.997222630264407384e-01,4.397548357980523570e-01,0.000000000000000000e+00,0.000000000000000000e+00,0.000000000000000000e+00,1.000000000000000056e-01
9.974125728202797303e-01,-7.090892027716032275e-02,1.183573424666008872e-02,5.233900805246401688e+01,7.117101920935579862e-02,9.971889804981420857e-01,-2.342697585642533262e-02,3.682209748527251580e+00,-1.014128220353569670e-02,2.420872153178163858e-02,9.996554867538440803e-01,4.434468642229568158e-01,0.000000000000000000e+00,0.000000000000000000e+00,0.000000000000000000e+00,1.000000000000000056e-01
9.974212552682077959e-01,-7.089267202157048531e-02,1.118340703160767766e-02,5.332325171849136325e+01,7.116555037613683798e-02,9.971189541068851137e-01,-2.625368165521124383e-02,3.759677966451044906e+00,-9.289993479766618656e-03,2.698185342843743492e-02,9.995927548790618511e-01,4.575891773365984294e-01,0.000000000000000000e+00,0.000000000000000000e+00,0.000000000000000000e+00,1.000000000000000056e-01
9.973299683542654614e-01,-7.182203125612411643e-02,1.321098212564915907e-02,5.428774538138564054e+01,7.218600418028779664e-02,9.969542403058762048e-01,-2.951988375005308932e-02,3.838440356766544159e+00,-1.105056663539760557e-02,3.039471273720985647e-02,9.994768863834015971e-01,4.486006938786513687e-01,0.000000000000000000e+00,0.000000000000000000e+00,0.000000000000000000e+00,1.000000000000000056e-01
9.971796812924165199e-01,-7.302550595400250644e-02,1.731931574042255839e-02,5.524345611170159032e+01,7.354987473590782199e-02,9.967822871738478696e-01,-3.186672092959837166e-02,3.922593397918634928e+00,-1.493650373704549957e-02,3.305068012363100716e-02,9.993420602573869216e-01,4.554186574384586628e-01,0.000000000000000000e+00,0.000000000000000000e+00,0.000000000000000000e+00,1.000000000000000056e-01
9.970324964500006937e-01,-7.387023252545599217e-02,2.166540489615451093e-02,5.620127043583176629e+01,7.450558997429801433e-02,9.967646495479456359e-01,-3.015212221623703170e-02,3.990779620636431879e+00,-1.936796543938040099e-02,3.167683946034037523e-02,9.993104921677460339e-01,4.736894190381111258e-01,0.000000000000000000e+00,0.000000000000000000e+00,0.000000000000000000e+00,1.000000000000000056e-01
9.969032928009312622e-01,-7.505747741942360440e-02,2.345633999782302179e-02,5.716782718175544886e+01,7.568116713064627910e-02,9.967680841287818172e-01,-2.693969940405769800e-02,4.064906966137805000e+00,-2.135850520059725047e-02,2.863147823062090966e-02,9.993618227198423076e-01,4.619766967986984607e-01,0.000000000000000000e+00,0.000000000000000000e+00,0.000000000000000000e+00,1.000000000000000056e-01
9.967343309830024589e-01,-7.857991274565326312e-02,1.859760072568744649e-02,5.806609827884495445e+01,7.908305010332769558e-02,9.964727275659341910e-01,-2.807088177564149786e-02,4.144385897292799825e+00,-1.632619448068450829e-02,2.944996655673820865e-02,9.994329166300186529e-01,4.654144449969065400e-01,0.000000000000000000e+00,0.000000000000000000e+00,0.000000000000000000e+00,1.000000000000000056e-01
9.964706529261482260e-01,-8.296872720700525228e-02,1.274473077728285886e-02,5.898435929324678995e+01,8.329369563667916865e-02,9.961446897310468618e-01,-2.753029945025262798e-02,4.227847277279392024e+00,-1.041144198082698258e-02,2.849469119478003493e-02,9.995397212965545508e-01,4.637529487290378283e-01,0.000000000000000000e+00,0.000000000000000000e+00,0.000000000000000000e+00,1.000000000000000056e-01
9.965298394262692705e-01,-8.285904852343516092e-02,7.915630792610029581e-03,5.993797432903869549e+01,8.305917834111499476e-02,9.961030594851979503e-01,-2.966256525533691318e-02,4.308445734936255711e+00,-5.426972116452568468e-03,3.021709718055794885e-02,9.995286264092829720e-01,4.737189461659552792e-01,0.000000000000000000e+00,0.000000000000000000e+00,0.000000000000000000e+00,1.000000000000000056e-01
9.963960194728016528e-01,-8.442529526440493981e-02,8.206210957219982338e-03,6.084983561739046820e+01,8.461712217642126943e-02,9.960523208601755885e-01,-2.682753704010769000e-02,4.396537961127582328e+00,-5.908892733579316006e-03,2.742523707419501980e-02,9.996063932158933962e-01,4.763652922076176965e-01,0.000000000000000000e+00,0.000000000000000000e+00,0.000000000000000000e+00,1.000000000000000056e-01
9.963363144509174152e-01,-8.486037284204925313e-02,1.061440660003665909e-02,6.177899707292830556e+01,8.511206110225708055e-02,9.960302046228358686e-01,-2.607237108353189364e-02,4.491276259021315553e+00,-8.359758446759714412e-03,2.688026413746936322e-02,9.996037043942023192e-01,4.969671145331165940e-01,0.000000000000000000e+00,0.000000000000000000e+00,0.000000000000000000e+00,1.000000000000000056e-01
9.961678900668012870e-01,-8.688924491253165183e-02,9.989690605183492583e-03,6.267429450906358568e+01,8.711901862735503543e-02,9.958717877809719621e-01,-2.548840707728147401e-02,4.576532796731734187e+00,-7.733782597394649183e-03,2.626102474125370859e-02,9.996252033568758799e-01,5.119587860115318856e-01,0.000000000000000000e+00,0.000000000000000000e+00,0.000000000000000000e+00,1.000000000000000056e-01
9.959713090086219633e-01,-8.912208411589767065e-02,9.919967464210166855e-03,6.348854633754501009e+01,8.933398083913407506e-02,9.957246842478953974e-01,-2.349027558080502703e-02,4.656615830785598931e+00,-7.784054154831941859e-03,2.428183070256023646e-02,9.996748477373265107e-01,5.205230474070303703e-01,0.000000000000000000e+00,0.000000000000000000e+00,0.000000000000000000e+00,1.000000000000000056e-01
9.958090667348841185e-01,-9.086237280474021571e-02,1.040825714956420886e-02,6.430877947695601904e+01,9.107745114610779624e-02,9.955897803585714856e-01,-2.249193496122136454e-02,4.738094707523959670e+00,-8.318683869903694544e-03,2.334563029485112184e-02,9.996928433498004640e-01,5.297499846096517251e-01,0.000000000000000000e+00,0.000000000000000000e+00,0.000000000000000000e+00,1.000000000000000056e-01
9.957442005543610808e-01,-9.166505535890219492e-02,9.539637750237306424e-03,6.510406569273008870e+01,9.186800085931688675e-02,9.954911348160199180e-01,-2.361505707859919839e-02,4.815717190433193906e+00,-7.331949295304048507e-03,2.439094358081173725e-02,9.996756095808123632e-01,5.328385354067338708e-01,0.000000000000000000e+00,0.000000000000000000e+00,0.000000000000000000e+00,1.000000000000000056e-01
9.957490476097841103e-01,-9.160781401785976497e-02,9.583454235147928837e-03,6.590686062779889198e+01,9.182632169776989983e-02,9.954458713328311337e-01,-2.560163842175399579e-02,4.893461965629901655e+00,-7.194499820392608914e-03,2.637282042728414377e-02,9.996262869267917850e-01,5.418142178931005803e-01,0.000000000000000000e+00,0.000000000000000000e+00,0.000000000000000000e+00,1.000000000000000056e-01
9.956187598637938896e-01,-9.285576319667554479e-02,1.100419231221057802e-02,6.666326925822308169e+01,9.311385666708826836e-02,9.953190533634302950e-01,-2.588033439324040688e-02,4.967790902239242357e+00,-8.549544073349060400e-03,2.679158921915455668e-02,9.996044798035120804e-01,5.542089545283279683e-01,0.000000000000000000e+00,0.000000000000000000e+00,0.000000000000000000e+00,1.000000000000000056e-01
9.953114467975732182e-01,-9.574279997169070355e-02,1.372734960953167840e-02,6.745989711857529869e+01,9.605912289123942627e-02,9.950713566434221669e-01,-2.460975613826936123e-02,5.059705144147898181e+00,-1.130348543977682807e-02,2.581300915042935087e-02,9.996028810360205741e-01,5.622507282484703328e-01,0.000000000000000000e+00,0.000000000000000000e+00,0.000000000000000000e+00,1.000000000000000056e-01
9.952054147227302749e-01,-9.640014946902249193e-02,1.652857189561561871e-02,6.820125083840265745e+01,9.677081007093597809e-02,9.950334384724803805e-01,-2.332094851946429556e-02,5.138455372715107217e+00,-1.419833880329827470e-02,2.480861753469533817e-02,9.995913863530657695e-01,5.697290050501973013e-01,0.000000000000000000e+00,0.000000000000000000e+00,0.000000000000000000e+00,1.000000000000000056e-01
9.949764977590618287e-01,-9.848605734788543065e-02,1.795175242645487279e-02,6.892880751282879714e+01,9.885262740011091509e-02,9.948841817004459021e-01,-2.082361780116637195e-02,5.211990223271229183e+00,-1.580907850592642994e-02,2.249358820426915206e-02,9.996219843153161255e-01,5.755294847762474353e-01,0.000000000000000000e+00,0.000000000000000000e+00,0.000000000000000000e+00,1.000000000000000056e-01
9.950930527845256446e-01,-9.780365663296730627e-02,1.497534804917260640e-02,6.959654788309103424e+01,9.808723800361629497e-02,9.949859037894496216e-01,-1.954341324114108880e-02,5.292652714343737408e+00,-1.298884293519482827e-02,2.091640527224278984e-02,9.996968510251955653e-01,5.880986298601617035e-01,0.000000000000000000e+00,0.000000000000000000e+00,0.000000000000000000e+00,1.000000000000000056e-01
9.950809146710329900e-01,-9.861751515917296929e-02,9.410577096582762452e-03,7.028733366126964199e+01,9.878163718131574567e-02,9.949286915530766162e-01,-1.894958786522140184e-02,5.367378913670542318e+00,-7.494091888903888464e-03,1.978596543798505705e-02,9.997761520252658185e-01,5.902256628329414223e-01,0.000000000000000000e+00,0.000000000000000000e+00,0.000000000000000000e+00,1.000000000000000056e-01
9.952307889535213503e-01,-9.749985806364307173e-02,3.074800240801184911e-03,7.101751493980096086e+01,9.754368008647264221e-02,9.949966074319755993e-01,-2.160975876882925348e-02,5.429422861575546655e+00,-9.524673953777824074e-04,2.180662459961573221e-02,9.997617535840387371e-01,6.080733696797692156e-01,0.000000000000000000e+00,0.000000000000000000e+00,0.000000000000000000e+00,1.000000000000000056e-01
9.950982465440653124e-01,-9.889099288069269633e-02,2.263890400071860579e-04,7.171543566945096870e+01,9.887585337950566267e-02,9.949002920568190689e-01,-1.992421852245826117e-02,5.505026530851431232e+00,1.745091230036173967e-03,1.984893932498548244e-02,9.998014674245442324e-01,6.082367496969499632e-01,0.000000000000000000e+00,0.000000000000000000e+00,0.000000000000000000e+00,1.000000000000000056e-01
9.950613187464755205e-01,-9.921969548615564016e-02,2.902406270580946274e-03,7.237423421988850691e+01,9.925722778915344047e-02,9.948774756624823024e-01,-1.915231450919015546e-02,5.579122899709154204e+00,-9.872518103656033675e-04,1.934581213289773491e-02,9.998123648399140917e-01,6.202523091587716086e-01,0.000000000000000000e+00,0.000000000000000000e+00,0.000000000000000000e+00,1.000000000000000056e-01
9.949362543463918795e-01,-1.003074884416340906e-01,6.344883742303790430e-03,7.297739628019353120e+01,1.004178770680401733e-01,9.947339734844049541e-01,-2.050785120569759493e-02,5.645411421269955987e+00,-4.254380368500189011e-03,2.104114441893556800e-02,9.997695586930128719e-01,6.356061437600164510e-01,0.000000000000000000e+00,0.000000000000000000e+00,0.000000000000000000e+00,1.000000000000000056e-01
9.949188050849898657e-01,-1.006183363422760851e-01,3.538598588228272085e-03,7.356687629109558202e+01,1.006719408507867203e-01,9.946785468727579183e-01,-2.190316681291838360e-02,5.697555878124693329e+00,-1.315907896361689358e-03,2.214811014085476051e-02,9.997538345030725360e-01,6.551925533521404388e-01,0.000000000000000000e+00,0.000000000000000000e+00,0.000000000000000000e+00,1.000000000000000056e-01
9.949033995021786536e-01,-1.008325878914120011e-01,1.219759358668070885e-04,7.420680051285982870e+01,1.007932553250893148e-01,9.944800378915983341e-01,-2.915774195812308525e-02,5.748447565037056783e+00,2.818747945384871435e-03,2.902143094759130834e-02,9.995748152118352214e-01,6.712823633183661043e-01,0.000000000000000000e+00,0.000000000000000000e+00,0.000000000000000000e+00,1.000000000000000056e-01
9.950395475458186922e-01,-9.943785800314351719e-02,-2.900209571574877652e-03,7.483003791857093745e+01,9.928905360281865822e-02,9.945121915542708413e-01,-3.297248374899605650e-02,5.818135916748834013e+00,6.163006934037230759e-03,3.252096624745139108e-02,9.994520519263858649e-01,6.973435180949071333e-01,0.000000000000000000e+00,0.000000000000000000e+00,0.000000000000000000e+00,1.000000000000000056e-01
9.954638968056139792e-01,-9.511131882169708562e-02,-2.338201997151811897e-03,7.543538078287816973e+01,9.499709876390845242e-02,9.950146589416168919e-01,-3.035423722873113045e-02,5.871108517213505351e+00,5.213576797383890835e-03,2.999442487022133119e-02,9.995364691164011495e-01,7.100765513724592859e-01,0.000000000000000000e+00,0.000000000000000000e+00,0.000000000000000000e+00,1.000000000000000056e-01
9.959291826377735246e-01,-9.013913110210981794e-02,1.464967553727026216e-05,7.600013439202032828e+01,9.011001905493233599e-02,9.956033728545459205e-01,-2.557554352446563678e-02,5.949305558511107428e+00,2.290772004383392901e-03,2.547275024037967683e-02,9.996728921796445011e-01,7.135258474804400119e-01,0.000000000000000000e+00,0.000000000000000000e+00,0.000000000000000000e+00,1.000000000000000056e-01
9.965247458150570115e-01,-8.325283458564758376e-02,2.719652862173885591e-03,7.655858765084208528e+01,8.329592451219036686e-02,9.961614842656350000e-01,-2.690885031632614735e-02,5.988179770547644942e+00,-4.689753675953692389e-04,2.704187122115933248e-02,9.996341917236338803e-01,7.274646371547922596e-01,0.000000000000000000e+00,0.000000000000000000e+00,0.000000000000000000e+00,1.000000000000000056e-01
9.970749697873266815e-01,-7.610674001521186560e-02,7.019170026329547840e-03,7.713550787349394966e+01,7.629196126197848593e-02,9.965833475817037490e-01,-3.164123843413696457e-02,6.016416020824775224e+00,-4.587076454818464835e-03,3.208419310349068521e-02,9.994746436415961055e-01,7.396385547126127502e-01,0.000000000000000000e+00,0.000000000000000000e+00,0.000000000000000000e+00,1.000000000000000056e-01
9.977453884518082683e-01,-6.645862402951938086e-02,9.348321520633872533e-03,7.768345969294853148e+01,6.674829076960026031e-02,9.971507390209435329e-01,-3.514355345327357244e-02,6.036947578633355960e+00,-6.986093506893030665e-03,3.568830287488030523e-02,9.993385510103288683e-01,7.543203328390958307e-01,0.000000000000000000e+00,0.000000000000000000e+00,0.000000000000000000e+00,1.000000000000000056e-01
9.983776675265263467e-01,-5.623884673356510655e-02,8.900848407394489070e-03,7.817985837846103436e+01,5.650496882485533945e-02,9.978508805196215636e-01,-3.317843794270617513e-02,6.075183858635618606e+00,-7.015802334371309956e-03,3.362755364718717638e-02,9.994098089138961916e-01,7.622089569554838517e-01,0.000000000000000000e+00,0.000000000000000000e+00,0.000000000000000000e+00,1.000000000000000056e-01
9.991482669591374988e-01,-4.045147757067108635e-02,8.149760419887354737e-03,7.867171579116177327e+01,4.066637167430704053e-02,9.987747644198522456e-01,-2.819957753080369958e-02,6.116033125741494381e+00,-6.999060465461522280e-03,2.850698020517404910e-02,9.995690897742800507e-01,7.593158479759143376e-01,0.000000000000000000e+00,0.000000000000000000e+00,0.000000000000000000e+00,1.000000000000000056e-01
9.996673405857591233e-01,-2.427680489822143031e-02,8.708898330420022579e-03,7.915174053067721616e+01,2.446692895962225209e-02,9.994489218433948441e-01,-2.243261048920650383e-02,6.131944166159680520e+00,-8.159506938577769722e-03,2.263822806690822878e-02,9.997104246113021064e-01,7.632125968150451634e-01,0.000000000000000000e+00,0.000000000000000000e+00,0.000000000000000000e+00,1.000000000000000056e-01
9.999582083622339246e-01,1.608599427237358825e-03,8.999663153360919210e-03,7.964581739991419340e+01,-1.398360496388773803e-03,9.997271094760230570e-01,-2.331847264805428366e-02,6.145013681963473751e+00,-9.034717312313093190e-03,2.330491335745765030e-02,9.996875786446923762e-01,7.665939884107795255e-01,0.000000000000000000e+00,0.000000000000000000e+00,0.000000000000000000e+00,1.000000000000000056e-01
9.995943478201533283e-01,2.617329875882601006e-02,1.122934717976096890e-02,8.014337880786924018e+01,-2.589299253764247230e-02,9.993663953868439087e-01,-2.442049772121481985e-02,6.136846025168924079e+00,-1.186139719628172794e-02,2.411983009035311917e-02,9.996387052595375744e-01,7.814823863747477617e-01,0.000000000000000000e+00,0.000000000000000000e+00,0.000000000000000000e+00,1.000000000000000056e-01
9.985142308841182812e-01,5.290390828647580090e-02,1.305784093615718934e-02,8.062607644125283457e+01,-5.259817834545089943e-02,9.983567923105017838e-01,-2.274086370887909783e-02,6.116281317690664743e+00,-1.423946475953243550e-02,2.202025738954544246e-02,9.996561138250794620e-01,7.854111560031195038e-01,0.000000000000000000e+00,0.000000000000000000e+00,0.000000000000000000e+00,1.000000000000000056e-01
9.964168333576263192e-01,8.342119321411681221e-02,1.394269429820922321e-02,8.111959184295422176e+01,-8.310651134778204718e-02,9.963021408468888396e-01,-2.180256671832538767e-02,6.074693289511685634e+00,-1.570993230925265410e-02,2.056571580662937965e-02,9.996650685905753564e-01,7.836227119010897857e-01,0.000000000000000000e+00,0.000000000000000000e+00,0.000000000000000000e+00,1.000000000000000056e-01
