1.000000000000000000e+00,-9.924755948316995488e-09,5.461196986244793737e-10,-2.876280695762730817e-15,9.924755948372082408e-09,1.000000000000000000e+00,-1.008697034465757354e-10,3.757854724074587008e-14,-5.461196976233722501e-10,1.008697088666804473e-10,1.000000000000000000e+00,-3.617899922765538758e-15,0.000000000000000000e+00,0.000000000000000000e+00,0.000000000000000000e+00,1.000000000000000056e-01
9.999135555209432979e-01,-1.314381736082921928e-02,-3.486411487797550749e-04,6.443368926385848461e-01,1.314326073760128250e-02,9.999124168557715908e-01,-1.553484738607570229e-03,2.857770696351630973e-02,3.690293333688309603e-04,1.548768166906349482e-03,9.999987325664549953e-01,1.010670446906837897e-02,0.000000000000000000e+00,0.000000000000000000e+00,0.000000000000000000e+00,1.000000000000000056e-01
9.995962735348835615e-01,-2.840641516874185118e-02,-6.045762443500372809e-04,1.323866723533965839e+00,2.840668226639319477e-02,9.995963528630658068e-01,4.378875123736584518e-04,5.164673189701785017e-02,5.918933944062531195e-04,-4.548847308752300379e-04,9.999997213710067889e-01,1.425984822685216584e-02,0.000000000000000000e+00,0.000000000000000000e+00,0.000000000000000000e+00,1.000000000000000056e-01
9.990742658720929148e-01,-4.301498695138979839e-02,-5.675999563399884403e-04,2.042336927607179220e+00,4.301532279384060603e-02,9.990742364385193364e-01,5.933714952141224026e-04,8.176539263468082797e-02,5.415506258589487766e-04,-6.172376863102099157e-04,9.999996628702222390e-01,1.320416528831496947e-02,0.000000000000000000e+00,0.000000000000000000e+00,0.000000000000000000e+00,1.000000000000000056e-01
9.983751312793066601e-01,-5.697802066709187208e-02,-7.761468208781446658e-04,2.746614726767429016e+00,5.697943060450914865e-02,9.983734772260599577e-01,1.935060601604213877e-03,1.151209951653343333e-01,6.646284774477850908e-04,-1.976140786079157857e-03,9.999978265659283938e-01,1.296089285464813515e-02,0.000000000000000000e+00,0.000000000000000000e+00,0.000000000000000000e+00,1.000000000000000056e-01
9.975062253507150922e-01,-7.057666172607117427e-02,-5.149817201187687279e-04,3.453125124605263885e+00,7.057795747969423938e-02,9.975010899821381560e-01,3.213627613895733877e-03,1.713208429562184942e-01,2.868877181198678170e-04,-3.241959908765320794e-03,9.999947036816680956e-01,2.086987976466036718e-02,0.000000000000000000e+00,0.000000000000000000e+00,0.000000000000000000e+00,1.000000000000000056e-01
9.965594328926077328e-01,-8.288111966265863939e-02,-1.292912529972500954e-04,4.182639166605041758e+00,8.288102041540738874e-02,9.965523866618962723e-01,3.751945279355193077e-03,2.395999804262506083e-01,-1.821199189170682878e-04,-3.749752250817506814e-03,9.999929530703667302e-01,2.596154478306410621e-02,0.000000000000000000e+00,0.000000000000000000e+00,0.000000000000000000e+00,1.000000000000000056e-01
9.954054773563116854e-01,-9.574681905060181131e-02,-6.944715577593997546e-04,4.945628511917263381e+00,9.574930818088278617e-02,9.953846737558228464e-01,6.435933102236467140e-03,3.261464198186944108e-01,7.504622279142484807e-05,-6.472858233071740464e-03,9.999790480176866669e-01,3.771829194921327844e-02,0.000000000000000000e+00,0.000000000000000000e+00,0.000000000000000000e+00,1.000000000000000056e-01
9.943016928565657775e-01,-1.066027219015227984e-01,-5.714677613689081144e-05,5.701136039443329473e+00,1.066006804120371437e-01,9.942790357713903182e-01,6.744921141506632009e-03,4.198458126812932845e-01,-6.622071112209017892e-04,-6.712578394403631576e-03,9.999772511277648102e-01,3.509212286679700560e-02,0.000000000000000000e+00,0.000000000000000000e+00,0.000000000000000000e+00,1.000000000000000056e-01
9.930478441058544492e-01,-1.176901706622694721e-01,2.236749024921572300e-03,6.489266563573913515e+00,1.176755525357469911e-01,9.930350571022956707e-01,5.817190150504008422e-03,5.290762176454297805e-01,-2.905796297274187458e-03,-5.513537460320377948e-03,9.999805784376776252e-01,3.716912130440894191e-02,0.000000000000000000e+00,0.000000000000000000e+00,0.000000000000000000e+00,1.000000000000000056e-01
9.918874442612517495e-01,-1.270329250646300423e-01,4.683360588958068206e-03,7.297913320346514965e+00,1.270205599958114107e-01,9.918959883585241055e-01,2.850546722500137652e-03,6.349881214789431239e-01,-5.007519868416509916e-03,-2.232538418656182695e-03,9.999849701455401085e-01,4.276878126190822998e-02,0.000000000000000000e+00,0.000000000000000000e+00,0.000000000000000000e+00,1.000000000000000056e-01
9.906549463246049347e-01,-1.362394834279128941e-01,6.448292633678579661e-03,8.104176065844308496e+00,1.362134396409767911e-01,9.906700899671589955e-01,4.321076906859084438e-03,7.617794174885915703e-01,-6.976831929183692840e-03,-3.402352091784043887e-03,9.999698734544333334e-01,3.831273808887116633e-02,0.000000000000000000e+00,0.000000000000000000e+00,0.000000000000000000e+00,1.000000000000000056e-01
9.896273909345265629e-01,-1.435661807222610442e-01,5.136035917393409235e-03,8.909011428062239446e+00,1.435528398933676730e-01,9.896384630186598752e-01,2.880047328374510471e-03,8.812837612210215887e-01,-5.496296086531926063e-03,-2.112881181611058704e-03,9.999826630809364181e-01,3.292444350421247501e-02,0.000000000000000000e+00,0.000000000000000000e+00,0.000000000000000000e+00,1.000000000000000056e-01
9.883506022242833922e-01,-1.521063001215720023e-01,5.173059657750210018e-03,9.675534196179370383e+00,1.520900585637000035e-01,9.883607831205424299e-01,3.402421995918257242e-03,1.021010799336557362e+00,-5.630379115714664005e-03,-2.576014882386214611e-03,9.999808313054501241e-01,4.304345010702081281e-02,0.000000000000000000e+00,0.000000000000000000e+00,0.000000000000000000e+00,1.000000000000000056e-01
9.869400057658220815e-01,-1.609551437961214138e-01,6.547266951094970512e-03,1.049231837915651688e+01,1.609416174681295719e-01,9.869606436016823414e-01,2.546320501258617433e-03,1.164756651549315958e+00,-6.871738186315809634e-03,-1.459337837088957182e-03,9.999753244692470844e-01,4.066923370850316494e-02,0.000000000000000000e+00,0.000000000000000000e+00,0.000000000000000000e+00,1.000000000000000056e-01
9.858288509690301682e-01,-1.675903751370386996e-01,7.412338261864141568e-03,1.129643630816247146e+01,1.675748522421659781e-01,9.858557336454946141e-01,2.672327509841886974e-03,1.322939028009197493e+00,-7.755352545042073185e-03,-1.392336069439520201e-03,9.999689574717666174e-01,4.958670484751630247e-02,0.000000000000000000e+00,0.000000000000000000e+00,0.000000000000000000e+00,1.000000000000000056e-01
9.845561576930470515e-01,-1.749784094141287605e-01,5.632813471571076862e-03,1.214733015185074017e+01,1.749595289167976964e-01,9.845687109797272019e-01,3.690067876157636893e-03,1.488217402547699519e+00,-6.191574106494213657e-03,-2.647564658314037651e-03,9.999773271487027992e-01,4.884906095792224817e-02,0.000000000000000000e+00,0.000000000000000000e+00,0.000000000000000000e+00,1.000000000000000056e-01
9.831702535264036369e-01,-1.826497388512162978e-01,3.914776929749652287e-03,1.301915741295874795e+01,1.826316283253039685e-01,9.831707776006405330e-01,4.572789892370193211e-03,1.675372785631095596e+00,-4.684113157817911682e-03,-3.780868912594065150e-03,9.999818818929623321e-01,4.446390807387148175e-02,0.000000000000000000e+00,0.000000000000000000e+00,0.000000000000000000e+00,1.000000000000000056e-01
9.830766395206634867e-01,-1.831618888849264881e-01,3.470344199834201476e-03,1.387611744929808744e+01,1.831334933461996328e-01,9.830613987265846010e-01,7.239471565554892775e-03,1.841618218285992148e+00,-4.737556709627449222e-03,-6.481419122141742449e-03,9.999677728619988937e-01,4.495173202540945351e-02,0.000000000000000000e+00,0.000000000000000000e+00,0.000000000000000000e+00,1.000000000000000056e-01
9.788322859738062265e-01,-2.046400200011558312e-01,3.133392605365090556e-03,1.484486201961383856e+01,2.046149542805507648e-01,9.788181650465720418e-01,6.907985207698643174e-03,2.092194149292323058e+00,-4.480671831425094009e-03,-6.120619967635108211e-03,9.999712303817299697e-01,4.193467148018913127e-02,0.000000000000000000e+00,0.000000000000000000e+00,0.000000000000000000e+00,1.000000000000000056e-01
9.774237322342839152e-01,-2.112309291269507117e-01,4.933786108858309420e-03,1.579746099822162897e+01,2.112024921362579410e-01,9.774256241098977505e-01,5.714599619454603825e-03,2.300528365906932216e+00,-6.029509153881492355e-03,-4.543557366413811770e-03,9.999715001467898157e-01,5.149970640441738773e-02,0.000000000000000000e+00,0.000000000000000000e+00,0.000000000000000000e+00,1.000000000000000056e-01
9.763119409429540374e-01,-2.162782527961145673e-01,6.221843750987474803e-03,1.669419859926959049e+01,2.162470464356910926e-01,9.763241731762034581e-01,5.322008985601677129e-03,2.522942180008189705e+00,-7.225571260585527192e-03,-3.850485587913212750e-03,9.999664818786154763e-01,5.456861630321684087e-02,0.000000000000000000e+00,0.000000000000000000e+00,0.000000000000000000e+00,1.000000000000000056e-01
9.750535618027454943e-01,-2.218491206884970479e-01,7.315686264475896108e-03,1.755029019854280037e+01,2.218163510564947760e-01,9.750754758900500585e-01,5.032168694924707246e-03,2.731100478021901701e+00,-8.249728465921365300e-03,-3.283895176918446689e-03,9.999605782293148337e-01,6.039267758979451756e-02,0.000000000000000000e+00,0.000000000000000000e+00,0.000000000000000000e+00,1.000000000000000056e-01
9.746386922245212636e-01,-2.236826639731668842e-01,6.744290677469564829e-03,1.842919680565907115e+01,2.236613705580229872e-01,9.746596172517726364e-01,3.771182670568387369e-03,2.958223455543622649e+00,-7.416935956419363346e-03,-2.167103249818010547e-03,9.999701459166283612e-01,5.695141067525338885e-02,0.000000000000000000e+00,0.000000000000000000e+00,0.000000000000000000e+00,1.000000000000000056e-01
9.732641115232729678e-01,-2.295797804323741753e-01,7.077685881481643113e-03,1.933362957627289802e+01,2.295731827667178149e-01,9.732898434922889752e-01,1.741926839706025177e-03,3.191380989028918425e+00,-7.288550965263819806e-03,-7.050800355022418444e-05,9.999734356738924079e-01,6.536388196416069440e-02,0.000000000000000000e+00,0.000000000000000000e+00,0.000000000000000000e+00,1.000000000000000056e-01
9.726448016698989729e-01,-2.321203233846572955e-01,9.068917042573570661e-03,2.023982574014946323e+01,2.321179870769517206e-01,9.726867365027871415e-01,1.323898372835404262e-03,3.419310988906285598e+00,-9.128519040186371461e-03,8.173758986124459152e-04,9.999580001363923554e-01,6.389297968820606410e-02,0.000000000000000000e+00,0.000000000000000000e+00,0.000000000000000000e+00,1.000000000000000056e-01
9.723157404834501527e-01,-2.333677665221617348e-01,1.189900653743092979e-02,2.113168275731522883e+01,2.333643840701798977e-01,9.723878873831354186e-01,1.691365752353659636e-03,3.654737269244026532e+00,-1.196516007688942784e-02,1.132262787726516159e-03,9.999277738543489447e-01,5.841211936046294961e-02,0.000000000000000000e+00,0.000000000000000000e+00,0.000000000000000000e+00,1.000000000000000056e-01
9.722645451174299902e-01,-2.334410006778409041e-01,1.438587884438118948e-02,2.205168951284115408e+01,2.334219590381848564e-01,9.723708731656891535e-01,3.012317674363535099e-03,3.904223837142172471e+00,-1.469160802542972093e-02,4.292103489271787819e-04,9.998919803819328322e-01,5.938379552141501844e-02,0.000000000000000000e+00,0.000000000000000000e+00,0.000000000000000000e+00,1.000000000000000056e-01
9.722531232436512072e-01,-2.333217078395059541e-01,1.687735150495645736e-02,2.298712471920339695e+01,2.332847610481290634e-01,9.723995940389567050e-01,4.153284915510173023e-03,4.138818182965695591e+00,-1.738058128150332671e-02,-1.008153178664607762e-04,9.998489412059147208e-01,5.675709980341159949e-02,0.000000000000000000e+00,0.000000000000000000e+00,0.000000000000000000e+00,1.000000000000000056e-01
9.725991861883634959e-01,-2.318913071799365844e-01,1.665066605614549944e-02,2.388555381993797155e+01,2.318716695219384671e-01,9.727413583322657153e-01,3.127085385417340338e-03,4.367333876018159700e+00,-1.692193543427962521e-02,8.194170360922960542e-04,9.998564780291614440e-01,4.990149983923093668e-02,0.000000000000000000e+00,0.000000000000000000e+00,0.000000000000000000e+00,1.000000000000000056e-01
9.731193277459020408e-01,-2.298219797589227953e-01,1.485367251062553670e-02,2.481969096303569344e+01,2.298319059365842298e-01,9.732297646262773050e-01,1.058422901274120274e-03,4.599161317639802959e+00,-1.469928504794489749e-02,2.383876081116175893e-03,9.998891179295378295e-01,3.897497459659628183e-02,0.000000000000000000e+00,0.000000000000000000e+00,0.000000000000000000e+00,1.000000000000000056e-01
9.738177038281143894e-01,-2.270637436308112211e-01,1.100618186747878008e-02,2.573840775963011396e+01,2.270854496963263802e-01,9.738745501277262795e-01,-7.477631549964237120e-04,4.835993175884866879e+00,-1.054885051349216049e-02,3.227528757421855611e-03,9.999391505541544989e-01,4.204267968198584227e-02,0.000000000000000000e+00,0.000000000000000000e+00,0.000000000000000000e+00,1.000000000000000056e-01
9.742227407828751851e-01,-2.254212907530505072e-01,8.677154875381502819e-03,2.667087011402886176e+01,2.254518812038244779e-01,9.742505277147733844e-01,-2.712657210610784284e-03,5.063101327426636544e+00,-7.842232026616796636e-03,4.599013232677365108e-03,9.999586733831185015e-01,3.753893544482712202e-02,0.000000000000000000e+00,0.000000000000000000e+00,0.000000000000000000e+00,1.000000000000000056e-01
9.748040230046968180e-01,-2.228760200952062120e-01,9.132162962834762532e-03,2.760736145404748143e+01,2.229203390605542234e-01,9.748278321584026296e-01,-4.149708721917576282e-03,5.287364063434416117e+00,-7.977416059482111271e-03,6.080897620454292149e-03,9.999496904930484931e-01,4.718955332430600086e-02,0.000000000000000000e+00,0.000000000000000000e+00,0.000000000000000000e+00,1.000000000000000056e-01
9.747900650404746070e-01,-2.227706795445908716e-01,1.255202906420249155e-02,2.857904948302580905e+01,2.228425222736719336e-01,9.748434524245123134e-01,-4.631795738765577541e-03,5.504471634531478585e+00,-1.120443506364342777e-02,7.312154285764810649e-03,9.999104925115076536e-01,4.399500880309759748e-02,0.000000000000000000e+00,0.000000000000000000e+00,0.000000000000000000e+00,1.000000000000000056e-01
9.749649850144557206e-01,-2.217575488261596672e-01,1.633608075321431319e-02,2.950716605553110483e+01,2.219153494331024823e-01,9.750283855530650357e-01,-8.557163768888207886e-03,5.715787294903532434e+00,-1.403052678077838095e-02,1.196816211441727000e-02,9.998299392465984647e-01,4.720423527213743475e-02,0.000000000000000000e+00,0.000000000000000000e+00,0.000000000000000000e+00,1.000000000000000056e-01
9.753038684463777308e-01,-2.202459020650638089e-01,1.655617157065475756e-02,3.043366738827682738e+01,2.204802338097482106e-01,9.752913929627072820e-01,-1.397015791109399753e-02,5.922913704118934142e+00,-1.307022160215316579e-02,1.727545763238901022e-02,9.997653364019289945e-01,5.220781062730174560e-02,0.000000000000000000e+00,0.000000000000000000e+00,0.000000000000000000e+00,1.000000000000000056e-01
9.758162371926994982e-01,-2.180673123921999246e-01,1.514326573510051469e-02,3.137938262661072741e+01,2.183085648211598173e-01,9.757371484077055346e-01,-1.668495558653566857e-02,6.122333757002764720e+00,-1.113740350380803754e-02,1.958735518751578836e-02,9.997461146510905339e-01,4.902272523646788310e-02,0.000000000000000000e+00,0.000000000000000000e+00,0.000000000000000000e+00,1.000000000000000056e-01
9.762287114200396410e-01,-2.163559992525991849e-01,1.294544655769802946e-02,3.234658214976813184e+01,2.165570912855233621e-01,9.761231777955625688e-01,-1.692831900237447285e-02,6.360099736543744164e+00,-8.973807058457336505e-03,1.932933929812268026e-02,9.997728979269120408e-01,5.344320076993813728e-02,0.000000000000000000e+00,0.000000000000000000e+00,0.000000000000000000e+00,1.000000000000000056e-01
9.767368118318491277e-01,-2.141578684839443580e-01,1.102759171208932652e-02,3.328370968119743623e+01,2.143433367838339931e-01,9.765540988772344333e-01,-1.997563371821990674e-02,6.582071543645715117e+00,-6.491100748475470486e-03,2.187462759651387367e-02,9.997396492480364882e-01,4.648555851256092053e-02,0.000000000000000000e+00,0.000000000000000000e+00,0.000000000000000000e+00,1.000000000000000056e-01
9.774626967860972071e-01,-2.107854232172253206e-01,1.166969368858934014e-02,3.424082080111501369e+01,2.109954990928177843e-01,9.772531747709943817e-01,-2.138063990120349714e-02,6.806064030834163781e+00,-6.897517975548696223e-03,2.336103078092701887e-02,9.997032992276406738e-01,5.356375750131060764e-02,0.000000000000000000e+00,0.000000000000000000e+00,0.000000000000000000e+00,1.000000000000000056e-01
9.781567515173761329e-01,-2.074988953358840871e-01,1.239265489561678334e-02,3.521443470535859177e+01,2.077116165249979496e-01,9.779961306433957446e-01,-1.947954843209070627e-02,7.032486960780760299e+00,-8.077983755011475600e-03,2.162815019676423214e-02,9.997334491240752463e-01,4.853477273882605969e-02,0.000000000000000000e+00,0.000000000000000000e+00,0.000000000000000000e+00,1.000000000000000056e-01
9.784208190293288698e-01,-2.062475963855928685e-01,1.243502614162364170e-02,3.617925196242237007e+01,2.064601179649487306e-01,9.782643015681331544e-01,-1.931776299968583979e-02,7.254718105763042324e+00,-8.180499977185184263e-03,2.146823846006392159e-02,9.997360622472039049e-01,5.552454038329873720e-02,0.000000000000000000e+00,0.000000000000000000e+00,0.000000000000000000e+00,1.000000000000000056e-01
9.791810396748215073e-01,-2.025555796544810105e-01,1.325626991928275863e-02,3.715768347362946145e+01,2.027909151899876528e-01,9.790214094479590123e-01,-1.982232476121171399e-02,7.467350888569574074e+00,-8.963049578292178743e-03,2.209789567739210009e-02,9.997156329421322818e-01,5.867768109667347021e-02,0.000000000000000000e+00,0.000000000000000000e+00,0.000000000000000000e+00,1.000000000000000056e-01
9.802594090831545648e-01,-1.971716888341434604e-01,1.465660350273458382e-02,3.812798492999129962e+01,1.974449515486941531e-01,9.801017523860269254e-01,-2.039720759743802667e-02,7.675444273144432117e+00,-1.034321090756987194e-02,2.288842703487687855e-02,9.996845191839226485e-01,7.100356007234656652e-02,0.000000000000000000e+00,0.000000000000000000e+00,0.000000000000000000e+00,1.000000000000000056e-01
9.816149470178766601e-01,-1.903552291839840926e-01,1.403504589960889726e-02,3.911282008642649544e+01,1.906077405957881943e-01,9.814700869793825388e-01,-1.962543221567508364e-02,7.884753165908460204e+00,-1.003917407259919542e-02,2.193980599267545892e-02,9.997088875752500048e-01,6.360625179446145749e-02,0.000000000000000000e+00,0.000000000000000000e+00,0.000000000000000000e+00,1.000000000000000056e-01
9.826421892897483357e-01,-1.851019062450662556e-01,1.231308784558938184e-02,4.009212687520211915e+01,1.853349663945199899e-01,9.824357049713403622e-01,-2.170335985527485634e-02,8.093557284321803991e+00,-8.079483856821627688e-03,2.360868276520559916e-02,9.996886275429460733e-01,7.487090569475796098e-02,0.000000000000000000e+00,0.000000000000000000e+00,0.000000000000000000e+00,1.000000000000000056e-01
9.835923275494842244e-01,-1.801980168859568521e-01,8.649155806007693265e-03,4.107480158336787923e+01,1.803457682360559422e-01,9.833694507346613101e-01,-2.144591432318091601e-02,8.292305345374661130e+00,-4.640804362928954360e-03,2.265387543399213777e-02,9.997325966790751028e-01,9.559090665077331350e-02,0.000000000000000000e+00,0.000000000000000000e+00,0.000000000000000000e+00,1.000000000000000056e-01
9.848754120552722924e-01,-1.732121649062647317e-01,4.238945321958424370e-03,4.207327901112014956e+01,1.732609874714491349e-01,9.847082456008203755e-01,-1.817419231142494360e-02,8.478034836368690819e+00,-1.026133215498778147e-03,1.863375899380640202e-02,9.998258498740592026e-01,1.140906222937668191e-01,0.000000000000000000e+00,0.000000000000000000e+00,0.000000000000000000e+00,1.000000000000000056e-01
9.861644657653210189e-01,-1.657263250826420675e-01,3.798899367108344270e-03,4.307942139785548363e+01,1.657690663071948456e-01,9.859716693130766707e-01,-1.950599824735665261e-02,8.672121535545183946e+00,-5.129497439373296649e-04,1.986586234190430844e-02,9.998025226993442205e-01,1.311466325664290000e-01,0.000000000000000000e+00,0.000000000000000000e+00,0.000000000000000000e+00,1.000000000000000056e-01
9.873054840068313798e-01,-1.587817318127672517e-01,4.030247210139863666e-03,4.404688927665588949e+01,1.588323278718329068e-01,9.870506367661657787e-01,-2.243506367989989495e-02,8.851214494412744216e+00,-4.157798106693962135e-04,2.279039495149312242e-02,9.997401787590133315e-01,1.476381575464454921e-01,0.000000000000000000e+00,0.000000000000000000e+00,0.000000000000000000e+00,1.000000000000000056e-01
9.884306315164552714e-01,-1.516032871784395997e-01,4.618440935320364260e-03,4.500885581717999884e+01,1.516697384364579515e-01,9.881648290799082135e-01,-2.294691726773264578e-02,9.019468019641738721e+00,-1.084952809066533092e-03,2.338191365494510232e-02,9.997260169622649295e-01,1.598169401111491639e-01,0.000000000000000000e+00,0.000000000000000000e+00,0.000000000000000000e+00,1.000000000000000056e-01
9.889411196072045440e-01,-1.483083145647138834e-01,3.252399462180955835e-04,4.590162293298776319e+01,1.482798641288816111e-01,9.887034316334882833e-01,-2.187706950404056522e-02,9.172535524360741377e+00,2.922985454829235379e-03,2.168336014408501350e-02,9.997606153719462707e-01,1.799423126441110632e-01,0.000000000000000000e+00,0.000000000000000000e+00,0.000000000000000000e+00,1.000000000000000056e-01
9.903404085256910516e-01,-1.384864026342456644e-01,-6.884150390051237307e-03,4.683370079029138111e+01,1.383127196810848836e-01,9.901588261591099949e-01,-2.133285151204480923e-02,9.323709273652969642e+00,9.770712133149526968e-03,2.017461931831477512e-02,9.997487273909240191e-01,1.872609960812385843e-01,0.000000000000000000e+00,0.000000000000000000e+00,0.000000000000000000e+00,1.000000000000000056e-01
9.917776842223116063e-01,-1.276986640404156603e-01,-8.371157681101391163e-03,4.776760686744277962e+01,1.274844523674203145e-01,9.915862629687596241e-01,-2.245879552043774513e-02,9.474973763535341931e+00,1.116868314564232675e-02,2.120693975902563505e-02,9.997127218470560628e-01,2.064075099816783387e-01,0.000000000000000000e+00,0.000000000000000000e+00,0.000000000000000000e+00,1.000000000000000056e-01
9.931132016399033535e-01,-1.169663156079626953e-01,-6.711910431399145324e-03,4.872300118819325832e+01,1.167908888426399672e-01,9.929053592065214540e-01,-2.233463548649620642e-02,9.623541233602182388e+00,9.276691861152685722e-03,2.139693137033915268e-02,9.997280201715095238e-01,2.267899753986200861e-01,0.000000000000000000e+00,0.000000000000000000e+00,0.000000000000000000e+00,1.000000000000000056e-01
9.943361598492782560e-01,-1.061559783791773265e-01,-5.148734849468919114e-03,4.971404559486961716e+01,1.059922943738050710e-01,9.940398729494158703e-01,-2.550224539302178503e-02,9.768675030014607685e+00,7.825263546178408761e-03,2.481207853181365344e-02,9.996615057154916162e-01,2.593146588360305538e-01,0.000000000000000000e+00,0.000000000000000000e+00,0.000000000000000000e+00,1.000000000000000056e-01
9.955723724008724851e-01,-9.383139333748953537e-02,-5.596511095659279303e-03,5.064334720656571420e+01,9.363749954439039291e-02,9.952037364664436669e-01,-2.831151006752681207e-02,9.873605881543989327e+00,8.226177190700427119e-03,2.766211393900888313e-02,9.995834819869986454e-01,2.725816915907156024e-01,0.000000000000000000e+00,0.000000000000000000e+00,0.000000000000000000e+00,1.000000000000000056e-01
9.965090235283022846e-01,-8.307212099020715168e-02,-8.293897808495031068e-03,5.158189871693143402e+01,8.277681941949853461e-02,9.960800901699562448e-01,-3.118416479246336956e-02,9.960351019915325566e+00,1.085192118756420944e-02,3.038875912570577001e-02,9.994792439692475883e-01,3.003235764037725519e-01,0.000000000000000000e+00,0.000000000000000000e+00,0.000000000000000000e+00,1.000000000000000056e-01
9.972169372573440604e-01,-7.376827200745532387e-02,-1.079917089948739112e-02,5.255387996222496128e+01,7.336899320669186542e-02,9.967386047302468910e-01,-3.360274804591068670e-02,1.006317465524207755e+01,1.324276719264727564e-02,3.271690519341086817e-02,9.993769225030397774e-01,3.415668776198387269e-01,0.000000000000000000e+00,0.000000000000000000e+00,0.000000000000000000e+00,1.000000000000000056e-01
9.979950017028198506e-01,-6.224321647019915443e-02,-1.147861401182864900e-02,5.351651390088274951e+01,6.185051144072128276e-02,9.975763685160758953e-01,-3.187323662258790408e-02,1.013040547714480155e+01,1.343468684822338687e-02,3.109937269017176362e-02,9.994260043682913208e-01,3.678761418290553142e-01,0.000000000000000000e+00,0.000000000000000000e+00,0.000000000000000000e+00,1.000000000000000056e-01
9.986140838273739329e-01,-5.178606515817377187e-02,-9.386961012384197056e-03,5.446472015667207955e+01,5.143924240670046111e-02,9.980959155095726620e-01,-3.403744678633748716e-02,1.020270148999285276e+01,1.113175288260341567e-02,3.350741557538312182e-02,9.993764741973963917e-01,3.994938378981766069e-01,0.000000000000000000e+00,0.000000000000000000e+00,0.000000000000000000e+00,1.000000000000000056e-01
9.990877649657288195e-01,-4.220548154205926855e-02,-6.506552358016169310e-03,5.542611702846813415e+01,4.193973595774475732e-02,9.984476023788254606e-01,-3.665301968146121581e-02,1.025869163684713925e+01,8.043409947240183488e-03,3.634670042490550923e-02,9.993068702478947740e-01,4.394462524722601571e-01,0.000000000000000000e+00,0.000000000000000000e+00,0.000000000000000000e+00,1.000000000000000056e-01
9.995437704571392690e-01,-2.956103893652354750e-02,-6.196443925265726280e-03,5.638961544070304654e+01,2.933386432678690772e-02,9.989909750910889175e-01,-3.400817681401190062e-02,1.031588195010001208e+01,7.195508597957644970e-03,3.381089563363823269e-02,9.994023454007239238e-01,4.621267494356360861e-01,0.000000000000000000e+00,0.000000000000000000e+00,0.000000000000000000e+00,1.000000000000000056e-01
9.997370909630330926e-01,-2.066340560698481585e-02,-9.938441602854243204e-03,5.728319829919401229e+01,2.031707842425210450e-02,9.992231185060977960e-01,-3.376945020653597529e-02,1.035766241808791754e+01,1.062851245823728634e-02,3.355865181544323561e-02,9.993802337505254263e-01,4.846782457262614474e-01,0.000000000000000000e+00,0.000000000000000000e+00,0.000000000000000000e+00,1.000000000000000056e-01
9.997907593199741871e-01,-1.268357880937678699e-02,-1.604881325754873439e-02,5.819590465917814015e+01,1.213521804872658670e-02,9.993543891782457056e-01,-3.381628768929678674e-02,1.038369225736103729e+01,1.646736351998109860e-02,3.361445609796108458e-02,9.992992015807573569e-01,5.124978095876244755e-01,0.000000000000000000e+00,0.000000000000000000e+00,0.000000000000000000e+00,1.000000000000000056e-01
9.996575795614789373e-01,-1.598049200133865380e-02,-2.072070222460271546e-02,5.914326053838635033e+01,1.525512104155268660e-02,9.992811714417602076e-01,-3.470477897914059362e-02,1.040799351931573291e+01,2.126040703498127335e-02,3.437679853300149024e-02,9.991827814846132583e-01,5.446378866700658516e-01,0.000000000000000000e+00,0.000000000000000000e+00,0.000000000000000000e+00,1.000000000000000056e-01
9.996909473504657084e-01,-1.583457974224710546e-02,-1.916444285427772870e-02,6.005478576564191684e+01,1.522059706696315441e-02,9.993793013472250797e-01,-3.177019772770572209e-02,1.043384255368484048e+01,1.965561523976321057e-02,3.146868480122393813e-02,9.993114522842353464e-01,5.617465801677088422e-01,0.000000000000000000e+00,0.000000000000000000e+00,0.000000000000000000e+00,1.000000000000000056e-01
9.996698556904247690e-01,-1.928544044849340652e-02,-1.697796838826741428e-02,6.098137164607209826e+01,1.874131450609255525e-02,9.993234534726673779e-01,-3.164488062934355667e-02,1.044900746938723302e+01,1.757676746359005532e-02,3.131624380683756953e-02,9.993549670259119777e-01,6.004061876792499142e-01,0.000000000000000000e+00,0.000000000000000000e+00,0.000000000000000000e+00,1.000000000000000056e-01
9.996484633734887826e-01,-2.097676934653649669e-02,-1.621495676234646632e-02,6.186982201306175000e+01,2.049137588900956305e-02,9.993534555288847709e-01,-2.954275607746654694e-02,1.048175243570354809e+01,1.682418465180040429e-02,2.920010394261595213e-02,9.994319890520527716e-01,6.393850421942363083e-01,0.000000000000000000e+00,0.000000000000000000e+00,0.000000000000000000e+00,1.000000000000000056e-01
9.995912698374949112e-01,-2.361376037258578267e-02,-1.611470091967686161e-02,6.270280112584070764e+01,2.314334386400155111e-02,9.993178401636347852e-01,-2.877915852627858234e-02,1.050845773298115837e+01,1.678329227109862445e-02,2.839444755148775451e-02,9.994558901966552611e-01,6.693862449038076035e-01,0.000000000000000000e+00,0.000000000000000000e+00,0.000000000000000000e+00,1.000000000000000056e-01
9.995283473330639490e-01,-2.703929957613469479e-02,-1.455881712454642866e-02,6.351789637354166729e+01,2.662480980543964829e-02,9.992547253417729536e-01,-2.794840576780852764e-02,1.053111238341662492e+01,1.530367212332088729e-02,2.754759809075830318e-02,9.995033403941039341e-01,6.984960930924687394e-01,0.000000000000000000e+00,0.000000000000000000e+00,0.000000000000000000e+00,1.000000000000000056e-01
9.994885139578020272e-01,-2.899081807910894315e-02,-1.349973827629777703e-02,6.431971300251331058e+01,2.859792345163033461e-02,9.991863303750619929e-01,-2.844004159406406454e-02,1.054589079735431234e+01,1.431325402133354352e-02,2.803943042790656495e-02,9.995043377097466708e-01,7.235106657668788355e-01,0.000000000000000000e+00,0.000000000000000000e+00,0.000000000000000000e+00,1.000000000000000056e-01
9.994580445259687584e-01,-3.047461398974089797e-02,-1.244649085095530724e-02,6.511492924446669406e+01,3.010847576124072583e-02,9.991369615710686825e-01,-2.861488615856603093e-02,1.057274905049857772e+01,1.330777666108826779e-02,2.822463329627512493e-02,9.995130180020815880e-01,7.490331689195599552e-01,0.000000000000000000e+00,0.000000000000000000e+00,0.000000000000000000e+00,1.000000000000000056e-01
9.993449363019414333e-01,-3.432602009552161715e-02,-1.146397104281273588e-02,6.586269832422389925e+01,3.398155346644061992e-02,9.990016252949649456e-01,-2.900011520711583482e-02,1.060282799118148489e+01,1.244798424147623706e-02,2.859155473947506618e-02,9.995136670830987446e-01,7.704231764664024595e-01,0.000000000000000000e+00,0.000000000000000000e+00,0.000000000000000000e+00,1.000000000000000056e-01
9.993789884989821015e-01,-3.395286510407196506e-02,-9.425513141266363137e-03,6.664945141898239456e+01,3.367533727504127411e-02,9.990352446758318239e-01,-2.818779088387497050e-02,1.064580362596089280e+01,1.037347608874230470e-02,2.785287860752531930e-02,9.995582064827994717e-01,7.898487467847637999e-01,0.000000000000000000e+00,0.000000000000000000e+00,0.000000000000000000e+00,1.000000000000000056e-01
9.993289708189893039e-01,-3.624985427303829139e-02,-5.249394921622011455e-03,6.738438503047635209e+01,3.608393733979859547e-02,9.989323386299788776e-01,-2.884670354301691400e-02,1.068636784598812817e+01,6.289479145140111464e-03,2.863792772573991660e-02,9.995700633510680166e-01,8.134190303098787211e-01,0.000000000000000000e+00,0.000000000000000000e+00,0.000000000000000000e+00,1.000000000000000056e-01
9.991826527219291876e-01,-4.012735067097222830e-02,-4.880801952279786859e-03,6.809972407144930173e+01,3.999513521444995889e-02,9.988945792939387669e-01,-2.469835250301164603e-02,1.072572085246559581e+01,5.866486064623185892e-03,2.448295703778409493e-02,9.996830343443563471e-01,8.377139841521576979e-01,0.000000000000000000e+00,0.000000000000000000e+00,0.000000000000000000e+00,1.000000000000000056e-01
9.991317140146181996e-01,-4.101335266985177419e-02,-7.329594326390238661e-03,6.875902936421447009e+01,4.084068378891203555e-02,9.989160990582945931e-01,-2.233082152123963895e-02,1.075840167481969445e+01,8.237511630655662553e-03,2.201208633768557757e-02,9.997237675764226728e-01,8.599770559290903504e-01,0.000000000000000000e+00,0.000000000000000000e+00,0.000000000000000000e+00,1.000000000000000056e-01
9.990439448397842037e-01,-4.170383038289155603e-02,-1.311437418854506307e-02,6.943487155042228665e+01,4.139536743111568023e-02,9.988787032048640491e-01,-2.297302415904410935e-02,1.079595742984381879e+01,1.405773218570808072e-02,2.240818634258713235e-02,9.996500654482201043e-01,8.792013371402732647e-01,0.000000000000000000e+00,0.000000000000000000e+00,0.000000000000000000e+00,1.000000000000000056e-01
9.989124890777958399e-01,-4.312369061628767986e-02,-1.772530597854441239e-02,7.017152764727856606e+01,4.268947893573382668e-02,9.987956047915270696e-01,-2.418570315957671579e-02,1.083156530743580070e+01,1.874693448534609300e-02,2.340271686702898035e-02,9.995503315444619341e-01,9.048992050369643048e-01,0.000000000000000000e+00,0.000000000000000000e+00,0.000000000000000000e+00,1.000000000000000056e-01
9.987211029768084947e-01,-4.671838963800171995e-02,-1.932745555987332858e-02,7.088486116042213325e+01,4.626838908576144660e-02,9.986616958968508317e-01,-2.310959367523585800e-02,1.087104360848224438e+01,2.038123254848968335e-02,2.218578865079545021e-02,9.995460950560242086e-01,9.231060628896899933e-01,0.000000000000000000e+00,0.000000000000000000e+00,0.000000000000000000e+00,1.000000000000000056e-01
9.987956195325187192e-01,-4.633490380659581465e-02,-1.613651424210458055e-02,7.157468855124058393e+01,4.600739844475734697e-02,9.987386978335771603e-01,-2.010802670666457168e-02,1.092165327932105257e+01,1.704786470492626257e-02,1.934140995181346870e-02,9.996675848351183058e-01,9.526213405179575489e-01,0.000000000000000000e+00,0.000000000000000000e+00,0.000000000000000000e+00,1.000000000000000056e-01
9.987103398056470516e-01,-4.827862438399840167e-02,-1.571087498765726120e-02,7.218395928201803713e+01,4.793178201457622828e-02,9.986137518101864119e-01,-2.175129808748600332e-02,1.095233011216285668e+01,1.673921856587535367e-02,2.097019606900042341e-02,9.996399599048807483e-01,9.734235590368182089e-01,0.000000000000000000e+00,0.000000000000000000e+00,0.000000000000000000e+00,1.000000000000000056e-01
9.987695582978965980e-01,-4.653812084300890800e-02,-1.713396410133771752e-02,7.278479120147984816e+01,4.610073821164314273e-02,9.986215605652396521e-01,-2.509383809995870823e-02,1.097941776606225872e+01,1.827816603945744273e-02,2.427307320153122838e-02,9.995382566783460598e-01,9.989986126317695891e-01,0.000000000000000000e+00,0.000000000000000000e+00,0.000000000000000000e+00,1.000000000000000056e-01
9.987095280109902218e-01,-4.641925779584719913e-02,-2.060415408959747827e-02,7.342488521632726872e+01,4.573740539135702499e-02,9.984274501795505907e-01,-3.241475707185930560e-02,1.099297078615217060e+01,2.207642199569176747e-02,3.143054618748560708e-02,9.992621039338099864e-01,1.033402729968604827e+00,0.000000000000000000e+00,0.000000000000000000e+00,0.000000000000000000e+00,1.000000000000000056e-01
9.986576464215543014e-01,-4.484780791842266773e-02,-2.591484842081919274e-02,7.402990882095831182e+01,4.391625610701038046e-02,9.984056247747524759e-01,-3.546224566605533923e-02,1.101723799845577645e+01,2.746393441051816001e-02,3.427655967346274202e-02,9.990349592299792025e-01,1.057888385183471947e+00,0.000000000000000000e+00,0.000000000000000000e+00,0.000000000000000000e+00,1.000000000000000056e-01
9.987400851499341758e-01,-4.265919597270643321e-02,-2.642792677574998597e-02,7.460970063300511868e+01,4.175479369354864051e-02,9.985533967614915740e-01,-3.387699838675805458e-02,1.103897601286186791e+01,2.783486156443689200e-02,3.273082362314527066e-02,9.990765304353010912e-01,1.088039477706131741e+00,0.000000000000000000e+00,0.000000000000000000e+00,0.000000000000000000e+00,1.000000000000000056e-01
9.990454102639622080e-01,-3.659963388393409900e-02,-2.384816617841682002e-02,7.519076221272707983e+01,3.585930000781457905e-02,9.988831877093737877e-01,-3.076504371050921283e-02,1.108029199478442450e+01,2.494752158954773730e-02,2.988049716992634275e-02,9.992421013225059045e-01,1.103641893434662791e+00,0.000000000000000000e+00,0.000000000000000000e+00,0.000000000000000000e+00,1.000000000000000056e-01
9.993394534308375210e-01,-3.059664452646783731e-02,-1.960872663575650987e-02,7.573876895502709772e+01,2.995878020929633109e-02,9.990375846210497457e-01,-3.203710353496237728e-02,1.108826011052641469e+01,2.057008276419751425e-02,3.142848800467165638e-02,9.992943119205743852e-01,1.130405042525130632e+00,0.000000000000000000e+00,0.000000000000000000e+00,0.000000000000000000e+00,1.000000000000000056e-01
9.996120947042592686e-01,-2.310848859017332335e-02,-1.554534901637502110e-02,7.632399427483044008e+01,2.253634678018362481e-02,9.990967707518101371e-01,-3.602437712311120505e-02,1.108238733388310315e+01,1.636377691018763014e-02,3.566006770019736899e-02,9.992299967359121737e-01,1.154107748753278706e+00,0.000000000000000000e+00,0.000000000000000000e+00,0.000000000000000000e+00,1.000000000000000056e-01
9.998489726329786720e-01,-1.261920534804012242e-02,-1.194937576449353091e-02,7.687094738788958637e+01,1.214835442886660205e-02,9.991774624806066818e-01,-3.868870578717266417e-02,1.107685454399328506e+01,1.242776767757214525e-02,3.853769748181339050e-02,9.991798619184398822e-01,1.180613758968098503e+00,0.000000000000000000e+00,0.000000000000000000e+00,0.000000000000000000e+00,1.000000000000000056e-01
9.999114450995444381e-01,-1.700027380986600563e-03,-1.319893426927633978e-02,7.736891613155187031e+01,1.236783634182306909e-03,9.993856282914111988e-01,-3.502622347361278310e-02,1.106936223856251189e+01,1.325037075643547071e-02,3.500679750398685841e-02,9.992992303626235806e-01,1.204450118566324557e+00,0.000000000000000000e+00,0.000000000000000000e+00,0.000000000000000000e+00,1.000000000000000056e-01
9.998114879782628028e-01,1.426823474152126570e-02,-1.316837059217818191e-02,7.785948086563088566e+01,-1.467385462611372690e-02,9.994042543514068955e-01,-3.123802770214556893e-02,1.106938473187450711e+01,1.271481408058247435e-02,3.142536971412077107e-02,9.994252246372546944e-01,1.220110848327339959e+00,0.000000000000000000e+00,0.000000000000000000e+00,0.000000000000000000e+00,1.000000000000000056e-01
9.993665730695562299e-01,3.335796647931158626e-02,-1.239752812363794504e-02,7.833533089192204102e+01,-3.368269294394440200e-02,9.990683819964760737e-01,-2.697858949217569330e-02,1.105504672053947779e+01,1.148602747929966528e-02,2.737908266009837777e-02,9.995591313201216410e-01,1.238357865297354365e+00,0.000000000000000000e+00,0.000000000000000000e+00,0.000000000000000000e+00,1.000000000000000056e-01
9.983370930380903729e-01,5.664778808131688825e-02,-1.068067271989442922e-02,7.882296769037719741e+01,-5.692639332865492841e-02,9.979887713421694562e-01,-2.788903041588706652e-02,1.103879457981035372e+01,9.079339560042696752e-03,2.845066572931492441e-02,9.995539631319122487e-01,1.247246433121054876e+00,0.000000000000000000e+00,0.000000000000000000e+00,0.000000000000000000e+00,1.000000000000000056e-01
9.965499555504095941e-01,8.238565922144273912e-02,-1.003938479813737579e-02,7.931366743186033830e+01,-8.266086504285662107e-02,9.960934724270017471e-01,-3.106405605655272739e-02,1.099581021212092757e+01,7.440932928296564546e-03,3.178674791428519331e-02,9.994669755295521041e-01,1.267720485174603118e+00,0.000000000000000000e+00,0.000000000000000000e+00,0.000000000000000000e+00,1.000000000000000056e-01
9.938954853333777928e-01,1.099852532521573417e-01,-8.660733282364220867e-03,7.978245222895293409e+01,-1.102056487672146007e-01,9.934114334166647131e-01,-3.143944873634026832e-02,1.094849654095054170e+01,5.145795733098253860e-03,3.220198789060151751e-02,9.994681349408628401e-01,1.277825218343242808e+00,0.000000000000000000e+00,0.000000000000000000e+00,0.000000000000000000e+00,1.000000000000000056e-01
9.898244570450159818e-01,1.421494460407471405e-01,-6.409307751080207949e-03,8.024472478772126749e+01,-1.422825681153280231e-01,9.893089226030565841e-01,-3.199260021452410979e-02,1.087760115501300007e+01,1.793054947954889154e-03,3.257899090346475651e-02,9.994675554042089516e-01,1.282015740108453983e+00,0.000000000000000000e+00,0.000000000000000000e+00,0.000000000000000000e+00,1.000000000000000056e-01
