9.999910553099208288e-01,-4.182447553273565578e-03,-6.296289501707072207e-04,6.550817404801047017e-01,4.180482116407630185e-03,9.999864839791363647e-01,-3.091185584667958345e-03,7.151592833221411157e-03,6.425491616779894274e-04,3.088525782404765493e-03,9.999950240571531257e-01,2.219231820276170667e-03,0.000000000000000000e+00,0.000000000000000000e+00,0.000000000000000000e+00,1.000000000000000056e-01
9.999473717522072702e-01,-9.732058405833915113e-03,-3.246654437801506712e-03,1.324829926758555931e+00,9.726489334381001675e-03,9.999512057165275136e-01,-1.726728493756023771e-03,9.804751889841582801e-03,3.263300642176782465e-03,1.695059069299286424e-03,9.999932387989782789e-01,6.885590240197110058e-03,0.000000000000000000e+00,0.000000000000000000e+00,0.000000000000000000e+00,1.000000000000000056e-01
9.998731802210517605e-01,-1.550440301276352975e-02,-3.638263577303417831e-03,2.041777268044363325e+00,1.549995670672018114e-02,9.998790906973253900e-01,-1.247128052582052553e-03,1.102815940470350730e-03,3.657159653327094785e-03,1.190576964142263904e-03,9.999926038275296358e-01,6.423761120141532194e-03,0.000000000000000000e+00,0.000000000000000000e+00,0.000000000000000000e+00,1.000000000000000056e-01
9.997664814942032185e-01,-2.072435488688101346e-02,-6.122384766061412902e-03,2.736097196568136880e+00,2.072219423124518900e-02,9.997851856733269704e-01,-4.161422756218766551e-04,9.898753117804470758e-03,6.129693870303680979e-03,2.891758524187333862e-04,9.999811714379339689e-01,1.285143791214263427e-02,0.000000000000000000e+00,0.000000000000000000e+00,0.000000000000000000e+00,1.000000000000000056e-01
9.996459914001387670e-01,-2.524856457878842456e-02,-8.390581883541839772e-03,3.441493637645088199e+00,2.524145063827077859e-02,9.996809298790813036e-01,-9.526834579931391404e-04,1.221700790146132594e-02,8.411958589377961995e-03,7.405557414162736987e-04,9.999643446292895144e-01,2.910134532847445318e-02,0.000000000000000000e+00,0.000000000000000000e+00,0.000000000000000000e+00,1.000000000000000056e-01
9.994616082743480456e-01,-3.112840408165392855e-02,-1.036899440557404774e-02,4.161797354048469622e+00,3.112040210139618499e-02,9.995152082606301169e-01,-9.322171187925596065e-04,4.775219920374736832e-02,1.039298603390626484e-02,6.090279455206987864e-04,9.999458059946352284e-01,4.923800901768435323e-02,0.000000000000000000e+00,0.000000000000000000e+00,0.000000000000000000e+00,1.000000000000000056e-01
9.992919416692893630e-01,-3.579277005034149639e-02,-1.159710855967497310e-02,4.930012971931425625e+00,3.582004492833505693e-02,9.993559377474501293e-01,2.152689073383464401e-03,7.699438221674498317e-02,1.151258859481946693e-02,-2.566573793597962463e-03,9.999304340816956849e-01,6.346522579871959058e-02,0.000000000000000000e+00,0.000000000000000000e+00,0.000000000000000000e+00,1.000000000000000056e-01
9.991849370663280494e-01,-3.898501700718130791e-02,-1.047043402671658276e-02,5.700080545312355085e+00,3.901434616115931342e-02,9.992352378168120053e-01,2.611570178358165167e-03,1.138325134473834183e-01,1.036061452691264435e-02,-3.017938721883004719e-03,9.999417731610654725e-01,7.127205846325827820e-02,0.000000000000000000e+00,0.000000000000000000e+00,0.000000000000000000e+00,1.000000000000000056e-01
9.989794247551808670e-01,-4.424866129982520796e-02,-9.064485036745303578e-03,6.493126319078866615e+00,4.427309095987908699e-02,9.990163070485911234e-01,2.512303296458408622e-03,1.694054102644520221e-01,8.944402309059082748e-03,-2.911052072442852842e-03,9.999557607430267225e-01,8.539651356414321159e-02,0.000000000000000000e+00,0.000000000000000000e+00,0.000000000000000000e+00,1.000000000000000056e-01
9.987326834246956775e-01,-4.974276561713184691e-02,-7.660569695902942795e-03,7.317970996425575692e+00,4.975207117327824086e-02,9.987610689372570238e-01,1.028877678222565439e-03,2.054892370216257480e-01,7.599899556951857267e-03,-1.408702973225414712e-03,9.999701280951633908e-01,1.091308962245502445e-01,0.000000000000000000e+00,0.000000000000000000e+00,0.000000000000000000e+00,1.000000000000000056e-01
9.986422367327665306e-01,-5.154460428467533273e-02,-7.539017344014778757e-03,8.133874257347798675e+00,5.155623633466692446e-02,9.986691714256671348e-01,1.356664651051941138e-03,2.537157804177993525e-01,7.459055461725493802e-03,-1.743505981541967724e-03,9.999706609088644393e-01,1.278261661000475446e-01,0.000000000000000000e+00,0.000000000000000000e+00,0.000000000000000000e+00,1.000000000000000056e-01
9.984655224766634252e-01,-5.468903068933120976e-02,-8.701169327450157184e-03,8.980563490247735814e+00,5.470233498989023752e-02,9.985018623083609102e-01,1.298273233490607670e-03,3.059589052964176159e-01,8.617132473009865221e-03,-1.772255341748603082e-03,9.999613013206792855e-01,1.409420844249844595e-01,0.000000000000000000e+00,0.000000000000000000e+00,0.000000000000000000e+00,1.000000000000000056e-01
9.984672546571312646e-01,-5.463550508715298709e-02,-8.837587981059527933e-03,9.660499472496857365e+00,5.466491480584288049e-02,9.984998779928887513e-01,3.121015452735693974e-03,3.894776921131398728e-01,8.653812265194333816e-03,-3.599337724909251746e-03,9.999560771860036557e-01,1.625248884498985968e-01,0.000000000000000000e+00,0.000000000000000000e+00,0.000000000000000000e+00,1.000000000000000056e-01
9.981803023882853676e-01,-5.951947960541587035e-02,-9.670339783673920914e-03,1.041440547227058744e+01,5.955349979467744470e-02,9.982197634626887028e-01,3.268714533136984901e-03,4.548825797102433177e-01,9.458572103471837161e-03,-3.838669039429144260e-03,9.999478986596097574e-01,1.737315430789332926e-01,0.000000000000000000e+00,0.000000000000000000e+00,0.000000000000000000e+00,1.000000000000000056e-01
9.980188085994081693e-01,-6.201901275279850245e-02,-1.058771641979912650e-02,1.124080485114548011e+01,6.203893870557264378e-02,9.980725048033848301e-01,1.563726249571135551e-03,5.077894257898953878e-01,1.047032788904280268e-02,-2.217478898572508659e-03,9.999427258704521870e-01,2.001168716894260735e-01,0.000000000000000000e+00,0.000000000000000000e+00,0.000000000000000000e+00,1.000000000000000056e-01
9.977892322066409525e-01,-6.534625043395282662e-02,-1.210436477907877138e-02,1.213183601611710216e+01,6.537654149486539501e-02,9.978584060330190075e-01,2.123518639583486887e-03,5.745513273345909111e-01,1.193967816367036937e-02,-2.910165539214928498e-03,9.999244846596578862e-01,2.191196243092985441e-01,0.000000000000000000e+00,0.000000000000000000e+00,0.000000000000000000e+00,1.000000000000000056e-01
9.976229658786428534e-01,-6.745717352206120898e-02,-1.406938846982315472e-02,1.303002721129760744e+01,6.752280118887826754e-02,9.977087118265151044e-01,4.242365505601456213e-03,6.546478392421195558e-01,1.375097346035871956e-02,-5.182285778536337845e-03,9.998920214918218807e-01,2.386371375170839304e-01,0.000000000000000000e+00,0.000000000000000000e+00,0.000000000000000000e+00,1.000000000000000056e-01
9.977414016917468542e-01,-6.477484176122887127e-02,-1.778525302030040112e-02,1.390459148165525605e+01,6.490981048808432130e-02,9.978657420250611754e-01,7.118805740790320330e-03,7.196816573570526954e-01,1.728617518681689613e-02,-8.257164621217717021e-03,9.998164868513765846e-01,2.510247312318737434e-01,0.000000000000000000e+00,0.000000000000000000e+00,0.000000000000000000e+00,1.000000000000000056e-01
9.967216737396593640e-01,-7.946036182414979721e-02,-1.523010165386965396e-02,1.487209441836485269e+01,7.956655722241263995e-02,9.968083795131754687e-01,6.497499833758823597e-03,8.098389738720906950e-01,1.466519926167191533e-02,-7.688005664173034638e-03,9.998629038520846501e-01,2.706410257426000165e-01,0.000000000000000000e+00,0.000000000000000000e+00,0.000000000000000000e+00,1.000000000000000056e-01
9.963330576768786306e-01,-8.424509877336459895e-02,-1.493993015069904062e-02,1.583278750697878401e+01,8.431928968814290937e-02,9.964290443115382256e-01,4.406476923991682962e-03,9.086794667447715135e-01,1.451535623843795003e-02,-5.650042925560653378e-03,9.998786833652423267e-01,2.897305210864449809e-01,0.000000000000000000e+00,0.000000000000000000e+00,0.000000000000000000e+00,1.000000000000000056e-01
9.961828074984577786e-01,-8.606749410786590504e-02,-1.456710343489902269e-02,1.674016999438903142e+01,8.613718393792665906e-02,9.962743268615887882e-01,4.225065648228882968e-03,1.004222243290604277e+00,1.414919035614287633e-02,-5.463707027332640430e-03,9.998849675426594308e-01,3.162144939787286391e-01,0.000000000000000000e+00,0.000000000000000000e+00,0.000000000000000000e+00,1.000000000000000056e-01
9.959534972786924234e-01,-8.878929845671669485e-02,-1.389574531667102202e-02,1.763107734061442500e+01,8.886221110115817556e-02,9.960327473051953096e-01,4.719505681554886020e-03,1.095622041301124616e+00,1.342157578508939263e-02,-5.935214842709196983e-03,9.998923114656977917e-01,3.468658655325054241e-01,0.000000000000000000e+00,0.000000000000000000e+00,0.000000000000000000e+00,1.000000000000000056e-01
9.958836410781324311e-01,-8.948940071558174336e-02,-1.440210375353621550e-02,1.853936686899163888e+01,8.955312161348789879e-02,9.959746417363249948e-01,3.840758711351131751e-03,1.182859889778999030e+00,1.400042293080565325e-02,-5.114702118893419899e-03,9.998889078192604307e-01,3.587865483134355382e-01,0.000000000000000000e+00,0.000000000000000000e+00,0.000000000000000000e+00,1.000000000000000056e-01
9.956648343938596657e-01,-9.180682926294612967e-02,-1.493464603303860938e-02,1.947618810505037956e+01,9.182591929361920424e-02,9.957748968472365236e-01,5.961163956309556726e-04,1.271058247737747893e+00,1.481681805684447947e-02,-1.964919733643933231e-03,9.998882942574689459e-01,3.853617248591680311e-01,0.000000000000000000e+00,0.000000000000000000e+00,0.000000000000000000e+00,1.000000000000000056e-01
9.955207772603155147e-01,-9.357523007954489380e-02,-1.349290030266043182e-02,2.040668683465070998e+01,9.356177144019724168e-02,9.956121478258775914e-01,-1.626661155635244441e-03,1.357543794563512041e+00,1.358591064263221272e-02,3.569553238142781802e-04,9.999076435425959808e-01,4.126167370171300308e-01,0.000000000000000000e+00,0.000000000000000000e+00,0.000000000000000000e+00,1.000000000000000056e-01
9.956651162666813049e-01,-9.253470603117887328e-02,-9.397043651032251435e-03,2.132852906721121400e+01,9.252559882112947054e-02,9.957093214648543578e-01,-1.400253830816457472e-03,1.456526259789847622e+00,9.486296034148572823e-03,5.247168023026821306e-04,9.999548664113945273e-01,4.296922995173365067e-01,0.000000000000000000e+00,0.000000000000000000e+00,0.000000000000000000e+00,1.000000000000000056e-01
9.955606766799166563e-01,-9.385659620604609732e-02,-7.062463963924224021e-03,2.227636216215645604e+01,9.383335473207725375e-02,9.955815742328760765e-01,-3.553953814062863013e-03,1.553252131432732774e+00,7.364820999228072033e-03,2.875481977608180650e-03,9.999687450190859472e-01,4.492003609774848916e-01,0.000000000000000000e+00,0.000000000000000000e+00,0.000000000000000000e+00,1.000000000000000056e-01
9.956565678931744712e-01,-9.303156286032081279e-02,-3.623137169716846278e-03,2.325285965965723278e+01,9.301768624496238591e-02,9.956571014283269738e-01,-3.827064276427360849e-03,1.650232928609474348e+00,3.963440023280447380e-03,3.473425846099058474e-03,9.999861131316142293e-01,4.708507628901101860e-01,0.000000000000000000e+00,0.000000000000000000e+00,0.000000000000000000e+00,1.000000000000000056e-01
9.958504548653642763e-01,-9.096919014236516665e-02,-2.545189440727970830e-03,2.418459425916904237e+01,9.095293556590787476e-02,9.958376923020860749e-01,-5.903736308440251344e-03,1.748957042699531117e+00,3.071653689919065598e-03,5.647746036959830525e-03,9.999793337406084337e-01,4.918930269424619528e-01,0.000000000000000000e+00,0.000000000000000000e+00,0.000000000000000000e+00,1.000000000000000056e-01
9.958726635653495363e-01,-9.062119457421582980e-02,-5.043516352529286637e-03,2.514088697048162757e+01,9.058120573898223449e-02,9.958596028911547160e-01,-7.661363869691370163e-03,1.830972073757442864e+00,5.716916137944028434e-03,7.172895051076500980e-03,9.999579323383849250e-01,5.079622774171863586e-01,0.000000000000000000e+00,0.000000000000000000e+00,0.000000000000000000e+00,1.000000000000000056e-01
9.961176402286459064e-01,-8.743214320931241845e-02,-1.025997851558059851e-02,2.608337171236794916e+01,8.734045721447997179e-02,9.961372418781447857e-01,-9.068620455620715962e-03,1.934711021348616278e+00,1.101323562262621070e-02,8.137301593820584281e-03,9.999062420866726697e-01,5.213737482364577680e-01,0.000000000000000000e+00,0.000000000000000000e+00,0.000000000000000000e+00,1.000000000000000056e-01
9.961234027375878153e-01,-8.709284366541858446e-02,-1.236944221703021977e-02,2.703612740921033009e+01,8.696834235338593566e-02,9.961581298249826411e-01,-1.027072596739812133e-02,2.023187608978792795e+00,1.321642715690397006e-02,9.155160613778811490e-03,9.998707461903973970e-01,5.414687836848441904e-01,0.000000000000000000e+00,0.000000000000000000e+00,0.000000000000000000e+00,1.000000000000000056e-01
9.962447579794643238e-01,-8.606598595615472247e-02,-9.435478781359177627e-03,2.801399768177064331e+01,8.594308589077645499e-02,9.962186159448950251e-01,-1.273794459119388135e-02,2.107658841365443347e+00,1.049610337263903563e-02,1.187919636308282408e-02,9.998743503599630822e-01,5.607880829564261260e-01,0.000000000000000000e+00,0.000000000000000000e+00,0.000000000000000000e+00,1.000000000000000056e-01
9.963106624500761566e-01,-8.573681251561401928e-02,-3.776621235041589461e-03,2.901422185227306016e+01,8.567477320018315745e-02,9.962203085139297309e-01,-1.431538129103794750e-02,2.187364215781180121e+00,4.989701933752640345e-03,1.393900584952425907e-02,9.998903974889143953e-01,5.908799280406513699e-01,0.000000000000000000e+00,0.000000000000000000e+00,0.000000000000000000e+00,1.000000000000000056e-01
9.964778930142417224e-01,-8.383857304734007587e-02,-1.703644118691856292e-03,2.995515020993602207e+01,8.379874077379878550e-02,9.963432315422876551e-01,-1.667141279547390553e-02,2.260628518627206152e+00,3.095121746071155533e-03,1.646993106413144337e-02,9.998595709358988337e-01,6.076190713727456227e-01,0.000000000000000000e+00,0.000000000000000000e+00,0.000000000000000000e+00,1.000000000000000056e-01
9.963423934644457525e-01,-8.540357625083559723e-02,-2.839744549652345289e-03,3.085810347501101703e+01,8.530830178645175399e-02,9.960500150992172008e-01,-2.463455027316166848e-02,2.327744865869352697e+00,4.932406294218143195e-03,2.430219299604393854e-02,9.996924901106999384e-01,6.310159876398836465e-01,0.000000000000000000e+00,0.000000000000000000e+00,0.000000000000000000e+00,1.000000000000000056e-01
9.963190602283228392e-01,-8.557493036367162798e-02,-5.026083863631085683e-03,3.179202101711437933e+01,8.539610609313329215e-02,9.959300379234510281e-01,-2.882472247782658092e-02,2.407869105266060572e+00,7.472301511704722635e-03,2.828941241959876535e-02,9.995718452692993194e-01,6.515224529909925399e-01,0.000000000000000000e+00,0.000000000000000000e+00,0.000000000000000000e+00,1.000000000000000056e-01
9.964571334039877826e-01,-8.363206458038857649e-02,-8.880262514645898692e-03,3.275971151511753021e+01,8.332296048343496020e-02,9.960460880066187572e-01,-3.081354934094667972e-02,2.479073744738840457e+00,1.142215148661790761e-02,2.996445128369169472e-02,9.994857008055112457e-01,6.638964784780768680e-01,0.000000000000000000e+00,0.000000000000000000e+00,0.000000000000000000e+00,1.000000000000000056e-01
9.963163463057095326e-01,-8.533508704991940585e-02,-8.465282170377782384e-03,3.370461178541832936e+01,8.503003690816857141e-02,9.958801569754351934e-01,-3.150564657292596882e-02,2.560208704981278505e+00,1.111894362954181023e-02,3.066978742615131606e-02,9.994677249575384392e-01,6.789606411579183209e-01,0.000000000000000000e+00,0.000000000000000000e+00,0.000000000000000000e+00,1.000000000000000056e-01
9.963132446100673167e-01,-8.545704075904310415e-02,-7.550682039878003210e-03,3.466530019113337602e+01,8.517314678822184015e-02,9.958464645594308218e-01,-3.217691860129476972e-02,2.652897805112005347e+00,1.026906425883615873e-02,3.141517482347629814e-02,9.994536673153280315e-01,7.084440819702625403e-01,0.000000000000000000e+00,0.000000000000000000e+00,0.000000000000000000e+00,1.000000000000000056e-01
9.962570175499644298e-01,-8.613207853317332574e-02,-7.295205960427323527e-03,3.563624535954913597e+01,8.586722090352623404e-02,9.958228344551072198e-01,-3.104356216836373639e-02,2.737378659250704782e+00,9.938579212081483788e-03,3.030094759824022987e-02,9.994914092766850056e-01,7.245666405941660893e-01,0.000000000000000000e+00,0.000000000000000000e+00,0.000000000000000000e+00,1.000000000000000056e-01
9.963231452487009143e-01,-8.524112087319572761e-02,-8.610548996279516337e-03,3.659814541813992150e+01,8.494909827840251004e-02,9.959351098837648797e-01,-2.994841569264529782e-02,2.817074546240133426e+00,1.112838458278667120e-02,2.910684134519596691e-02,9.995143574974214573e-01,7.552969852192712441e-01,0.000000000000000000e+00,0.000000000000000000e+00,0.000000000000000000e+00,1.000000000000000056e-01
9.961628838528259200e-01,-8.726617701557799756e-02,-6.642528367043165800e-03,3.758818057080051034e+01,8.703375114510301935e-02,9.957647496770223317e-01,-2.962582424624432206e-02,2.916019817304636330e+00,9.199728019536416654e-03,2.893402235678419268e-02,9.995389874110082173e-01,7.814628597421439116e-01,0.000000000000000000e+00,0.000000000000000000e+00,0.000000000000000000e+00,1.000000000000000056e-01
9.963719064357569044e-01,-8.502468569258185560e-02,-3.718452427148245289e-03,3.857263874304810969e+01,8.487892227205258433e-02,9.959542464994669553e-01,-2.950775209353989625e-02,3.005144440376521953e+00,6.212295832472398797e-03,2.908507697353780036e-02,9.995576349955680451e-01,8.186714640263386134e-01,0.000000000000000000e+00,0.000000000000000000e+00,0.000000000000000000e+00,1.000000000000000056e-01
9.964478141350421314e-01,-8.418021031407843524e-02,-2.333644568909362497e-03,3.956410280355385112e+01,8.409772270895488067e-02,9.961535994676414818e-01,-2.460852093949218375e-02,3.095520248213015968e+00,4.396218905402028872e-03,2.432485270539600300e-02,9.996944407168605329e-01,8.386923171289575318e-01,0.000000000000000000e+00,0.000000000000000000e+00,0.000000000000000000e+00,1.000000000000000056e-01
9.962927514838564313e-01,-8.592921595874956908e-02,-4.113779945666350482e-03,4.055883640877060969e+01,8.579219832881253283e-02,9.959649221114978968e-01,-2.633576711143125956e-02,3.179703794767014369e+00,6.360192342726939466e-03,2.588520365290620032e-02,9.996446889696414262e-01,8.680141501866093234e-01,0.000000000000000000e+00,0.000000000000000000e+00,0.000000000000000000e+00,1.000000000000000056e-01
9.962700761224018153e-01,-8.610828173370496663e-02,-5.594572363684748029e-03,4.156386669062398198e+01,8.596330340302665851e-02,9.960468661364355603e-01,-2.238193306720385675e-02,3.260597327097253917e+00,7.499726068517420866e-03,2.181752223912006641e-02,9.997338394954142782e-01,9.086786789646088547e-01,0.000000000000000000e+00,0.000000000000000000e+00,0.000000000000000000e+00,1.000000000000000056e-01
9.961696264173787174e-01,-8.711046780381480337e-02,-7.605379836715326150e-03,4.258765836525645199e+01,8.693235805286149420e-02,9.959876583654210247e-01,-2.124498781205720610e-02,3.322619797222041704e+00,9.425525281344332082e-03,2.050245796888543887e-02,9.997453719274747019e-01,9.292353246010683909e-01,0.000000000000000000e+00,0.000000000000000000e+00,0.000000000000000000e+00,1.000000000000000056e-01
9.962770183886636710e-01,-8.600671282379090954e-02,-5.911681642334546023e-03,4.360607558744754186e+01,8.585590091008685198e-02,9.960591658036388463e-01,-2.224640414711005765e-02,3.413055712341842796e+00,7.801724778002919365e-03,2.165602844025575624e-02,9.997350396593505106e-01,9.578536468950534788e-01,0.000000000000000000e+00,0.000000000000000000e+00,0.000000000000000000e+00,1.000000000000000056e-01
9.963834207605276605e-01,-8.480242868882516272e-02,-5.350413257503830802e-03,4.459559633083460284e+01,8.464157715318497421e-02,9.960900792509255197e-01,-2.530528472288679637e-02,3.504215310027435581e+00,7.475443168855218021e-03,2.476089873897262955e-02,9.996654518603048656e-01,9.911772589052905147e-01,0.000000000000000000e+00,0.000000000000000000e+00,0.000000000000000000e+00,1.000000000000000056e-01
9.962499934967702364e-01,-8.641509813565700915e-02,-4.287338555572601725e-03,4.557555705321496475e+01,8.628673610854539766e-02,9.959745448756615049e-01,-2.427560774631876486e-02,3.601109462938817174e+00,6.367859092315148600e-03,2.381463360884752620e-02,9.996961106239519168e-01,1.017589565660763640e+00,0.000000000000000000e+00,0.000000000000000000e+00,0.000000000000000000e+00,1.000000000000000056e-01
9.955686435932219469e-01,-9.385788412650510060e-02,-5.811495611959904481e-03,4.648682040642042779e+01,9.369701656942645840e-02,9.953217132822550495e-01,-2.357023875282336992e-02,3.675780101096951746e+00,7.996560506924795322e-03,2.292127082366980304e-02,9.997052917554688500e-01,1.042915444356041332e+00,0.000000000000000000e+00,0.000000000000000000e+00,0.000000000000000000e+00,1.000000000000000056e-01
9.957371663680099072e-01,-9.160872763570422628e-02,-1.073948482812460761e-02,4.743344129693024769e+01,9.133612405389120170e-02,9.955404927111972668e-01,-2.359745357361420909e-02,3.774949837088302562e+00,1.285332471457699757e-02,2.251595863635481171e-02,9.996638553286137929e-01,1.056962375320446901e+00,0.000000000000000000e+00,0.000000000000000000e+00,0.000000000000000000e+00,1.000000000000000056e-01
9.958862255572086264e-01,-8.977217975527694571e-02,-1.231184337955641694e-02,4.838225590667897080e+01,8.942664207444252222e-02,9.956483434057686877e-01,-2.621549085251238462e-02,3.869025554935960454e+00,1.461168822231118797e-02,2.500663942505790618e-02,9.995804952838761581e-01,1.076226250580819555e+00,0.000000000000000000e+00,0.000000000000000000e+00,0.000000000000000000e+00,1.000000000000000056e-01
9.960851422402547950e-01,-8.775756336253481837e-02,-1.063012139545101327e-02,4.935399118939305652e+01,8.745324545550992035e-02,9.958205567894347077e-01,-2.633151220265311093e-02,3.978014045821087752e+00,1.289648275731299955e-02,2.529878946216248398e-02,9.995967446846950599e-01,1.103784304984451348e+00,0.000000000000000000e+00,0.000000000000000000e+00,0.000000000000000000e+00,1.000000000000000056e-01
9.962093116659618275e-01,-8.648680711998937842e-02,-9.329498604975334022e-03,5.036983888576286716e+01,8.622400558751064370e-02,9.959462202553905907e-01,-2.562317738778717782e-02,4.078286184798788128e+00,1.150774567304194661e-02,2.472162116833823489e-02,9.996281374772989503e-01,1.144162995578506647e+00,0.000000000000000000e+00,0.000000000000000000e+00,0.000000000000000000e+00,1.000000000000000056e-01
9.963258059203109474e-01,-8.510400077339448643e-02,-9.601953426516342954e-03,5.131359771305235995e+01,8.481751804523184057e-02,9.960282103846430646e-01,-2.708860924100814013e-02,4.166872914957759910e+00,1.186916550940670181e-02,2.617466657528479471e-02,9.995869195521632777e-01,1.167125230573444528e+00,0.000000000000000000e+00,0.000000000000000000e+00,0.000000000000000000e+00,1.000000000000000056e-01
9.964373783031620357e-01,-8.366726132374514846e-02,-1.059908028582217700e-02,5.226857418015763557e+01,8.333292272804602996e-02,9.961052256501513602e-01,-2.880977997247860523e-02,4.256602489200380646e+00,1.296823464942993727e-02,2.782388928682075213e-02,9.995287169836752916e-01,1.198864926096978811e+00,0.000000000000000000e+00,0.000000000000000000e+00,0.000000000000000000e+00,1.000000000000000056e-01
9.964000736265884450e-01,-8.403800737860472880e-02,-1.115825222706472684e-02,5.325108781485962339e+01,8.365898059103965556e-02,9.960140438462755652e-01,-3.093863971569480939e-02,4.347105523798804327e+00,1.371379755564700216e-02,2.989377488413086717e-02,9.994590006497413581e-01,1.237448927947184751e+00,0.000000000000000000e+00,0.000000000000000000e+00,0.000000000000000000e+00,1.000000000000000056e-01
9.964057278511561089e-01,-8.406385515914426010e-02,-1.043521735232742428e-02,5.420761520929448096e+01,8.368032374653917860e-02,9.959482099237475516e-01,-3.293579462161450727e-02,4.428563634472427957e+00,1.316164591083845287e-02,3.194419204589773326e-02,9.994029916262270330e-01,1.253472321206665629e+00,0.000000000000000000e+00,0.000000000000000000e+00,0.000000000000000000e+00,1.000000000000000056e-01
9.963962949910881717e-01,-8.459734336804018706e-02,-6.141076705460987023e-03,5.515610111963838591e+01,8.432715010911832898e-02,9.958007284411529714e-01,-3.563482833610032846e-02,4.503122657171696019e+00,9.129900465321293471e-03,3.498855142956078940e-02,9.993460092412208562e-01,1.286360293420635070e+00,0.000000000000000000e+00,0.000000000000000000e+00,0.000000000000000000e+00,1.000000000000000056e-01
9.962525908230999150e-01,-8.647120714525738383e-02,-1.872328257289013155e-03,5.610439720402202113e+01,8.635399661969114793e-02,9.956560187593794797e-01,-3.481493323314788224e-02,4.592336787264613029e+00,4.874684201814901384e-03,3.452278440485592736e-02,9.993920225871669727e-01,1.328430958636851233e+00,0.000000000000000000e+00,0.000000000000000000e+00,0.000000000000000000e+00,1.000000000000000056e-01
9.961210092379512160e-01,-8.798633708601460990e-02,-1.157342192998796855e-03,5.706061226684298049e+01,8.790502621995779919e-02,9.956194482552318537e-01,-3.185311007132918953e-02,4.668572353660415786e+00,3.954910875609858774e-03,3.162781595579896438e-02,9.994918908814778291e-01,1.342012230828211417e+00,0.000000000000000000e+00,0.000000000000000000e+00,0.000000000000000000e+00,1.000000000000000056e-01
9.960483469634126008e-01,-8.859491532718091755e-02,-6.215423527224377305e-03,5.795492259087549769e+01,8.834904308079527535e-02,9.955607899999514565e-01,-3.245242674100479868e-02,4.752025792388213432e+00,9.062951956228647993e-03,3.177505928935694252e-02,9.994539551720214021e-01,1.369327076414470712e+00,0.000000000000000000e+00,0.000000000000000000e+00,0.000000000000000000e+00,1.000000000000000056e-01
9.957989032377794203e-01,-9.087167908479470979e-02,-1.126420217972377326e-02,5.888333680474192988e+01,9.048337370918876910e-02,9.954095415241962508e-01,-3.118659527413595103e-02,4.830132571331125391e+00,1.404647260485335052e-02,3.003635435434129017e-02,9.994501058204263710e-01,1.399747740716011046e+00,0.000000000000000000e+00,0.000000000000000000e+00,0.000000000000000000e+00,1.000000000000000056e-01
9.957564421820719325e-01,-9.077902208409747986e-02,-1.510883855089550226e-02,5.983091485227890871e+01,9.027995938975187651e-02,9.954350797393588524e-01,-3.096015111205211931e-02,4.931974708444616162e+00,1.785040014920773882e-02,2.946474458995517257e-02,9.994064198516846576e-01,1.429458316488839920e+00,0.000000000000000000e+00,0.000000000000000000e+00,0.000000000000000000e+00,1.000000000000000056e-01
9.957458139217224558e-01,-9.086148756081040279e-02,-1.531222177226989299e-02,6.073522753004986896e+01,9.042216769972701018e-02,9.955296583947761402e-01,-2.728609251730342716e-02,5.024046704647566308e+00,1.772302586605698643e-02,2.578544811743812420e-02,9.995103826471909425e-01,1.454475170394837313e+00,0.000000000000000000e+00,0.000000000000000000e+00,0.000000000000000000e+00,1.000000000000000056e-01
9.956100719749849670e-01,-9.237454799217309498e-02,-1.508401356426420335e-02,6.167440210328886963e+01,9.196105194401457683e-02,9.954197787547037768e-01,-2.612716956133651416e-02,5.116900787900608982e+00,1.742841092341614745e-02,2.462533141255736011e-02,9.995448181775073992e-01,1.489155525896374677e+00,0.000000000000000000e+00,0.000000000000000000e+00,0.000000000000000000e+00,1.000000000000000056e-01
9.955204884428392464e-01,-9.359868539067664472e-02,-1.335077464673472929e-02,6.255707245624341084e+01,9.326960968860717460e-02,9.953647805770350354e-01,-2.344639621275983188e-02,5.203675671284073267e+00,1.548344273944381698e-02,2.209614626960950540e-02,9.996359453926045857e-01,1.526546435766761523e+00,0.000000000000000000e+00,0.000000000000000000e+00,0.000000000000000000e+00,1.000000000000000056e-01
9.954151860114879291e-01,-9.467540843192848166e-02,-1.360788359600598012e-02,6.338149206404115432e+01,9.436604281567473329e-02,9.952984610723697445e-01,-2.181795935193806685e-02,5.293634906404556695e+00,1.560952981435264654e-02,2.043380594064909267e-02,9.996693464109793759e-01,1.557253828215500846e+00,0.000000000000000000e+00,0.000000000000000000e+00,0.000000000000000000e+00,1.000000000000000056e-01
9.952379034418257220e-01,-9.669630956846857195e-02,-1.230200262388445390e-02,6.419856869115560016e+01,9.643037008739381577e-02,9.951258369876314624e-01,-2.063376563970172745e-02,5.378352694078176732e+00,1.423724964757688491e-02,1.934921898952945973e-02,9.997114125821350283e-01,1.584054053380084648e+00,0.000000000000000000e+00,0.000000000000000000e+00,0.000000000000000000e+00,1.000000000000000056e-01
9.953116373759032243e-01,-9.604210625526385381e-02,-1.143058748058145384e-02,6.498691358627682746e+01,9.578053766024957616e-02,9.951686443368923385e-01,-2.157447413462180302e-02,5.461897440819057259e+00,1.344742018426328851e-02,2.037849736179189047e-02,9.997018974352620546e-01,1.612904968615067824e+00,0.000000000000000000e+00,0.000000000000000000e+00,0.000000000000000000e+00,1.000000000000000056e-01
9.952519644682608080e-01,-9.664235055986035439e-02,-1.156647311555463083e-02,6.578156338161900862e+01,9.636422628338060792e-02,9.950900206635595602e-01,-2.257845585069866504e-02,5.540290840640360592e+00,1.369171701698531328e-02,2.135665830745979779e-02,9.996781632260780537e-01,1.639736242798183641e+00,0.000000000000000000e+00,0.000000000000000000e+00,0.000000000000000000e+00,1.000000000000000056e-01
9.953030916199426814e-01,-9.621324132807250462e-02,-1.071298300801636592e-02,6.652479701806375090e+01,9.594373770744575591e-02,9.951132341314318230e-01,-2.333346204931762563e-02,5.615411562954751190e+00,1.290561918347265906e-02,2.219602328409699121e-02,9.996703364328978214e-01,1.669969542168148413e+00,0.000000000000000000e+00,0.000000000000000000e+00,0.000000000000000000e+00,1.000000000000000056e-01
9.953698837290752000e-01,-9.566630277025914286e-02,-9.314133316434760820e-03,6.732426463897016333e+01,9.544008171591472633e-02,9.951857202499541089e-01,-2.228391825150313060e-02,5.704640751198804871e+00,1.140111254337622219e-02,2.129179947419343466e-02,9.997082944078857780e-01,1.686381715762975020e+00,0.000000000000000000e+00,0.000000000000000000e+00,0.000000000000000000e+00,1.000000000000000056e-01
9.952092085564141488e-01,-9.761287060988722841e-02,-5.509872576853171861e-03,6.806968733586873554e+01,9.747096576749410268e-02,9.949977254757665923e-01,-2.188463228850527978e-02,5.779507692464260771e+00,7.618532461553032681e-03,2.124273497806977370e-02,9.997453196558530042e-01,1.707956304127879354e+00,0.000000000000000000e+00,0.000000000000000000e+00,0.000000000000000000e+00,1.000000000000000056e-01
9.951165448632433019e-01,-9.867792876332787122e-02,-2.393431515681040088e-03,6.879763065101288078e+01,9.860384823084858419e-02,9.948928224376417662e-01,-2.157667667021214222e-02,5.857736763970383898e+00,4.510349599359664632e-03,2.123530637976971461e-02,9.997643314848999596e-01,1.734298631303083260e+00,0.000000000000000000e+00,0.000000000000000000e+00,0.000000000000000000e+00,1.000000000000000056e-01
9.950383797015183163e-01,-9.928705760543107828e-02,-6.379899139709738209e-03,6.948809918793456575e+01,9.916136430552177639e-02,9.949143923554621960e-01,-1.767415381366112953e-02,5.936779581871179268e+00,8.102268203697672588e-03,1.695382187051553552e-02,9.998234450011352914e-01,1.760086790696146819e+00,0.000000000000000000e+00,0.000000000000000000e+00,0.000000000000000000e+00,1.000000000000000056e-01
9.949848956653548626e-01,-9.936877246480224635e-02,-1.144134854994612212e-02,7.018762995544392425e+01,9.914115214361082784e-02,9.948921714563084828e-01,-1.898944776944824775e-02,6.013274659036218495e+00,1.326986621787893360e-02,1.775990523030888252e-02,9.997542180039902249e-01,1.774287248778558812e+00,0.000000000000000000e+00,0.000000000000000000e+00,0.000000000000000000e+00,1.000000000000000056e-01
9.949969762797236106e-01,-9.874824674248861012e-02,-1.515918729654183207e-02,7.093897246616742791e+01,9.843026618418951323e-02,9.949336317859461820e-01,-2.045851998891565215e-02,6.090270565125884161e+00,1.710262825172332093e-02,1.886404268739476364e-02,9.996757714381055981e-01,1.814398340532488607e+00,0.000000000000000000e+00,0.000000000000000000e+00,0.000000000000000000e+00,1.000000000000000056e-01
9.948348252128312863e-01,-1.003520567240535205e-01,-1.526876730478875059e-02,7.166860646693390891e+01,1.000482362396656194e-01,9.947913027077720516e-01,-1.950934346168248928e-02,6.170254589686813951e+00,1.714703965958844223e-02,1.788096105432200600e-02,9.996930780307955455e-01,1.836519595445604613e+00,0.000000000000000000e+00,0.000000000000000000e+00,0.000000000000000000e+00,1.000000000000000056e-01
9.947400301506353903e-01,-1.015838679721881993e-01,-1.315257327377547698e-02,7.234745033455392615e+01,1.013354765355650861e-01,9.946831278032679524e-01,-1.834656531391243989e-02,6.255544716623986368e+00,1.494635779121226797e-02,1.691724065315488440e-02,9.997451742106386874e-01,1.858427814693572433e+00,0.000000000000000000e+00,0.000000000000000000e+00,0.000000000000000000e+00,1.000000000000000056e-01
9.947258356303744220e-01,-1.020695936784291741e-01,-1.011483938447034318e-02,7.295824071354952878e+01,1.018814282580466218e-01,9.946401381922714835e-01,-1.764001340587599900e-02,6.310561374780333743e+00,1.186113424398201922e-02,1.651646279260042885e-02,9.997932386004952932e-01,1.883946735409435025e+00,0.000000000000000000e+00,0.000000000000000000e+00,0.000000000000000000e+00,1.000000000000000056e-01
9.946399280001407828e-01,-1.025563417941778854e-01,-1.317612938880826853e-02,7.352831460601743174e+01,1.022985678583219760e-01,9.945733967789097685e-01,-1.894099875396340962e-02,6.363553525555607493e+00,1.504714730476002654e-02,1.749157447050188677e-02,9.997337786533632142e-01,1.903079531727092988e+00,0.000000000000000000e+00,0.000000000000000000e+00,0.000000000000000000e+00,1.000000000000000056e-01
9.947964541462614996e-01,-1.006705328000645494e-01,-1.566711983027697930e-02,7.416133300640572656e+01,1.002838782984641630e-01,9.946748911635626689e-01,-2.376982629666423569e-02,6.417937250165964613e+00,1.797661178987742386e-02,2.207497937724719334e-02,9.995946862173938907e-01,1.931841931689670888e+00,0.000000000000000000e+00,0.000000000000000000e+00,0.000000000000000000e+00,1.000000000000000056e-01
9.948484736037804810e-01,-9.969355756079868736e-02,-1.837686450675832250e-02,7.477720973829575257e+01,9.915389150138871621e-02,9.946709572750173090e-01,-2.825230174218714904e-02,6.469243362857850066e+00,2.109550588061037679e-02,2.628462163456947789e-02,9.994318877728329831e-01,1.962732545378110371e+00,0.000000000000000000e+00,0.000000000000000000e+00,0.000000000000000000e+00,1.000000000000000056e-01
9.954026974032265107e-01,-9.393502875924833462e-02,-1.869974262870502738e-02,7.536188901444410249e+01,9.341674245211165073e-02,9.952638665762590930e-01,-2.689141344946780615e-02,6.520415668429178524e+00,2.113722384837845789e-02,2.502091644351914917e-02,9.994634418068076842e-01,1.984837292513015550e+00,0.000000000000000000e+00,0.000000000000000000e+00,0.000000000000000000e+00,1.000000000000000056e-01
9.958035282710904212e-01,-8.977102176789378274e-02,-1.779035507222811660e-02,7.592054806021332070e+01,8.934494953502508663e-02,9.957246265132695395e-01,-2.345097327604176926e-02,6.595423824967317827e+00,1.981951249227463172e-02,2.176308355353505017e-02,9.995666836778877018e-01,1.997005889595507178e+00,0.000000000000000000e+00,0.000000000000000000e+00,0.000000000000000000e+00,1.000000000000000056e-01
9.964616075726189237e-01,-8.275970451025384256e-02,-1.466614956856485304e-02,7.646737728199911999e+01,8.233879522143967844e-02,9.962305727526470367e-01,-2.729411501431443926e-02,6.630939683683629404e+00,1.686971947822089868e-02,2.598994463842265595e-02,9.995198524003502394e-01,2.022683140486990272e+00,0.000000000000000000e+00,0.000000000000000000e+00,0.000000000000000000e+00,1.000000000000000056e-01
9.971384765018534990e-01,-7.471961209234047330e-02,-1.148208379749988267e-02,7.702098035650089969e+01,7.435253837659049070e-02,9.967919502555131483e-01,-2.962276055279413484e-02,6.652742190602997319e+00,1.365864987911619838e-02,2.868427225119550561e-02,9.994951994926734029e-01,2.045201346866754921e+00,0.000000000000000000e+00,0.000000000000000000e+00,0.000000000000000000e+00,1.000000000000000056e-01
9.977584317697022476e-01,-6.615286730836822393e-02,-1.009504726813500314e-02,7.754962205520372720e+01,6.579444126869396503e-02,9.973052283825658559e-01,-3.245570733998287549e-02,6.681457903070428195e+00,1.221488152234129557e-02,3.171875766292972521e-02,9.994221916095897829e-01,2.066923692403142887e+00,0.000000000000000000e+00,0.000000000000000000e+00,0.000000000000000000e+00,1.000000000000000056e-01
9.985268189143391426e-01,-5.346694129891935154e-02,-9.245436547204079897e-03,7.802697066173382723e+01,5.317433714097055675e-02,9.981514430235128854e-01,-2.943104924560572405e-02,6.710237206363524720e+00,1.080193401335448333e-02,2.889607202054946672e-02,9.995240543595508287e-01,2.085242117243322646e+00,0.000000000000000000e+00,0.000000000000000000e+00,0.000000000000000000e+00,1.000000000000000056e-01
9.992024592228010427e-01,-3.873581166584916941e-02,-9.694450871220543914e-03,7.851089465847653059e+01,3.847631028532313285e-02,9.989300427909146851e-01,-2.565819862283560959e-02,6.737707081883652194e+00,1.067796937316186842e-02,2.526472846339752193e-02,9.996237664570288839e-01,2.097405512276199868e+00,0.000000000000000000e+00,0.000000000000000000e+00,0.000000000000000000e+00,1.000000000000000056e-01
9.997295840223272556e-01,-2.079650147995468212e-02,-1.040501594130672537e-02,7.897479117974560836e+01,2.057819589413373979e-02,9.995746478817230107e-01,-2.066545827878327538e-02,6.746503772072125926e+00,1.083035937941404132e-02,2.044575355235696626e-02,9.997323014074263048e-01,2.103281882640613887e+00,0.000000000000000000e+00,0.000000000000000000e+00,0.000000000000000000e+00,1.000000000000000056e-01
9.999596934269991966e-01,1.752612050848444993e-03,-8.805672738691414092e-03,7.945609347332609218e+01,-1.934016698482946602e-03,9.997852096059141047e-01,-2.063478210857781076e-02,6.761431875469871677e+00,8.767616596983551780e-03,2.065098070934440200e-02,9.997483012713502815e-01,2.124387753466588258e+00,0.000000000000000000e+00,0.000000000000000000e+00,0.000000000000000000e+00,1.000000000000000056e-01
9.996063724154186092e-01,2.700220208956808157e-02,-7.614545869687465614e-03,7.993402059454152209e+01,-2.717137723728491397e-02,9.993646398934659114e-01,-2.306583598381568151e-02,6.743550604003789140e+00,6.986879526412670925e-03,2.326365433282690659e-02,9.997049494233616329e-01,2.144447890871175044e+00,0.000000000000000000e+00,0.000000000000000000e+00,0.000000000000000000e+00,1.000000000000000056e-01
9.984169245512694024e-01,5.592331785142054534e-02,-6.018911037201203108e-03,8.040616689050916932e+01,-5.605609243868631131e-02,9.981199743039941286e-01,-2.478369213615215158e-02,6.732277883106882577e+00,4.621609036927502336e-03,2.508185431508409488e-02,9.996747177527431916e-01,2.156844175266426245e+00,0.000000000000000000e+00,0.000000000000000000e+00,0.000000000000000000e+00,1.000000000000000056e-01
9.961208957149589871e-01,8.795118071971326501e-02,-2.784049215834698450e-03,8.090594163054443300e+01,-8.799346989328889201e-02,9.958025663829110918e-01,-2.518725950449635792e-02,6.685265280138333210e+00,5.571141415502496499e-04,2.533453364907901212e-02,9.996788739533395418e-01,2.168092082075359972e+00,0.000000000000000000e+00,0.000000000000000000e+00,0.000000000000000000e+00,1.000000000000000056e-01
9.920589754600422916e-01,1.257567397308163026e-01,-2.057090529612888834e-03,8.138185968166996531e+01,-1.257688320652902148e-01,9.917471029969908702e-01,-2.489748135873927001e-02,6.628708033996214333e+00,-1.090912509837696021e-03,2.495848772164836402e-02,9.996878931949432223e-01,2.176495581408750990e+00,0.000000000000000000e+00,0.000000000000000000e+00,0.000000000000000000e+00,1.000000000000000056e-01
