1.000000000000000000e+00,0.000000000000000000e+00,0.000000000000000000e+00,0.000000000000000000e+00,0.000000000000000000e+00,1.000000000000000000e+00,0.000000000000000000e+00,0.000000000000000000e+00,0.000000000000000000e+00,0.000000000000000000e+00,1.000000000000000000e+00,0.000000000000000000e+00,0.000000000000000000e+00,0.000000000000000000e+00,0.000000000000000000e+00,1.000000000000000000e+00
9.999420942160885950e-01,1.075864755019729710e-02,2.443719147917965758e-04,3.056351087097346486e-01,-1.075803475462207455e-02,9.999392888202033314e-01,-2.383980277637260357e-03,-1.520610873894412407e-02,-2.700054822582642210e-04,2.381213269838067768e-03,9.999971284560785767e-01,1.410637126486813386e-03,0.000000000000000000e+00,0.000000000000000000e+00,0.000000000000000000e+00,1.000000000000000000e+00
9.998242804591545019e-01,1.874311304245418128e-02,3.223628558716756971e-04,5.524867604926410047e-01,-1.874149012390837615e-02,9.998144153590629024e-01,-4.459976249931374252e-03,-2.964436150614423171e-02,-4.058968692959520532e-04,4.453150984672926867e-03,9.999900022970426017e-01,1.213078828549575766e-03,0.000000000000000000e+00,0.000000000000000000e+00,0.000000000000000000e+00,1.000000000000000000e+00
9.998237515321057867e-01,1.875556251694697474e-02,-8.335148099572131045e-04,7.803451313470998185e-01,-1.876116557675028967e-02,9.997972104138511673e-01,-7.318245341813654770e-03,-2.022543220747905976e-02,6.960879738111025753e-04,7.332593221644774679e-03,9.999728739011768397e-01,-1.391991987129684609e-03,0.000000000000000000e+00,0.000000000000000000e+00,0.000000000000000000e+00,1.000000000000000000e+00
9.998701021310577586e-01,1.603200328992043788e-02,-1.659438139795005708e-03,1.005276021066473513e+00,-1.604558809523214460e-02,9.998349158683957905e-01,-8.525263228531761162e-03,-1.239277696962445656e-02,1.522487144763484289e-03,8.550782475866892593e-03,9.999622823646621139e-01,-4.118536261999420321e-03,0.000000000000000000e+00,0.000000000000000000e+00,0.000000000000000000e+00,1.000000000000000000e+00
9.999823990235426896e-01,5.052493330816410638e-03,-3.110298098372250939e-03,1.278615544897617085e+00,-5.088338679716480559e-03,9.999194602901789741e-01,-1.162676835910644683e-02,-1.585878641250975871e-02,3.051303426272607925e-03,1.164238996674970238e-02,9.999275695285448906e-01,-8.228645540044599027e-03,0.000000000000000000e+00,0.000000000000000000e+00,0.000000000000000000e+00,1.000000000000000000e+00
9.999708083855608498e-01,-6.220464001413633301e-03,-4.437139206135045331e-03,1.555803927887931426e+00,6.164205075716534463e-03,9.999018425458801040e-01,-1.258204471209105682e-02,8.075684433931761691e-03,4.514969824042738313e-03,1.255432598587687479e-02,9.999109980125869823e-01,-1.516634165939015344e-03,0.000000000000000000e+00,0.000000000000000000e+00,0.000000000000000000e+00,1.000000000000000000e+00
9.996935876024859446e-01,-2.426771087814762196e-02,-4.879458495125595617e-03,1.852842025893372879e+00,2.420743512219091648e-02,9.996342810889261576e-01,-1.205421737938238216e-02,4.026627997677846571e-02,5.170202247103337402e-03,1.193240464278284840e-02,9.999154397888675438e-01,-1.429500032262624645e-03,0.000000000000000000e+00,0.000000000000000000e+00,0.000000000000000000e+00,1.000000000000000000e+00
9.990237383225647472e-01,-4.375260702411612468e-02,-6.105706069044937109e-03,2.168743450336983791e+00,4.369594390881405277e-02,9.990032100142712812e-01,-9.124191311986535810e-03,7.223202824277358269e-02,6.498827119265729660e-03,8.848489123754365443e-03,9.999397329270900414e-01,-1.831304490582270949e-03,0.000000000000000000e+00,0.000000000000000000e+00,0.000000000000000000e+00,1.000000000000000000e+00
9.978926195476802707e-01,-6.451440823430423799e-02,-6.943412881753372075e-03,2.489738297508898857e+00,6.448083940926589708e-02,9.979066448049742633e-01,-4.954755609859512640e-03,1.299258370871347879e-01,7.248530978441845331e-03,4.496596963760710400e-03,9.999636190454128659e-01,-4.985307700687852811e-03,0.000000000000000000e+00,0.000000000000000000e+00,0.000000000000000000e+00,1.000000000000000000e+00
9.963505300493552541e-01,-8.500796820955680566e-02,-7.698481100335107484e-03,2.802289283779755724e+00,8.496438764097077878e-02,9.963669796742090634e-01,-5.821910999516011209e-03,1.828227743357543345e-01,8.165421187185623736e-03,5.146567377812385873e-03,9.999534182856023579e-01,-1.551652726451214007e-04,0.000000000000000000e+00,0.000000000000000000e+00,0.000000000000000000e+00,1.000000000000000000e+00
9.943486923508531028e-01,-1.059252100320773049e-01,-7.108297954471412897e-03,3.146169076099420980e+00,1.058694932902016911e-01,9.943494047878742581e-01,-7.804587655589480255e-03,2.314463125153779499e-01,7.894834426715610642e-03,7.007929627077340122e-03,9.999442787034267255e-01,-1.313717269907387292e-03,0.000000000000000000e+00,0.000000000000000000e+00,0.000000000000000000e+00,1.000000000000000000e+00
9.919875633210660792e-01,-1.261795471633393728e-01,-6.276630783292273981e-03,3.521779466723426122e+00,1.261162730863116532e-01,9.919687935866751127e-01,-9.622796527666415203e-03,2.908773159022701726e-01,7.440421974197357347e-03,8.754109197886578153e-03,9.999340006685426552e-01,5.666173254584559206e-03,0.000000000000000000e+00,0.000000000000000000e+00,0.000000000000000000e+00,1.000000000000000000e+00
9.897584418692150221e-01,-1.426087513244395921e-01,-6.400843249873022257e-03,3.915650468142866103e+00,1.425438614078696486e-01,9.897414021234947068e-01,-9.654247642924851727e-03,3.768547832503850170e-01,7.711959774236490026e-03,8.642972191377436969e-03,9.999329101035424605e-01,1.151817993111791359e-02,0.000000000000000000e+00,0.000000000000000000e+00,0.000000000000000000e+00,1.000000000000000000e+00
9.875138825808650322e-01,-1.574134863238158544e-01,-6.109503535374498709e-03,4.311381466915285898e+00,1.573526337241643314e-01,9.874975876320210011e-01,-9.416107529444155133e-03,4.658813775219059483e-01,7.515342316621390940e-03,8.337190433162037020e-03,9.999370034584901257e-01,1.478971216612514836e-02,0.000000000000000000e+00,0.000000000000000000e+00,0.000000000000000000e+00,1.000000000000000000e+00
9.849279376664855645e-01,-1.728567899925219642e-01,-6.122724681461583739e-03,4.722200956490482326e+00,1.728001343750216190e-01,9.849174406838007156e-01,-8.817516478260775670e-03,5.570762548784076174e-01,7.554545917415026075e-03,7.626610672575796085e-03,9.999423801627923547e-01,1.970197335061635302e-02,0.000000000000000000e+00,0.000000000000000000e+00,0.000000000000000000e+00,1.000000000000000000e+00
9.828371585082311679e-01,-1.843465144185108817e-01,-6.890753022149952341e-03,5.106105038888038905e+00,1.842791648718464514e-01,9.828290865626676531e-01,-9.390207693372060530e-03,6.405016510288158438e-01,8.503484556427630056e-03,7.959222834895959831e-03,9.999321684605724236e-01,2.267968916246125566e-02,0.000000000000000000e+00,0.000000000000000000e+00,0.000000000000000000e+00,1.000000000000000000e+00
9.811082824476620168e-01,-1.933093408630743582e-01,-7.618191890700628556e-03,5.502608971787540604e+00,1.932312777315292052e-01,9.811030745865197966e-01,-9.921206736866264309e-03,7.228754024526220512e-01,9.392093421626428879e-03,8.261705148370974625e-03,9.999217633441128683e-01,3.114144084622956499e-02,0.000000000000000000e+00,0.000000000000000000e+00,0.000000000000000000e+00,1.000000000000000000e+00
9.798509651762515871e-01,-1.995205570983218935e-01,-9.145126480514433748e-03,5.936837615354518150e+00,1.994306323580747609e-01,9.798621482401499438e-01,-9.878933315619507424e-03,8.415353200416663126e-01,1.093201355779436362e-02,7.856063987218012135e-03,9.999093825633404986e-01,3.894091322271074629e-02,0.000000000000000000e+00,0.000000000000000000e+00,0.000000000000000000e+00,1.000000000000000000e+00
9.776251737365176941e-01,-2.101092570337789733e-01,-1.015479125129564904e-02,6.426233195670461029e+00,2.099925816938756074e-01,9.776358819849053639e-01,-1.145416470696158928e-02,9.732449279980492918e-01,1.233431433785528268e-02,9.065448930228054564e-03,9.998828342988533846e-01,3.746887002385920762e-02,0.000000000000000000e+00,0.000000000000000000e+00,0.000000000000000000e+00,1.000000000000000000e+00
9.758082964943600723e-01,-2.183036110516009820e-01,-1.190386049178185357e-02,6.864035581631402927e+00,2.181745867720687460e-01,9.758449275708742654e-01,-1.124842304639198445e-02,1.084373526274172717e+00,1.407189324908010575e-02,8.379184687360808487e-03,9.998658765476304833e-01,4.273541370687729268e-02,0.000000000000000000e+00,0.000000000000000000e+00,0.000000000000000000e+00,1.000000000000000000e+00
9.735428065994256031e-01,-2.281327642975912728e-01,-1.303248143890422400e-02,7.356475720280080566e+00,2.279625872578521506e-01,9.735785335125730633e-01,-1.333783693903737265e-02,1.198041597229699828e+00,1.573094177797136270e-02,1.001403702039338657e-02,9.998261131483474617e-01,4.891967116741037513e-02,0.000000000000000000e+00,0.000000000000000000e+00,0.000000000000000000e+00,1.000000000000000000e+00
9.718228457930024877e-01,-2.352770308510248320e-01,-1.432044512988490427e-02,7.835552792416149437e+00,2.350086774105871190e-01,9.718227007766335745e-01,-1.820878351054083799e-02,1.323032894092180056e+00,1.820104218221753681e-02,1.433028293973733804e-02,9.997316465203789360e-01,5.771019024147789472e-02,0.000000000000000000e+00,0.000000000000000000e+00,0.000000000000000000e+00,1.000000000000000000e+00
9.694025971032288469e-01,-2.449880918497480964e-01,-1.547383537900528898e-02,8.376130819103487113e+00,2.446983623370395100e-01,9.694231867606821762e-01,-1.847691641837163196e-02,1.490192590325173816e+00,1.952731930112970235e-02,1.412514858611319500e-02,9.997095398056035087e-01,7.468126547005937699e-02,0.000000000000000000e+00,0.000000000000000000e+00,0.000000000000000000e+00,1.000000000000000000e+00
9.674555703428567854e-01,-2.522486274212089041e-01,-2.000873251097505176e-02,8.893716190605106320e+00,2.519923547550532716e-01,9.676209463661769039e-01,-1.447609403203883177e-02,1.656170342129533957e+00,2.301244353785958027e-02,8.962930186998337850e-03,9.996950001499854688e-01,7.614146925395576249e-02,0.000000000000000000e+00,0.000000000000000000e+00,0.000000000000000000e+00,1.000000000000000000e+00
9.653354069296579132e-01,-2.600215177656394205e-01,-2.272360945814531907e-02,9.362893066862376656e+00,2.597991468323766484e-01,9.655843917998735426e-01,-1.229575608224657036e-02,1.808929300797658568e+00,2.513872377672299666e-02,5.965954350985010896e-03,9.996661702566310703e-01,8.544912569070434172e-02,0.000000000000000000e+00,0.000000000000000000e+00,0.000000000000000000e+00,1.000000000000000000e+00
9.624055782681785187e-01,-2.705368789910544414e-01,-2.419297468425552280e-02,9.891491300424217314e+00,2.702760033044246946e-01,9.626877648545781874e-01,-1.353327148473201270e-02,1.960400528150983313e+00,2.695152975398741255e-02,6.485715463418036987e-03,9.996157014267270657e-01,9.944364503232265562e-02,0.000000000000000000e+00,0.000000000000000000e+00,0.000000000000000000e+00,1.000000000000000000e+00
9.601865100117675800e-01,-2.782214436522167378e-01,-2.519313961180539435e-02,1.041652622755800905e+01,2.779092929347979912e-01,9.604868391484776557e-01,-1.521370181919443759e-02,2.114080918174777945e+00,2.843045711739997095e-02,7.606583637807466658e-03,9.995668306788978441e-01,1.183174687663609836e-01,0.000000000000000000e+00,0.000000000000000000e+00,0.000000000000000000e+00,1.000000000000000000e+00
9.579838068033369458e-01,-2.856003920013983066e-01,-2.644696563384788673e-02,1.095314421004668404e+01,2.852859916028206433e-01,9.583240641361633338e-01,-1.506290452534105213e-02,2.284354654201818491e+00,2.964673502741566741e-02,6.885069802963375216e-03,9.995367261466795439e-01,1.390112319220412618e-01,0.000000000000000000e+00,0.000000000000000000e+00,0.000000000000000000e+00,1.000000000000000000e+00
9.557945733259575194e-01,-2.925522282879884362e-01,-2.949453041476456094e-02,1.151961124454920338e+01,2.922257123273819257e-01,9.562328580228116603e-01,-1.492830507048266940e-02,2.481580705021011912e+00,3.257094802748371209e-02,5.649332815105467462e-03,9.994534598385934610e-01,1.588997490620632780e-01,0.000000000000000000e+00,0.000000000000000000e+00,0.000000000000000000e+00,1.000000000000000000e+00
9.533359196589182849e-01,-2.999424413698317804e-01,-3.442609697880178593e-02,1.210748824374070054e+01,2.995756656892810676e-01,9.539469454910944890e-01,-1.548049466365845721e-02,2.678988839678659861e+00,3.748392742113864501e-02,4.444890697445470253e-03,9.992873451274032481e-01,1.782728724151285138e-01,0.000000000000000000e+00,0.000000000000000000e+00,0.000000000000000000e+00,1.000000000000000000e+00
9.519643120161203065e-01,-3.035099130438735915e-01,-4.056699806221263083e-02,1.268928724533398622e+01,3.030908947151323973e-01,9.528229719135814513e-01,-1.625711335222468704e-02,2.878194966814964229e+00,4.358736271512817645e-02,3.180703989135537368e-03,9.990445560302467776e-01,2.127927070419162181e-01,0.000000000000000000e+00,0.000000000000000000e+00,0.000000000000000000e+00,1.000000000000000000e+00
9.501925354905148557e-01,-3.080664611861345104e-01,-4.721441506958545808e-02,1.329315211597230295e+01,3.075926018669342676e-01,9.513631425475099768e-01,-1.717446589714937202e-02,3.092021262802852721e+00,5.020893122584019902e-02,1.796244519628498008e-03,9.987371209336239897e-01,2.383065073233782694e-01,0.000000000000000000e+00,0.000000000000000000e+00,0.000000000000000000e+00,1.000000000000000000e+00
9.486504416212353519e-01,-3.115577541144882168e-01,-5.471841977776394778e-02,1.387197190867674301e+01,3.111080342520513575e-01,9.502265655292979618e-01,-1.677096259061455069e-02,3.304461499122672397e+00,5.722001953568511129e-02,-1.113558946439060322e-03,9.983609714681400682e-01,2.703904803116282118e-01,0.000000000000000000e+00,0.000000000000000000e+00,0.000000000000000000e+00,1.000000000000000000e+00
9.460725545610979559e-01,-3.176773152948462187e-01,-6.346530432686141310e-02,1.446717843517149937e+01,3.172834843675382266e-01,9.481878954717226637e-01,-1.645920497766018009e-02,3.509048009416436464e+00,6.540574939434985746e-02,-4.564890794013150635e-03,9.978483099741174422e-01,2.973316509012041697e-01,0.000000000000000000e+00,0.000000000000000000e+00,0.000000000000000000e+00,1.000000000000000000e+00
9.441744538329133185e-01,-3.217763743213551408e-01,-7.067224107049888127e-02,1.502876932981271629e+01,3.215124909965101363e-01,9.467802641164553279e-01,-1.538991919379830049e-02,3.733823346287445055e+00,7.186319546570779648e-02,-8.191239721544856314e-03,9.973808624238194032e-01,3.444100069836065203e-01,0.000000000000000000e+00,0.000000000000000000e+00,0.000000000000000000e+00,1.000000000000000000e+00
9.416460628848960512e-01,-3.276006293631649191e-01,-7.733382115372014476e-02,1.563044135310916616e+01,3.275152443725828921e-01,9.447399913818064210e-01,-1.414614390810664535e-02,3.969628354422948036e+00,7.769463917764536653e-02,-1.200734461735459419e-02,9.969048935170775616e-01,3.877220916932648254e-01,0.000000000000000000e+00,0.000000000000000000e+00,0.000000000000000000e+00,1.000000000000000000e+00
9.390714209376115340e-01,-3.337894692922805939e-01,-8.203326500753069239e-02,1.620228063088388382e+01,3.339930824835620760e-01,9.425037125011853645e-01,-1.163498064494478644e-02,4.194001139438345405e+00,8.120029083289333205e-02,-1.647246523922628325e-02,9.965616742869436440e-01,4.392293416228002512e-01,0.000000000000000000e+00,0.000000000000000000e+00,0.000000000000000000e+00,1.000000000000000000e+00
9.375532181663740472e-01,-3.367449201246254242e-01,-8.715974917436886127e-02,1.682670281371823506e+01,3.372265464973825400e-01,9.413747423826683836e-01,-9.583879246463233512e-03,4.451504644092027618e+00,8.527730907649380687e-02,-2.040718437761105189e-02,9.961482456855758061e-01,4.920787350140465310e-01,0.000000000000000000e+00,0.000000000000000000e+00,0.000000000000000000e+00,1.000000000000000000e+00
9.355143213955543491e-01,-3.413911507907115284e-01,-9.091224684063695105e-02,1.748257382486579559e+01,3.422224401249940873e-01,9.395945918230120819e-01,-6.767901583182130837e-03,4.716424973730667602e+00,8.773115717186201479e-02,-2.478074209418610480e-02,9.958359096169144831e-01,5.523048096223307502e-01,0.000000000000000000e+00,0.000000000000000000e+00,0.000000000000000000e+00,1.000000000000000000e+00
9.340899773187113508e-01,-3.445356958755777521e-01,-9.365398304538141705e-02,1.817683362670241820e+01,3.455928227056856428e-01,9.383701489812770191e-01,-5.202345160645614579e-03,5.010432620100018219e+00,8.967449563309250193e-02,-2.750668588517232380e-02,9.955912148389846061e-01,6.172547975532634013e-01,0.000000000000000000e+00,0.000000000000000000e+00,0.000000000000000000e+00,1.000000000000000000e+00
9.308622964618714635e-01,-3.535869811077604896e-01,-9.204146791981882014e-02,1.886049991292919970e+01,3.547775340696069923e-01,9.349436687393749557e-01,-3.638351775832586281e-03,5.288238433215479262e+00,8.734006151373756299e-02,-2.926744053135256832e-02,9.957485277817490488e-01,6.890573815581688688e-01,0.000000000000000000e+00,0.000000000000000000e+00,0.000000000000000000e+00,1.000000000000000000e+00
9.279202945379535494e-01,-3.613437121049670742e-01,-9.162231555032510077e-02,1.954984297080891054e+01,3.625362349945916440e-01,9.319616785351012567e-01,-3.861095437969191014e-03,5.577374838209991026e+00,8.678366954990095194e-02,-2.963362050506185980e-02,9.957863441698806550e-01,7.583054524618118020e-01,0.000000000000000000e+00,0.000000000000000000e+00,0.000000000000000000e+00,1.000000000000000000e+00
9.255457691973602019e-01,-3.680819189484693110e-01,-8.877347612931052456e-02,2.023659561031394105e+01,3.693234048346495380e-01,9.292972636768471739e-01,-2.611199736331835160e-03,5.868219843193257290e+00,8.345808386375688781e-02,-3.036933759459333956e-02,9.960484182869103753e-01,8.205056397177118432e-01,0.000000000000000000e+00,0.000000000000000000e+00,0.000000000000000000e+00,1.000000000000000000e+00
9.224749806655039297e-01,-3.760804404990724104e-01,-8.719754767310768095e-02,2.091709503761376965e+01,3.773722907234938195e-01,9.260598966936205434e-01,-1.794973510001407263e-03,6.163935940015180748e+00,8.142520641842054818e-02,-3.125012015693819090e-02,9.961894226249822237e-01,8.869693967597971351e-01,0.000000000000000000e+00,0.000000000000000000e+00,0.000000000000000000e+00,1.000000000000000000e+00
9.189343388712974958e-01,-3.854040771096097773e-01,-8.380559760816987114e-02,2.168267538807809558e+01,3.868657033202245188e-01,9.221351415475861346e-01,1.307026227239144796e-03,6.503918011259795406e+00,7.677635337602246868e-02,-3.362258274287191484e-02,9.964812660015138768e-01,9.546791909200360582e-01,0.000000000000000000e+00,0.000000000000000000e+00,0.000000000000000000e+00,1.000000000000000000e+00
9.158672929221277625e-01,-3.933800014911143506e-01,-8.024510067503111410e-02,2.242828130376758367e+01,3.949309095538185432e-01,9.187029644323109201e-01,3.799976615288548024e-03,6.851722650894246591e+00,7.222657706473170625e-02,-3.517154489263969730e-02,9.967679188233229404e-01,1.020996459500112419e+00,0.000000000000000000e+00,0.000000000000000000e+00,0.000000000000000000e+00,1.000000000000000000e+00
9.121423911672097429e-01,-4.024070148860760532e-01,-7.787716357343599238e-02,2.318577883660005412e+01,4.041242502082754706e-01,9.146771969083850040e-01,7.015400873590254584e-03,7.209980601145198342e+00,6.840941915675544105e-02,-3.787109486529540575e-02,9.969382787035212523e-01,1.086810400017698353e+00,0.000000000000000000e+00,0.000000000000000000e+00,0.000000000000000000e+00,1.000000000000000000e+00
9.087580174120245546e-01,-4.100405700640102902e-01,-7.762471701042716887e-02,2.387811531578889657e+01,4.119558870939413753e-01,9.111512972942987787e-01,9.780619998709799701e-03,7.552428354690623458e+00,6.671741060630290154e-02,-4.086617599553484664e-02,9.969346732767863095e-01,1.151800004969555813e+00,0.000000000000000000e+00,0.000000000000000000e+00,0.000000000000000000e+00,1.000000000000000000e+00
9.046353911040870832e-01,-4.192417842326392474e-01,-7.662333531888455840e-02,2.464347747383189713e+01,4.212429213860316435e-01,9.068766650046135025e-01,1.136290685831900169e-02,7.893768232231291648e+00,6.472410945016909833e-02,-4.255632530592338980e-02,9.969953604868678765e-01,1.212974334203908766e+00,0.000000000000000000e+00,0.000000000000000000e+00,0.000000000000000000e+00,1.000000000000000000e+00
9.014608411109392705e-01,-4.263031739998346947e-01,-7.505968146233242544e-02,2.537902928040541894e+01,4.282141076512390176e-01,9.036136866530312117e-01,1.072302670750665925e-02,8.262550424838440932e+00,6.325369516488513200e-02,-4.180800319298314666e-02,9.971213872528280620e-01,1.260764487176608384e+00,0.000000000000000000e+00,0.000000000000000000e+00,0.000000000000000000e+00,1.000000000000000000e+00
8.967399218267984029e-01,-4.362037601347352189e-01,-7.472477665666271696e-02,2.611184698433547879e+01,4.382330147297968104e-01,8.987748552560748116e-01,1.247334599273379994e-02,8.633081011917747460e+00,6.171982990014237419e-02,-4.393221145970295505e-02,9.971261822825426835e-01,1.315304139467422972e+00,0.000000000000000000e+00,0.000000000000000000e+00,0.000000000000000000e+00,1.000000000000000000e+00
8.929051143445347893e-01,-4.444342269394812028e-01,-7.210183563599539824e-02,2.686993522329042960e+01,4.463109852212405748e-01,8.948035169209263007e-01,1.153995566650789159e-02,9.039458204655415940e+00,5.938822482798276903e-02,-4.248392673289533988e-02,9.973305142835729997e-01,1.370301215094544611e+00,0.000000000000000000e+00,0.000000000000000000e+00,0.000000000000000000e+00,1.000000000000000000e+00
8.888467134562909600e-01,-4.530037899493207787e-01,-6.884102170584023572e-02,2.766866019442559121e+01,4.548251250575754967e-01,8.904901888523031328e-01,1.270154219572334001e-02,9.442855360076720217e+00,5.554840766675508273e-02,-4.260035034294534784e-02,9.975467831416968689e-01,1.425829453315418327e+00,0.000000000000000000e+00,0.000000000000000000e+00,0.000000000000000000e+00,1.000000000000000000e+00
8.856446349050195455e-01,-4.600184306227839692e-01,-6.337684238984611640e-02,2.846368339651176882e+01,4.616191072212459945e-01,8.869885570315042544e-01,1.261346674900913276e-02,9.869561184435459822e+00,5.041210680199065264e-02,-4.042701055631538198e-02,9.979099540065051732e-01,1.474518126358710601e+00,0.000000000000000000e+00,0.000000000000000000e+00,0.000000000000000000e+00,1.000000000000000000e+00
8.821041807231864151e-01,-4.671489367764119494e-01,-6.053168772921718038e-02,2.927815963454980874e+01,4.686534875425654167e-01,8.832896915818613248e-01,1.277612458498050829e-02,1.030878388473442797e+01,4.749866276927299652e-02,-3.963825947098682106e-02,9.980845081561193766e-01,1.528717358311354024e+00,0.000000000000000000e+00,0.000000000000000000e+00,0.000000000000000000e+00,1.000000000000000000e+00
8.773366581695341004e-01,-4.762882902462510226e-01,-5.856494519950289357e-02,3.009688677697447190e+01,4.776904091685150178e-01,8.784465850977586365e-01,1.197790125616866354e-02,1.076954821856501354e+01,4.574124200690158487e-02,-3.848456449525387152e-02,9.982117396000096399e-01,1.580231980205752507e+00,0.000000000000000000e+00,0.000000000000000000e+00,0.000000000000000000e+00,1.000000000000000000e+00
8.733999394884734979e-01,-4.836996958035000294e-01,-5.663170473450102743e-02,3.092133038064524087e+01,4.849709896486341654e-01,8.744673258265738269e-01,1.048976934656570617e-02,1.123252283185124689e+01,4.444867715419641846e-02,-3.662649780311830194e-02,9.983400296281427222e-01,1.620526300089443428e+00,0.000000000000000000e+00,0.000000000000000000e+00,0.000000000000000000e+00,1.000000000000000000e+00
8.699507138603252976e-01,-4.899632408673009198e-01,-5.587287403316675699e-02,3.171549320171612152e+01,4.912551308799673055e-01,8.709406792433878053e-01,1.143370557484566126e-02,1.168854275133116438e+01,4.305986342315250986e-02,-3.739459637270857451e-02,9.983724216564189291e-01,1.658316837509436814e+00,0.000000000000000000e+00,0.000000000000000000e+00,0.000000000000000000e+00,1.000000000000000000e+00
8.675696978501769019e-01,-4.943847097228548093e-01,-5.391269019818609176e-02,3.252113446771701177e+01,4.955245550158828838e-01,8.685428643797289405e-01,9.418498360537213773e-03,1.216775761208663376e+01,4.216912079314997369e-02,-3.488626559701871188e-02,9.985012337119208992e-01,1.697376764881071365e+00,0.000000000000000000e+00,0.000000000000000000e+00,0.000000000000000000e+00,1.000000000000000000e+00
8.653520936630937355e-01,-4.984199840125188574e-01,-5.237626876616249122e-02,3.332805807444042756e+01,4.994559437896124443e-01,8.663016041006621482e-01,8.080281297533725010e-03,1.266397827003635790e+01,4.134627197380043306e-02,-3.315192708698944113e-02,9.985947303707789491e-01,1.738580538328140301e+00,0.000000000000000000e+00,0.000000000000000000e+00,0.000000000000000000e+00,1.000000000000000000e+00
8.635040495103023517e-01,-5.016306123307626708e-01,-5.222533151621564645e-02,3.411688929017461902e+01,5.026035590669409858e-01,8.644918234883582908e-01,6.599207150733758971e-03,1.314121247081319765e+01,4.183800775081702311e-02,-3.194707959171656092e-02,9.986135214451108411e-01,1.774095919789030029e+00,0.000000000000000000e+00,0.000000000000000000e+00,0.000000000000000000e+00,1.000000000000000000e+00
8.618286074252549112e-01,-5.044614960355245925e-01,-5.263126866276189586e-02,3.491878970672023996e+01,5.055007824599101474e-01,8.627909404711350261e-01,7.794355223767477844e-03,1.362540147354387798e+01,4.147782969091912825e-02,-3.332254579916090614e-02,9.985835956922162193e-01,1.814911766847528085e+00,0.000000000000000000e+00,0.000000000000000000e+00,0.000000000000000000e+00,1.000000000000000000e+00
8.616192689724978537e-01,-5.050969187708447272e-01,-4.989326591337995415e-02,3.572688887036171224e+01,5.060138947048954394e-01,8.624973563438291801e-01,6.946125933958608410e-03,1.412570402714842288e+01,3.952434314301303542e-02,-3.123160175378440415e-02,9.987304007343562606e-01,1.848785675518296090e+00,0.000000000000000000e+00,0.000000000000000000e+00,0.000000000000000000e+00,1.000000000000000000e+00
8.600601499631398417e-01,-5.079398124776030032e-01,-4.789243516052853200e-02,3.651695574594648974e+01,5.087936491412842210e-01,8.608613681931358563e-01,6.835740350516172383e-03,1.462573396404159354e+01,3.775660258660678420e-02,-3.024651472256117274e-02,9.988291081602779231e-01,1.887074268522551224e+00,0.000000000000000000e+00,0.000000000000000000e+00,0.000000000000000000e+00,1.000000000000000000e+00
8.593131807858198634e-01,-5.093389891092883204e-01,-4.641822380155098682e-02,3.734040065598222924e+01,5.101495834247735672e-01,8.600586020748712812e-01,6.826677709483774427e-03,1.514031045614540538e+01,3.644529955003699556e-02,-2.954649167241478469e-02,9.988987661272594742e-01,1.925911288558521228e+00,0.000000000000000000e+00,0.000000000000000000e+00,0.000000000000000000e+00,1.000000000000000000e+00
8.603932621971809303e-01,-5.075266021983472209e-01,-4.626210573136000509e-02,3.819340785477619704e+01,5.082433338369620746e-01,8.612019748587599333e-01,4.457814449245177564e-03,1.565562112083003932e+01,3.757855739631576347e-02,-2.734788036347979984e-02,9.989193888716136893e-01,1.962630277384376232e+00,0.000000000000000000e+00,0.000000000000000000e+00,0.000000000000000000e+00,1.000000000000000000e+00
8.573334536490030411e-01,-5.127570203999857190e-01,-4.538267604282244377e-02,3.908744396159710988e+01,5.134062920943704977e-01,8.581398661608804490e-01,3.154257963215284597e-03,1.619685749919760553e+01,3.732731563061892494e-02,-2.600400230576823540e-02,9.989646957585113229e-01,2.000289752907398189e+00,0.000000000000000000e+00,0.000000000000000000e+00,0.000000000000000000e+00,1.000000000000000000e+00
8.555287768906384427e-01,-5.158619371627229944e-01,-4.423769545012033733e-02,3.997612260430759790e+01,5.164637853751959939e-01,8.563051265567462877e-01,2.586238303164523251e-03,1.675323991899036002e+01,3.654682349995910101e-02,-2.505976894069797747e-02,9.990176863663139395e-01,2.045952590984217334e+00,0.000000000000000000e+00,0.000000000000000000e+00,0.000000000000000000e+00,1.000000000000000000e+00
8.533818510880016861e-01,-5.196262914659222076e-01,-4.156841891380808757e-02,4.089057337186297048e+01,5.201978212784613698e-01,8.540385264881706906e-01,3.524487346844464367e-03,1.732871159607197598e+01,3.366961494823219464e-02,-2.463153448913944429e-02,9.991294433345209169e-01,2.093272120860269148e+00,0.000000000000000000e+00,0.000000000000000000e+00,0.000000000000000000e+00,1.000000000000000000e+00
8.496321727680463676e-01,-5.260241058010303172e-01,-3.773342170651455829e-02,4.182356971766456155e+01,5.265518716793432530e-01,8.501285088782887245e-01,4.964355281477953082e-03,1.790901408789741112e+01,2.946688698241671858e-02,-2.408647978862554079e-02,9.992755095883012473e-01,2.136202581694810032e+00,0.000000000000000000e+00,0.000000000000000000e+00,0.000000000000000000e+00,1.000000000000000000e+00
8.463105767418468428e-01,-5.314369005085147757e-01,-3.651340127666621860e-02,4.272273229458264865e+01,5.319180161626629877e-01,8.467852271978504319e-01,4.243003778369481248e-03,1.846391286481799199e+01,2.866412001900539575e-02,-2.301303494522496593e-02,9.993241558404097891e-01,2.175985157028324846e+00,0.000000000000000000e+00,0.000000000000000000e+00,0.000000000000000000e+00,1.000000000000000000e+00
8.414706177454789326e-01,-5.390082290698612333e-01,-3.738085694603576065e-02,4.357327423995116078e+01,5.394529271620672750e-01,8.420129090213015477e-01,2.190985569322475342e-03,1.901178784476534744e+01,3.029420484720247997e-02,-2.200886267985437822e-02,9.992986896399974617e-01,2.219988333186739826e+00,0.000000000000000000e+00,0.000000000000000000e+00,0.000000000000000000e+00,1.000000000000000000e+00
8.357401706936743446e-01,-5.476372846613418721e-01,-4.039519201175069407e-02,4.440240930363997762e+01,5.480834076476642780e-01,8.364236826694412263e-01,-3.648309686399238199e-05,1.958313428376639465e+01,3.380747476871024532e-02,-2.210944410078126074e-02,9.991837804584894345e-01,2.261702124574267891e+00,0.000000000000000000e+00,0.000000000000000000e+00,0.000000000000000000e+00,1.000000000000000000e+00
8.298572053525055114e-01,-5.565886448353114524e-01,-3.932046750646778915e-02,4.520307516638903422e+01,5.570235320476220053e-01,8.304967000783033404e-01,1.261120265175691749e-04,2.013328350157191693e+01,3.258532598772069522e-02,-2.200708066610346236e-02,9.992266434252194962e-01,2.297600233599390140e+00,0.000000000000000000e+00,0.000000000000000000e+00,0.000000000000000000e+00,1.000000000000000000e+00
8.220682508083098083e-01,-5.680929324874242070e-01,-3.839545638236898512e-02,4.603436924916491080e+01,5.686444823542085025e-01,8.225718590222392823e-01,4.357686635609586169e-03,2.072605608306469094e+01,2.910745095476775443e-02,-2.541568024941192466e-02,9.992531208339437976e-01,2.335142293805998026e+00,0.000000000000000000e+00,0.000000000000000000e+00,0.000000000000000000e+00,1.000000000000000000e+00
8.174449723766193943e-01,-5.748290574270723541e-01,-3.681401735341043036e-02,4.690179210699290024e+01,5.754018005785309642e-01,8.178453102181800771e-01,6.466563624980486459e-03,2.134999529266006491e+01,2.639100276943759718e-02,-2.646891179547506204e-02,9.993012116880414242e-01,2.376386822282610112e+00,0.000000000000000000e+00,0.000000000000000000e+00,0.000000000000000000e+00,1.000000000000000000e+00
8.137347042801806873e-01,-5.798179023758074369e-01,-4.058363136255021403e-02,4.774756683626652887e+01,5.805070178574591733e-01,8.142269814480670442e-01,6.784165402705347354e-03,2.196771242377543132e+01,2.911070710736314571e-02,-2.907959364385849857e-02,9.991531133741302639e-01,2.411145029789385053e+00,0.000000000000000000e+00,0.000000000000000000e+00,0.000000000000000000e+00,1.000000000000000000e+00
8.093596469173042207e-01,-5.855798534267140365e-01,-4.509098804251816112e-02,4.857734678759801739e+01,5.863487423944928612e-01,8.100438162381033980e-01,4.916102807055138316e-03,2.258756889401293932e+01,3.364690527072197734e-02,-3.041793936418270283e-02,9.989707877263178659e-01,2.452135627563447606e+00,0.000000000000000000e+00,0.000000000000000000e+00,0.000000000000000000e+00,1.000000000000000000e+00
8.052836019664075806e-01,-5.907878513840361112e-01,-4.988020710710664579e-02,4.940883000845391848e+01,5.915959194489998074e-01,8.062326014815778263e-01,1.805657648218520319e-03,2.322897346137457575e+01,3.914828853607615899e-02,-3.096299348071049340e-02,9.987535754826659673e-01,2.499252291047243890e+00,0.000000000000000000e+00,0.000000000000000000e+00,0.000000000000000000e+00,1.000000000000000000e+00
8.031788628067457747e-01,-5.934536788701801902e-01,-5.211952969777348260e-02,5.022624163047469636e+01,5.943517451327248180e-01,8.042022256589380635e-01,2.187076335602426529e-03,2.386595755510773387e+01,4.061671328591322239e-02,-3.273394691546879093e-02,9.986384587633229115e-01,2.550660203217961275e+00,0.000000000000000000e+00,0.000000000000000000e+00,0.000000000000000000e+00,1.000000000000000000e+00
8.006969843455263858e-01,-5.970796564760786351e-01,-4.878752998865421020e-02,5.105699154892236180e+01,5.979106320132312469e-01,8.015567137118261298e-01,3.116220312992751349e-03,2.449699150935284564e+01,3.724534045383722652e-02,-3.166573109704980821e-02,9.988043182168201417e-01,2.598958482484367671e+00,0.000000000000000000e+00,0.000000000000000000e+00,0.000000000000000000e+00,1.000000000000000000e+00
7.959778099052864375e-01,-6.036175492637390061e-01,-4.544425551406445357e-02,5.192928804602079396e+01,6.044664004640182275e-01,7.966036670229456051e-01,6.555028273960730040e-03,2.518116394846891737e+01,3.224433048554868619e-02,-3.268718260172767676e-02,9.989453694998040589e-01,2.650048133749056678e+00,0.000000000000000000e+00,0.000000000000000000e+00,0.000000000000000000e+00,1.000000000000000000e+00
7.927349839431666600e-01,-6.079382521802159101e-01,-4.452332836499840740e-02,5.276236522024647968e+01,6.088163270236184310e-01,7.932670695657426663e-01,8.368768849291904552e-03,2.586461848895379489e+01,3.023119551227674770e-02,-3.374074508141181039e-02,9.989732914043547574e-01,2.697572105455530611e+00,0.000000000000000000e+00,0.000000000000000000e+00,0.000000000000000000e+00,1.000000000000000000e+00
7.886646817751905569e-01,-6.131617700880904742e-01,-4.517370278031087455e-02,5.358694112555392763e+01,6.141191503604230828e-01,7.891479975864822416e-01,1.015416495046480780e-02,2.651583945456824409e+01,2.942259133785572744e-02,-3.575026723942934664e-02,9.989275396700579845e-01,2.742232172399000856e+00,0.000000000000000000e+00,0.000000000000000000e+00,0.000000000000000000e+00,1.000000000000000000e+00
7.836727102788751953e-01,-6.194302347961142541e-01,-4.651093833282340245e-02,5.436785301570588302e+01,6.204013363048078711e-01,7.842341765722997682e-01,8.884717619576645506e-03,2.714658942257835150e+01,3.097200470385516949e-02,-3.581815903146963465e-02,9.988782680628411903e-01,2.777080813568925777e+00,0.000000000000000000e+00,0.000000000000000000e+00,0.000000000000000000e+00,1.000000000000000000e+00
7.792882565944232454e-01,-6.248473826723505153e-01,-4.770284584324738231e-02,5.517664469576126862e+01,6.258236030686969986e-01,7.799278957432342896e-01,7.569364811460713161e-03,2.781568127300151616e+01,3.247508238855432300e-02,-3.575228396970153710e-02,9.988328905351521181e-01,2.825014942140353202e+00,0.000000000000000000e+00,0.000000000000000000e+00,0.000000000000000000e+00,1.000000000000000000e+00
7.739276302707098765e-01,-6.314512691145486301e-01,-4.801372550841141729e-02,5.601896455115640094e+01,6.324666530653526575e-01,7.745434637835260094e-01,8.267736723767604365e-03,2.852347114140504303e+01,3.196804441750832060e-02,-3.676571016383056029e-02,9.988124582183937061e-01,2.874074482029818522e+00,0.000000000000000000e+00,0.000000000000000000e+00,0.000000000000000000e+00,1.000000000000000000e+00
7.680906468218094973e-01,-6.385658542599930154e-01,-4.764879891526978273e-02,5.681393444199792953e+01,6.395898382936990867e-01,7.686660401254740149e-01,8.795311777766785105e-03,2.919359284825256751e+01,3.100962780008269942e-02,-3.723128430549029616e-02,9.988254274159551471e-01,2.910163237264010050e+00,0.000000000000000000e+00,0.000000000000000000e+00,0.000000000000000000e+00,1.000000000000000000e+00
7.615549349450297933e-01,-6.464294486036880061e-01,-4.650859102156937319e-02,5.760602002117985165e+01,6.474144926202121120e-01,7.620882407735353192e-01,8.717110760831561084e-03,2.985810893694148049e+01,2.980865320994195364e-02,-3.674889457708348239e-02,9.988798541071760573e-01,2.952365830208208308e+00,0.000000000000000000e+00,0.000000000000000000e+00,0.000000000000000000e+00,1.000000000000000000e+00
7.553401684908328528e-01,-6.535474655216334527e-01,-4.834190909033792005e-02,5.839502495491642264e+01,6.546231570979700320e-01,7.558986929979572000e-01,9.256787513628489394e-03,3.055011241035808922e+01,3.049183588000823134e-02,-3.863775658908758653e-02,9.987879513242191587e-01,2.996291402264976700e+00,0.000000000000000000e+00,0.000000000000000000e+00,0.000000000000000000e+00,1.000000000000000000e+00
7.508944283590204272e-01,-6.586545879074705567e-01,-4.828758937686630087e-02,5.919317112736720787e+01,6.597486538869483663e-01,7.514222571432289666e-01,9.813519457387488709e-03,3.127257485829487038e+01,2.982064978744268513e-02,-3.922658917397785217e-02,9.987852639822200063e-01,3.043144216184029194e+00,0.000000000000000000e+00,0.000000000000000000e+00,0.000000000000000000e+00,1.000000000000000000e+00
7.454191000329672967e-01,-6.647441655495995860e-01,-4.965440236087897974e-02,5.999427398486069762e+01,6.658785549544455895e-01,7.460033212495481569e-01,9.208405748458305118e-03,3.200199133889795178e+01,3.092111508057598934e-02,-3.992792321694256519e-02,9.987240087180029313e-01,3.084120641732932100e+00,0.000000000000000000e+00,0.000000000000000000e+00,0.000000000000000000e+00,1.000000000000000000e+00
7.382742761263504372e-01,-6.725609843348829830e-01,-5.111570757228390410e-02,6.079042153939234794e+01,6.737423230345066516e-01,7.389161152912799846e-01,8.617233599939169708e-03,3.274792498916224304e+01,3.197460495745827608e-02,-4.080069746150967458e-02,9.986555601029170059e-01,3.130001445779781566e+00,0.000000000000000000e+00,0.000000000000000000e+00,0.000000000000000000e+00,1.000000000000000000e+00
7.332105366771722865e-01,-6.780969629232405094e-01,-5.086076857322712613e-02,6.155231308064596618e+01,6.792137223014452774e-01,7.339091828413099039e-01,6.784598633778076218e-03,3.348832602375159695e+01,3.272656937403992106e-02,-3.951987114714528015e-02,9.986827080917748400e-01,3.170731321750298815e+00,0.000000000000000000e+00,0.000000000000000000e+00,0.000000000000000000e+00,1.000000000000000000e+00
7.265531409422878450e-01,-6.851756004145160839e-01,-5.152601268789179512e-02,6.233484188577451590e+01,6.863448455463659892e-01,7.272389358548015936e-01,7.367711226467193834e-03,3.423259081364773238e+01,3.242354667270792162e-02,-4.071764695303631970e-02,9.986444746994662669e-01,3.214749128982315796e+00,0.000000000000000000e+00,0.000000000000000000e+00,0.000000000000000000e+00,1.000000000000000000e+00
7.213869169333121389e-01,-6.908381609486973218e-01,-4.841024121486803972e-02,6.309686936191369711e+01,6.918728782775274144e-01,7.219867562315324117e-01,6.858872374193976384e-03,3.498822017959754760e+01,3.021318224593854199e-02,-3.844163372309868099e-02,9.988039869840705798e-01,3.254063666504917851e+00,0.000000000000000000e+00,0.000000000000000000e+00,0.000000000000000000e+00,1.000000000000000000e+00
7.130377226292927695e-01,-6.994744363688026878e-01,-4.809073688545593972e-02,6.390688290290437834e+01,7.004853189413253745e-01,7.136395807420692350e-01,6.234320007710888144e-03,3.577930965904413085e+01,2.995870583497754411e-02,-3.813216050577210303e-02,9.988235150815470975e-01,3.297893003902913733e+00,0.000000000000000000e+00,0.000000000000000000e+00,0.000000000000000000e+00,1.000000000000000000e+00
7.059756674885317995e-01,-7.066311548499065731e-01,-4.765257505757093670e-02,6.468742557200914689e+01,7.076222535981778750e-01,7.065660628748906547e-01,5.928322369506551850e-03,3.654550675947191252e+01,2.948055506199110526e-02,-3.790527389389389962e-02,9.988463781204133252e-01,3.347521445009888907e+00,0.000000000000000000e+00,0.000000000000000000e+00,0.000000000000000000e+00,1.000000000000000000e+00
