1.000000000000000000e+00,0.000000000000000000e+00,0.000000000000000000e+00,0.000000000000000000e+00,0.000000000000000000e+00,1.000000000000000000e+00,0.000000000000000000e+00,0.000000000000000000e+00,0.000000000000000000e+00,0.000000000000000000e+00,1.000000000000000000e+00,0.000000000000000000e+00,0.000000000000000000e+00,0.000000000000000000e+00,0.000000000000000000e+00,1.000000000000000000e+00
9.999598518518192369e-01,8.952856688791937037e-03,3.755550524253244626e-04,2.840451104423528106e-01,-8.952067476819350680e-03,9.999578219898510589e-01,-2.052980565941415515e-03,-1.387754718606837301e-02,-3.939192530522629622e-04,2.049536148402867491e-03,9.999978221122278743e-01,3.046433527381875450e-03,0.000000000000000000e+00,0.000000000000000000e+00,0.000000000000000000e+00,1.000000000000000000e+00
9.999311390459405535e-01,1.173137359709015837e-02,-3.033806411574877372e-04,5.572369494484243901e-01,-1.173249523091154933e-02,9.999231478095821357e-01,-4.005874465422127467e-03,-2.587157702290594427e-02,2.563629157537726131e-04,4.009158029010120340e-03,9.999919304324180747e-01,4.473227286574874700e-03,0.000000000000000000e+00,0.000000000000000000e+00,0.000000000000000000e+00,1.000000000000000000e+00
9.999243744098079700e-01,1.228663907659732768e-02,-5.328802449134539994e-04,8.046403764807170678e-01,-1.228940407956058238e-02,9.999091368451790141e-01,-5.539729316439642899e-03,-3.081994870913987855e-02,4.647671710401169560e-04,5.545859151796335255e-03,9.999845135989585687e-01,6.038533297960396382e-03,0.000000000000000000e+00,0.000000000000000000e+00,0.000000000000000000e+00,1.000000000000000000e+00
9.999792366613541317e-01,6.174803887105188328e-03,-1.843378184415172486e-03,1.034077240762909966e+00,-6.188467314176411029e-03,9.999527190188932657e-01,-7.500839887930837828e-03,-2.500032150433524961e-02,1.796974812389508323e-03,7.512091831094041064e-03,9.999701692339852954e-01,3.066564440634811980e-03,0.000000000000000000e+00,0.000000000000000000e+00,0.000000000000000000e+00,1.000000000000000000e+00
9.999953648471273659e-01,-1.473610802256170981e-03,-2.664348975557528833e-03,1.281445139330267491e+00,1.445698917994089417e-03,9.999443750480734305e-01,-1.044781146257583830e-02,-1.313433720132950976e-02,2.679596779105026822e-03,1.044391118894141650e-02,9.999418705505731531e-01,-3.539989766410709098e-03,0.000000000000000000e+00,0.000000000000000000e+00,0.000000000000000000e+00,1.000000000000000000e+00
9.999151951407085903e-01,-1.254038965525819567e-02,-3.512997866757106534e-03,1.530042654182868889e+00,1.250217266933838396e-02,9.998646226999402531e-01,-1.069728711648193671e-02,-3.841379850711588648e-03,3.646670435285635954e-03,1.065245982863602218e-02,9.999366114381130766e-01,1.262987010891939831e-03,0.000000000000000000e+00,0.000000000000000000e+00,0.000000000000000000e+00,1.000000000000000000e+00
9.995532511812862397e-01,-2.956584681745252907e-02,-4.377071496610649044e-03,1.790068753075770847e+00,2.952030721584735298e-02,9.995128811532153490e-01,-1.012678975196835800e-02,7.336903794150898342e-03,4.674346457150162573e-03,9.993053125323640359e-03,9.999391428354191813e-01,-2.864479744439057344e-03,0.000000000000000000e+00,0.000000000000000000e+00,0.000000000000000000e+00,1.000000000000000000e+00
9.987404179675385407e-01,-4.981120545827433244e-02,-6.035008601406062663e-03,2.081624382532878403e+00,4.976508540989788704e-02,9.987322967441071286e-01,-7.565428896351744474e-03,4.565961815879006347e-02,6.404201134488857541e-03,7.255566899547608029e-03,9.999531703818906880e-01,-5.127444834059203746e-03,0.000000000000000000e+00,0.000000000000000000e+00,0.000000000000000000e+00,1.000000000000000000e+00
9.975453835924498192e-01,-6.970030924617118262e-02,-6.713759332784690129e-03,2.374636008319193969e+00,6.966894841385216919e-02,9.975586320883876867e-01,-4.797204691498753448e-03,7.302938354482428618e-02,7.031735226697981463e-03,4.317688841533842692e-03,9.999659555518720655e-01,-3.568500935250936649e-03,0.000000000000000000e+00,0.000000000000000000e+00,0.000000000000000000e+00,1.000000000000000000e+00
9.959676842161249155e-01,-8.935616701398935158e-02,-7.990457667483415183e-03,2.652311682179967711e+00,8.931123181215484819e-02,9.959867940388882346e-01,-5.814634324880294490e-03,1.215032504578255901e-01,8.477963750999538417e-03,5.077550266088807357e-03,9.999511701147868470e-01,-6.760841870473447736e-03,0.000000000000000000e+00,0.000000000000000000e+00,0.000000000000000000e+00,1.000000000000000000e+00
9.939290947842975843e-01,-1.097706685453918446e-01,-7.440085238925112261e-03,2.955425127434730737e+00,1.097202287369138107e-01,9.939386987765752579e-01,-6.880005831966718409e-03,1.723322214295436305e-01,8.150211480935207545e-03,6.021910114440390434e-03,9.999486540074890017e-01,-2.634562468038565385e-03,0.000000000000000000e+00,0.000000000000000000e+00,0.000000000000000000e+00,1.000000000000000000e+00
9.918259685046059149e-01,-1.273673242634693059e-01,-7.668957547311481410e-03,3.284467802104207745e+00,1.273048098032606990e-01,9.918301251907305494e-01,-8.154027538317483795e-03,2.400007720492821073e-01,8.644859793758475144e-03,7.111081078455228424e-03,9.999373474998528577e-01,-1.800195057024696690e-03,0.000000000000000000e+00,0.000000000000000000e+00,0.000000000000000000e+00,1.000000000000000000e+00
9.897128692337989753e-01,-1.428434260725979232e-01,-8.011997306628958204e-03,3.645422819205772935e+00,1.427759769265873890e-01,9.897190294969089308e-01,-8.441745338225789888e-03,3.094155044595980897e-01,9.135474024793206749e-03,7.210983257449368050e-03,9.999322701237333133e-01,1.954556125191780642e-03,0.000000000000000000e+00,0.000000000000000000e+00,0.000000000000000000e+00,1.000000000000000000e+00
9.871384400976743745e-01,-1.596373811913192886e-01,-8.579429346229305170e-03,4.000846878191358869e+00,1.595693710430617640e-01,9.871534499279891461e-01,-8.104450641032141453e-03,3.707146919008919572e-01,9.762986553872367648e-03,6.631200618950886493e-03,9.999303532106121883e-01,2.102583167784331016e-03,0.000000000000000000e+00,0.000000000000000000e+00,0.000000000000000000e+00,1.000000000000000000e+00
9.848424691899889671e-01,-1.732166995643661667e-01,-9.015867778134603952e-03,4.380646001655864374e+00,1.731414400070672710e-01,9.848598204324209293e-01,-8.554288404092832282e-03,4.482296732966677411e-01,1.036111152549478581e-02,6.863606184030535996e-03,9.999227661565198710e-01,1.126368215656797962e-02,0.000000000000000000e+00,0.000000000000000000e+00,0.000000000000000000e+00,1.000000000000000000e+00
9.825341543335477379e-01,-1.858319237340683716e-01,-9.650476120625219728e-03,4.758308398335175049e+00,1.857540293455371139e-01,9.825601097045807419e-01,-8.430385472816191023e-03,5.264804109648341113e-01,1.104880762601613900e-02,6.490526836730258799e-03,9.999178950851037584e-01,1.085520428089611217e-02,0.000000000000000000e+00,0.000000000000000000e+00,0.000000000000000000e+00,1.000000000000000000e+00
9.809181774769875073e-01,-1.940450477281928932e-01,-1.208505471181032208e-02,5.149799396145882113e+00,1.939297764394798673e-01,9.809635723535473639e-01,-1.008521321044434510e-02,6.059016572257025501e-01,1.381198412095520529e-02,7.549117003335649619e-03,9.998761122894738174e-01,1.717186542373682484e-02,0.000000000000000000e+00,0.000000000000000000e+00,0.000000000000000000e+00,1.000000000000000000e+00
9.792893965607796236e-01,-2.020524920329375140e-01,-1.292548826556224641e-02,5.589818246229844689e+00,2.019395550334145140e-01,9.793516260349958147e-01,-9.529359659359564610e-03,7.229239364736225193e-01,1.458402881682639360e-02,6.721833521487593534e-03,9.998710532151531272e-01,2.508807724150493440e-02,0.000000000000000000e+00,0.000000000000000000e+00,0.000000000000000000e+00,1.000000000000000000e+00
9.773336776144073701e-01,-2.112850956064033781e-01,-1.332257389881848914e-02,6.085235229794334622e+00,2.111758518372169047e-01,9.774052635961922864e-01,-9.149333051308359416e-03,8.633143166587877726e-01,1.495467156183496321e-02,6.128545427006955836e-03,9.998693908353364357e-01,2.826334896817705306e-02,0.000000000000000000e+00,0.000000000000000000e+00,0.000000000000000000e+00,1.000000000000000000e+00
9.757638323051163187e-01,-2.182439274921128269e-01,-1.595404895473121268e-02,6.537397913053232479e+00,2.181081569590975489e-01,9.758751324404838501e-01,-9.826380420846310068e-03,9.754495003559912059e-01,1.771370749273739470e-02,6.108518403581295400e-03,9.998244398742086592e-01,3.954900284024676083e-02,0.000000000000000000e+00,0.000000000000000000e+00,0.000000000000000000e+00,1.000000000000000000e+00
9.743110098198403124e-01,-2.246349707950483776e-01,-1.603702091255210932e-02,7.036341475736258566e+00,2.244469620757245376e-01,9.744033430291175746e-01,-1.271559313045021386e-02,1.105537136465488679e+00,1.848289368091904708e-02,8.789481758819965226e-03,9.997905418894457164e-01,5.031347801933530595e-02,0.000000000000000000e+00,0.000000000000000000e+00,0.000000000000000000e+00,1.000000000000000000e+00
9.722260807364936364e-01,-2.335220244127044487e-01,-1.561768388553995413e-02,7.541605734202994960e+00,2.332712180511958278e-01,9.722744733213187773e-01,-1.633668744468334474e-02,1.225053531187662026e+00,1.899965169859227018e-02,1.223979746344311392e-02,9.997445676738565545e-01,6.256873819579722440e-02,0.000000000000000000e+00,0.000000000000000000e+00,0.000000000000000000e+00,1.000000000000000000e+00
9.696841069161383775e-01,-2.437994156107528843e-01,-1.657038750623618731e-02,8.066923184111645995e+00,2.435511726609791427e-01,9.697615197099149764e-01,-1.566592433852774177e-02,1.379240813143192801e+00,1.988866736896512805e-02,1.115526054263038178e-02,9.997399667276049007e-01,8.083754002690443641e-02,0.000000000000000000e+00,0.000000000000000000e+00,0.000000000000000000e+00,1.000000000000000000e+00
9.664781036837569728e-01,-2.559330231153543744e-01,-2.045391842372138586e-02,8.584823062098228874e+00,2.557208059462774408e-01,9.666706717089326162e-01,-1.243711638558097146e-02,1.532890382134271423e+00,2.295527185713771429e-02,6.789708155557004111e-03,9.997134366192779176e-01,8.408190367609996718e-02,0.000000000000000000e+00,0.000000000000000000e+00,0.000000000000000000e+00,1.000000000000000000e+00
9.641348888724362576e-01,-2.643359241348684496e-01,-2.388378677469477421e-02,9.045436512301325394e+00,2.641743225947231211e-01,9.644257412882668579e-01,-9.742526479151239135e-03,1.667766351510966416e+00,2.560943850523078255e-02,3.083626492111424429e-03,9.996672685984588913e-01,9.558132082005456331e-02,0.000000000000000000e+00,0.000000000000000000e+00,0.000000000000000000e+00,1.000000000000000000e+00
9.611087613856922340e-01,-2.750315521889051262e-01,-2.505182804150817705e-02,9.551537546391381639e+00,2.748311551813450992e-01,9.614274257414285874e-01,-1.118665159454778311e-02,1.811321808352651885e+00,2.716219669590911809e-02,3.866566018036966118e-03,9.996235615159739796e-01,1.107764195791043904e-01,0.000000000000000000e+00,0.000000000000000000e+00,0.000000000000000000e+00,1.000000000000000000e+00
9.595981678718707997e-01,-2.801829623191882113e-01,-2.586240211180161619e-02,1.006385480574091140e+01,2.799121959919388392e-01,9.599288572937765274e-01,-1.362906708601362323e-02,1.979142755894751193e+00,2.864469849586014430e-02,5.839226036800513470e-03,9.995726010087366831e-01,1.349223755196580776e-01,0.000000000000000000e+00,0.000000000000000000e+00,0.000000000000000000e+00,1.000000000000000000e+00
9.563443996476024278e-01,-2.908468805087925935e-01,-2.852159464282948836e-02,1.058632412216311103e+01,2.905733620902218872e-01,9.567589094161595975e-01,-1.339815272291508368e-02,2.153944329658430856e+00,3.118510070932356548e-02,4.525632674641661898e-03,9.995033807559844385e-01,1.457423044344730301e-01,0.000000000000000000e+00,0.000000000000000000e+00,0.000000000000000000e+00,1.000000000000000000e+00
9.533241435747289438e-01,-3.004270114838356598e-01,-3.027685664662435605e-02,1.112432434131602932e+01,3.001715143599861246e-01,9.537998318235294537e-01,-1.276490423940547514e-02,2.358451060941515021e+00,3.271298281021734616e-02,3.080841492167172863e-03,9.994600388066335883e-01,1.646284090265743294e-01,0.000000000000000000e+00,0.000000000000000000e+00,0.000000000000000000e+00,1.000000000000000000e+00
9.518875433140002729e-01,-3.043689668708549068e-01,-3.563196443652926620e-02,1.168783949281389489e+01,3.040790515420410678e-01,9.525522351281354716e-01,-1.342273316760835347e-02,2.561650188190108590e+00,3.802677079283028894e-02,1.941998549034489431e-03,9.992748337392990399e-01,1.918888449893033088e-01,0.000000000000000000e+00,0.000000000000000000e+00,0.000000000000000000e+00,1.000000000000000000e+00
9.501712421387018548e-01,-3.089426627390249869e-01,-4.158174782663745517e-02,1.225726385313120659e+01,3.086399834320411317e-01,9.510806517683516592e-01,-1.367312908445026710e-02,2.783330695401129429e+00,4.377180873195003763e-02,1.580240858062142561e-04,9.990415425740415412e-01,2.167990688134324995e-01,0.000000000000000000e+00,0.000000000000000000e+00,0.000000000000000000e+00,1.000000000000000000e+00
9.481305388272727175e-01,-3.139792931314929758e-01,-4.965364868519751840e-02,1.285860124702544383e+01,3.136881804672184137e-01,9.494264441660021925e-01,-1.375327428175098995e-02,3.006761593373107111e+00,5.146073044828264331e-02,-2.535863354222271052e-03,9.986717992507730957e-01,2.449058058834181484e-01,0.000000000000000000e+00,0.000000000000000000e+00,0.000000000000000000e+00,1.000000000000000000e+00
9.470010748973088921e-01,-3.162328633527858868e-01,-5.644236245089533782e-02,1.344162805818691098e+01,3.159821166271855053e-01,9.486684008052607142e-01,-1.354870050574353592e-02,3.219757283268382952e+00,5.782963007960231772e-02,-5.004143212271851097e-03,9.983139247929813109e-01,2.760664317893023467e-01,0.000000000000000000e+00,0.000000000000000000e+00,0.000000000000000000e+00,1.000000000000000000e+00
9.452263487119773044e-01,-3.199380231773587546e-01,-6.470557183106645516e-02,1.404067104681973355e+01,3.198314350799913441e-01,9.473948853866969166e-01,-1.227942497845506582e-02,3.457574366955841416e+00,6.523038276213541375e-02,-9.088039859733719125e-03,9.978288453919399448e-01,3.083261227564681461e-01,0.000000000000000000e+00,0.000000000000000000e+00,0.000000000000000000e+00,1.000000000000000000e+00
9.422141775055042912e-01,-3.276418884604146986e-01,-6.988015908480285643e-02,1.463014807674455575e+01,3.276729312347034795e-01,9.447231045534615346e-01,-1.134486046311872567e-02,3.695083924047688928e+00,6.973445234374077428e-02,-1.220854819229262068e-02,9.974908809143840926e-01,3.497776023827284808e-01,0.000000000000000000e+00,0.000000000000000000e+00,0.000000000000000000e+00,1.000000000000000000e+00
9.405151312504931305e-01,-3.311238260628409091e-01,-7.608087606206735687e-02,1.524249818014456714e+01,3.313641415691082615e-01,9.434519336698362624e-01,-9.810939650006771789e-03,3.948786778883774495e+00,7.502728551023439552e-02,-1.598313699351585487e-02,9.970533816004093497e-01,3.903643512763919632e-01,0.000000000000000000e+00,0.000000000000000000e+00,0.000000000000000000e+00,1.000000000000000000e+00
9.375818310382559861e-01,-3.377379024324555501e-01,-8.290608763822289451e-02,1.583016728153044994e+01,3.382979695323800051e-01,9.410081590895791326e-01,-7.624194194350942394e-03,4.189582804807593597e+00,8.059028426070115325e-02,-2.089865515695355294e-02,9.965281994481688388e-01,4.466273686405574650e-01,0.000000000000000000e+00,0.000000000000000000e+00,0.000000000000000000e+00,1.000000000000000000e+00
9.360181347482515735e-01,-3.403089285517484353e-01,-8.977685988251113414e-02,1.645168807339554107e+01,3.411445016845442435e-01,9.399894719059278536e-01,-6.342056166656141573e-03,4.457321045061710230e+00,8.654756144922377825e-02,-2.469060254384028777e-02,9.959417120259668188e-01,5.033201379426652800e-01,0.000000000000000000e+00,0.000000000000000000e+00,0.000000000000000000e+00,1.000000000000000000e+00
9.333003012009721822e-01,-3.467037260381153341e-01,-9.352579392584982332e-02,1.708926255131883210e+01,3.478403478824397821e-01,9.375435156299093409e-01,-4.387332371177152246e-03,4.716949448961949898e+00,8.920560611977425280e-02,-2.843734607166057207e-02,9.956071902036484067e-01,5.635495965205349345e-01,0.000000000000000000e+00,0.000000000000000000e+00,0.000000000000000000e+00,1.000000000000000000e+00
9.310032966616017536e-01,-3.522423576886331009e-01,-9.569839630412364795e-02,1.775316508336950960e+01,3.533675442970847791e-01,9.354684664365495728e-01,-5.488801353677610385e-03,5.003289004224806824e+00,9.145622036075946870e-02,-2.870661514016286178e-02,9.953952431092478736e-01,6.293179274926816724e-01,0.000000000000000000e+00,0.000000000000000000e+00,0.000000000000000000e+00,1.000000000000000000e+00
9.296896967915964094e-01,-3.556232134425981739e-01,-9.596456502432841595e-02,1.842073709584099817e+01,3.568565897098399664e-01,9.341479888158422673e-01,-4.572676675952754184e-03,5.290602676888717326e+00,9.127125538859960641e-02,-2.999441701517747971e-02,9.953742476514593207e-01,7.038699409758650827e-01,0.000000000000000000e+00,0.000000000000000000e+00,0.000000000000000000e+00,1.000000000000000000e+00
9.276391785905497844e-01,-3.611001870452548168e-01,-9.535307682361610082e-02,1.909916512603164307e+01,3.623509855183620343e-01,9.320310297662656174e-01,-4.463501619733799795e-03,5.560194879022255066e+00,9.048379765305912537e-02,-3.041076238307790364e-02,9.954335075199952643e-01,7.796061585256525150e-01,0.000000000000000000e+00,0.000000000000000000e+00,0.000000000000000000e+00,1.000000000000000000e+00
9.254190438509209971e-01,-3.673635662618149333e-01,-9.297098182469000494e-02,1.976532384246176122e+01,3.684800902139481193e-01,9.296194660243206620e-01,-5.483749135459322147e-03,5.852128502746855254e+00,8.844216411851231474e-02,-2.918318988838596723e-02,9.956537174309013638e-01,8.418650927731626821e-01,0.000000000000000000e+00,0.000000000000000000e+00,0.000000000000000000e+00,1.000000000000000000e+00
9.226537653807965755e-01,-3.748832636596240442e-01,-9.040225581557943813e-02,2.044335132525282717e+01,3.760307532585225876e-01,9.265955924502730090e-01,-4.634722813567475515e-03,6.158186296079726674e+00,8.550381180078556187e-02,-2.971778389516764249e-02,9.958945483774357399e-01,9.112396040694428212e-01,0.000000000000000000e+00,0.000000000000000000e+00,0.000000000000000000e+00,1.000000000000000000e+00
9.193721429991947858e-01,-3.836899697227562633e-01,-8.681514736045532754e-02,2.119772777324086377e+01,3.849891272253182506e-01,9.229191147931591344e-01,-1.918193864454746395e-03,6.485445200608951133e+00,8.085935069832388133e-02,-3.165935380838733743e-02,9.962225909509788702e-01,9.844380310926511557e-01,0.000000000000000000e+00,0.000000000000000000e+00,0.000000000000000000e+00,1.000000000000000000e+00
9.159891653147291812e-01,-3.925167019206857177e-01,-8.303305208971560603e-02,2.194092852520494930e+01,3.938647209214298783e-01,9.191684049149064784e-01,-1.581760856144394454e-04,6.828455651577918673e+00,7.638344479996810044e-02,-3.255890230793555273e-02,9.965467812606657594e-01,1.057308172187191087e+00,0.000000000000000000e+00,0.000000000000000000e+00,0.000000000000000000e+00,1.000000000000000000e+00
9.127698870676869136e-01,-4.003255633656302437e-01,-8.118236617906977870e-02,2.271124462294954327e+01,4.018846256092859504e-01,9.156848772814651927e-01,3.154871933311275984e-03,7.197683160041238537e+00,7.307448912805100671e-02,-3.550561693623290743e-02,9.966942711808131072e-01,1.133056646731564143e+00,0.000000000000000000e+00,0.000000000000000000e+00,0.000000000000000000e+00,1.000000000000000000e+00
9.089912526564024597e-01,-4.089383237676189609e-01,-8.064955020503541960e-02,2.343533416548012127e+01,4.107109121296213528e-01,9.117458024535611827e-01,6.011519439413769150e-03,7.536881179856825597e+00,7.107354818635823468e-02,-3.858806891315475635e-02,9.967243910358346559e-01,1.196829070725615063e+00,0.000000000000000000e+00,0.000000000000000000e+00,0.000000000000000000e+00,1.000000000000000000e+00
9.044891300870746553e-01,-4.189960533432137146e-01,-7.963492222095298889e-02,2.420453000070009253e+01,4.206803284425825740e-01,9.071957663674025119e-01,4.889043516403720167e-03,7.902167683198920045e+00,7.019597435584934431e-02,-3.792293195251979221e-02,9.968121068768969195e-01,1.259380045843031093e+00,0.000000000000000000e+00,0.000000000000000000e+00,0.000000000000000000e+00,1.000000000000000000e+00
8.999594185549668612e-01,-4.288595620948412179e-01,-7.843800707582196385e-02,2.494789702730107450e+01,4.304744984231409499e-01,9.025932991659052496e-01,4.128257278275828356e-03,8.260493877129928109e+00,6.902717697798831098e-02,-3.748082577307761121e-02,9.969104455957006339e-01,1.318311423222407575e+00,0.000000000000000000e+00,0.000000000000000000e+00,0.000000000000000000e+00,1.000000000000000000e+00
8.959744547021973871e-01,-4.372029001722806951e-01,-7.799615761077682841e-02,2.569599901469937819e+01,4.389472642897344623e-01,8.984933314754226519e-01,5.918823088857224669e-03,8.642340814727647924e+00,6.749130087393373501e-02,-3.953931429787901908e-02,9.969360896924127635e-01,1.375948082338555256e+00,0.000000000000000000e+00,0.000000000000000000e+00,0.000000000000000000e+00,1.000000000000000000e+00
8.919138979140396328e-01,-4.458909472036152732e-01,-7.530512538762275387e-02,2.648243924471726629e+01,4.475162963639057190e-01,8.942597085310307614e-01,5.360800941220145860e-03,9.055717729500832647e+00,6.495200687057735289e-02,-3.848164367411328196e-02,9.971461276581401467e-01,1.438985322822358359e+00,0.000000000000000000e+00,0.000000000000000000e+00,0.000000000000000000e+00,1.000000000000000000e+00
8.897303016020013944e-01,-4.508626928226993069e-01,-7.143404392777291667e-02,2.728539989343112637e+01,4.523573961541552668e-01,8.918202418728036207e-01,5.426078747018677796e-03,9.487018985505232038e+00,6.125990985826990781e-02,-3.714146478802989731e-02,9.974305665245861707e-01,1.496477583808583534e+00,0.000000000000000000e+00,0.000000000000000000e+00,0.000000000000000000e+00,1.000000000000000000e+00
8.846934662366080504e-01,-4.610747438127381637e-01,-6.875719174219445395e-02,2.809978915728759574e+01,4.625805087476587141e-01,8.865502473485324941e-01,6.923283398504714165e-03,9.915010425010605033e+00,5.776455422672424622e-02,-3.793072032372599156e-02,9.976094008832876447e-01,1.550593020840914660e+00,0.000000000000000000e+00,0.000000000000000000e+00,0.000000000000000000e+00,1.000000000000000000e+00
8.798023223056703479e-01,-4.708631351923556752e-01,-6.508288240677446990e-02,2.892281411159611082e+01,4.722678700285927178e-01,8.814252837813582042e-01,7.247623721689287236e-03,1.036210313196333566e+01,5.395305926641066202e-02,-3.711303043110850824e-02,9.978535415420521915e-01,1.613628345690657273e+00,0.000000000000000000e+00,0.000000000000000000e+00,0.000000000000000000e+00,1.000000000000000000e+00
8.752222073138229419e-01,-4.795091269254248001e-01,-6.369525115686558436e-02,2.975447791027192679e+01,4.809234293630811896e-01,8.767249937461362164e-01,8.120371327338992209e-03,1.082532855387927739e+01,5.194942650667883077e-02,-3.773966793782385781e-02,9.979363579655622374e-01,1.667279002219512307e+00,0.000000000000000000e+00,0.000000000000000000e+00,0.000000000000000000e+00,1.000000000000000000e+00
8.724829490040014734e-01,-4.846273152679973495e-01,-6.252894524470184456e-02,3.060097672033697336e+01,4.860401531702809308e-01,8.738922645342431794e-01,8.790875577897547602e-03,1.131981319811050035e+01,5.038326312865853973e-02,-3.806146717284217273e-02,9.980044346159790969e-01,1.717212307904739221e+00,0.000000000000000000e+00,0.000000000000000000e+00,0.000000000000000000e+00,1.000000000000000000e+00
8.689081040124652100e-01,-4.911936458447936360e-01,-6.105332966483289353e-02,3.140766920094028691e+01,4.925786310158510872e-01,8.702197513376069837e-01,9.158419539769707338e-03,1.178995349718043073e+01,4.863125587534800759e-02,-3.803139050331469373e-02,9.980924878428710789e-01,1.759009553275937998e+00,0.000000000000000000e+00,0.000000000000000000e+00,0.000000000000000000e+00,1.000000000000000000e+00
8.670985712784307076e-01,-4.946489618456720305e-01,-5.884277552854948884e-02,3.223942685069271619e+01,4.958844557071590553e-01,8.683548553190622021e-01,7.645379770013364593e-03,1.227237651852184541e+01,4.731463066451248312e-02,-3.580851559073279511e-02,9.982379856207989066e-01,1.806295018017438192e+00,0.000000000000000000e+00,0.000000000000000000e+00,0.000000000000000000e+00,1.000000000000000000e+00
8.654394993894554133e-01,-4.975813447528016353e-01,-5.854296072561875064e-02,3.306648026600338142e+01,4.987291678029354691e-01,8.667375534624397471e-01,5.935537089198244555e-03,1.275982020434192243e+01,4.778797002509694442e-02,-3.433393033049094573e-02,9.982672443534060802e-01,1.858169565007340651e+00,0.000000000000000000e+00,0.000000000000000000e+00,0.000000000000000000e+00,1.000000000000000000e+00
8.640309058255296604e-01,-5.000089381498037389e-01,-5.866562493164386577e-02,3.385365955979283115e+01,5.011328525166739434e-01,8.653542921759429518e-01,5.273816566442089161e-03,1.323912077533052312e+01,4.812959491639833692e-02,-3.395601247172855275e-02,9.982637583876341481e-01,1.904284411564601376e+00,0.000000000000000000e+00,0.000000000000000000e+00,0.000000000000000000e+00,1.000000000000000000e+00
8.618980221606602488e-01,-5.037173959312659655e-01,-5.831453019415906713e-02,3.465819785256850594e+01,5.048885347115935618e-01,8.631608108812151015e-01,6.401724429023135723e-03,1.373755820084187107e+01,4.711015720969018855e-02,-3.495997132591650847e-02,9.982777336455876949e-01,1.948155748063074455e+00,0.000000000000000000e+00,0.000000000000000000e+00,0.000000000000000000e+00,1.000000000000000000e+00
8.609231356178294048e-01,-5.054629153192814472e-01,-5.760725470717083935e-02,3.547987893768844003e+01,5.066452859424783739e-01,8.621251736868014159e-01,7.123140302439432033e-03,1.424185890239957075e+01,4.606418120654005854e-02,-3.531892031809755195e-02,9.983139110907631730e-01,1.994888208649211236e+00,0.000000000000000000e+00,0.000000000000000000e+00,0.000000000000000000e+00,1.000000000000000000e+00
8.603616795155497599e-01,-5.066181140937623395e-01,-5.581995067412972439e-02,3.632370058928540857e+01,5.077217717344433279e-01,8.614948395215515919e-01,6.726364885764397894e-03,1.475029595542477523e+01,4.468090115497770631e-02,-3.412811084454851068e-02,9.984181935051879009e-01,2.040768980001249844e+00,0.000000000000000000e+00,0.000000000000000000e+00,0.000000000000000000e+00,1.000000000000000000e+00
8.600367491056198910e-01,-5.072590407668706725e-01,-5.500050679867851677e-02,3.716725321938521631e+01,5.083510918301082926e-01,8.611208207836522632e-01,7.078096356243766124e-03,1.524555629514721922e+01,4.377165318987105702e-02,-3.404699066239717797e-02,9.984612385084671304e-01,2.086664298299429454e+00,0.000000000000000000e+00,0.000000000000000000e+00,0.000000000000000000e+00,1.000000000000000000e+00
8.608599598918296181e-01,-5.057779954587322546e-01,-5.575615450140213730e-02,3.803704305820028253e+01,5.067848848427106700e-01,8.620599506512471866e-01,4.660684298693313146e-03,1.575374783801116507e+01,4.570787623592281745e-02,-3.226857283670624826e-02,9.984335377265153300e-01,2.138324609510891872e+00,0.000000000000000000e+00,0.000000000000000000e+00,0.000000000000000000e+00,1.000000000000000000e+00
8.600902579044246155e-01,-5.071510318232883563e-01,-5.515957920863460290e-02,3.893066754713127864e+01,5.080579231067269275e-01,8.613181864083335748e-01,2.851057828169214787e-03,1.629275418740821735e+01,4.606403180768400135e-02,-3.047642831490912294e-02,9.984734810152882112e-01,2.185703378284663767e+00,0.000000000000000000e+00,0.000000000000000000e+00,0.000000000000000000e+00,1.000000000000000000e+00
8.592241054569194070e-01,-5.087550901489251709e-01,-5.387202288122976135e-02,3.983206102563738682e+01,5.096467511835273134e-01,8.603772973860343010e-01,3.330938423586290911e-03,1.684369517249409398e+01,4.465563357329876970e-02,-3.031772402843999764e-02,9.985422925444386033e-01,2.235441244639920999e+00,0.000000000000000000e+00,0.000000000000000000e+00,0.000000000000000000e+00,1.000000000000000000e+00
8.565105205943127631e-01,-5.136246745925766577e-01,-5.078800804253883611e-02,4.075738713028112414e+01,5.145085241714446589e-01,8.574694494421351010e-01,5.207862164673653788e-03,1.741747877919358345e+01,4.087427878484486965e-02,-3.059145179742074269e-02,9.986958778380661261e-01,2.287890246925468496e+00,0.000000000000000000e+00,0.000000000000000000e+00,0.000000000000000000e+00,1.000000000000000000e+00
8.528501482898234176e-01,-5.200787255017755850e-01,-4.652680778297418884e-02,4.168697712633742469e+01,5.208543526089384201e-01,8.536276727557683408e-01,5.526271247022685427e-03,1.800755089482035132e+01,3.684247454160643337e-02,-2.894677159927321747e-02,9.989017551709633569e-01,2.338516296495075419e+00,0.000000000000000000e+00,0.000000000000000000e+00,0.000000000000000000e+00,1.000000000000000000e+00
8.488237840234901244e-01,-5.267547338022392500e-01,-4.502925818813503095e-02,4.258363881095388592e+01,5.274581247197873690e-01,8.495688832072468832e-01,4.543055478075963202e-03,1.856674048987748904e+01,3.586238061154182338e-02,-2.760730162336440946e-02,9.989753383111867890e-01,2.384787664390124462e+00,0.000000000000000000e+00,0.000000000000000000e+00,0.000000000000000000e+00,1.000000000000000000e+00
8.421307801010797789e-01,-5.372904777143653332e-01,-4.620272463625502840e-02,4.342629756937790830e+01,5.379505710642419336e-01,8.429734277702637391e-01,2.232300362441363376e-03,1.912261341339726428e+01,3.774827543081131498e-02,-2.673467094843845135e-02,9.989295896464771563e-01,2.432857835720084516e+00,0.000000000000000000e+00,0.000000000000000000e+00,0.000000000000000000e+00,1.000000000000000000e+00
8.365161768142179710e-01,-5.457640978361397721e-01,-4.880814933211903572e-02,4.426428984342845752e+01,5.464406353271111794e-01,8.374976098958242243e-01,6.208720360251070115e-04,1.969089663775722698e+01,4.053785874247512605e-02,-2.719012563204869018e-02,9.988079790814096137e-01,2.488966109406948846e+00,0.000000000000000000e+00,0.000000000000000000e+00,0.000000000000000000e+00,1.000000000000000000e+00
8.311003661560140143e-01,-5.539316254338092493e-01,-4.931466029077910540e-02,4.505448842219804106e+01,5.546928749901324229e-01,8.320524356308612868e-01,2.135133703608939771e-03,2.024404730360057414e+01,3.984966512429258950e-02,-2.912900109871390669e-02,9.987810097736508075e-01,2.524545264650150500e+00,0.000000000000000000e+00,0.000000000000000000e+00,0.000000000000000000e+00,1.000000000000000000e+00
8.264051997926227244e-01,-5.612374385919652875e-01,-4.546408778852877725e-02,4.589563831499098967e+01,5.620127333288642557e-01,8.271110916157060622e-01,5.378633887318974224e-03,2.083537485402455403e+01,3.458516057403940996e-02,-2.999632725859418744e-02,9.989514938269344890e-01,2.563915244222640499e+00,0.000000000000000000e+00,0.000000000000000000e+00,0.000000000000000000e+00,1.000000000000000000e+00
8.218416663471915795e-01,-5.680164750334695256e-01,-4.397225882554638143e-02,4.676719369375593516e+01,5.688658388904703767e-01,8.223822728292803363e-01,8.891269852380362729e-03,2.146877733976779723e+01,3.111161839426970430e-02,-3.232153193612469916e-02,9.989931860499311478e-01,2.615151763321344358e+00,0.000000000000000000e+00,0.000000000000000000e+00,0.000000000000000000e+00,1.000000000000000000e+00
8.184678464537178399e-01,-5.726894725834993372e-01,-4.622934472220286556e-02,4.763006383182136716e+01,5.736177077474802211e-01,8.190746024977582085e-01,8.917449280224235345e-03,2.209309850357035643e+01,3.275835282698836420e-02,-3.381661625846180130e-02,9.988910485057374000e-01,2.654822215557475218e+00,0.000000000000000000e+00,0.000000000000000000e+00,0.000000000000000000e+00,1.000000000000000000e+00
8.151285114610994365e-01,-5.770511978444508028e-01,-5.076834515222179017e-02,4.846240558698877976e+01,5.780653866359860560e-01,8.159620326623564512e-01,6.809554089941850623e-03,2.271019940188400454e+01,3.749558076092341513e-02,-3.489808475833472423e-02,9.986872408835523185e-01,2.700126670383381722e+00,0.000000000000000000e+00,0.000000000000000000e+00,0.000000000000000000e+00,1.000000000000000000e+00
8.101604191913034381e-01,-5.834647484366569659e-01,-5.664788175667224285e-02,4.929431565150488126e+01,5.845951323314370063e-01,8.113138475567092112e-01,4.286259105404165159e-03,2.333662262393782783e+01,4.345832981327428512e-02,-3.658863340543245385e-02,9.983850186553103745e-01,2.751079728376649047e+00,0.000000000000000000e+00,0.000000000000000000e+00,0.000000000000000000e+00,1.000000000000000000e+00
8.063171487421217920e-01,-5.886582101503519127e-01,-5.774224854434484994e-02,5.011047685863559309e+01,5.898348094742607017e-01,8.075127932410568476e-01,4.241023990584296029e-03,2.395003860572309407e+01,4.413109081856121663e-02,-3.747799854060208241e-02,9.983225162484092863e-01,2.802221275165402314e+00,0.000000000000000000e+00,0.000000000000000000e+00,0.000000000000000000e+00,1.000000000000000000e+00
8.037290578205611435e-01,-5.925153112028593849e-01,-5.426976695222779368e-02,5.093777273345751411e+01,5.936213004015843397e-01,8.047257459790440048e-01,5.497769366112927741e-03,2.457927692573435507e+01,4.041476616785642101e-02,-3.663440662341126142e-02,9.985111751637779642e-01,2.857363755019258988e+00,0.000000000000000000e+00,0.000000000000000000e+00,0.000000000000000000e+00,1.000000000000000000e+00
8.002955269903514468e-01,-5.973727646662329027e-01,-5.169960845359429513e-02,5.179957785464421960e+01,5.984595653134988646e-01,8.011197561025180658e-01,7.299662116853816718e-03,2.525527271194452794e+01,3.705695837506479268e-02,-3.678201214267335512e-02,9.986360024647247258e-01,2.907990044312041888e+00,0.000000000000000000e+00,0.000000000000000000e+00,0.000000000000000000e+00,1.000000000000000000e+00
7.969545292947350923e-01,-6.020040085339255498e-01,-4.954444414553446641e-02,5.264026759171093772e+01,6.031051047274923471e-01,7.976007953359351976e-01,9.859205400233710115e-03,2.593407137048532718e+01,3.358140688305507465e-02,-3.773784557401956008e-02,9.987232570252816410e-01,2.958888694335740421e+00,0.000000000000000000e+00,0.000000000000000000e+00,0.000000000000000000e+00,1.000000000000000000e+00
7.939210447088247413e-01,-6.058169751847178874e-01,-5.172201993817158311e-02,5.347046232249130071e+01,6.069914419286400742e-01,7.946519855218805439e-01,9.466326189360555615e-03,2.658406407952322326e+01,3.536614474092003579e-02,-3.891033903954255885e-02,9.986166538376938240e-01,2.999410933758231756e+00,0.000000000000000000e+00,0.000000000000000000e+00,0.000000000000000000e+00,1.000000000000000000e+00
7.878423827680031133e-01,-6.135802788219835158e-01,-5.313775828138309065e-02,5.425001868721539466e+01,6.148511497623991851e-01,7.885747961861039323e-01,1.038529999093431438e-02,2.721942157149115715e+01,3.553088164244071201e-02,-4.085379126572111913e-02,9.985331863232829175e-01,3.046007075304784095e+00,0.000000000000000000e+00,0.000000000000000000e+00,0.000000000000000000e+00,1.000000000000000000e+00
7.830746666800129097e-01,-6.195603547686595602e-01,-5.421285090195267220e-02,5.506488266198702064e+01,6.208245117902297938e-01,7.838998417077375214e-01,8.829707300240192958e-03,2.788273231207504566e+01,3.702690865312564111e-02,-4.057098679497699034e-02,9.984903620296368132e-01,3.099012914965264542e+00,0.000000000000000000e+00,0.000000000000000000e+00,0.000000000000000000e+00,1.000000000000000000e+00
7.784085249560716013e-01,-6.253637392252653360e-01,-5.477555967679070131e-02,5.590909184593564163e+01,6.266314533418574362e-01,7.792731893352955463e-01,8.143590477763258673e-03,2.856550871973670525e+01,3.759241889506521189e-02,-4.066312881952097863e-02,9.984654826263278382e-01,3.147561757766254686e+00,0.000000000000000000e+00,0.000000000000000000e+00,0.000000000000000000e+00,1.000000000000000000e+00
7.730796136381612449e-01,-6.319358057849122634e-01,-5.481832124430825737e-02,5.671008803450236258e+01,6.332578386102462042e-01,7.738841832905948293e-01,9.369135036416308127e-03,2.924324001354812808e+01,3.650233986676759690e-02,-4.195721892148721738e-02,9.984523879307545258e-01,3.194247221306537821e+00,0.000000000000000000e+00,0.000000000000000000e+00,0.000000000000000000e+00,1.000000000000000000e+00
7.687884795709278851e-01,-6.373423283655298421e-01,-5.252647097059666426e-02,5.749980579948919512e+01,6.385529727342853512e-01,7.695281989402099621e-01,8.743686181769006610e-03,2.991330331211167959e+01,3.484787929310237398e-02,-4.026297939104116208e-02,9.985812524773989285e-01,3.232877168182210603e+00,0.000000000000000000e+00,0.000000000000000000e+00,0.000000000000000000e+00,1.000000000000000000e+00
7.626820704779471161e-01,-6.443605689086049360e-01,-5.581681294422258244e-02,5.828998021835688093e+01,6.457486117369004575e-01,7.634891055683840078e-01,9.649669334088587999e-03,3.058353995669563119e+01,3.639766216856915593e-02,-4.340325925745835978e-02,9.983943946529816316e-01,3.280985448250796299e+00,0.000000000000000000e+00,0.000000000000000000e+00,0.000000000000000000e+00,1.000000000000000000e+00
7.574463337387087325e-01,-6.505075681346709215e-01,-5.581178464539033462e-02,5.909127914554899519e+01,6.518536056980157589e-01,7.582990925851199604e-01,8.328440615188968665e-03,3.129817387351506142e+01,3.690431200121513378e-02,-4.268945987127244213e-02,9.984065713784225915e-01,3.327972060524015951e+00,0.000000000000000000e+00,0.000000000000000000e+00,0.000000000000000000e+00,1.000000000000000000e+00
7.510667687454630759e-01,-6.577765246163704838e-01,-5.682211321181328267e-02,5.990726443413494451e+01,6.591663107228090679e-01,7.519535116684192833e-01,8.105004479575217066e-03,3.201940106535398911e+01,3.739630589146850786e-02,-4.354262225844499068e-02,9.983514192670491783e-01,3.374264407131478904e+00,0.000000000000000000e+00,0.000000000000000000e+00,0.000000000000000000e+00,1.000000000000000000e+00
7.457308817354366681e-01,-6.637685120500442792e-01,-5.741789300345458841e-02,6.072324058703529204e+01,6.651597076694321098e-01,7.466658227258482494e-01,7.260335133309420499e-03,3.274388041514578873e+01,3.805279647018783989e-02,-4.360632504582824531e-02,9.983238317784450810e-01,3.423821336226669398e+00,0.000000000000000000e+00,0.000000000000000000e+00,0.000000000000000000e+00,1.000000000000000000e+00
7.388987006917377975e-01,-6.713785726052251546e-01,-5.726711414616527523e-02,6.150111816882679960e+01,6.727094082523665808e-01,7.398855825857392210e-01,5.601493596574872759e-03,3.344553067514163303e+01,3.861038933771394205e-02,-4.266306281002792827e-02,9.983431779237329495e-01,3.468872224526736048e+00,0.000000000000000000e+00,0.000000000000000000e+00,0.000000000000000000e+00,1.000000000000000000e+00
7.334532740891490654e-01,-6.773091990554599429e-01,-5.743294875554191825e-02,6.227175504538833906e+01,6.786346486718440874e-01,7.344584992844342963e-01,5.072124890021234567e-03,3.416744454793040831e+01,3.874672050570574650e-02,-4.269615560807848986e-02,9.983364813259825166e-01,3.518498348711892820e+00,0.000000000000000000e+00,0.000000000000000000e+00,0.000000000000000000e+00,1.000000000000000000e+00
7.278479955013985592e-01,-6.835115776669393739e-01,-5.521973053035988260e-02,6.302562045103722710e+01,6.847963080821845017e-01,7.287073225873378357e-01,6.297177510920935924e-03,3.488064001815178017e+01,3.593482825343469883e-02,-4.239765562912196223e-02,9.984543689701349534e-01,3.563819603624469590e+00,0.000000000000000000e+00,0.000000000000000000e+00,0.000000000000000000e+00,1.000000000000000000e+00
7.214054164678892489e-01,-6.905574244302461473e-01,-5.200642897810496545e-02,6.383800548542765085e+01,6.917076439042465497e-01,7.221524051196225313e-01,6.036484438959759981e-03,3.566227358621593169e+01,3.338802862144027439e-02,-4.032799702700635980e-02,9.986285056018394668e-01,3.616163675416623313e+00,0.000000000000000000e+00,0.000000000000000000e+00,0.000000000000000000e+00,1.000000000000000000e+00
7.153248389192700118e-01,-6.967498674899648137e-01,-5.338536295497604833e-02,6.459166329288164832e+01,6.979714517142100449e-01,7.160980782642245579e-01,6.276535528717794993e-03,3.641900806173354965e+01,3.385598052156656157e-02,-4.175122104802406198e-02,9.985542589784101031e-01,3.664302889687544695e+00,0.000000000000000000e+00,0.000000000000000000e+00,0.000000000000000000e+00,1.000000000000000000e+00
