1.000000000000000000e+00,0.000000000000000000e+00,0.000000000000000000e+00,0.000000000000000000e+00,0.000000000000000000e+00,1.000000000000000000e+00,0.000000000000000000e+00,0.000000000000000000e+00,0.000000000000000000e+00,0.000000000000000000e+00,1.000000000000000000e+00,0.000000000000000000e+00,0.000000000000000000e+00,0.000000000000000000e+00,0.000000000000000000e+00,1.000000000000000000e+00
9.999724773109684994e-01,7.417211346544051211e-03,-1.720360594042781046e-04,2.881140939833639614e-01,-7.417627673948515472e-03,9.999692100814310258e-01,-2.560798471283172190e-03,-3.559690189482989098e-03,1.530367789506064129e-04,2.562004090658338146e-03,9.999967063519676902e-01,4.429810181415749781e-03,0.000000000000000000e+00,0.000000000000000000e+00,0.000000000000000000e+00,1.000000000000000000e+00
9.999282963078077735e-01,1.197427054591954088e-02,1.381588176353273239e-04,5.590296448570641896e-01,-1.197342676161327821e-02,9.999157271319842888e-01,-5.017537812501891153e-03,-1.347208943165124559e-02,-1.982285298367892430e-04,5.015523802030598215e-03,9.999874025338721939e-01,5.043019524067294049e-03,0.000000000000000000e+00,0.000000000000000000e+00,0.000000000000000000e+00,1.000000000000000000e+00
9.999070382474954943e-01,1.363493684729927789e-02,-5.796803025071957724e-05,8.194639748439139781e-01,-1.363499342178724899e-02,9.998798216455568877e-01,-7.377616175846605541e-03,-4.602779417612877857e-03,-4.263226689303590503e-05,7.377720733428733482e-03,9.999727833392609844e-01,5.741547692523089712e-03,0.000000000000000000e+00,0.000000000000000000e+00,0.000000000000000000e+00,1.000000000000000000e+00
9.999627678773785888e-01,8.602729069949683130e-03,-6.752122341702316123e-04,1.063458458759312997e+00,-8.608165257140275306e-03,9.999267385321338741e-01,-8.509821349212734129e-03,8.125488685554639254e-03,6.019550796298938711e-04,8.515316848996147894e-03,9.999635628506883256e-01,4.173115009492408406e-03,0.000000000000000000e+00,0.000000000000000000e+00,0.000000000000000000e+00,1.000000000000000000e+00
9.999977618274766833e-01,6.229301159251370576e-04,-2.021954032321259236e-03,1.316614050899616473e+00,-6.445656589555340656e-04,9.999423597196785973e-01,-1.071735850639010668e-02,3.791729854621959939e-02,2.015161320947257608e-03,1.071863780122600182e-02,9.999405231955228457e-01,1.647335340868195854e-03,0.000000000000000000e+00,0.000000000000000000e+00,0.000000000000000000e+00,1.000000000000000000e+00
9.999026006333635586e-01,-1.372788422316553736e-02,-2.516831617906265407e-03,1.576343270591108903e+00,1.369943290245326066e-02,9.998457267049288832e-01,-1.099310365852057547e-02,4.873251397406303670e-02,2.667355392276871302e-03,1.095755377131060228e-02,9.999364065932190293e-01,4.308325311328507247e-03,0.000000000000000000e+00,0.000000000000000000e+00,0.000000000000000000e+00,1.000000000000000000e+00
9.994825134594123028e-01,-3.204442944269800253e-02,-2.803538933043554261e-03,1.855193226037723520e+00,3.201352277465427387e-02,9.994328023576694031e-01,-1.045025985591219175e-02,7.991870353504956781e-02,3.136821386981195926e-03,1.035510082960850765e-02,9.999414644059892998e-01,5.147801928013399225e-03,0.000000000000000000e+00,0.000000000000000000e+00,0.000000000000000000e+00,1.000000000000000000e+00
9.986394256995003715e-01,-5.206812861396809683e-02,-2.864859719464191330e-03,2.158738653308673427e+00,5.204641187503862565e-02,9.986187523353778905e-01,-7.194337708896260571e-03,1.169846577444495911e-01,3.235498339786355149e-03,7.035443608977000503e-03,9.999700165923564033e-01,1.965798226612325630e-03,0.000000000000000000e+00,0.000000000000000000e+00,0.000000000000000000e+00,1.000000000000000000e+00
9.973489601078441291e-01,-7.266160750851673178e-02,-3.916958779678116238e-03,2.477866111471952237e+00,7.264396941647421890e-02,9.973479123219799458e-01,-4.471632186300709792e-03,1.494023096161786746e-01,4.231486644406667365e-03,4.175234277195276171e-03,9.999823308136538413e-01,4.600972460796803540e-03,0.000000000000000000e+00,0.000000000000000000e+00,0.000000000000000000e+00,1.000000000000000000e+00
9.958651783282698178e-01,-9.071846005801671720e-02,-4.765248986807904194e-03,2.788559445941689585e+00,9.069433604048912634e-02,9.958659414896501305e-01,-5.056084563237615154e-03,2.034167101080870399e-01,5.204229374180090878e-03,4.602997462285308289e-03,9.999758639142156680e-01,2.741932608700483123e-03,0.000000000000000000e+00,0.000000000000000000e+00,0.000000000000000000e+00,1.000000000000000000e+00
9.938250091465772318e-01,-1.108231623645996311e-01,-5.484330252264599768e-03,3.097304686611783264e+00,1.107813065065945263e-01,9.938170755139019708e-01,-7.424455918844875130e-03,2.498042510961772655e-01,6.273222736220987993e-03,6.771048700794870916e-03,9.999573988805684488e-01,3.434670773017592122e-03,0.000000000000000000e+00,0.000000000000000000e+00,0.000000000000000000e+00,1.000000000000000000e+00
9.917778246222860306e-01,-1.279067119323471502e-01,-4.076718060068554306e-03,3.438930445393285407e+00,1.278706321172115301e-01,9.917574626938993054e-01,-8.138589122525298827e-03,3.091506392152081895e-01,5.084095733802568469e-03,7.550379700128128507e-03,9.999585710102955050e-01,9.660987503501410056e-03,0.000000000000000000e+00,0.000000000000000000e+00,0.000000000000000000e+00,1.000000000000000000e+00
9.894966962863265270e-01,-1.444917648600562710e-01,-4.291611127628936796e-03,3.799992852161338419e+00,1.444562695738936253e-01,9.894814528874237292e-01,-7.670760887280174238e-03,3.992912243309988951e-01,5.354831392216717438e-03,6.970242422007024569e-03,9.999613700045308917e-01,1.461968681982872206e-02,0.000000000000000000e+00,0.000000000000000000e+00,0.000000000000000000e+00,1.000000000000000000e+00
9.873332988662516518e-01,-1.586175021505093208e-01,-3.666737162407450543e-03,4.168416902921714851e+00,1.585866366268505467e-01,9.873160758726564623e-01,-7.566043008376059122e-03,4.805641476174723481e-01,4.820335389596502006e-03,6.888710688842992341e-03,9.999646543912322771e-01,1.794101958045631051e-02,0.000000000000000000e+00,0.000000000000000000e+00,0.000000000000000000e+00,1.000000000000000000e+00
9.852985917235430602e-01,-1.707766270906525830e-01,-4.693483476440813915e-03,4.560528175698377318e+00,1.707424474588940255e-01,9.852914305488585933e-01,-6.914732296629800407e-03,5.724370968874390453e-01,5.805323707613043935e-03,6.011699138139254932e-03,9.999650782352961231e-01,1.728936781518858670e-02,0.000000000000000000e+00,0.000000000000000000e+00,0.000000000000000000e+00,1.000000000000000000e+00
9.833617984663749478e-01,-1.815898523344608440e-01,-4.969793368579469156e-03,4.957391849221130187e+00,1.815436134561822235e-01,9.833456462157208477e-01,-8.559000050333389134e-03,6.614531829835930132e-01,6.441252226855079602e-03,7.514359436307122345e-03,9.999510211365412182e-01,2.445831958232007677e-02,0.000000000000000000e+00,0.000000000000000000e+00,0.000000000000000000e+00,1.000000000000000000e+00
9.815136345848424204e-01,-1.912777907647429387e-01,-6.617543669163170224e-03,5.376683507939068463e+00,1.911952076694083957e-01,9.814854372029421237e-01,-1.143368369358475044e-02,7.622987430610129733e-01,8.682032498549941898e-03,9.957073802696773945e-03,9.999127356889606633e-01,2.787120734170390676e-02,0.000000000000000000e+00,0.000000000000000000e+00,0.000000000000000000e+00,1.000000000000000000e+00
9.799586197730596471e-01,-1.990568092718836002e-01,-7.582230211417344268e-03,5.838614130725490625e+00,1.989695975338119371e-01,9.799449131028352689e-01,-1.091176159533658978e-02,8.790271245320350202e-01,9.602228372356247377e-03,9.184441538684312220e-03,9.999117177250734789e-01,3.661946806968788964e-02,0.000000000000000000e+00,0.000000000000000000e+00,0.000000000000000000e+00,1.000000000000000000e+00
9.783290908849623380e-01,-2.068697535059107750e-01,-8.780376564207076351e-03,6.341081412282918883e+00,2.067701420289518310e-01,9.783271187644202449e-01,-1.105246829619686670e-02,1.011905863597986066e+00,1.087650189779349082e-02,8.997431551004367312e-03,9.999003690028080982e-01,3.736834778053476497e-02,0.000000000000000000e+00,0.000000000000000000e+00,0.000000000000000000e+00,1.000000000000000000e+00
9.768728340013310696e-01,-2.135614635263524963e-01,-1.053411062656301432e-02,6.800162993813187562e+00,2.134391142280198939e-01,9.768870838124196210e-01,-1.163486132396545497e-02,1.129245744158814846e+00,1.277539462281277773e-02,9.117388713441013440e-03,9.998768236714355995e-01,4.160635702592743734e-02,0.000000000000000000e+00,0.000000000000000000e+00,0.000000000000000000e+00,1.000000000000000000e+00
9.753417768848985370e-01,-2.203720821737301938e-01,-1.202346295479605510e-02,7.313339072570168575e+00,2.201827165404529052e-01,9.753386008648742278e-01,-1.530310425435057325e-02,1.253857786975419719e+00,1.509932448413431154e-02,1.227839815968263110e-02,9.998106077346623488e-01,4.935151677692663913e-02,0.000000000000000000e+00,0.000000000000000000e+00,0.000000000000000000e+00,1.000000000000000000e+00
9.735520610732053548e-01,-2.281189617378363010e-01,-1.257472368553927584e-02,7.815918863316430709e+00,2.278391379371309533e-01,9.734843195237701252e-01,-2.043543161792203688e-02,1.376212638890841555e+00,1.690300577356153647e-02,1.702994236623762980e-02,9.997120932842722407e-01,6.075217793863044169e-02,0.000000000000000000e+00,0.000000000000000000e+00,0.000000000000000000e+00,1.000000000000000000e+00
9.712214618540889743e-01,-2.377421496761804032e-01,-1.440632851762403514e-02,8.352510236508262409e+00,2.374194390915835284e-01,9.711790141981837543e-01,-2.105545825872526949e-02,1.525103236590413802e+00,1.899689383680770380e-02,1.702917051402348322e-02,9.996745097161161553e-01,7.942128287935207309e-02,0.000000000000000000e+00,0.000000000000000000e+00,0.000000000000000000e+00,1.000000000000000000e+00
9.687385323589089436e-01,-2.474197231179793288e-01,-1.814212047507626768e-02,8.873703412621225084e+00,2.471077541006792555e-01,9.688240513912117491e-01,-1.782457038022128987e-02,1.676638262249857014e+00,2.198667292766210563e-02,1.278428950484357916e-02,9.996765217586278673e-01,8.154491403340730082e-02,0.000000000000000000e+00,0.000000000000000000e+00,0.000000000000000000e+00,1.000000000000000000e+00
9.664594859036437224e-01,-2.559818277562204147e-01,-2.072114778319902179e-02,9.326512067337366929e+00,2.556959073309186814e-01,9.666332765382243952e-01,-1.548262455779179578e-02,1.828951832300809821e+00,2.399302150807330891e-02,9.665016687199446885e-03,9.996654052088373987e-01,9.506934717006459978e-02,0.000000000000000000e+00,0.000000000000000000e+00,0.000000000000000000e+00,1.000000000000000000e+00
9.642509810228387934e-01,-2.641683013311531547e-01,-2.086034918954845704e-02,9.847259483155031745e+00,2.638338655053573123e-01,9.644098928954392136e-01,-1.747140228804288167e-02,1.984010347905885707e+00,2.473331779195939162e-02,1.134315023361988015e-02,9.996297294167372227e-01,1.075717522299313167e-01,0.000000000000000000e+00,0.000000000000000000e+00,0.000000000000000000e+00,1.000000000000000000e+00
9.613692578141370682e-01,-2.742796784379974429e-01,-2.323377123602457517e-02,1.037658159524705148e+01,2.738815981526717125e-01,9.615771755991302516e-01,-1.892631924438711519e-02,2.124037808211292955e+00,2.753216888001817908e-02,1.183187908789385366e-02,9.995508923081464214e-01,1.272083093741849247e-01,0.000000000000000000e+00,0.000000000000000000e+00,0.000000000000000000e+00,1.000000000000000000e+00
9.591270720563324081e-01,-2.818288204188771906e-01,-2.545143669728287816e-02,1.090009765285639176e+01,2.814069232108520335e-01,9.594016130451743507e-01,-1.893907218746257448e-02,2.290994269945175077e+00,2.975572579611084414e-02,1.100276636234632892e-02,9.994966412723569338e-01,1.414961976528175958e-01,0.000000000000000000e+00,0.000000000000000000e+00,0.000000000000000000e+00,1.000000000000000000e+00
9.578259013415628687e-01,-2.859522727579530965e-01,-2.829912408164116447e-02,1.143391931120303795e+01,2.855280861199989695e-01,9.581989085150033336e-01,-1.812632773920603776e-02,2.478718275972529028e+00,3.229945442074065587e-02,9.281671466914205235e-03,9.994351383751239881e-01,1.593209148207449521e-01,0.000000000000000000e+00,0.000000000000000000e+00,0.000000000000000000e+00,1.000000000000000000e+00
9.561950731612720578e-01,-2.909045935380316084e-01,-3.264199014438607521e-02,1.199359826688477781e+01,2.903968875260325988e-01,9.567086175698310546e-01,-1.944913321508525209e-02,2.654930104164692217e+00,3.688671545836498533e-02,9.118033016936611182e-03,9.992778551016708866e-01,1.846914441243073801e-01,0.000000000000000000e+00,0.000000000000000000e+00,0.000000000000000000e+00,1.000000000000000000e+00
9.538135596991784704e-01,-2.978599702557432338e-01,-3.897603691029889739e-02,1.253691241534323630e+01,2.972923762347953747e-01,9.545819499448638945e-01,-1.976218287872562318e-02,2.829904189861041086e+00,4.309218451940179107e-02,7.262159369705603607e-03,9.990447060440463822e-01,2.167298836365379178e-01,0.000000000000000000e+00,0.000000000000000000e+00,0.000000000000000000e+00,1.000000000000000000e+00
9.523301843342637518e-01,-3.013981198302008724e-01,-4.718467302727200746e-02,1.312088630447083304e+01,3.007558077489878023e-01,9.534843397208760951e-01,-2.033612579375351087e-02,3.029654295247118156e+00,5.111911688522158964e-02,5.175641976121011199e-03,9.986791519897718628e-01,2.438192945528073197e-01,0.000000000000000000e+00,0.000000000000000000e+00,0.000000000000000000e+00,1.000000000000000000e+00
9.506007319168403580e-01,-3.056036617610633499e-01,-5.444860326400971506e-02,1.370272927387310524e+01,3.049315615393919932e-01,9.521545709473983043e-01,-2.045521452163675050e-02,3.248334105212383083e+00,5.809467493944845545e-02,2.841644278850582322e-03,9.983070338335156002e-01,2.707580749113032148e-01,0.000000000000000000e+00,0.000000000000000000e+00,0.000000000000000000e+00,1.000000000000000000e+00
9.489490121899308850e-01,-3.092976211171588052e-01,-6.189308390300584523e-02,1.430376649445354253e+01,3.086432075796968766e-01,9.509652891504950523e-01,-2.010943176308448849e-02,3.469098935013261276e+00,6.507797383657749901e-02,-2.005453554314739039e-05,9.978801816446407624e-01,3.016134938239792285e-01,0.000000000000000000e+00,0.000000000000000000e+00,0.000000000000000000e+00,1.000000000000000000e+00
9.457742034062248671e-01,-3.175552842512053275e-01,-6.833591746264017219e-02,1.488844373263014020e+01,3.169844728550054724e-01,9.482337349995740849e-01,-1.932945362897132979e-02,3.686377942978833033e+00,7.093659239179020415e-02,-3.380126165740191761e-03,9.974750997428178945e-01,3.465773101018230218e-01,0.000000000000000000e+00,0.000000000000000000e+00,0.000000000000000000e+00,1.000000000000000000e+00
9.437571216504269112e-01,-3.221968489763256671e-01,-7.424072900929845620e-02,1.549582416842963717e+01,3.218599684015810980e-01,9.466384491049713024e-01,-1.678712055923687121e-02,3.926041805313635891e+00,7.568788591735638172e-02,-8.052154113258961840e-03,9.970990456015377257e-01,3.893818912232105967e-01,0.000000000000000000e+00,0.000000000000000000e+00,0.000000000000000000e+00,1.000000000000000000e+00
9.425149343943556302e-01,-3.245814585083752757e-01,-7.945108706734774207e-02,1.606817395087315958e+01,3.244430607841862213e-01,9.457861938116000067e-01,-1.500586233304357711e-02,4.168920162336972268e+00,8.001436591385581443e-02,-1.163410451840180340e-02,9.967258142836766810e-01,4.389117043885064628e-01,0.000000000000000000e+00,0.000000000000000000e+00,0.000000000000000000e+00,1.000000000000000000e+00
9.408519697950148419e-01,-3.280191903016711485e-01,-8.485859842514476004e-02,1.668950099584649749e+01,3.281193225787070178e-01,9.445445641469447651e-01,-1.316345285067194691e-02,4.409147486326205900e+00,8.447059300925034708e-02,-1.545888528637845080e-02,9.963060482514235483e-01,4.941144347741844856e-01,0.000000000000000000e+00,0.000000000000000000e+00,0.000000000000000000e+00,1.000000000000000000e+00
9.380799384345180902e-01,-3.349831290795434180e-01,-8.827418840618674045e-02,1.732226140575625450e+01,3.354005317326481106e-01,9.420170543404208230e-01,-1.050488673217312569e-02,4.658602731441105149e+00,8.667475076485663121e-02,-1.975278623072431947e-02,9.960408199546709751e-01,5.514400489978024122e-01,0.000000000000000000e+00,0.000000000000000000e+00,0.000000000000000000e+00,1.000000000000000000e+00
9.355637782157797400e-01,-3.414518401244528434e-01,-9.017237806691477675e-02,1.799449045583206441e+01,3.418456646123673726e-01,9.396854784318139364e-01,-1.152142396165028657e-02,4.925281386989098564e+00,8.866768563770240086e-02,-2.004600957797464736e-02,9.958595277566275605e-01,6.157880256840303490e-01,0.000000000000000000e+00,0.000000000000000000e+00,0.000000000000000000e+00,1.000000000000000000e+00
9.323383435327819990e-01,-3.501123579394423979e-01,-9.036896589335105534e-02,1.866700553373053495e+01,3.507024760324439772e-01,9.364357966902573382e-01,-9.786316048322689365e-03,5.197348799569303068e+00,8.805104475963350386e-02,-2.256846240150808466e-02,9.958602703299135328e-01,6.907392535476772899e-01,0.000000000000000000e+00,0.000000000000000000e+00,0.000000000000000000e+00,1.000000000000000000e+00
9.305942385279897255e-01,-3.545684285850350670e-01,-9.097028453980086915e-02,1.933699057926473230e+01,3.552330299683467141e-01,9.347312563596548163e-01,-9.325921070443657021e-03,5.474165941078890540e+00,8.833944553833833480e-02,-2.363700139703437883e-02,9.958099389576984262e-01,7.585711627404407853e-01,0.000000000000000000e+00,0.000000000000000000e+00,0.000000000000000000e+00,1.000000000000000000e+00
9.278443772173815551e-01,-3.621814012443946296e-01,-8.904742701919030057e-02,2.004327123057678151e+01,3.627094465383719490e-01,9.318402688747207119e-01,-1.075038117087939379e-02,5.746189932035080439e+00,8.687156645254449916e-02,-2.232366224745248318e-02,9.959693695319864482e-01,8.265156610789738956e-01,0.000000000000000000e+00,0.000000000000000000e+00,0.000000000000000000e+00,1.000000000000000000e+00
9.250225996809455786e-01,-3.699846878576302234e-01,-8.628163669285530968e-02,2.074191874266892199e+01,3.705740006502460382e-01,9.287525386209879441e-01,-9.676365389087591279e-03,6.045407791917224216e+00,8.371439614294086395e-02,-2.302287462424584125e-02,9.962237936941972238e-01,8.981785243066180424e-01,0.000000000000000000e+00,0.000000000000000000e+00,0.000000000000000000e+00,1.000000000000000000e+00
9.219938175169911654e-01,-3.784903861452155183e-01,-8.168493163423871939e-02,2.151848467666684073e+01,3.792586832243462491e-01,9.252678642495139050e-01,-6.498506449780019033e-03,6.379506560031411588e+00,7.804006445012383331e-02,-2.498813684108051880e-02,9.966370158477114716e-01,9.641329687785390457e-01,0.000000000000000000e+00,0.000000000000000000e+00,0.000000000000000000e+00,1.000000000000000000e+00
9.180622046983818452e-01,-3.883893832001097390e-01,-7.946996490363518462e-02,2.227216947556251725e+01,3.893741511829584834e-01,9.210736165042329171e-01,-3.341163025648065128e-03,6.717854706534978071e+00,7.449536022395801538e-02,-2.787615463530910415e-02,9.968316614694028299e-01,1.037972367732933554e+00,0.000000000000000000e+00,0.000000000000000000e+00,0.000000000000000000e+00,1.000000000000000000e+00
9.149743771324732045e-01,-3.959015771046636711e-01,-7.799891305064743374e-02,2.304182921834477682e+01,3.970942554490946019e-01,9.177778028256332599e-01,-2.385998365206859018e-04,7.060081153756167183e+00,7.168013309398610367e-02,-3.075460756688091699e-02,9.969534154778920687e-01,1.101972703112000129e+00,0.000000000000000000e+00,0.000000000000000000e+00,0.000000000000000000e+00,1.000000000000000000e+00
9.108964643212372758e-01,-4.054906182118888647e-01,-7.645253317718923858e-02,2.374312666883188072e+01,4.066883660065727102e-01,9.135669442005384111e-01,1.068596919693489685e-04,7.381606094652767069e+00,6.980117650851634659e-02,-3.118969391048753009e-02,9.970732163446153207e-01,1.168014521648768289e+00,0.000000000000000000e+00,0.000000000000000000e+00,0.000000000000000000e+00,1.000000000000000000e+00
9.070722076909912834e-01,-4.138036444204582498e-01,-7.737282403362141792e-02,2.449939938752699575e+01,4.150832599205371287e-01,9.097832902639181318e-01,5.020859473003127247e-04,7.744501954048350179e+00,7.018473743151391886e-02,-3.257159223780180246e-02,9.970021033131090116e-01,1.235120038890084260e+00,0.000000000000000000e+00,0.000000000000000000e+00,0.000000000000000000e+00,1.000000000000000000e+00
9.036402944612267341e-01,-4.215306105968477657e-01,-7.580344686012883970e-02,2.523002953407475246e+01,4.227687998598549379e-01,9.062375191169708133e-01,3.175055518771587623e-04,8.097402724577332123e+00,6.856208931388747818e-02,-3.233424306468810072e-02,9.971227289728921139e-01,1.291320145351468662e+00,0.000000000000000000e+00,0.000000000000000000e+00,0.000000000000000000e+00,1.000000000000000000e+00
8.975249583851536705e-01,-4.348268465971711350e-01,-7.331140807602505582e-02,2.595507017430658081e+01,4.360930652717036615e-01,8.999004634666077918e-01,1.412187846873992668e-03,8.439134668544468809e+00,6.535891291674533754e-02,-3.323807050575589700e-02,9.973080984186357689e-01,1.343654709462527963e+00,0.000000000000000000e+00,0.000000000000000000e+00,0.000000000000000000e+00,1.000000000000000000e+00
8.918977464505243313e-01,-4.465268162663330598e-01,-7.163946001701661237e-02,2.672046433058099879e+01,4.477111245066517364e-01,8.941780957785426809e-01,5.310582354904811158e-04,8.828097697756840390e+00,6.382130419747322758e-02,-3.254743284673553005e-02,9.974304515832772555e-01,1.400755247767301315e+00,0.000000000000000000e+00,0.000000000000000000e+00,0.000000000000000000e+00,1.000000000000000000e+00
8.883770865702040886e-01,-4.541138291247120984e-01,-6.757797166776061126e-02,2.751827122346622545e+01,4.552837855627234198e-01,8.903437478996185650e-01,2.164527601424405361e-03,9.247905903073945666e+00,5.918468265279909490e-02,-3.269007148590255540e-02,9.977116480053410674e-01,1.459447813395617022e+00,0.000000000000000000e+00,0.000000000000000000e+00,0.000000000000000000e+00,1.000000000000000000e+00
8.847339942686559544e-01,-4.617694795039908873e-01,-6.336171702253000360e-02,2.832401329353555042e+01,4.629417370520172437e-01,8.863778485173555710e-01,4.388365641605678283e-03,9.685900225016617071e+00,5.413600909459803656e-02,-3.321531960341728151e-02,9.979809793092012660e-01,1.511195647806743203e+00,0.000000000000000000e+00,0.000000000000000000e+00,0.000000000000000000e+00,1.000000000000000000e+00
8.820145991303748323e-01,-4.674291938696144011e-01,-5.966737499912438264e-02,2.913444323758589860e+01,4.684771067994495941e-01,8.834660296017917691e-01,4.120066075038537369e-03,1.013636335076217954e+01,5.078825972309263664e-02,-3.158675763747281762e-02,9.982098123221646579e-01,1.567789829762416876e+00,0.000000000000000000e+00,0.000000000000000000e+00,0.000000000000000000e+00,1.000000000000000000e+00
8.778096863989791609e-01,-4.755215462986607800e-01,-5.770106991951761549e-02,2.994617778531450369e+01,4.764721848785877234e-01,8.791839503248711774e-01,3.136642819873544305e-03,1.059983737040662355e+01,4.923831334592006226e-02,-3.024633030444289286e-02,9.983289778434580874e-01,1.617314615891408014e+00,0.000000000000000000e+00,0.000000000000000000e+00,0.000000000000000000e+00,1.000000000000000000e+00
8.735723004700224337e-01,-4.833723422167525152e-01,-5.676807757361342771e-02,3.077354217042809026e+01,4.843489931139712268e-01,8.748656592192982639e-01,4.016365056224483442e-03,1.107436775840582399e+01,4.772304182462667327e-02,-3.100414647548837416e-02,9.983793137782509541e-01,1.674810478022884963e+00,0.000000000000000000e+00,0.000000000000000000e+00,0.000000000000000000e+00,1.000000000000000000e+00
8.699571116723299191e-01,-4.900525902779500065e-01,-5.498256644255970771e-02,3.157031518431429618e+01,4.910025341689160383e-01,8.711469004718673803e-01,4.425973108995006310e-03,1.154135135200436402e+01,4.572893274986073592e-02,-3.084698624064773770e-02,9.984775050793220919e-01,1.714404591870432926e+00,0.000000000000000000e+00,0.000000000000000000e+00,0.000000000000000000e+00,1.000000000000000000e+00
8.676757937386238018e-01,-4.942142152927299636e-01,-5.376826538620816526e-02,3.238476117937061360e+01,4.950430899266957119e-01,8.688649835189076187e-01,2.445307857602426870e-03,1.202883280734604021e+01,4.550885711463378835e-02,-2.873934267306699902e-02,9.985504464506735900e-01,1.764646273761903306e+00,0.000000000000000000e+00,0.000000000000000000e+00,0.000000000000000000e+00,1.000000000000000000e+00
8.647799407526300941e-01,-4.992825360275360280e-01,-5.359667237610278578e-02,3.319970205801293872e+01,5.001400286549113616e-01,8.659392200014817131e-01,3.036280667283129502e-03,1.252685380543123195e+01,4.489549876038484433e-02,-2.943155587355295727e-02,9.985580492439674050e-01,1.812160722347203157e+00,0.000000000000000000e+00,0.000000000000000000e+00,0.000000000000000000e+00,1.000000000000000000e+00
8.632740143470011285e-01,-5.017917435685126382e-01,-5.443364988394174681e-02,3.398267046464542318e+01,5.026480248635900594e-01,8.644878540211479168e-01,2.390261626512594703e-03,1.299622060377972765e+01,4.585781562555458352e-02,-2.942441734993822208e-02,9.985145288926287055e-01,1.859582834371523941e+00,0.000000000000000000e+00,0.000000000000000000e+00,0.000000000000000000e+00,1.000000000000000000e+00
8.610464106278434837e-01,-5.055319767523831498e-01,-5.510443925616648891e-02,3.481249137725990295e+01,5.064776614098106533e-01,8.622447837359306089e-01,3.783042826665305568e-03,1.351047575528801303e+01,4.560106619101989694e-02,-3.116654297491330133e-02,9.984734294718283776e-01,1.901136622787320096e+00,0.000000000000000000e+00,0.000000000000000000e+00,0.000000000000000000e+00,1.000000000000000000e+00
8.606139001262328447e-01,-5.064356792666562246e-01,-5.354080383443150098e-02,3.564895471503750457e+01,5.073192003243862658e-01,8.617513424766268804e-01,3.442778232430330262e-03,1.401463656149530124e+01,4.439531384889371102e-02,-3.012518058788972788e-02,9.985597276091222607e-01,1.944609777050778643e+00,0.000000000000000000e+00,0.000000000000000000e+00,0.000000000000000000e+00,1.000000000000000000e+00
8.616508042387065469e-01,-5.047561384262859718e-01,-5.271747599966727926e-02,3.648209539264905032e+01,5.056736483475338106e-01,8.627112540371375538e-01,4.842883909896429986e-03,1.451748734054513434e+01,4.303548444813948964e-02,-3.083071323622177048e-02,9.985977239107141079e-01,1.986748452592522973e+00,0.000000000000000000e+00,0.000000000000000000e+00,0.000000000000000000e+00,1.000000000000000000e+00
8.624917460940805247e-01,-5.033705968602770753e-01,-5.221139852670022424e-02,3.731922420971787346e+01,5.042378708837669254e-01,8.635551934878614722e-01,4.073986591563353785e-03,1.502223210451741586e+01,4.303669929480041095e-02,-2.984074423788794783e-02,9.986277447062725798e-01,2.036738607211946217e+00,0.000000000000000000e+00,0.000000000000000000e+00,0.000000000000000000e+00,1.000000000000000000e+00
8.619781732412776787e-01,-5.043167418187595175e-01,-5.155824644944333873e-02,3.816150636638921867e+01,5.050825071600709704e-01,8.630684148572729253e-01,2.138278899160766643e-03,1.553691204094569400e+01,4.341992418841710694e-02,-2.788431812083994391e-02,9.986676999815335964e-01,2.074539581702076863e+00,0.000000000000000000e+00,0.000000000000000000e+00,0.000000000000000000e+00,1.000000000000000000e+00
8.606842617510053195e-01,-5.065351441352083928e-01,-5.142712640282366687e-02,3.905574797279725630e+01,5.072422474595138508e-01,8.618031331596448519e-01,8.136758816553003393e-04,1.606621036952703108e+01,4.390790323335690831e-02,-2.678632920245903326e-02,9.986764183665830519e-01,2.119641355823678186e+00,0.000000000000000000e+00,0.000000000000000000e+00,0.000000000000000000e+00,1.000000000000000000e+00
8.597806686252009722e-01,-5.082951090123045690e-01,-4.912518715052405921e-02,3.994883930287601714e+01,5.089114976937225698e-01,8.608188458678127652e-01,4.597759449863068654e-05,1.661246453645036780e+01,4.226451671954661871e-02,-2.503990321419648918e-02,9.987926280632457576e-01,2.163444493554067094e+00,0.000000000000000000e+00,0.000000000000000000e+00,0.000000000000000000e+00,1.000000000000000000e+00
8.572357114725068783e-01,-5.128850445608282849e-01,-4.578062955076236257e-02,4.087066944564760007e+01,5.134555834432591448e-01,8.581157760907438536e-01,8.238052694173306125e-04,1.718822449378903627e+01,3.886256305456078225e-02,-2.421251515262923260e-02,9.989511776372317353e-01,2.212135412162818060e+00,0.000000000000000000e+00,0.000000000000000000e+00,0.000000000000000000e+00,1.000000000000000000e+00
8.543811120624290600e-01,-5.179592994202522060e-01,-4.184590177127293226e-02,4.181193100759625025e+01,5.184686966583574863e-01,8.550951824140112789e-01,1.561921167032772565e-03,1.777641459348993536e+01,3.497321741495955372e-02,-2.303026609548789599e-02,9.991228557626008477e-01,2.259537933221536399e+00,0.000000000000000000e+00,0.000000000000000000e+00,0.000000000000000000e+00,1.000000000000000000e+00
8.501882977002535036e-01,-5.248811544209731617e-01,-4.098331596216932965e-02,4.271030805538553210e+01,5.253738495095301442e-01,8.508702048756610070e-01,1.487516853066120489e-03,1.832118052003623987e+01,3.409071288615706657e-02,-2.279623189381812035e-02,9.991587236802544902e-01,2.303679197116574873e+00,0.000000000000000000e+00,0.000000000000000000e+00,0.000000000000000000e+00,1.000000000000000000e+00
8.451746976115050991e-01,-5.327892585545059845e-01,-4.260676573320791582e-02,4.355962956542914100e+01,5.332112194491429591e-01,8.459804298021335045e-01,-1.705240556545244363e-03,1.887691743995616633e+01,3.695302383923699391e-02,-2.127717934165380270e-02,9.990904642065189245e-01,2.352233158748711084e+00,0.000000000000000000e+00,0.000000000000000000e+00,0.000000000000000000e+00,1.000000000000000000e+00
8.388754866136935995e-01,-5.425046361541606688e-01,-4.445939394418630536e-02,4.441001124640548170e+01,5.428895946882517087e-01,8.397947698784932191e-01,-3.953791086388633129e-03,1.943794941577271018e+01,3.948171650104617680e-02,-2.081980393688061606e-02,9.990033682756824795e-01,2.405146060525240603e+00,0.000000000000000000e+00,0.000000000000000000e+00,0.000000000000000000e+00,1.000000000000000000e+00
8.331026932988410127e-01,-5.513179294518039120e-01,-4.459196209179872722e-02,4.522937179783075834e+01,5.517428701124826862e-01,8.340079279976060356e-01,-3.252893662552083700e-03,1.997499013052217265e+01,3.898342850829409484e-02,-2.189330267718830533e-02,9.989999877875985757e-01,2.443770614548379516e+00,0.000000000000000000e+00,0.000000000000000000e+00,0.000000000000000000e+00,1.000000000000000000e+00
8.263476255292380168e-01,-5.616085705060677169e-01,-4.177816793883099011e-02,4.607389824609984430e+01,5.620978819552602257e-01,8.270707160466040930e-01,-4.194721089992303075e-05,2.055323746117847250e+01,3.457705718543458567e-02,-2.344875673226246363e-02,9.991269103192571555e-01,2.490559418431508742e+00,0.000000000000000000e+00,0.000000000000000000e+00,0.000000000000000000e+00,1.000000000000000000e+00
8.216679063515188730e-01,-5.685949635042562011e-01,-3.951732720604439475e-02,4.694051500814146749e+01,5.690852233327734488e-01,8.222773114692262242e-01,1.425351616238605332e-03,2.118893915371991810e+01,3.168375382122010780e-02,-2.365989265689476262e-02,9.992178687469812637e-01,2.538539957286892079e+00,0.000000000000000000e+00,0.000000000000000000e+00,0.000000000000000000e+00,1.000000000000000000e+00
8.173676817812669526e-01,-5.745477532509388752e-01,-4.248472682999093752e-02,4.780378543097132393e+01,5.751616007277877696e-01,8.180350729787205788e-01,2.784317680917324823e-03,2.180490022574600673e+01,3.315427314494485966e-02,-2.671139477821346184e-02,9.990932366707481194e-01,2.580554949886705085e+00,0.000000000000000000e+00,0.000000000000000000e+00,0.000000000000000000e+00,1.000000000000000000e+00
8.141904748830456340e-01,-5.788145941456555033e-01,-4.547016839340020655e-02,4.863989011628152070e+01,5.794538828610886760e-01,8.150043037175620508e-01,1.087455314049798945e-03,2.242807434824745272e+01,3.642894792513028807e-02,-2.723326138846282607e-02,9.989651051098904500e-01,2.624716791599258858e+00,0.000000000000000000e+00,0.000000000000000000e+00,0.000000000000000000e+00,1.000000000000000000e+00
8.110506239182430077e-01,-5.827170349012674722e-01,-5.135895907927739285e-02,4.947835881154491489e+01,5.834862337000809029e-01,8.121230292663563777e-01,-2.043847831068526866e-05,2.306591330588439348e+01,4.172170327690881420e-02,-2.995066895933761950e-02,9.986802575922687497e-01,2.676193910030403966e+00,0.000000000000000000e+00,0.000000000000000000e+00,0.000000000000000000e+00,1.000000000000000000e+00
8.078953494828222670e-01,-5.869128071696186888e-01,-5.327720961451882370e-02,5.030877352564193927e+01,5.877499413804537776e-01,8.090426461773385647e-01,5.544044464914055746e-05,2.368923363567559903e+01,4.307099594047538588e-02,-3.135846690525222885e-02,9.985797593893273039e-01,2.724967434851685688e+00,0.000000000000000000e+00,0.000000000000000000e+00,0.000000000000000000e+00,1.000000000000000000e+00
8.048572472181309001e-01,-5.911676453925523989e-01,-5.220753433634903184e-02,5.113552059512232972e+01,5.920423457315893145e-01,8.059052318867593323e-01,1.618047646382672058e-03,2.430962319628487123e+01,4.111778764832641625e-02,-3.221136846788923841e-02,9.986349459538915729e-01,2.781782418848344207e+00,0.000000000000000000e+00,0.000000000000000000e+00,0.000000000000000000e+00,1.000000000000000000e+00
8.019420985693028747e-01,-5.954530645840441228e-01,-4.821325979164087228e-02,5.200224633331149704e+01,5.963093589172288045e-01,8.027429259003264761e-01,4.352399879050727893e-03,2.497998049600844439e+01,3.611120338605848523e-02,-3.224039073048132198e-02,9.988275818155782915e-01,2.834135915704877107e+00,0.000000000000000000e+00,0.000000000000000000e+00,0.000000000000000000e+00,1.000000000000000000e+00
7.986030449184163826e-01,-5.999264408603057763e-01,-4.818134705177207211e-02,5.285731191202601309e+01,6.008781686574529157e-01,7.993102373783899095e-01,6.969279228717413163e-03,2.564356095195192964e+01,3.433078906611654324e-02,-3.451680719285786514e-02,9.988142905181662812e-01,2.879603599093424560e+00,0.000000000000000000e+00,0.000000000000000000e+00,0.000000000000000000e+00,1.000000000000000000e+00
7.944104897332506798e-01,-6.052956666244513340e-01,-5.029045403892252325e-02,5.368322507502298890e+01,6.064180480322184374e-01,7.950883972816195078e-01,9.570346333311030226e-03,2.627846316338326815e+01,3.419246733672359762e-02,-3.809982249049933406e-02,9.986887797024748270e-01,2.927191713288400887e+00,0.000000000000000000e+00,0.000000000000000000e+00,0.000000000000000000e+00,1.000000000000000000e+00
7.905821077483037307e-01,-6.100525333580499865e-01,-5.306446505597917779e-02,5.447052509085992256e+01,6.112678276593257465e-01,7.913723979942849374e-01,9.020563254201250866e-03,2.691135020647546128e+01,3.649073549409228429e-02,-3.956809619125541827e-02,9.985503452439934424e-01,2.972539530206657954e+00,0.000000000000000000e+00,0.000000000000000000e+00,0.000000000000000000e+00,1.000000000000000000e+00
7.853894229198894461e-01,-6.165842057991136604e-01,-5.465685249483621944e-02,5.529129569692395307e+01,6.177920126602866047e-01,7.863107242670164254e-01,6.962326897826996361e-03,2.756633756289608073e+01,3.868440847055978904e-02,-3.923470481292472278e-02,9.984809234429692371e-01,3.021490618285570307e+00,0.000000000000000000e+00,0.000000000000000000e+00,0.000000000000000000e+00,1.000000000000000000e+00
7.812162448042372365e-01,-6.220159382148654492e-01,-5.288999395586026220e-02,5.613082780479268052e+01,6.231025402446919159e-01,7.821214905343347734e-01,5.403552994442097947e-03,2.825247247387965999e+01,3.800530482157784412e-02,-3.717723296634113661e-02,9.985857249902906352e-01,3.069158243387650309e+00,0.000000000000000000e+00,0.000000000000000000e+00,0.000000000000000000e+00,1.000000000000000000e+00
7.757330372545380159e-01,-6.289257081745250888e-01,-5.187203976157418045e-02,5.692696042146033619e+01,6.299942281782009434e-01,7.765787044844310039e-01,5.726098448093987041e-03,2.893220727802135173e+01,3.668143091546373358e-02,-3.712100939437969899e-02,9.986373231997368594e-01,3.115718205672630248e+00,0.000000000000000000e+00,0.000000000000000000e+00,0.000000000000000000e+00,1.000000000000000000e+00
7.706542993975193934e-01,-6.352392431711111342e-01,-5.062662101620305638e-02,5.772099009006947767e+01,6.363071099369724815e-01,7.714056252545283821e-01,6.828116089426490912e-03,2.960390729566390533e+01,3.471617294259650432e-02,-3.747619592579567310e-02,9.986943086225886779e-01,3.162409622560866662e+00,0.000000000000000000e+00,0.000000000000000000e+00,0.000000000000000000e+00,1.000000000000000000e+00
7.641472549512666745e-01,-6.429897749186500588e-01,-5.141130323687567727e-02,5.850449240513504634e+01,6.441020941839401548e-01,7.649072512217129916e-01,7.027751867394970570e-03,3.027912614919716816e+01,3.480610604924423007e-02,-3.848436537754506420e-02,9.986528368773482933e-01,3.205497184707056579e+00,0.000000000000000000e+00,0.000000000000000000e+00,0.000000000000000000e+00,1.000000000000000000e+00
7.572163047403417391e-01,-6.510857434904732122e-01,-5.206555923877062564e-02,5.930441417726757436e+01,6.521582469147015892e-01,7.580666002847423757e-01,4.964928386111893722e-03,3.099006941937373583e+01,3.623656739441020319e-02,-3.771450856362153908e-02,9.986313268805832033e-01,3.250770620997338156e+00,0.000000000000000000e+00,0.000000000000000000e+00,0.000000000000000000e+00,1.000000000000000000e+00
7.535195802585819003e-01,-6.554842387124956149e-01,-5.048420511840544245e-02,6.011880450730026126e+01,6.564307737708200419e-01,7.543804998061908185e-01,2.949704867948571563e-03,3.171010917050108446e+01,3.615081483974724730e-02,-3.536204620306226953e-02,9.987205035818350618e-01,3.295897803636761658e+00,0.000000000000000000e+00,0.000000000000000000e+00,0.000000000000000000e+00,1.000000000000000000e+00
7.462010439284771923e-01,-6.638045447005468391e-01,-5.047304701479512351e-02,6.093758857366550785e+01,6.647242767663912311e-01,7.470862131721325294e-01,1.956007547399211087e-03,3.244794776269638703e+01,3.640931086211022377e-02,-3.501023454690634085e-02,9.987235080639267348e-01,3.347838105315176005e+00,0.000000000000000000e+00,0.000000000000000000e+00,0.000000000000000000e+00,1.000000000000000000e+00
7.383262080096575364e-01,-6.724491811490220794e-01,-5.183154771079186152e-02,6.172938824229005661e+01,6.734193209432635108e-01,7.392587203753163694e-01,1.721199978846694100e-03,3.316265737673080594e+01,3.715950411938310355e-02,-3.617517271644721949e-02,9.986543586910019421e-01,3.399958413259620560e+00,0.000000000000000000e+00,0.000000000000000000e+00,0.000000000000000000e+00,1.000000000000000000e+00
7.326066333291614274e-01,-6.788094859795795744e-01,-5.005199842420885586e-02,6.250427236427577071e+01,6.797040053462444220e-01,7.334855757774476626e-01,1.172707423904359361e-03,3.391265227985132924e+01,3.591637395936794069e-02,-3.487967704222458276e-02,9.987459247531578210e-01,3.442309990885538351e+00,0.000000000000000000e+00,0.000000000000000000e+00,0.000000000000000000e+00,1.000000000000000000e+00
7.261976284714796170e-01,-6.856969447088878677e-01,-4.956515327628905482e-02,6.328597611336371642e+01,6.865791397108670369e-01,7.270542834179387626e-01,1.074186909770140060e-03,3.463687794876812376e+01,3.529999031571713630e-02,-3.481047228248121406e-02,9.987703147887306843e-01,3.490023298852270361e+00,0.000000000000000000e+00,0.000000000000000000e+00,0.000000000000000000e+00,1.000000000000000000e+00
7.208873303041121172e-01,-6.914098871025655679e-01,-4.768464138308983746e-02,6.410972898427078803e+01,6.922109965449002589e-01,7.216950720447163903e-01,3.990597587749679354e-04,3.541244757294933265e+01,3.413785683563386186e-02,-3.329551025580913121e-02,9.988623607522080228e-01,3.540477379039034478e+00,0.000000000000000000e+00,0.000000000000000000e+00,0.000000000000000000e+00,1.000000000000000000e+00
7.139088533791468905e-01,-6.986423402172350361e-01,-4.725494178034615050e-02,6.487655475823085283e+01,6.994392692628483843e-01,7.146918877021692929e-01,4.628885032590241929e-04,3.617203072312147327e+01,3.344933003707532826e-02,-3.338242214850680595e-02,9.988827539864568728e-01,3.583210559282033358e+00,0.000000000000000000e+00,0.000000000000000000e+00,0.000000000000000000e+00,1.000000000000000000e+00
